row_id,station,group,date,y,openet,OpenET,correction,abs_correction,spread,support_distance,predicted_gain,predicted_monotone_gain,predicted_augmented_gain,realized_gain,train_abs_correction_q95,train_spread_q95,Full,accept_Full,Spread95,accept_Spread95,Support95,accept_Support95,Gain,accept_Gain,SupportGain,accept_SupportGain,MonoGain,accept_MonoGain,AugmentedGain,accept_AugmentedGain,Uniform,LocalShrinkage,accept_Uniform,accept_LocalShrinkage,lambda_Uniform,lambda_LocalShrinkage,Clip,fault,test_year
2,AFD,AFD,2012-02-05,0.055838,0.3,0.3,-0.012391378427033872,0.012391378427033872,0.08730197638391372,0.28854958935821157,0.012307878941149812,0.012855870224370304,-0.0014162647146922368,0.012391378427033861,1.1789934717900281,0.3007298572136124,0.2876086215729661,True,0.2876086215729661,True,0.2876086215729661,True,0.2876086215729661,True,0.2876086215729661,True,0.2876086215729661,True,0.3,False,0.29070646617972457,0.2876086215729661,True,True,0.75,1.0,0.2876086215729661,wind_stuck_7_days,2012
3,AFD,AFD,2012-02-21,0.09450266,0.1,0.1,0.014126846124144004,0.014126846124144004,0.18330438804748472,0.7866259068597461,-0.018733049439684728,-0.011142864092782829,-0.06580399284849499,-0.014126846124144006,1.1789934717900281,0.3007298572136124,0.114126846124144,True,0.114126846124144,True,0.114126846124144,True,0.1,False,0.1,False,0.1,False,0.1,False,0.110595134593108,0.11332390179068105,True,True,0.75,0.9431618121690551,0.114126846124144,wind_stuck_7_days,2012
4,AFD,AFD,2012-03-08,0.06675513,0.4,0.4,-0.3807392819761268,0.3807392819761268,0.16566080121086532,0.4493886983775677,0.07607539191882205,0.08380460910090476,1.99792235835803e-05,0.2857504580238733,1.1789934717900281,0.3007298572136124,0.019260718023873247,True,0.019260718023873247,True,0.019260718023873247,True,0.019260718023873247,True,0.019260718023873247,True,0.019260718023873247,True,0.019260718023873247,True,0.11444553851790495,0.019260718023873247,True,True,0.75,1.0,0.019260718023873247,wind_stuck_7_days,2012
5,AFD,AFD,2012-04-09,0.23846815,0.2,0.2,0.15855652055587272,0.15855652055587272,0.1193752123155987,0.5888573734327498,0.02795199503351448,0.026686603274853282,1.99792235835803e-05,-0.08162022055587276,1.1789934717900281,0.3007298572136124,0.3585565205558727,True,0.3585565205558727,True,0.3585565205558727,True,0.3585565205558727,True,0.3585565205558727,True,0.3585565205558727,True,0.3585565205558727,True,0.31891739041690453,0.3585565205558727,True,True,0.75,1.0,0.3585565205558727,wind_stuck_7_days,2012
6,AFD,AFD,2012-05-11,0.32020138,0.0,0.0,0.21790309622814957,0.21790309622814957,0.13779524291950884,0.38778338826679887,0.060105348705555874,0.0637618646319951,1.99792235835803e-05,0.21790309622814957,1.1789934717900281,0.3007298572136124,0.21790309622814957,True,0.21790309622814957,True,0.21790309622814957,True,0.21790309622814957,True,0.21790309622814957,True,0.21790309622814957,True,0.21790309622814957,True,0.16342732217111217,0.21790309622814957,True,True,0.75,1.0,0.21790309622814957,wind_stuck_7_days,2012
7,AFD,AFD,2012-05-27,0.35133862,0.0,0.0,0.7998324234985457,0.7998324234985457,0.15961636615940106,0.4305794897563778,0.23408363250965128,0.3260567057887236,-0.014085236775765215,-0.09715518349854568,1.1789934717900281,0.3007298572136124,0.7998324234985457,True,0.7998324234985457,True,0.7998324234985457,True,0.7998324234985457,True,0.7998324234985457,True,0.7998324234985457,True,0.0,False,0.5998743176239092,0.5316179335253047,True,True,0.75,0.664661643997821,0.7998324234985457,wind_stuck_7_days,2012
8,AFD,AFD,2012-06-12,0.31502249,0.0,0.0,0.2694145049099684,0.2694145049099684,0.3413522618695096,0.8490019678014498,0.03754879889053983,0.02264026633898916,-0.06605733692610179,0.2694145049099684,1.1789934717900281,0.3007298572136124,0.2694145049099684,True,0.0,False,0.2694145049099684,True,0.2694145049099684,True,0.2694145049099684,True,0.2694145049099684,True,0.0,False,0.2020608786824763,0.1964002237555007,True,True,0.75,0.728989049127599,0.2577551283482907,wind_stuck_7_days,2012
9,AFD,AFD,2012-06-28,0.27482357,0.1,0.1,0.5574295684222804,0.5574295684222804,0.28691048708084127,0.6434914103762832,0.3587507051433108,0.3404470579505502,-0.005354088506508901,-0.20778242842228037,1.1789934717900281,0.3007298572136124,0.6574295684222804,True,0.6574295684222804,True,0.6574295684222804,True,0.6574295684222804,True,0.6574295684222804,True,0.6574295684222804,True,0.1,False,0.5180721763167103,0.5690708114674319,True,True,0.75,0.8414889306913974,0.40407389876129307,wind_stuck_7_days,2012
10,AFD,AFD,2012-07-14,2.10502448,0.2,0.2,0.09362081914301626,0.09362081914301626,0.11757701944743826,0.40786563769343853,0.05684031966321591,0.05687477862414157,1.99792235835803e-05,0.09362081914301634,1.1789934717900281,0.3007298572136124,0.2936208191430163,True,0.2936208191430163,True,0.2936208191430163,True,0.2936208191430163,True,0.2936208191430163,True,0.2936208191430163,True,0.2936208191430163,True,0.2702156143572622,0.2936208191430163,True,True,0.75,1.0,0.2936208191430163,wind_stuck_7_days,2012
11,AFD,AFD,2012-07-30,0.12473122,0.1,0.1,0.34964598794796914,0.34964598794796914,0.21982730298687925,0.5359110810024216,0.07608380460702766,0.10935750532608511,1.99792235835803e-05,-0.30018354794796914,1.1789934717900281,0.3007298572136124,0.4496459879479692,True,0.4496459879479692,True,0.4496459879479692,True,0.4496459879479692,True,0.4496459879479692,True,0.4496459879479692,True,0.4496459879479692,True,0.3622344909609768,0.41584550016401356,True,True,0.75,0.9033293990234905,0.2490763152292959,wind_stuck_7_days,2012
12,AFD,AFD,2012-09-16,0.28430212,0.0,0.0,0.09367752635162604,0.09367752635162604,0.1853299185134727,0.567172062058044,0.045118246142646076,0.04352339596887079,1.99792235835803e-05,0.09367752635162604,1.1789934717900281,0.3007298572136124,0.09367752635162604,True,0.09367752635162604,True,0.09367752635162604,True,0.09367752635162604,True,0.09367752635162604,True,0.09367752635162604,True,0.09367752635162604,True,0.07025814476371953,0.09367752635162604,True,True,0.75,1.0,0.09367752635162604,wind_stuck_7_days,2012
13,AFD,AFD,2012-10-02,0.11710076,0.1,0.1,0.2867204366515651,0.2867204366515651,0.46418070888156654,1.0050062289244455,-0.012576908429585523,-0.014216111624227753,-0.09534879188109358,-0.2525189166515651,1.1789934717900281,0.3007298572136124,0.3867204366515651,True,0.1,False,0.1,False,0.1,False,0.1,False,0.1,False,0.1,False,0.31504032748867383,0.3867204366515651,True,True,0.75,1.0,0.418228482673048,wind_stuck_7_days,2012
14,AFD,AFD,2012-10-18,0.39107156,0.2,0.2,0.06564025063950729,0.06564025063950729,0.09501621002187284,0.3563113193498793,0.012307878941149812,0.012855870224370304,-0.0014162647146922368,0.06564025063950729,1.1789934717900281,0.3007298572136124,0.2656402506395073,True,0.2656402506395073,True,0.2656402506395073,True,0.2656402506395073,True,0.2656402506395073,True,0.2656402506395073,True,0.2,False,0.24923018797963048,0.2656402506395073,True,True,0.75,1.0,0.2656402506395073,wind_stuck_7_days,2012
15,AFD,AFD,2012-11-03,0.14552702,0.1,0.1,-0.13964696185237718,0.13964696185237718,0.1425623600214527,0.6461202845498474,0.03207014557088648,0.028786296141257797,-0.004823798722979012,-0.13964696185237718,1.1789934717900281,0.3007298572136124,-0.03964696185237718,True,-0.03964696185237718,True,-0.03964696185237718,True,-0.03964696185237718,True,-0.03964696185237718,True,-0.03964696185237718,True,0.1,False,-0.0047352213892828815,-0.03964696185237718,True,True,0.75,1.0,-0.002229868073363492,wind_stuck_7_days,2012
16,AFD,AFD,2012-11-19,0.09928149,0.0,0.0,0.11268076552713477,0.11268076552713477,0.12318781729939204,0.34746719528924963,0.04517537494249215,0.04352339596887079,-0.0014162647146922368,0.08588221447286523,1.1789934717900281,0.3007298572136124,0.11268076552713477,True,0.11268076552713477,True,0.11268076552713477,True,0.11268076552713477,True,0.11268076552713477,True,0.11268076552713477,True,0.0,False,0.08451057414535107,0.11268076552713477,True,True,0.75,1.0,0.11268076552713477,wind_stuck_7_days,2012
17,AFD,AFD,2012-12-21,0.24878737,0.2,0.2,-0.08055056879999364,0.08055056879999364,0.14910419131324326,0.4853830849645008,0.013972598577542695,0.012855870224370304,-0.0014162647146922368,-0.08055056879999364,1.1789934717900281,0.3007298572136124,0.11944943120000637,True,0.11944943120000637,True,0.11944943120000637,True,0.11944943120000637,True,0.11944943120000637,True,0.11944943120000637,True,0.2,False,0.13958707340000479,0.11944943120000637,True,True,0.75,1.0,0.11944943120000637,wind_stuck_7_days,2012
47,AFS,AFD,2012-02-05,0.10577641,0.3,0.3,-0.012391378427033872,0.012391378427033872,0.08730197638391372,0.28854958935821157,0.012307878941149812,0.012855870224370304,-0.0014162647146922368,0.012391378427033861,1.1789934717900281,0.3007298572136124,0.2876086215729661,True,0.2876086215729661,True,0.2876086215729661,True,0.2876086215729661,True,0.2876086215729661,True,0.2876086215729661,True,0.3,False,0.29070646617972457,0.2876086215729661,True,True,0.75,1.0,0.2876086215729661,wind_stuck_7_days,2012
48,AFS,AFD,2012-02-21,0.11309988,0.2,0.2,-0.05763466473049135,0.05763466473049135,0.1790907879512229,0.7608385632432956,0.00036711180880846133,-0.007324399120619718,-0.06283252339760348,0.05763466473049135,1.1789934717900281,0.3007298572136124,0.14236533526950867,True,0.14236533526950867,True,0.14236533526950867,True,0.14236533526950867,True,0.14236533526950867,True,0.2,False,0.2,False,0.1567740014521315,0.14236533526950867,True,True,0.75,1.0,0.14236533526950867,wind_stuck_7_days,2012
49,AFS,AFD,2012-03-08,0.15077817,0.5,0.5,-0.4573704414573417,0.4573704414573417,0.15598491201634443,0.43952876383938333,0.06437246674044356,0.06601946096663742,1.99792235835803e-05,0.24107321854265834,1.1789934717900281,0.3007298572136124,0.04262955854265832,True,0.04262955854265832,True,0.04262955854265832,True,0.04262955854265832,True,0.04262955854265832,True,0.04262955854265832,True,0.04262955854265832,True,0.15697216890699373,0.2234469753671191,True,True,0.75,0.604658717672455,0.04262955854265832,wind_stuck_7_days,2012
50,AFS,AFD,2012-04-09,0.29108828,0.4,0.4,0.031695538199393435,0.031695538199393435,0.12975252147886665,0.5802836436638232,0.02795199503351448,0.026686603274853282,1.99792235835803e-05,-0.03169553819939344,1.1789934717900281,0.3007298572136124,0.43169553819939344,True,0.43169553819939344,True,0.43169553819939344,True,0.43169553819939344,True,0.43169553819939344,True,0.43169553819939344,True,0.43169553819939344,True,0.4237716536495451,0.43169553819939344,True,True,0.75,1.0,0.43169553819939344,wind_stuck_7_days,2012
51,AFS,AFD,2012-05-11,0.37979284,0.4,0.4,-0.06656603501498769,0.06656603501498769,0.1221884670653106,0.3404221204417427,0.03213979335826747,0.03189188318224028,1.99792235835803e-05,-0.026151715014987684,1.1789934717900281,0.3007298572136124,0.3334339649850123,True,0.3334339649850123,True,0.3334339649850123,True,0.3334339649850123,True,0.3334339649850123,True,0.3334339649850123,True,0.3334339649850123,True,0.35007547373875925,0.3334339649850123,True,True,0.75,1.0,0.3334339649850123,wind_stuck_7_days,2012
52,AFS,AFD,2012-05-27,0.39730231,0.2,0.2,0.6984639873890254,0.6984639873890254,0.1592915598176992,0.426407711030708,0.2006572616526492,0.22433750854947018,-0.014085236775765215,-0.3038593673890254,1.1789934717900281,0.3007298572136124,0.8984639873890254,True,0.8984639873890254,True,0.8984639873890254,True,0.8984639873890254,True,0.8984639873890254,True,0.8984639873890254,True,0.2,False,0.723847990541769,0.7504457363881292,True,True,0.75,0.7880803396117627,0.8984639873890254,wind_stuck_7_days,2012
53,AFS,AFD,2012-06-12,0.32863267,0.0,0.0,0.2694145049099684,0.2694145049099684,0.3413522618695096,0.8490019678014498,0.03754879889053983,0.02264026633898916,-0.06605733692610179,0.2694145049099684,1.1789934717900281,0.3007298572136124,0.2694145049099684,True,0.0,False,0.2694145049099684,True,0.2694145049099684,True,0.2694145049099684,True,0.2694145049099684,True,0.0,False,0.2020608786824763,0.1964002237555007,True,True,0.75,0.728989049127599,0.2577551283482907,wind_stuck_7_days,2012
54,AFS,AFD,2012-06-28,0.48680125,0.9,0.9,0.632549161235242,0.632549161235242,0.19407026270897362,0.6264536586443409,0.23246648444462625,0.2415237981688215,-0.017492770784051995,-0.6325491612352419,1.1789934717900281,0.3007298572136124,1.532549161235242,True,1.532549161235242,True,1.532549161235242,True,1.532549161235242,True,1.532549161235242,True,1.532549161235242,True,0.9,False,1.3744118709264315,1.3611133688928243,True,True,0.75,0.7289763344122724,1.1615964493071516,wind_stuck_7_days,2012
55,AFS,AFD,2012-07-14,1.71218897,1.4,1.4,-0.14879209973955282,0.14879209973955282,0.2230486857699592,0.5078119840161436,0.048404288232562,0.047412670619831704,1.99792235835803e-05,-0.14879209973955282,1.1789934717900281,0.3007298572136124,1.251207900260447,True,1.251207900260447,True,1.251207900260447,True,1.251207900260447,True,1.251207900260447,True,1.251207900260447,True,1.251207900260447,True,1.2884059251953353,1.251207900260447,True,True,0.75,1.0,1.251207900260447,wind_stuck_7_days,2012
56,AFS,AFD,2012-07-30,8.08e-06,0.3,0.3,0.3000572298805031,0.3000572298805031,0.18716636056242877,0.5415547584026335,0.06766173857077118,0.07769344498708128,1.99792235835803e-05,-0.3000572298805031,1.1789934717900281,0.3007298572136124,0.6000572298805031,True,0.6000572298805031,True,0.6000572298805031,True,0.6000572298805031,True,0.6000572298805031,True,0.6000572298805031,True,0.6000572298805031,True,0.5250429224103773,0.6000572298805031,True,True,0.75,1.0,0.36964700436993936,wind_stuck_7_days,2012
57,AFS,AFD,2012-08-15,0.51255209,1.6,1.6,0.24565312404880268,0.24565312404880268,0.22332122780614588,0.8146533654690913,-0.004138545402945408,0.0031435920516809145,-0.06116564044887857,-0.24565312404880268,1.1789934717900281,0.3007298572136124,1.8456531240488028,True,1.8456531240488028,True,1.8456531240488028,True,1.6,False,1.6,False,1.8456531240488028,True,1.6,False,1.7842398430366022,1.664109824704137,True,True,0.75,0.2609770380587569,1.329833238428926,wind_stuck_7_days,2012
58,AFS,AFD,2012-09-16,0.28623952,0.0,0.0,0.09367752635162604,0.09367752635162604,0.1853299185134727,0.567172062058044,0.045118246142646076,0.04352339596887079,1.99792235835803e-05,0.09367752635162604,1.1789934717900281,0.3007298572136124,0.09367752635162604,True,0.09367752635162604,True,0.09367752635162604,True,0.09367752635162604,True,0.09367752635162604,True,0.09367752635162604,True,0.09367752635162604,True,0.07025814476371953,0.09367752635162604,True,True,0.75,1.0,0.09367752635162604,wind_stuck_7_days,2012
59,AFS,AFD,2012-10-02,0.20741077,0.2,0.2,0.2744984560971351,0.2744984560971351,0.4534818662677928,1.0036935123491677,-0.012576908429585523,-0.014216111624227753,-0.09534879188109358,-0.25967691609713506,1.1789934717900281,0.3007298572136124,0.4744984560971351,True,0.2,False,0.2,False,0.2,False,0.2,False,0.2,False,0.2,False,0.4058738420728513,0.4744984560971351,True,True,0.75,1.0,0.503121650312604,wind_stuck_7_days,2012
60,AFS,AFD,2012-10-18,0.50355934,0.8,0.8,-0.15389119044055502,0.15389119044055502,0.09538748401433671,0.3349659397716651,0.03010211972209015,0.02805326786456187,-0.0014162647146922368,0.15389119044055502,1.1789934717900281,0.3007298572136124,0.646108809559445,True,0.646108809559445,True,0.646108809559445,True,0.646108809559445,True,0.646108809559445,True,0.646108809559445,True,0.8,False,0.6845816071695838,0.646108809559445,True,True,0.75,1.0,0.646108809559445,wind_stuck_7_days,2012
61,AFS,AFD,2012-11-03,0.16847719,0.1,0.1,-0.13964696185237718,0.13964696185237718,0.1425623600214527,0.6461202845498474,0.03207014557088648,0.028786296141257797,-0.004823798722979012,-0.13964696185237718,1.1789934717900281,0.3007298572136124,-0.03964696185237718,True,-0.03964696185237718,True,-0.03964696185237718,True,-0.03964696185237718,True,-0.03964696185237718,True,-0.03964696185237718,True,0.1,False,-0.0047352213892828815,-0.03964696185237718,True,True,0.75,1.0,-0.002229868073363492,wind_stuck_7_days,2012
62,AFS,AFD,2012-11-19,0.14166267,0.4,0.4,-0.095792372650865,0.095792372650865,0.13928762424134983,0.321556000697279,0.02251803191034521,0.017691967331823398,-0.0014162647146922368,0.09579237265086499,1.1789934717900281,0.3007298572136124,0.30420762734913503,True,0.30420762734913503,True,0.30420762734913503,True,0.30420762734913503,True,0.30420762734913503,True,0.30420762734913503,True,0.4,False,0.32815572051185127,0.30420762734913503,True,True,0.75,1.0,0.30420762734913503,wind_stuck_7_days,2012
63,AFS,AFD,2012-12-21,0.19366314,0.4,0.4,-0.20507685198030967,0.20507685198030967,0.15968288639973752,0.4577856691116925,0.035450169375104694,0.03914393758961999,-0.0014162647146922368,0.20507685198030967,1.1789934717900281,0.3007298572136124,0.19492314801969035,True,0.19492314801969035,True,0.19492314801969035,True,0.19492314801969035,True,0.19492314801969035,True,0.19492314801969035,True,0.4,False,0.24619236101476777,0.19492314801969035,True,True,0.75,1.0,0.19492314801969035,wind_stuck_7_days,2012
779,BPHV,BPHV,2012-10-07,2.22050114,0.6,0.6,0.06728473858553818,0.06728473858553818,0.1413588274601666,0.4347039494029251,0.018580552107447346,0.021336149270429663,0.010678358580813565,0.06728473858553818,1.1789934717900281,0.3007298572136124,0.6672847385855382,True,0.6672847385855382,True,0.6672847385855382,True,0.6672847385855382,True,0.6672847385855382,True,0.6672847385855382,True,0.6672847385855382,True,0.6504635539391537,0.6672847385855382,True,True,0.75,1.0,0.6672847385855382,wind_stuck_7_days,2012
780,BPHV,BPHV,2012-10-16,2.01343378,0.5,0.5,-0.07459325223708127,0.07459325223708127,0.1086215297238008,0.34009888446692227,0.027054553645086663,0.020639137443859687,0.010678358580813565,-0.07459325223708135,1.1789934717900281,0.3007298572136124,0.42540674776291876,True,0.42540674776291876,True,0.42540674776291876,True,0.42540674776291876,True,0.42540674776291876,True,0.42540674776291876,True,0.42540674776291876,True,0.44405506082218904,0.42540674776291876,True,True,0.75,1.0,0.42540674776291876,wind_stuck_7_days,2012
781,BPHV,BPHV,2012-11-17,1.31652333,0.4,0.4,0.5158833837909592,0.5158833837909592,0.22425724778066977,0.6862171338724719,0.16336663754628405,0.1422455397702721,-0.010005514475916494,0.5158833837909592,1.1789934717900281,0.3007298572136124,0.9158833837909592,True,0.9158833837909592,True,0.9158833837909592,True,0.9158833837909592,True,0.9158833837909592,True,0.9158833837909592,True,0.4,False,0.7869125378432195,0.9064131998851402,True,True,0.75,0.9816427816763014,0.8703064791158293,wind_stuck_7_days,2012
782,BPHV,BPHV,2012-11-24,0.49058816,0.5,0.5,-0.24584236339417592,0.24584236339417592,0.08336215357133431,0.30732969749867667,0.035450169375104694,0.036439921131917304,-0.0014162647146922368,-0.2270186833941759,1.1789934717900281,0.3007298572136124,0.2541576366058241,True,0.2541576366058241,True,0.2541576366058241,True,0.2541576366058241,True,0.2541576366058241,True,0.2541576366058241,True,0.5,False,0.31561822745436807,0.34070912151831806,True,True,0.75,0.6479390951277179,0.2541576366058241,wind_stuck_7_days,2012
783,BPHV,BPHV,2012-12-03,0.83960296,0.5,0.5,0.11288355158076031,0.11288355158076031,0.12416615782293501,0.36158797452869357,0.012307878941149812,0.012855870224370304,-0.0014162647146922368,0.1128835515807603,1.1789934717900281,0.3007298572136124,0.6128835515807604,True,0.6128835515807604,True,0.6128835515807604,True,0.6128835515807604,True,0.6128835515807604,True,0.6128835515807604,True,0.5,False,0.5846626636855703,0.6128835515807604,True,True,0.75,1.0,0.6128835515807604,wind_stuck_7_days,2012
784,BPHV,BPHV,2012-12-10,0.41870118,0.3,0.3,0.10293579581167885,0.10293579581167885,0.0884140375686135,0.3009081125692322,0.012307878941149812,0.012855870224370304,-0.0014162647146922368,0.10293579581167885,1.1789934717900281,0.3007298572136124,0.4029357958116788,True,0.4029357958116788,True,0.4029357958116788,True,0.4029357958116788,True,0.4029357958116788,True,0.4029357958116788,True,0.3,False,0.3772018468587591,0.4029357958116788,True,True,0.75,1.0,0.4029357958116788,wind_stuck_7_days,2012
821,BPLV,BPHV,2012-10-07,0.17097386,0.0,0.0,0.22984652162964628,0.22984652162964628,0.10375080739309289,0.49383911502684813,0.05591755038080288,0.05855658472460813,0.010678358580813565,0.11210119837035373,1.1789934717900281,0.3007298572136124,0.22984652162964628,True,0.22984652162964628,True,0.22984652162964628,True,0.22984652162964628,True,0.22984652162964628,True,0.22984652162964628,True,0.22984652162964628,True,0.17238489122223472,0.22984652162964628,True,True,0.75,1.0,0.22984652162964628,wind_stuck_7_days,2012
822,BPLV,BPHV,2012-10-16,0.99899572,0.0,0.0,0.16334957162873953,0.16334957162873953,0.15929044729648933,0.4463023927497365,0.04517537494249215,0.04352339596887079,1.99792235835803e-05,0.16334957162873953,1.1789934717900281,0.3007298572136124,0.16334957162873953,True,0.16334957162873953,True,0.16334957162873953,True,0.16334957162873953,True,0.16334957162873953,True,0.16334957162873953,True,0.16334957162873953,True,0.12251217872155465,0.16334957162873953,True,True,0.75,1.0,0.16334957162873953,wind_stuck_7_days,2012
823,BPLV,BPHV,2012-11-24,0.31578189,0.1,0.1,-0.06451332953911748,0.06451332953911748,0.10344489425265443,0.31807659621784357,0.012307878941149812,0.012855870224370304,-0.0014162647146922368,-0.06451332953911751,1.1789934717900281,0.3007298572136124,0.035486670460882525,True,0.035486670460882525,True,0.035486670460882525,True,0.035486670460882525,True,0.035486670460882525,True,0.035486670460882525,True,0.1,False,0.051615002845661895,0.035486670460882525,True,True,0.75,1.0,0.035486670460882525,wind_stuck_7_days,2012
824,BPLV,BPHV,2012-12-03,0.62548131,0.3,0.3,0.24895184185548924,0.24895184185548924,0.116183079365763,0.28363472096618114,0.006659641576245612,0.016056589088281985,-0.0014162647146922368,0.24895184185548924,1.1789934717900281,0.3007298572136124,0.5489518418554893,True,0.5489518418554893,True,0.5489518418554893,True,0.5489518418554893,True,0.5489518418554893,True,0.5489518418554893,True,0.3,False,0.4867138813916169,0.5226902609314681,True,True,0.75,0.8945114013686818,0.5489518418554893,wind_stuck_7_days,2012
825,BPLV,BPHV,2012-12-10,0.36635111,0.3,0.3,0.1306529871441486,0.1306529871441486,0.09545350164814113,0.26177800996094486,0.012307878941149812,0.012855870224370304,-0.0014162647146922368,0.002049232855851374,1.1789934717900281,0.3007298572136124,0.43065298714414857,True,0.43065298714414857,True,0.43065298714414857,True,0.43065298714414857,True,0.43065298714414857,True,0.43065298714414857,True,0.3,False,0.3979897403581114,0.43065298714414857,True,True,0.75,1.0,0.43065298714414857,wind_stuck_7_days,2012
1198,KV_1,KV_1,2012-01-11,0.06339121,0.2,0.2,0.1594284629564267,0.1594284629564267,0.09800115716249438,0.38005896711163867,0.012307878941149812,0.008192474857807512,-0.010136547658172066,-0.15942846295642668,1.1789934717900281,0.3007298572136124,0.3594284629564267,True,0.3594284629564267,True,0.3594284629564267,True,0.3594284629564267,True,0.3594284629564267,True,0.3594284629564267,True,0.2,False,0.31957134721732006,0.3594284629564267,True,True,0.75,1.0,0.3594284629564267,wind_stuck_7_days,2012
1199,KV_1,KV_1,2012-02-05,0.21585354,0.4,0.4,0.09905670425805083,0.09905670425805083,0.10413310227880189,0.36661293859812394,0.012307878941149812,0.008192474857807512,-0.0014162647146922368,-0.0990567042580508,1.1789934717900281,0.3007298572136124,0.4990567042580508,True,0.4990567042580508,True,0.4990567042580508,True,0.4990567042580508,True,0.4990567042580508,True,0.4990567042580508,True,0.4,False,0.4742925281935382,0.4990567042580508,True,True,0.75,1.0,0.4990567042580508,wind_stuck_7_days,2012
1200,KV_1,KV_1,2012-03-08,0.42534119,0.4,0.4,0.006963410238639148,0.006963410238639148,0.15260210606107405,0.39722488591452343,0.012307878941149812,0.012855870224370304,-0.0014162647146922368,0.006963410238639146,1.1789934717900281,0.3007298572136124,0.4069634102386392,True,0.4069634102386392,True,0.4069634102386392,True,0.4069634102386392,True,0.4069634102386392,True,0.4069634102386392,True,0.4,False,0.4052225576789794,0.4069634102386392,True,True,0.75,1.0,0.4069634102386392,wind_stuck_7_days,2012
1201,KV_1,KV_1,2012-03-24,1.99762643,0.9,0.9,-0.3055559556238354,0.3055559556238354,0.1061603920579606,0.43336775492914,0.05887301865155036,0.06356744352569434,1.99792235835803e-05,-0.3055559556238354,1.1789934717900281,0.3007298572136124,0.5944440443761646,True,0.5944440443761646,True,0.5944440443761646,True,0.5944440443761646,True,0.5944440443761646,True,0.5944440443761646,True,0.5944440443761646,True,0.6708330332821235,0.6150446667365287,True,True,0.75,0.9325798696402267,0.5944440443761646,wind_stuck_7_days,2012
1202,KV_1,KV_1,2012-03-31,0.96360152,0.5,0.5,0.2372093509767204,0.2372093509767204,0.14677932409172448,0.5491880409338108,0.02770994341074803,0.024284269169845166,1.99792235835803e-05,0.2372093509767204,1.1789934717900281,0.3007298572136124,0.7372093509767204,True,0.7372093509767204,True,0.7372093509767204,True,0.7372093509767204,True,0.7372093509767204,True,0.7372093509767204,True,0.7372093509767204,True,0.6779070132325403,0.6688606196304624,True,True,0.75,0.7118632504796755,0.7372093509767204,wind_stuck_7_days,2012
1203,KV_1,KV_1,2012-05-02,0.83294025,0.8,0.8,0.11779617341615398,0.11779617341615398,0.10564650812719666,0.4010166565748136,0.010854425451989674,0.01246560186310196,1.99792235835803e-05,-0.05191567341615397,1.1789934717900281,0.3007298572136124,0.917796173416154,True,0.917796173416154,True,0.917796173416154,True,0.917796173416154,True,0.917796173416154,True,0.917796173416154,True,0.917796173416154,True,0.8883471300621155,0.917796173416154,True,True,0.75,1.0,0.917796173416154,wind_stuck_7_days,2012
1204,KV_1,KV_1,2012-05-11,0.54839235,0.0,0.0,0.5411438585501808,0.5411438585501808,0.1822345651066221,0.4619958440685975,0.2178235127617808,0.23470304022113048,-0.0019465544982221255,0.5411438585501808,1.1789934717900281,0.3007298572136124,0.5411438585501808,True,0.5411438585501808,True,0.5411438585501808,True,0.5411438585501808,True,0.5411438585501808,True,0.5411438585501808,True,0.0,False,0.4058578939126356,0.4769502507053033,True,True,0.75,0.8813742282563025,0.5411438585501808,wind_stuck_7_days,2012
1205,KV_1,KV_1,2012-06-03,0.56632993,0.0,0.0,0.6236621565813529,0.6236621565813529,0.18852960714659908,0.40090439529534494,0.2737285539180931,0.3120403399144654,-0.014085236775765215,0.508997703418647,1.1789934717900281,0.3007298572136124,0.6236621565813529,True,0.6236621565813529,True,0.6236621565813529,True,0.6236621565813529,True,0.6236621565813529,True,0.6236621565813529,True,0.0,False,0.4677466174360147,0.5046671176975503,True,True,0.75,0.8091995199194352,0.6236621565813529,wind_stuck_7_days,2012
1206,KV_1,KV_1,2012-06-12,0.5431444,0.0,0.0,1.0165219776258176,1.0165219776258176,0.18984429142946796,0.48370850768546053,0.21885107893176406,0.2686105909816957,-0.03192178320255992,0.0697668223741823,1.1789934717900281,0.3007298572136124,1.0165219776258176,True,1.0165219776258176,True,1.0165219776258176,True,1.0165219776258176,True,1.0165219776258176,True,1.0165219776258176,True,0.0,False,0.7623914832193632,0.52276288543775,True,True,0.75,0.5142661909373683,1.0165219776258176,wind_stuck_7_days,2012
1207,KV_1,KV_1,2012-06-19,0.58674389,0.0,0.0,0.7545144290353486,0.7545144290353486,0.1852616349692094,0.7737906527708854,0.19123359743832183,0.17287413058593631,-0.16130721601237402,0.4189733509646515,1.1789934717900281,0.3007298572136124,0.7545144290353486,True,0.7545144290353486,True,0.7545144290353486,True,0.7545144290353486,True,0.7545144290353486,True,0.7545144290353486,True,0.0,False,0.5658858217765115,0.4897653691703679,True,True,0.75,0.649113324176631,0.7545144290353486,wind_stuck_7_days,2012
1208,KV_1,KV_1,2012-06-28,0.52159573,0.1,0.1,0.941137000449128,0.941137000449128,0.16363765081991702,0.4647866931081957,0.3729306987085002,0.48481809068540377,0.029878743609888396,-0.09794554044912784,1.1789934717900281,0.3007298572136124,1.041137000449128,True,1.041137000449128,True,1.041137000449128,True,1.041137000449128,True,1.041137000449128,True,1.041137000449128,True,1.041137000449128,True,0.8058527503368459,0.6899951032687979,True,True,0.75,0.6268960873786084,1.041137000449128,wind_stuck_7_days,2012
1209,KV_1,KV_1,2012-07-05,2.38756072,0.8,0.8,0.6971053988520023,0.6971053988520023,0.16457393850495802,0.6024026461535874,0.04295394951220213,0.049085760501204015,-0.017492770784051995,0.6971053988520023,1.1789934717900281,0.3007298572136124,1.4971053988520024,True,1.4971053988520024,True,1.4971053988520024,True,1.4971053988520024,True,1.4971053988520024,True,1.4971053988520024,True,0.8,False,1.3228290491390018,1.3183475936189788,True,True,0.75,0.7435713372362299,1.4971053988520024,wind_stuck_7_days,2012
1210,KV_1,KV_1,2012-07-14,1.80375251,0.0,0.0,0.965582734577753,0.965582734577753,0.16158424984851863,0.6359494352797015,0.25807854497435495,0.30292576482092803,-0.0944402610952149,0.965582734577753,1.1789934717900281,0.3007298572136124,0.965582734577753,True,0.965582734577753,True,0.965582734577753,True,0.965582734577753,True,0.965582734577753,True,0.965582734577753,True,0.0,False,0.7241870509333148,0.5116304712104162,True,True,0.75,0.5298670459700701,0.965582734577753,wind_stuck_7_days,2012
1211,KV_1,KV_1,2012-07-30,0.69930294,0.0,0.0,1.1349866286620913,1.1349866286620913,0.22405457662474437,0.5437795530978995,0.3088882936268367,0.38764504471488004,-0.014010564410262064,0.26361925133790876,1.1789934717900281,0.3007298572136124,1.1349866286620913,True,1.1349866286620913,True,1.1349866286620913,True,1.1349866286620913,True,1.1349866286620913,True,1.1349866286620913,True,0.0,False,0.8512399714965685,0.6051176166157946,True,True,0.75,0.5331495555406675,1.1349866286620913,wind_stuck_7_days,2012
1212,KV_1,KV_1,2012-08-06,1.2533897,0.2,0.2,0.7379136716424214,0.7379136716424214,0.19788995260721456,0.4220628366385603,0.20304347348689378,0.22710693347522748,-0.014085236775765215,0.7379136716424214,1.1789934717900281,0.3007298572136124,0.9379136716424215,True,0.9379136716424215,True,0.9379136716424215,True,0.9379136716424215,True,0.9379136716424215,True,0.9379136716424215,True,0.2,False,0.7534352537318161,0.8866575353517487,True,True,0.75,0.9305391155355766,0.9379136716424215,wind_stuck_7_days,2012
1213,KV_1,KV_1,2012-08-15,0.94674135,0.1,0.1,0.5958328199232434,0.5958328199232434,0.18167330063604764,0.5464777255471942,0.19803797182798244,0.21786624752711298,-0.014085236775765215,0.5958328199232434,1.1789934717900281,0.3007298572136124,0.6958328199232434,True,0.6958328199232434,True,0.6958328199232434,True,0.6958328199232434,True,0.6958328199232434,True,0.6958328199232434,True,0.1,False,0.5468746149424326,0.5301679143669272,True,True,0.75,0.7219607580904027,0.6958328199232434,wind_stuck_7_days,2012
1264,KV_2,KV_1,2012-01-04,0.02549873,0.6,0.6,-0.20601158548842063,0.20601158548842063,0.13606220494986557,0.3452051890665393,0.033482143526308385,0.03570689285522138,-0.0014162647146922368,0.20601158548842063,1.1789934717900281,0.3007298572136124,0.39398841451157934,True,0.39398841451157934,True,0.39398841451157934,True,0.39398841451157934,True,0.39398841451157934,True,0.39398841451157934,True,0.6,False,0.4454913108836845,0.4133969021722557,True,True,0.75,0.9057893389118775,0.39398841451157934,wind_stuck_7_days,2012
1265,KV_2,KV_1,2012-01-11,0.05276494,0.3,0.3,0.10218861542723381,0.10218861542723381,0.09353042133247487,0.36062238287422455,0.012307878941149812,0.008192474857807512,-0.010136547658172066,-0.10218861542723381,1.1789934717900281,0.3007298572136124,0.40218861542723383,True,0.40218861542723383,True,0.40218861542723383,True,0.40218861542723383,True,0.40218861542723383,True,0.40218861542723383,True,0.3,False,0.37664146157042533,0.40218861542723383,True,True,0.75,1.0,0.40218861542723383,wind_stuck_7_days,2012
1266,KV_2,KV_1,2012-03-24,2.78379284,1.9,1.9,-0.8371515809193368,0.8371515809193368,0.13011074599978345,0.4730470492506508,0.11950330669892086,0.12909880406322904,1.99792235835803e-05,-0.8371515809193368,1.1789934717900281,0.3007298572136124,1.062848419080663,True,1.062848419080663,True,1.062848419080663,True,1.062848419080663,True,1.062848419080663,True,1.062848419080663,True,1.062848419080663,True,1.2721363143104973,1.4448199828278345,True,True,0.75,0.543724729841995,1.062848419080663,wind_stuck_7_days,2012
1267,KV_2,KV_1,2012-03-31,1.97748549,2.1,2.1,-0.5787167777726034,0.5787167777726034,0.11823650279468312,0.5371489307641497,0.11950330669892086,0.11985568426302981,1.99792235835803e-05,-0.3336877577726034,1.1789934717900281,0.3007298572136124,1.5212832222273966,True,1.5212832222273966,True,1.5212832222273966,True,1.5212832222273966,True,1.5212832222273966,True,1.5212832222273966,True,1.5212832222273966,True,1.6659624166705476,1.6914230123844558,True,True,0.75,0.706005084539103,1.5212832222273966,wind_stuck_7_days,2012
1268,KV_2,KV_1,2012-04-09,0.76923605,2.7,2.7,-1.345406523379666,1.345406523379666,0.137057080319974,0.6420357595543476,-0.1610452380057803,-0.2640288678294343,-0.12132883922793579,1.345406523379666,1.1789934717900281,0.3007298572136124,1.3545934766203342,True,1.3545934766203342,True,1.3545934766203342,True,2.7,False,2.7,False,2.7,False,2.7,False,1.6909451074652506,2.6753793638192835,True,True,0.75,0.01829977464273724,1.3545934766203342,wind_stuck_7_days,2012
1269,KV_2,KV_1,2012-05-02,0.71993,1.1,1.1,0.021042752205662478,0.021042752205662478,0.10030335672062497,0.4099395368913087,0.010854425451989674,0.01246560186310196,1.99792235835803e-05,-0.021042752205662485,1.1789934717900281,0.3007298572136124,1.1210427522056625,True,1.1210427522056625,True,1.1210427522056625,True,1.1210427522056625,True,1.1210427522056625,True,1.1210427522056625,True,1.1210427522056625,True,1.1157820641542469,1.1210427522056625,True,True,0.75,1.0,1.1210427522056625,wind_stuck_7_days,2012
1270,KV_2,KV_1,2012-05-11,0.66864436,0.4,0.4,0.29597887054230426,0.29597887054230426,0.13328380612683488,0.416918115922776,0.03262292307886647,0.03580616776291726,1.99792235835803e-05,0.2413098494576958,1.1789934717900281,0.3007298572136124,0.6959788705423042,True,0.6959788705423042,True,0.6959788705423042,True,0.6959788705423042,True,0.6959788705423042,True,0.6959788705423042,True,0.6959788705423042,True,0.6219841529067283,0.6773999641266005,True,True,0.75,0.9372289434659212,0.6959788705423042,wind_stuck_7_days,2012
1271,KV_2,KV_1,2012-06-03,1.20655662,0.4,0.4,0.41969050374903827,0.41969050374903827,0.1233945239911437,0.27943741017668,0.08224985897637663,0.10915732782255959,1.99792235835803e-05,0.41969050374903827,1.1789934717900281,0.3007298572136124,0.8196905037490383,True,0.8196905037490383,True,0.8196905037490383,True,0.8196905037490383,True,0.8196905037490383,True,0.8196905037490383,True,0.8196905037490383,True,0.7147678778117788,0.7587740003094312,True,True,0.75,0.8548537484278336,0.8196905037490383,wind_stuck_7_days,2012
1272,KV_2,KV_1,2012-06-12,1.15050123,0.5,0.5,0.8549952182679533,0.8549952182679533,0.1593349517926164,0.4951841125118019,0.08956471802443149,0.08802292287461344,-0.04536836782368475,0.44600724173204653,1.1789934717900281,0.3007298572136124,1.3549952182679532,True,1.3549952182679532,True,1.3549952182679532,True,1.3549952182679532,True,1.3549952182679532,True,1.3549952182679532,True,0.5,False,1.141246413700965,1.018332549786564,True,True,0.75,0.6062402908364805,1.3549952182679532,wind_stuck_7_days,2012
1273,KV_2,KV_1,2012-06-19,1.25925948,0.2,0.2,0.748010943904191,0.748010943904191,0.1649859961880344,0.707355411711759,0.21099019896448704,0.23756302567011298,-0.09037977881190437,0.748010943904191,1.1789934717900281,0.3007298572136124,0.948010943904191,True,0.948010943904191,True,0.948010943904191,True,0.948010943904191,True,0.948010943904191,True,0.948010943904191,True,0.2,False,0.7610082079281433,0.6964243534122989,True,True,0.75,0.6636592117506285,0.948010943904191,wind_stuck_7_days,2012
1274,KV_2,KV_1,2012-07-14,1.82525446,0.2,0.2,0.953163312552266,0.953163312552266,0.1795090283571616,0.5965838094622085,0.21830866475778754,0.26389788961911453,0.029878743609888396,0.953163312552266,1.1789934717900281,0.3007298572136124,1.153163312552266,True,1.153163312552266,True,1.153163312552266,True,1.153163312552266,True,1.153163312552266,True,1.153163312552266,True,1.153163312552266,True,0.9148724844141995,0.7625104839074677,True,True,0.75,0.5901512117595512,1.153163312552266,wind_stuck_7_days,2012
1275,KV_2,KV_1,2012-08-06,1.35217979,0.4,0.4,0.5222559405354412,0.5222559405354412,0.16146408079086155,0.3892887405410371,0.1640395141704679,0.16914885816238232,1.99792235835803e-05,0.5222559405354412,1.1789934717900281,0.3007298572136124,0.9222559405354412,True,0.9222559405354412,True,0.9222559405354412,True,0.9222559405354412,True,0.9222559405354412,True,0.9222559405354412,True,0.9222559405354412,True,0.7916919554015809,0.883487874648311,True,True,0.75,0.9257680710201527,0.9222559405354412,wind_stuck_7_days,2012
1276,KV_2,KV_1,2012-08-15,1.32870536,0.4,0.4,0.4539501863927852,0.4539501863927852,0.15173208501377952,0.46808763596581626,0.07549989962680294,0.1039520479151726,1.99792235835803e-05,0.4539501863927852,1.1789934717900281,0.3007298572136124,0.8539501863927852,True,0.8539501863927852,True,0.8539501863927852,True,0.8539501863927852,True,0.8539501863927852,True,0.8539501863927852,True,0.8539501863927852,True,0.7404626397945889,0.7226650735027,True,True,0.75,0.7107940103884233,0.8539501863927852,wind_stuck_7_days,2012
1280,KV_4,KV_1,2012-01-27,0.41540081,0.2,0.2,0.3582948447299119,0.3582948447299119,0.10192657319784826,0.22866582973864583,0.05630901898975605,0.04594830460981638,-0.010136547658172066,0.07250677527008809,1.1789934717900281,0.3007298572136124,0.5582948447299119,True,0.5582948447299119,True,0.5582948447299119,True,0.5582948447299119,True,0.5582948447299119,True,0.5582948447299119,True,0.2,False,0.46872113354743394,0.5176936647625229,True,True,0.75,0.8866822100161814,0.5582948447299119,wind_stuck_7_days,2012
1281,KV_4,KV_1,2012-02-05,0.16823608,0.1,0.1,0.335487788388801,0.335487788388801,0.10811119866461337,0.4118594922441643,0.05630901898975605,0.08266146754635156,-0.0014162647146922368,-0.19901562838880096,1.1789934717900281,0.3007298572136124,0.435487788388801,True,0.435487788388801,True,0.435487788388801,True,0.435487788388801,True,0.435487788388801,True,0.435487788388801,True,0.1,False,0.35161584129160073,0.4248352531850398,True,True,0.75,0.9682476216051837,0.435487788388801,wind_stuck_7_days,2012
1282,KV_4,KV_1,2012-03-08,0.52840164,0.5,0.5,-0.0848473727480595,0.0848473727480595,0.15141057424293417,0.4035174761035879,0.013972598577542695,0.012855870224370304,-0.0014162647146922368,-0.0848473727480595,1.1789934717900281,0.3007298572136124,0.4151526272519405,True,0.4151526272519405,True,0.4151526272519405,True,0.4151526272519405,True,0.4151526272519405,True,0.4151526272519405,True,0.5,False,0.4363644704389554,0.4151526272519405,True,True,0.75,1.0,0.4151526272519405,wind_stuck_7_days,2012
1283,KV_4,KV_1,2012-03-24,1.76610954,0.6,0.6,-0.12965102587604727,0.12965102587604727,0.11711684174416592,0.4992939077115821,0.03010211972209015,0.02805326786456187,1.99792235835803e-05,-0.12965102587604727,1.1789934717900281,0.3007298572136124,0.4703489741239527,True,0.4703489741239527,True,0.4703489741239527,True,0.4703489741239527,True,0.4703489741239527,True,0.4703489741239527,True,0.4703489741239527,True,0.5027617305929646,0.4703489741239527,True,True,0.75,1.0,0.4703489741239527,wind_stuck_7_days,2012
1284,KV_4,KV_1,2012-05-02,2.21898041,1.2,1.2,-0.02667920432448325,0.02667920432448325,0.11086318259297323,0.4121415426499556,0.010854425451989674,0.01246560186310196,1.99792235835803e-05,-0.02667920432448323,1.1789934717900281,0.3007298572136124,1.1733207956755167,True,1.1733207956755167,True,1.1733207956755167,True,1.1733207956755167,True,1.1733207956755167,True,1.1733207956755167,True,1.1733207956755167,True,1.1799905967566375,1.1733207956755167,True,True,0.75,1.0,1.1733207956755167,wind_stuck_7_days,2012
1285,KV_4,KV_1,2012-05-11,2.40783591,0.2,0.2,0.38319040217730366,0.38319040217730366,0.14857393562017604,0.4221874087268448,0.06939097405730002,0.10415222541869812,1.99792235835803e-05,0.3831904021773036,1.1789934717900281,0.3007298572136124,0.5831904021773037,True,0.5831904021773037,True,0.5831904021773037,True,0.5831904021773037,True,0.5831904021773037,True,0.5831904021773037,True,0.5831904021773037,True,0.48739280163297777,0.5831904021773037,True,True,0.75,1.0,0.5831904021773037,wind_stuck_7_days,2012
1286,KV_4,KV_1,2012-06-12,4.2753528,1.0,1.0,0.7324318568568632,0.7324318568568632,0.15656712952858168,0.532422756063242,0.04295394951220213,0.045394697210955084,-0.014085236775765215,0.7324318568568633,1.1789934717900281,0.3007298572136124,1.7324318568568633,True,1.7324318568568633,True,1.7324318568568633,True,1.7324318568568633,True,1.7324318568568633,True,1.7324318568568633,True,1.0,False,1.5493238926426474,1.4943574244857452,True,True,0.75,0.6749534715860344,1.7324318568568633,wind_stuck_7_days,2012
1287,KV_4,KV_1,2012-06-19,4.22998868,0.9,0.9,0.6452378345023444,0.6452378345023444,0.2099872561716363,0.664907831635807,0.05027241530550266,0.038992207652675345,-0.04440264148641953,0.6452378345023444,1.1789934717900281,0.3007298572136124,1.5452378345023443,True,1.5452378345023443,True,1.5452378345023443,True,1.5452378345023443,True,1.5452378345023443,True,1.5452378345023443,True,0.9,False,1.3839283758767582,1.354794333889175,True,True,0.75,0.7048475919580045,1.5452378345023443,wind_stuck_7_days,2012
1288,KV_4,KV_1,2012-06-28,4.65976657,2.2,2.2,0.8809329115775475,0.8809329115775475,0.3708976033579615,0.9780173985088074,0.23997339773391796,0.30845380815956286,-0.18997533714431858,0.8809329115775475,1.1789934717900281,0.3007298572136124,3.0809329115775475,True,2.2,False,2.2,False,3.0809329115775475,True,2.2,False,3.0809329115775475,True,2.2,False,2.860699683683161,2.9509924683306816,True,True,0.75,0.8524967775194449,3.0809329115775475,wind_stuck_7_days,2012
1289,KV_4,KV_1,2012-07-14,3.31356022,0.2,0.2,0.9778323486180142,0.9778323486180142,0.18038438819095712,0.5991743406778479,0.21830866475778754,0.26389788961911453,0.029878743609888396,0.9778323486180143,1.1789934717900281,0.3007298572136124,1.1778323486180142,True,1.1778323486180142,True,1.1778323486180142,True,1.1778323486180142,True,1.1778323486180142,True,1.1778323486180142,True,1.1778323486180142,True,0.9333742614635105,0.7543614542914114,True,True,0.75,0.5669289373325593,1.1778323486180142,wind_stuck_7_days,2012
1290,KV_4,KV_1,2012-07-30,3.61661968,0.7,0.7,0.9006941809575293,0.9006941809575293,0.11729710519524078,0.42757849056701075,0.09080526599269786,0.1322372205482393,0.029878743609888396,0.9006941809575295,1.1789934717900281,0.3007298572136124,1.6006941809575292,True,1.6006941809575292,True,1.6006941809575292,True,1.6006941809575292,True,1.6006941809575292,True,1.6006941809575292,True,1.6006941809575292,True,1.3755206357181469,1.1848235349710818,True,True,0.75,0.5382776365399243,1.6006941809575292,wind_stuck_7_days,2012
1291,KV_4,KV_1,2012-08-06,2.75118113,0.8,0.8,0.33293531726348863,0.33293531726348863,0.11107658525914074,0.35872619811396655,0.03237975564266321,0.027589942732921962,1.99792235835803e-05,0.3329353172634886,1.1789934717900281,0.3007298572136124,1.1329353172634886,True,1.1329353172634886,True,1.1329353172634886,True,1.1329353172634886,True,1.1329353172634886,True,1.1329353172634886,True,1.1329353172634886,True,1.0497014879476165,1.0785818781191912,True,True,0.75,0.8367447479256709,1.1329353172634886,wind_stuck_7_days,2012
1292,KV_4,KV_1,2012-08-15,3.6028702,1.1,1.1,0.15609659427968287,0.15609659427968287,0.19859040316611298,0.4656912583295375,0.010797296652143601,0.01246560186310196,1.99792235835803e-05,0.15609659427968303,1.1789934717900281,0.3007298572136124,1.256096594279683,True,1.256096594279683,True,1.256096594279683,True,1.256096594279683,True,1.256096594279683,True,1.256096594279683,True,1.256096594279683,True,1.2170724457097621,1.256096594279683,True,True,0.75,1.0,1.256096594279683,wind_stuck_7_days,2012
1293,KV_4,KV_1,2012-09-07,2.05606128,0.9,0.9,0.25642953323621703,0.25642953323621703,0.12472126338347672,0.3491206125700538,0.01317453485404392,0.016110733589087444,1.99792235835803e-05,0.256429533236217,1.1789934717900281,0.3007298572136124,1.156429533236217,True,1.156429533236217,True,1.156429533236217,True,1.156429533236217,True,1.156429533236217,True,1.156429533236217,True,1.156429533236217,True,1.092322149927163,1.0618998028117625,True,True,0.75,0.6313617654274792,1.156429533236217,wind_stuck_7_days,2012
1294,KV_4,KV_1,2012-10-09,0.90204475,0.6,0.6,-0.0694880290987119,0.0694880290987119,0.05672433777290318,0.32344669683325455,0.009077971366883736,0.009746290049568155,-0.0014162647146922368,-0.06948802909871188,1.1789934717900281,0.3007298572136124,0.5305119709012881,True,0.5305119709012881,True,0.5305119709012881,True,0.5305119709012881,True,0.5305119709012881,True,0.5305119709012881,True,0.6,False,0.547883978175966,0.5305119709012881,True,True,0.75,1.0,0.5305119709012881,wind_stuck_7_days,2012
1295,KV_4,KV_1,2012-10-18,0.61980363,0.0,0.0,0.14319445071501605,0.14319445071501605,0.15030733544406763,0.5088721181799423,0.04517537494249215,0.04352339596887079,-0.0014162647146922368,0.14319445071501602,1.1789934717900281,0.3007298572136124,0.14319445071501605,True,0.14319445071501605,True,0.14319445071501605,True,0.14319445071501605,True,0.14319445071501605,True,0.14319445071501605,True,0.0,False,0.10739583803626204,0.14319445071501605,True,True,0.75,1.0,0.14319445071501605,wind_stuck_7_days,2012
1598,MB_Pch,MB_Pch,2012-04-07,3.34915767,3.4,3.4,-0.531613200232071,0.531613200232071,0.2872643421888843,0.6526440023499174,0.19049630771705447,0.11985568426302981,0.0425589139633125,-0.42992854023207094,1.1789934717900281,0.3007298572136124,2.868386799767929,True,2.868386799767929,True,2.868386799767929,True,2.868386799767929,True,2.868386799767929,True,2.868386799767929,True,2.868386799767929,True,3.0012900998259466,2.9443198690931247,True,True,0.75,0.8571648158998909,2.881176801210739,wind_stuck_7_days,2012
1599,MB_Pch,MB_Pch,2012-04-23,5.15121884,4.8,4.8,-0.9968399931024017,0.9968399931024017,0.22987364427610865,0.547889248945691,0.1013275568662713,0.03027271282315798,0.05222487987369056,-0.9968399931024017,1.1789934717900281,0.3007298572136124,3.803160006897598,True,3.803160006897598,True,3.803160006897598,True,3.803160006897598,True,3.803160006897598,True,3.803160006897598,True,3.803160006897598,True,4.052370005173199,4.3087590064439505,True,True,0.75,0.49279823939165124,3.803160006897598,wind_stuck_7_days,2012
1600,MB_Pch,MB_Pch,2012-05-09,6.75491743,5.3,5.3,0.287828799313369,0.287828799313369,0.2804030238983654,0.8933695944642694,-0.049359783864315034,-0.01286157144105189,-0.003029634616365179,0.287828799313369,1.1789934717900281,0.3007298572136124,5.587828799313369,True,5.587828799313369,True,5.587828799313369,True,5.3,False,5.3,False,5.3,False,5.3,False,5.515871599485027,5.388635897394107,True,True,0.75,0.30794659049251955,5.587828799313369,wind_stuck_7_days,2012
1601,MB_Pch,MB_Pch,2012-05-25,4.92048131,4.9,4.9,-1.282784904127011,1.282784904127011,0.24577303169504033,0.5072500578813249,0.09412412965935946,0.21807720905404815,0.043137573580312685,-1.282784904127011,1.1789934717900281,0.3007298572136124,3.6172150958729894,True,3.6172150958729894,True,3.6172150958729894,True,3.6172150958729894,True,3.6172150958729894,True,3.6172150958729894,True,3.6172150958729894,True,3.937911321904742,4.068087239311414,True,True,0.75,0.6485208533497193,3.6172150958729894,wind_stuck_7_days,2012
1602,MB_Pch,MB_Pch,2012-06-10,6.43800546,5.9,5.9,-0.46621950098727066,0.46621950098727066,0.17918724387910118,0.5594809596635626,0.053684320889303555,0.029846914055259674,0.0474026919098751,-0.4662195009872707,1.1789934717900281,0.3007298572136124,5.433780499012729,True,5.433780499012729,True,5.433780499012729,True,5.433780499012729,True,5.433780499012729,True,5.433780499012729,True,5.433780499012729,True,5.550335374259547,5.608957618071028,True,True,0.75,0.6242604209233165,5.433780499012729,wind_stuck_7_days,2012
1603,MB_Pch,MB_Pch,2012-06-26,6.81697735,6.4,6.4,-0.9229568724575481,0.9229568724575481,0.248238119900294,0.6363306784367653,0.17648585147950602,0.21538798134766157,0.06225480234989144,-0.9229568724575481,1.1789934717900281,0.3007298572136124,5.477043127542452,True,5.477043127542452,True,5.477043127542452,True,5.477043127542452,True,5.477043127542452,True,5.477043127542452,True,5.477043127542452,True,5.707782345656839,5.477043127542452,True,True,0.75,1.0,5.477043127542452,wind_stuck_7_days,2012
1604,MB_Pch,MB_Pch,2012-07-28,8.66967594,6.8,6.8,-0.13909809254888572,0.13909809254888572,0.24737305392548098,0.4755026953948701,0.00023184228947201809,-0.016577958710390965,0.06566233635817821,-0.1390980925488856,1.1789934717900281,0.3007298572136124,6.660901907451114,True,6.660901907451114,True,6.660901907451114,True,6.660901907451114,True,6.660901907451114,True,6.8,False,6.660901907451114,True,6.695676430588335,6.660901907451114,True,True,0.75,1.0,6.660901907451114,wind_stuck_7_days,2012
1605,MB_Pch,MB_Pch,2012-08-13,9.13935409,6.5,6.5,1.1475918083602537,1.1475918083602537,0.3201216651932497,1.2685545996055843,0.048637754051769934,0.03536418215759869,-0.13180006536006394,1.1475918083602537,1.1789934717900281,0.3007298572136124,7.647591808360254,True,6.5,False,6.5,False,7.647591808360254,True,6.5,False,7.647591808360254,True,6.5,False,7.36069385627019,7.55940311227762,True,True,0.75,0.9231532541098889,6.891736499566247,wind_stuck_7_days,2012
1606,MB_Pch,MB_Pch,2012-09-14,6.09342876,4.3,4.3,0.4264952525585623,0.4264952525585623,0.5059050458789685,1.1444204564905998,-0.007187916374623131,0.005652507522927069,-0.02980209618215893,0.42649525255856235,1.1789934717900281,0.3007298572136124,4.726495252558562,True,4.3,False,4.3,False,4.3,False,4.3,False,4.726495252558562,True,4.3,False,4.6198714394189215,4.726495252558562,True,True,0.75,1.0,4.726495252558562,wind_stuck_7_days,2012
1607,MB_Pch,MB_Pch,2012-09-30,5.45911709,3.9,3.9,-0.3265752910743983,0.3265752910743983,0.18386152757315738,0.30192826025803554,0.059383083981541566,0.06601946096663742,0.0474026919098751,-0.3265752910743984,1.1789934717900281,0.3007298572136124,3.5734247089256015,True,3.5734247089256015,True,3.5734247089256015,True,3.5734247089256015,True,3.5734247089256015,True,3.5734247089256015,True,3.5734247089256015,True,3.655068531694201,3.614521624480581,True,True,0.75,0.874157914948878,3.5734247089256015,wind_stuck_7_days,2012
1608,MB_Pch,MB_Pch,2012-10-16,4.42883295,2.7,2.7,-0.6190350205995893,0.6190350205995893,0.1442746149074828,0.4829451872724867,0.11950330669892086,0.13758640393713015,-0.0014162647146922368,-0.6190350205995894,1.1789934717900281,0.3007298572136124,2.080964979400411,True,2.080964979400411,True,2.080964979400411,True,2.080964979400411,True,2.080964979400411,True,2.080964979400411,True,2.7,False,2.2357237345503083,2.229602206973652,True,True,0.75,0.7598888227207684,2.080964979400411,wind_stuck_7_days,2012
1609,MB_Pch,MB_Pch,2012-12-03,1.0747134,0.7,0.7,0.2622462703313286,0.2622462703313286,0.166484438518702,0.5038728588917264,0.0034297340019795366,0.0005806597091812427,-0.010136547658172066,0.2622462703313286,1.1789934717900281,0.3007298572136124,0.9622462703313286,True,0.9622462703313286,True,0.9622462703313286,True,0.9622462703313286,True,0.9622462703313286,True,0.9622462703313286,True,0.7,False,0.8966847027484963,0.8629755942019528,True,True,0.75,0.6214601031162249,0.9437990191220849,wind_stuck_7_days,2012
1610,MB_Pch,MB_Pch,2012-12-19,0.99117068,0.6,0.6,0.09489048721298625,0.09489048721298625,0.11714274280614541,0.43981388594974086,0.009077971366883736,0.005082894683005364,-0.010136547658172066,0.09489048721298626,1.1789934717900281,0.3007298572136124,0.6948904872129862,True,0.6948904872129862,True,0.6948904872129862,True,0.6948904872129862,True,0.6948904872129862,True,0.6948904872129862,True,0.6,False,0.6711678654097397,0.6948904872129862,True,True,0.75,1.0,0.683957000890491,wind_stuck_7_days,2012
2738,US-ADR,US-ADR,2012-02-05,0.03523676,0.0,0.0,0.2812284712063025,0.2812284712063025,0.10837063461431264,0.33575755078557035,0.06083053004892131,0.05398279468788739,-0.0014162647146922368,-0.2107549512063025,1.1789934717900281,0.3007298572136124,0.2812284712063025,True,0.2812284712063025,True,0.2812284712063025,True,0.2812284712063025,True,0.2812284712063025,True,0.2812284712063025,True,0.0,False,0.2109213534047269,0.19895635605231848,True,True,0.75,0.7074545304709523,0.2812284712063025,wind_stuck_7_days,2012
2739,US-ADR,US-ADR,2012-02-12,0.06249367,0.2,0.2,0.2583067401237411,0.2583067401237411,0.09262303398770214,0.3523927085359685,0.02305005437946055,0.023315268943386903,-0.0014162647146922368,-0.2583067401237411,1.1789934717900281,0.3007298572136124,0.4583067401237411,True,0.4583067401237411,True,0.4583067401237411,True,0.4583067401237411,True,0.4583067401237411,True,0.4583067401237411,True,0.2,False,0.39373005509280584,0.41176072766347627,True,True,0.75,0.8198033375437006,0.4583067401237411,wind_stuck_7_days,2012
2740,US-ADR,US-ADR,2012-02-21,0.13886995,0.8,0.8,-0.4198233164195453,0.4198233164195453,0.1543773065491247,0.5625411597421777,0.06437246674044356,0.06601946096663742,-0.0014162647146922368,0.4198233164195453,1.1789934717900281,0.3007298572136124,0.38017668358045476,True,0.38017668358045476,True,0.38017668358045476,True,0.38017668358045476,True,0.38017668358045476,True,0.38017668358045476,True,0.8,False,0.4851325126853411,0.49306815260895653,True,True,0.75,0.7310976674871362,0.38017668358045476,wind_stuck_7_days,2012
2741,US-ADR,US-ADR,2012-02-28,0.61476889,0.3,0.3,0.3225795850981221,0.3225795850981221,0.11040188066243913,0.3952080786007652,0.03991860618654112,0.043229197594295804,-0.0014162647146922368,0.3069581949018779,1.1789934717900281,0.3007298572136124,0.6225795850981222,True,0.6225795850981222,True,0.6225795850981222,True,0.6225795850981222,True,0.6225795850981222,True,0.6225795850981222,True,0.3,False,0.5419346888235916,0.6225795850981222,True,True,0.75,1.0,0.6225795850981222,wind_stuck_7_days,2012
2742,US-ADR,US-ADR,2012-03-08,0.12114364,0.4,0.4,-0.2816936960029167,0.2816936960029167,0.15682216690595957,0.4594154171539458,0.035450169375104694,0.03914393758961999,0.010678358580813565,0.27601902399708333,1.1789934717900281,0.3007298572136124,0.1183063039970833,True,0.1183063039970833,True,0.1183063039970833,True,0.1183063039970833,True,0.1183063039970833,True,0.1183063039970833,True,0.1183063039970833,True,0.18872972799781249,0.2007145185576294,True,True,0.75,0.7074545304709523,0.1183063039970833,wind_stuck_7_days,2012
2743,US-ADR,US-ADR,2012-03-15,0.10659363,0.1,0.1,0.40414847504495005,0.40414847504495005,0.1616860191819508,0.45513683647033787,0.06939097405730002,0.10415222541869812,1.99792235835803e-05,-0.3909612150449501,1.1789934717900281,0.3007298572136124,0.5041484750449501,True,0.5041484750449501,True,0.5041484750449501,True,0.5041484750449501,True,0.5041484750449501,True,0.5041484750449501,True,0.5041484750449501,True,0.40311135628371253,0.47444119487943015,True,True,0.75,0.9264941426236587,0.5041484750449501,wind_stuck_7_days,2012
2744,US-ADR,US-ADR,2012-03-31,0.09484939,0.0,0.0,0.5122624002042631,0.5122624002042631,0.19575932065138388,0.4614839951428304,0.2178235127617808,0.23470304022113048,1.99792235835803e-05,-0.322563620204263,1.1789934717900281,0.3007298572136124,0.5122624002042631,True,0.5122624002042631,True,0.5122624002042631,True,0.5122624002042631,True,0.5122624002042631,True,0.5122624002042631,True,0.5122624002042631,True,0.3841968001531973,0.49440950392349403,True,True,0.75,0.9651489231424164,0.5122624002042631,wind_stuck_7_days,2012
2745,US-ADR,US-ADR,2012-04-09,0.06574363,0.1,0.1,0.3004711576585118,0.3004711576585118,0.08398852864462285,0.5058558263633615,0.07195313508212071,0.08315527111217334,1.99792235835803e-05,-0.30047115765851173,1.1789934717900281,0.3007298572136124,0.4004711576585118,True,0.4004711576585118,True,0.4004711576585118,True,0.4004711576585118,True,0.4004711576585118,True,0.4004711576585118,True,0.4004711576585118,True,0.32535336824388383,0.4004711576585118,True,True,0.75,1.0,0.4004711576585118,wind_stuck_7_days,2012
2746,US-ADR,US-ADR,2012-04-16,0.03725627,0.1,0.1,0.6179080938992381,0.6179080938992381,0.1836689018740776,0.6169655525037814,0.2083709091398203,0.21786624752711298,-0.017492770784051995,-0.6179080938992381,1.1789934717900281,0.3007298572136124,0.717908093899238,True,0.717908093899238,True,0.717908093899238,True,0.717908093899238,True,0.717908093899238,True,0.717908093899238,True,0.1,False,0.5634310704244285,0.5266102393284322,True,True,0.75,0.6904105052846246,0.717908093899238,wind_stuck_7_days,2012
2747,US-ADR,US-ADR,2012-05-11,0.15849177,0.3,0.3,0.11332081271326773,0.11332081271326773,0.11064250661333816,0.30513281130108416,0.03213979335826747,0.03189188318224028,1.99792235835803e-05,-0.11332081271326774,1.1789934717900281,0.3007298572136124,0.4133208127132677,True,0.4133208127132677,True,0.4133208127132677,True,0.4133208127132677,True,0.4133208127132677,True,0.4133208127132677,True,0.4133208127132677,True,0.3849906095349508,0.4133208127132677,True,True,0.75,1.0,0.4133208127132677,wind_stuck_7_days,2012
2748,US-ADR,US-ADR,2012-05-27,0.25939212,0.2,0.2,0.717935325198651,0.717935325198651,0.2013628833905526,0.6506078464663512,0.21574650373296686,0.21193002753511417,-0.017492770784051995,-0.599151085198651,1.1789934717900281,0.3007298572136124,0.9179353251986511,True,0.9179353251986511,True,0.9179353251986511,True,0.9179353251986511,True,0.9179353251986511,True,0.9179353251986511,True,0.2,False,0.7384514938989883,0.7372328138699131,True,True,0.75,0.7483025211515564,0.9179353251986511,wind_stuck_7_days,2012
2749,US-ADR,US-ADR,2012-06-03,0.09737169,0.0,0.0,-0.04523851235287066,0.04523851235287066,0.1954642634902277,0.4841918123759349,0.0740065707723475,0.07371157131815904,1.99792235835803e-05,-0.045238512352870644,1.1789934717900281,0.3007298572136124,-0.04523851235287066,True,-0.04523851235287066,True,-0.04523851235287066,True,-0.04523851235287066,True,-0.04523851235287066,True,-0.04523851235287066,True,-0.04523851235287066,True,-0.03392888426465299,-0.04523851235287066,True,True,0.75,1.0,-0.04955103377802913,wind_stuck_7_days,2012
2750,US-ADR,US-ADR,2012-06-12,0.06581017,0.0,0.0,0.23051309156821395,0.23051309156821395,0.3504179046120146,0.8747757055519638,0.032635819222421376,0.02264026633898916,-0.06605733692610179,-0.09889275156821395,1.1789934717900281,0.3007298572136124,0.23051309156821395,True,0.0,False,0.23051309156821395,True,0.23051309156821395,True,0.23051309156821395,True,0.23051309156821395,True,0.0,False,0.17288481867616046,0.0906903790714985,True,True,0.75,0.39342832311396597,0.221003017795937,wind_stuck_7_days,2012
2751,US-ADR,US-ADR,2012-06-19,0.11924876,0.0,0.0,0.13870775823614528,0.13870775823614528,0.1999371632571618,0.44821744236663025,0.04930604446739907,0.04872867587625777,1.99792235835803e-05,0.0997897617638547,1.1789934717900281,0.3007298572136124,0.13870775823614528,True,0.13870775823614528,True,0.13870775823614528,True,0.13870775823614528,True,0.13870775823614528,True,0.13870775823614528,True,0.13870775823614528,True,0.10403081867710896,0.13870775823614528,True,True,0.75,1.0,0.10921521776851568,wind_stuck_7_days,2012
2752,US-ADR,US-ADR,2012-06-28,0.11737565,0.0,0.0,0.5966688579900554,0.5966688579900554,0.28929112202744006,0.6594955134008634,0.3921770760003129,0.40461328595440715,-0.04440264148641953,-0.3619175579900554,1.1789934717900281,0.3007298572136124,0.5966688579900554,True,0.5966688579900554,True,0.5966688579900554,True,0.5966688579900554,True,0.5966688579900554,True,0.5966688579900554,True,0.0,False,0.44750164349254157,0.4427697133268637,True,True,0.75,0.7420694199097002,0.4506711589046706,wind_stuck_7_days,2012
2753,US-ADR,US-ADR,2012-07-05,0.13759151,0.0,0.0,0.1650215792963906,0.1650215792963906,0.17926305450097646,0.5526924896522255,0.0740065707723475,0.07371157131815904,1.99792235835803e-05,0.11016144070360939,1.1789934717900281,0.3007298572136124,0.1650215792963906,True,0.1650215792963906,True,0.1650215792963906,True,0.1650215792963906,True,0.1650215792963906,True,0.1650215792963906,True,0.1650215792963906,True,0.12376618447229296,0.1650215792963906,True,True,0.75,1.0,0.1650215792963906,wind_stuck_7_days,2012
2754,US-ADR,US-ADR,2012-07-14,1.49936607,0.0,0.0,0.02190965158666542,0.02190965158666542,0.12462665134151028,0.4469172611572114,0.07406369957219358,0.07371157131815904,1.99792235835803e-05,0.02190965158666547,1.1789934717900281,0.3007298572136124,0.02190965158666542,True,0.02190965158666542,True,0.02190965158666542,True,0.02190965158666542,True,0.02190965158666542,True,0.02190965158666542,True,0.02190965158666542,True,0.016432238689999067,0.02190965158666542,True,True,0.75,1.0,0.02190965158666542,wind_stuck_7_days,2012
2755,US-ADR,US-ADR,2012-07-21,0.0576721,0.0,0.0,0.14223831472050635,0.14223831472050635,0.1817547092006602,0.5297868507593121,0.04930604446739907,0.04872867587625777,1.99792235835803e-05,-0.026894114720506353,1.1789934717900281,0.3007298572136124,0.14223831472050635,True,0.14223831472050635,True,0.14223831472050635,True,0.14223831472050635,True,0.14223831472050635,True,0.14223831472050635,True,0.14223831472050635,True,0.10667873604037977,0.14223831472050635,True,True,0.75,1.0,0.10154320034797445,wind_stuck_7_days,2012
2756,US-ADR,US-ADR,2012-07-30,0.48631015,0.1,0.1,0.3124783869699633,0.3124783869699633,0.2674149424870353,0.5910120931170416,0.07817356824129576,0.08836055101956033,1.99792235835803e-05,0.3124783869699633,1.1789934717900281,0.3007298572136124,0.4124783869699633,True,0.4124783869699633,True,0.4124783869699633,True,0.4124783869699633,True,0.4124783869699633,True,0.4124783869699633,True,0.4124783869699633,True,0.3343587902274725,0.4124783869699633,True,True,0.75,1.0,0.15697219476609636,wind_stuck_7_days,2012
2757,US-ADR,US-ADR,2012-08-06,0.94492621,0.0,0.0,0.23696344236204378,0.23696344236204378,0.18911961039865324,0.4739651194280915,0.0600482199057098,0.0637618646319951,1.99792235835803e-05,0.2369634423620438,1.1789934717900281,0.3007298572136124,0.23696344236204378,True,0.23696344236204378,True,0.23696344236204378,True,0.23696344236204378,True,0.23696344236204378,True,0.23696344236204378,True,0.23696344236204378,True,0.17772258177153283,0.23347038236587273,True,True,0.75,0.9852590764155333,0.15498529239530662,wind_stuck_7_days,2012
2758,US-ADR,US-ADR,2012-08-15,0.44152064,0.2,0.2,0.0466983991574986,0.0466983991574986,0.19060030446401874,0.5089591800162563,0.032082664558421396,0.03189188318224028,1.99792235835803e-05,0.0466983991574986,1.1789934717900281,0.3007298572136124,0.2466983991574986,True,0.2466983991574986,True,0.2466983991574986,True,0.2466983991574986,True,0.2466983991574986,True,0.2466983991574986,True,0.2466983991574986,True,0.23502379936812395,0.2466983991574986,True,True,0.75,1.0,0.149654342389346,wind_stuck_7_days,2012
2759,US-ADR,US-ADR,2012-08-31,0.29037065,1.5,1.5,-0.2415557420023548,0.2415557420023548,0.2411416966585235,0.5977666688592986,0.02725651342296528,0.03276045918488685,1.99792235835803e-05,0.24155574200235486,1.1789934717900281,0.3007298572136124,1.2584442579976451,True,1.2584442579976451,True,1.2584442579976451,True,1.2584442579976451,True,1.2584442579976451,True,1.2584442579976451,True,1.2584442579976451,True,1.318833193498234,1.3333199953109443,True,True,0.75,0.6900270857044285,1.2584442579976451,wind_stuck_7_days,2012
2760,US-ADR,US-ADR,2012-09-07,0.21335012,0.0,0.0,0.21106934443544115,0.21106934443544115,0.1993909861739,0.43261517946447203,0.05092816762190089,0.05855658472460813,1.99792235835803e-05,0.21106934443544115,1.1789934717900281,0.3007298572136124,0.21106934443544115,True,0.21106934443544115,True,0.21106934443544115,True,0.21106934443544115,True,0.21106934443544115,True,0.21106934443544115,True,0.21106934443544115,True,0.15830200832658087,0.21106934443544115,True,True,0.75,1.0,0.21106934443544115,wind_stuck_7_days,2012
2761,US-ADR,US-ADR,2012-09-16,0.20702513,0.1,0.1,0.08704019184886579,0.08704019184886579,0.1579010564512911,0.4454229143589913,0.025389834008693782,0.026686603274853282,1.99792235835803e-05,0.08704019184886579,1.1789934717900281,0.3007298572136124,0.18704019184886578,True,0.18704019184886578,True,0.18704019184886578,True,0.18704019184886578,True,0.18704019184886578,True,0.18704019184886578,True,0.18704019184886578,True,0.16528014388664936,0.18704019184886578,True,True,0.75,1.0,0.18704019184886578,wind_stuck_7_days,2012
2762,US-ADR,US-ADR,2012-09-23,0.1172158,0.1,0.1,0.08620190312254494,0.08620190312254494,0.1536465410437487,0.5108233161893263,0.02795199503351448,0.026686603274853282,1.99792235835803e-05,-0.051770303122544964,1.1789934717900281,0.3007298572136124,0.18620190312254495,True,0.18620190312254495,True,0.18620190312254495,True,0.18620190312254495,True,0.18620190312254495,True,0.18620190312254495,True,0.18620190312254495,True,0.1646514273419087,0.18620190312254495,True,True,0.75,1.0,0.18620190312254495,wind_stuck_7_days,2012
2763,US-ADR,US-ADR,2012-10-02,0.07761658,0.3,0.3,0.15577436307054535,0.15577436307054535,0.34645277712434813,0.7810984609244587,0.028644511919384535,0.006506333929863258,-0.055398957568871775,-0.15577436307054537,1.1789934717900281,0.3007298572136124,0.4557743630705453,True,0.3,False,0.4557743630705453,True,0.4557743630705453,True,0.4557743630705453,True,0.4557743630705453,True,0.3,False,0.416830772302909,0.4557743630705453,True,True,0.75,1.0,0.4557743630705453,wind_stuck_7_days,2012
2764,US-ADR,US-ADR,2012-10-09,-0.02338592,0.2,0.2,0.14886379545953263,0.14886379545953263,0.12066006926952609,0.34978512045161714,0.025389834008693782,0.026686603274853282,1.99792235835803e-05,-0.14886379545953266,1.1789934717900281,0.3007298572136124,0.3488637954595326,True,0.3488637954595326,True,0.3488637954595326,True,0.3488637954595326,True,0.3488637954595326,True,0.3488637954595326,True,0.3488637954595326,True,0.3116478465946495,0.3488637954595326,True,True,0.75,1.0,0.3488637954595326,wind_stuck_7_days,2012
2765,US-ADR,US-ADR,2012-10-18,0.57395396,0.1,0.1,0.047835075140771864,0.047835075140771864,0.09389890462402878,0.3666859354405395,0.012307878941149812,0.012855870224370304,-0.0014162647146922368,0.04783507514077184,1.1789934717900281,0.3007298572136124,0.14783507514077188,True,0.14783507514077188,True,0.14783507514077188,True,0.14783507514077188,True,0.14783507514077188,True,0.14783507514077188,True,0.1,False,0.1358763063555789,0.14783507514077188,True,True,0.75,1.0,0.14783507514077188,wind_stuck_7_days,2012
2766,US-ADR,US-ADR,2012-10-25,0.26980171,0.2,0.2,-0.03876392351861125,0.03876392351861125,0.16434263914910055,0.3979815891244857,0.012307878941149812,0.012855870224370304,-0.0014162647146922368,-0.03876392351861124,1.1789934717900281,0.3007298572136124,0.16123607648138877,True,0.16123607648138877,True,0.16123607648138877,True,0.16123607648138877,True,0.16123607648138877,True,0.16123607648138877,True,0.2,False,0.17092705736104158,0.16123607648138877,True,True,0.75,1.0,0.16123607648138877,wind_stuck_7_days,2012
2767,US-ADR,US-ADR,2012-11-03,0.21881031,0.1,0.1,-0.1587472349634833,0.1587472349634833,0.15652623584472178,0.5951952633514462,0.03207014557088648,0.028786296141257797,-0.0014162647146922368,-0.15874723496348328,1.1789934717900281,0.3007298572136124,-0.0587472349634833,True,-0.0587472349634833,True,-0.0587472349634833,True,-0.0587472349634833,True,-0.0587472349634833,True,-0.0587472349634833,True,0.1,False,-0.019060426222612475,-0.0587472349634833,True,True,0.75,1.0,-0.035097716424111663,wind_stuck_7_days,2012
2768,US-ADR,US-ADR,2012-11-10,0.39280718,0.3,0.3,-0.03536077213736088,0.03536077213736088,0.0921227115871083,0.28969244174088127,0.012307878941149812,0.012855870224370304,-0.0014162647146922368,-0.035360772137360885,1.1789934717900281,0.3007298572136124,0.2646392278626391,True,0.2646392278626391,True,0.2646392278626391,True,0.2646392278626391,True,0.2646392278626391,True,0.2646392278626391,True,0.3,False,0.27347942089697935,0.2646392278626391,True,True,0.75,1.0,0.2646392278626391,wind_stuck_7_days,2012
2769,US-ADR,US-ADR,2012-11-19,0.1446521,0.1,0.1,0.11692096968333146,0.11692096968333146,0.13179897780977864,0.33522333560229345,0.012307878941149812,0.012855870224370304,-0.0014162647146922368,-0.02761676968333146,1.1789934717900281,0.3007298572136124,0.21692096968333147,True,0.21692096968333147,True,0.21692096968333147,True,0.21692096968333147,True,0.21692096968333147,True,0.21692096968333147,True,0.1,False,0.1876907272624986,0.21692096968333147,True,True,0.75,1.0,0.21692096968333147,wind_stuck_7_days,2012
2770,US-ADR,US-ADR,2012-11-26,0.15228212,0.1,0.1,-0.06059987740138913,0.06059987740138913,0.15156855438011538,0.3388996382014153,0.012307878941149812,0.012855870224370304,-0.0014162647146922368,-0.06059987740138913,1.1789934717900281,0.3007298572136124,0.03940012259861088,True,0.03940012259861088,True,0.03940012259861088,True,0.03940012259861088,True,0.03940012259861088,True,0.03940012259861088,True,0.1,False,0.05455009194895816,0.03940012259861088,True,True,0.75,1.0,0.03940012259861088,wind_stuck_7_days,2012
2771,US-ADR,US-ADR,2012-12-12,0.02788562,0.6,0.6,-0.19273231220831993,0.19273231220831993,0.13758499387032322,0.34711924908744524,0.03010211972209015,0.029297342569878773,-0.0014162647146922368,0.19273231220831993,1.1789934717900281,0.3007298572136124,0.40726768779168004,True,0.40726768779168004,True,0.40726768779168004,True,0.40726768779168004,True,0.40726768779168004,True,0.40726768779168004,True,0.6,False,0.45545076584376004,0.4406400885223476,True,True,0.75,0.8268458446417846,0.40726768779168004,wind_stuck_7_days,2012
2772,US-ADR,US-ADR,2012-12-21,0.1406439,0.3,0.3,-0.09796078726964083,0.09796078726964083,0.1302515814167354,0.4502782628690644,0.02251803191034521,0.017691967331823398,-0.0014162647146922368,0.09796078726964083,1.1789934717900281,0.3007298572136124,0.20203921273035916,True,0.20203921273035916,True,0.20203921273035916,True,0.20203921273035916,True,0.20203921273035916,True,0.20203921273035916,True,0.3,False,0.22652940954776937,0.20203921273035916,True,True,0.75,1.0,0.20203921273035916,wind_stuck_7_days,2012
2773,US-ADR,US-ADR,2012-12-28,0.10431517,0.1,0.1,0.10908080492451835,0.10908080492451835,0.1325984268554846,0.29867260829562775,0.012307878941149812,0.012855870224370304,-0.0014162647146922368,-0.10045046492451837,1.1789934717900281,0.3007298572136124,0.20908080492451836,True,0.20908080492451836,True,0.20908080492451836,True,0.20908080492451836,True,0.20908080492451836,True,0.20908080492451836,True,0.1,False,0.18181060369338878,0.20908080492451836,True,True,0.75,1.0,0.20908080492451836,wind_stuck_7_days,2012
3062,US-AR1,US-AR1,2012-01-23,0.63444065,0.7,0.7,-0.007001340489160485,0.007001340489160485,0.14734697632851107,0.3873009088308911,0.009077971366883736,0.009746290049568155,-0.0014162647146922368,0.007001340489160485,1.1789934717900281,0.3007298572136124,0.6929986595108395,True,0.6929986595108395,True,0.6929986595108395,True,0.6929986595108395,True,0.6929986595108395,True,0.6929986595108395,True,0.7,False,0.6947489946331296,0.6929986595108395,True,True,0.75,1.0,0.6929986595108395,wind_stuck_7_days,2012
3063,US-AR1,US-AR1,2012-02-24,1.01366373,1.5,1.5,-0.529891588472406,0.529891588472406,0.1259744303767087,0.339489263565018,0.11842582755426015,0.11985568426302981,-0.0014162647146922368,0.442780951527594,1.1789934717900281,0.3007298572136124,0.970108411527594,True,0.970108411527594,True,0.970108411527594,True,0.970108411527594,True,0.970108411527594,True,0.970108411527594,True,1.5,False,1.1025813086456955,1.0599104775168686,True,True,0.75,0.8305274740288672,0.970108411527594,wind_stuck_7_days,2012
3064,US-AR1,US-AR1,2012-09-03,1.38678259,2.8,2.8,0.1052417353507209,0.1052417353507209,0.24228708239553548,0.7992985098513108,0.021362193275080966,0.03216380368065162,-0.06116564044887857,-0.1052417353507209,1.1789934717900281,0.3007298572136124,2.905241735350721,True,2.905241735350721,True,2.905241735350721,True,2.905241735350721,True,2.905241735350721,True,2.905241735350721,True,2.8,False,2.8789313015130404,2.900416044329308,True,True,0.75,0.9541466034807293,2.905241735350721,wind_stuck_7_days,2012
3065,US-AR1,US-AR1,2012-09-19,1.56747184,2.3,2.3,-0.5189920516844764,0.5189920516844764,0.12058404990156213,0.4686779087286732,0.1056610530758309,0.108363187561134,1.99792235835803e-05,0.5189920516844764,1.1789934717900281,0.3007298572136124,1.7810079483155234,True,1.7810079483155234,True,1.7810079483155234,True,1.7810079483155234,True,1.7810079483155234,True,1.7810079483155234,True,1.7810079483155234,True,1.9107559612366425,1.8507106884547233,True,True,0.75,0.8656959390553902,1.7810079483155234,wind_stuck_7_days,2012
3066,US-AR1,US-AR1,2012-10-21,1.67635575,1.7,1.7,-0.653017862435931,0.653017862435931,0.22211394050405095,0.5196963465021043,0.12682177249222137,0.12308259699799269,1.99792235835803e-05,-0.6057293624359309,1.1789934717900281,0.3007298572136124,1.0469821375640689,True,1.0469821375640689,True,1.0469821375640689,True,1.0469821375640689,True,1.0469821375640689,True,1.0469821375640689,True,1.0469821375640689,True,1.2102366031730516,1.2591571011704588,True,True,0.75,0.6750855132585188,1.0469821375640689,wind_stuck_7_days,2012
3067,US-AR1,US-AR1,2012-11-06,0.47856355,1.2,1.2,-0.5934891706179505,0.5934891706179505,0.08385891068191699,0.3248208839213923,0.11842582755426015,0.11985568426302981,-0.0014162647146922368,0.5934891706179505,1.1789934717900281,0.3007298572136124,0.6065108293820495,True,0.6065108293820495,True,0.6065108293820495,True,0.6065108293820495,True,0.6065108293820495,True,0.6065108293820495,True,1.2,False,0.7548831220365371,0.8059652099770274,True,True,0.75,0.6639291996056089,0.6065108293820495,wind_stuck_7_days,2012
3068,US-AR1,US-AR1,2012-11-22,0.32318708,0.8,0.8,-0.187251648420173,0.187251648420173,0.1606425225433046,0.7109371822912363,0.03010211972209015,0.029297342569878773,-0.06308586747521029,0.187251648420173,1.1789934717900281,0.3007298572136124,0.6127483515798271,True,0.6127483515798271,True,0.6127483515798271,True,0.6127483515798271,True,0.6127483515798271,True,0.6127483515798271,True,0.8,False,0.6595612636848702,0.6522292023634668,True,True,0.75,0.7891561910576678,0.6127483515798271,wind_stuck_7_days,2012
3262,US-ARM,US-A32,2012-02-01,1.27127767,1.1,1.1,-0.18834883859012494,0.18834883859012494,0.08029271970008424,0.3882291491403135,0.03010211972209015,0.029297342569878773,-0.0014162647146922368,-0.18834883859012497,1.1789934717900281,0.3007298572136124,0.9116511614098751,True,0.9116511614098751,True,0.9116511614098751,True,0.9116511614098751,True,0.9116511614098751,True,0.9116511614098751,True,1.1,False,0.9587383710574064,0.9347459487898897,True,True,0.75,0.8773829052895187,0.9116511614098751,wind_stuck_7_days,2012
3263,US-ARM,US-A32,2012-04-21,4.91337356,4.4,4.4,-0.9886424519433821,0.9886424519433821,0.22345443064237408,0.3979222634648739,0.09297219100036914,0.14156257303760725,0.05222487987369056,-0.9886424519433821,1.1789934717900281,0.3007298572136124,3.4113575480566185,True,3.4113575480566185,True,3.4113575480566185,True,3.4113575480566185,True,3.4113575480566185,True,3.4113575480566185,True,3.4113575480566185,True,3.6585181610424637,3.59505824091591,True,True,0.75,0.8141889492018171,3.4113575480566185,wind_stuck_7_days,2012
3264,US-ARM,US-A32,2012-05-23,2.33781405,3.8,3.8,-1.2825217878976045,1.2825217878976045,0.27413832642183694,1.1024723744099756,0.2037253087830058,0.18654659424214018,-0.029117210408494798,1.2825217878976045,1.1789934717900281,0.3007298572136124,2.5174782121023953,True,2.5174782121023953,True,3.8,False,2.5174782121023953,True,3.8,False,2.5174782121023953,True,3.8,False,2.8381086590767963,2.5226810144564666,True,True,0.75,0.995943302949574,3.1680297346501214,wind_stuck_7_days,2012
3265,US-ARM,US-A32,2012-06-08,2.29883137,2.3,2.3,-0.6973025853373638,0.6973025853373638,0.15360700473251768,0.4350069396626609,0.09605872211160998,0.11169888897867172,1.99792235835803e-05,-0.6949653253373638,1.1789934717900281,0.3007298572136124,1.602697414662636,True,1.602697414662636,True,1.602697414662636,True,1.602697414662636,True,1.602697414662636,True,1.602697414662636,True,1.602697414662636,True,1.777023060996977,1.7858753303076416,True,True,0.75,0.7373049813713487,1.602697414662636,wind_stuck_7_days,2012
3266,US-ARM,US-A32,2012-06-24,1.99579479,2.3,2.3,0.07317460238235254,0.07317460238235254,0.22766851840754662,0.7423963192235783,0.042923275020863856,0.03216380368065162,-0.058194170997987044,-0.07317460238235252,1.1789934717900281,0.3007298572136124,2.3731746023823526,True,2.3731746023823526,True,2.3731746023823526,True,2.3731746023823526,True,2.3731746023823526,True,2.3731746023823526,True,2.3,False,2.354880951786764,2.3731746023823526,True,True,0.75,1.0,2.587133519689652,wind_stuck_7_days,2012
3267,US-ARM,US-A32,2012-08-11,1.58121579,2.0,2.0,0.08737250023669554,0.08737250023669554,0.17202427867347528,0.4760176517768279,0.013359457676964295,0.012828141209458795,1.99792235835803e-05,-0.08737250023669552,1.1789934717900281,0.3007298572136124,2.0873725002366954,True,2.0873725002366954,True,2.0873725002366954,True,2.0873725002366954,True,2.0873725002366954,True,2.0873725002366954,True,2.0873725002366954,True,2.0655293751775217,2.0873725002366954,True,True,0.75,1.0,2.0873725002366954,wind_stuck_7_days,2012
3268,US-ARM,US-A32,2012-10-14,1.07367482,0.8,0.8,-0.013618270383120468,0.013618270383120468,0.10118325569309637,0.6561471534159915,0.010854425451989674,0.01246560186310196,-0.0033875547847031957,-0.013618270383120468,1.1789934717900281,0.3007298572136124,0.7863817296168796,True,0.7863817296168796,True,0.7863817296168796,True,0.7863817296168796,True,0.7863817296168796,True,0.7863817296168796,True,0.8,False,0.7897862972126597,0.7863817296168796,True,True,0.75,1.0,0.7863817296168796,wind_stuck_7_days,2012
3269,US-ARM,US-A32,2012-10-30,0.26978419,0.5,0.5,-0.23139411045174488,0.23139411045174488,0.08471075025659272,0.2828371570668843,0.035450169375104694,0.036439921131917304,-0.0014162647146922368,0.22903750954825516,1.1789934717900281,0.3007298572136124,0.26860588954825515,True,0.26860588954825515,True,0.26860588954825515,True,0.26860588954825515,True,0.26860588954825515,True,0.26860588954825515,True,0.5,False,0.32645441716119133,0.3243905861917793,True,True,0.75,0.7589191162445011,0.26860588954825515,wind_stuck_7_days,2012
3270,US-ARM,US-A32,2012-11-15,0.87911191,0.7,0.7,-0.1620360295356343,0.1620360295356343,0.06221724738026331,0.2672981339927813,0.03010211972209015,0.02805326786456187,-0.0014162647146922368,-0.16203602953563434,1.1789934717900281,0.3007298572136124,0.5379639704643656,True,0.5379639704643656,True,0.5379639704643656,True,0.5379639704643656,True,0.5379639704643656,True,0.5379639704643656,True,0.7,False,0.5784729778482742,0.5379639704643656,True,True,0.75,1.0,0.5379639704643656,wind_stuck_7_days,2012
3271,US-ARM,US-A32,2012-12-17,0.50608501,0.6,0.6,0.001153114014359638,0.001153114014359638,0.1237736960365497,0.3785209579037668,0.009077971366883736,0.009746290049568155,-0.0014162647146922368,-0.0011531140143596352,1.1789934717900281,0.3007298572136124,0.6011531140143597,True,0.6011531140143597,True,0.6011531140143597,True,0.6011531140143597,True,0.6011531140143597,True,0.6011531140143597,True,0.6,False,0.6008648355107697,0.6011531140143597,True,True,0.75,1.0,0.6011531140143597,wind_stuck_7_days,2012
5352,US-CMW,US-CMW,2012-01-01,0.25325169,1.1,1.1,-0.18211452372673237,0.18211452372673237,0.12844169270026787,0.533080016488673,0.03010211972209015,0.02805326786456187,0.010678358580813565,0.1821145237267323,1.1789934717900281,0.3007298572136124,0.9178854762732678,True,0.9178854762732678,True,0.9178854762732678,True,0.9178854762732678,True,0.9178854762732678,True,0.9178854762732678,True,0.9178854762732678,True,0.9634141072049508,0.9304911063940994,True,True,0.75,0.9307818516454694,0.9178854762732678,wind_stuck_7_days,2012
5353,US-CMW,US-CMW,2012-02-02,0.26464834,1.1,1.1,-0.7161790807513319,0.7161790807513319,0.058232254628588886,0.4886488970213742,0.11950330669892086,0.12909880406322904,0.010678358580813565,0.7161790807513319,1.1789934717900281,0.3007298572136124,0.38382091924866824,True,0.38382091924866824,True,0.38382091924866824,True,0.38382091924866824,True,0.38382091924866824,True,0.38382091924866824,True,0.38382091924866824,True,0.5628656894365012,0.5792155795547665,True,True,0.75,0.727170667843142,0.38382091924866824,wind_stuck_7_days,2012
5354,US-CMW,US-CMW,2012-02-18,1.34621116,1.7,1.7,-0.5679973957918887,0.5679973957918887,0.1336609783136436,0.34805594265095735,0.11842582755426015,0.11985568426302981,-0.0014162647146922368,0.1395802842081113,1.1789934717900281,0.3007298572136124,1.1320026042081113,True,1.1320026042081113,True,1.1320026042081113,True,1.1320026042081113,True,1.1320026042081113,True,1.1320026042081113,True,1.7,False,1.2740019531560836,1.2910770252186086,True,True,0.75,0.7199381155811121,1.1320026042081113,wind_stuck_7_days,2012
5355,US-CMW,US-CMW,2012-03-05,0.13113501,1.5,1.5,-0.9202460190642355,0.9202460190642355,0.2634137993462304,0.6563948398516317,0.19787190231020105,0.09285330807168932,-0.051570057992097254,0.9202460190642355,1.1789934717900281,0.3007298572136124,0.5797539809357645,True,0.5797539809357645,True,0.5797539809357645,True,0.5797539809357645,True,0.5797539809357645,True,0.5797539809357645,True,1.5,False,0.8098154857018234,0.967628517334978,True,True,0.75,0.5785099545514699,0.5797539809357645,wind_stuck_7_days,2012
5356,US-CMW,US-CMW,2012-03-21,0.74590765,1.7,1.7,-0.9140390566963508,0.9140390566963508,0.13376358226170273,0.47229145620922336,0.07494314810542892,0.09473313008130195,-0.048162523983810476,0.9140390566963508,1.1789934717900281,0.3007298572136124,0.7859609433036492,True,0.7859609433036492,True,0.7859609433036492,True,0.7859609433036492,True,0.7859609433036492,True,0.7859609433036492,True,1.7,False,1.0144707074777368,1.274921719909074,True,True,0.75,0.46505483215050347,0.7859609433036492,wind_stuck_7_days,2012
5357,US-CMW,US-CMW,2012-04-06,0.14963142,2.2,2.2,-1.1230092037754793,1.1230092037754793,0.18076055298155586,0.402092060854935,0.05971043804836984,-0.0004797466839232532,-0.12820529281952897,1.1230092037754793,1.1789934717900281,0.3007298572136124,1.0769907962245209,True,1.0769907962245209,True,1.0769907962245209,True,1.0769907962245209,True,1.0769907962245209,True,2.2,False,2.2,False,1.3577430971683908,1.47099054577063,True,True,0.75,0.6491571500736509,1.0769907962245209,wind_stuck_7_days,2012
5358,US-CMW,US-CMW,2012-04-22,0.25840889,1.9,1.9,-1.244742404056878,1.244742404056878,0.22630389866671705,0.6228697518930595,0.16000948616308205,0.1906389548474673,-0.20001249881153058,1.244742404056878,1.1789934717900281,0.3007298572136124,0.6552575959431219,True,0.6552575959431219,True,0.6552575959431219,True,0.6552575959431219,True,0.6552575959431219,True,0.6552575959431219,True,1.9,False,0.9664431969573415,1.4867806154918002,True,True,0.75,0.33197180650504926,0.6552575959431219,wind_stuck_7_days,2012
5359,US-CMW,US-CMW,2012-05-24,3.57107523,5.1,5.1,-1.9955001221301818,1.9955001221301818,0.4443554562133929,1.4667238750384075,0.8289071381109441,0.657952689422209,-0.13943053888933235,1.0623494178698176,1.1789934717900281,0.3007298572136124,3.104499877869818,True,5.1,False,5.1,False,3.104499877869818,True,5.1,False,3.104499877869818,True,5.1,False,3.603374908402363,3.172057929211351,True,True,0.75,0.9661448022015576,3.955823780594233,wind_stuck_7_days,2012
5360,US-CMW,US-CMW,2012-06-09,3.70103635,5.1,5.1,0.14108430459754087,0.14108430459754087,0.29782366643029007,0.8414071907378293,0.026570907887804147,0.008171656242799842,-0.003029634616365179,-0.14108430459754095,1.1789934717900281,0.3007298572136124,5.241084304597541,True,5.241084304597541,True,5.241084304597541,True,5.241084304597541,True,5.241084304597541,True,5.241084304597541,True,5.1,False,5.2058132284481555,5.222525622469136,True,True,0.75,0.8684567912685586,5.727498588784756,wind_stuck_7_days,2012
5361,US-CMW,US-CMW,2012-06-25,3.93443762,4.8,4.8,-0.4868262886074645,0.4868262886074645,0.17279783753103473,0.5036645365149529,0.09386108548551544,0.105190631695325,0.0474026919098751,0.4868262886074645,1.1789934717900281,0.3007298572136124,4.313173711392535,True,4.313173711392535,True,4.313173711392535,True,4.313173711392535,True,4.313173711392535,True,4.313173711392535,True,4.313173711392535,True,4.434880283544402,4.31530274347345,True,True,0.75,0.9956267109424096,4.313173711392535,wind_stuck_7_days,2012
5362,US-CMW,US-CMW,2012-07-27,5.54938384,5.6,5.6,-0.4891450539562417,0.4891450539562417,0.21629809292589774,0.5612627427678591,0.11035730214073561,0.10721147706040318,0.0474026919098751,-0.3879127339562423,1.1789934717900281,0.3007298572136124,5.110854946043758,True,5.110854946043758,True,5.110854946043758,True,5.110854946043758,True,5.110854946043758,True,5.110854946043758,True,5.110854946043758,True,5.2331412095328185,5.1129941187557995,True,True,0.75,0.9956267109424096,5.110854946043758,wind_stuck_7_days,2012
5363,US-CMW,US-CMW,2012-08-12,5.6393434,5.8,5.8,0.8328411863657165,0.8328411863657165,0.22283154972745686,0.7712313106278497,-0.004349827135793875,-0.008604211661759988,-0.0982795137026373,-0.8328411863657165,1.1789934717900281,0.3007298572136124,6.632841186365717,True,6.632841186365717,True,6.632841186365717,True,5.8,False,5.8,False,5.8,False,5.8,False,6.424630889774287,6.343013245750298,True,True,0.75,0.6520009512496074,6.632841186365717,wind_stuck_7_days,2012
5364,US-CMW,US-CMW,2012-08-28,3.75537475,5.1,5.1,-0.6074108441789946,0.6074108441789946,0.3213343185953875,0.8061465122568962,0.15929727020179868,0.10815408986713998,-0.014098798932710535,0.6074108441789946,1.1789934717900281,0.3007298572136124,4.492589155821005,True,5.1,False,4.492589155821005,True,4.492589155821005,True,4.492589155821005,True,4.492589155821005,True,5.1,False,4.644441866865754,4.787947576045408,True,True,0.75,0.5137419375124539,4.492589155821005,wind_stuck_7_days,2012
5365,US-CMW,US-CMW,2012-09-13,4.63904534,4.2,4.2,-0.638436963535171,0.638436963535171,0.15062591223386143,0.3945906725794975,0.1297917760792347,0.17272050844882214,0.0474026919098751,-0.638436963535171,1.1789934717900281,0.3007298572136124,3.561563036464829,True,3.561563036464829,True,3.561563036464829,True,3.561563036464829,True,3.561563036464829,True,3.561563036464829,True,3.561563036464829,True,3.721172277348622,3.747042413620286,True,True,0.75,0.7094789497644133,3.561563036464829,wind_stuck_7_days,2012
5366,US-CMW,US-CMW,2012-10-31,1.66185903,1.8,1.8,-0.5484121488886353,0.5484121488886353,0.2275254747859528,0.49772145313223454,0.11944617789907477,0.11985568426302981,0.010678358580813565,-0.27213020888863526,1.1789934717900281,0.3007298572136124,1.2515878511113647,True,1.2515878511113647,True,1.2515878511113647,True,1.2515878511113647,True,1.2515878511113647,True,1.2515878511113647,True,1.2515878511113647,True,1.3886908883335236,1.3691838653274206,True,True,0.75,0.7855700052335348,1.2515878511113647,wind_stuck_7_days,2012
5367,US-CMW,US-CMW,2012-11-16,0.10909828,1.8,1.8,-0.7522408251306666,0.7522408251306666,0.15045248786303278,0.49296811615488334,0.11950330669892086,0.12909880406322904,0.010678358580813565,0.7522408251306666,1.1789934717900281,0.3007298572136124,1.0477591748693333,True,1.0477591748693333,True,1.0477591748693333,True,1.0477591748693333,True,1.0477591748693333,True,1.0477591748693333,True,1.0477591748693333,True,1.235819381152,1.3121756195324223,True,True,0.75,0.6484949555653816,1.0477591748693333,wind_stuck_7_days,2012
5368,US-CMW,US-CMW,2012-12-02,0.15537682,1.0,1.0,-0.45915820720038597,0.45915820720038597,0.11320684625558228,0.45073918601017315,0.06437246674044356,0.06601946096663742,-0.0014162647146922368,0.45915820720038597,1.1789934717900281,0.3007298572136124,0.5408417927996141,True,0.5408417927996141,True,0.5408417927996141,True,0.5408417927996141,True,0.5408417927996141,True,0.5408417927996141,True,1.0,False,0.6556313445997105,0.7223659872254312,True,True,0.75,0.604658717672455,0.5408417927996141,wind_stuck_7_days,2012
5369,US-CMW,US-CMW,2012-12-18,0.76241958,1.2,1.2,-0.3076590447351893,0.3076590447351893,0.09117727737483922,0.3289095310790756,0.05887301865155036,0.06356744352569434,-0.0014162647146922368,0.3076590447351893,1.1789934717900281,0.3007298572136124,0.8923409552648107,True,0.8923409552648107,True,0.8923409552648107,True,0.8923409552648107,True,0.8923409552648107,True,0.8923409552648107,True,1.2,False,0.969255716448608,0.9166815127875318,True,True,0.75,0.9208846353154618,0.8923409552648107,wind_stuck_7_days,2012
5573,US-CRT,US-CRT,2012-03-28,4.60668346,2.2,2.2,0.516822111939653,0.516822111939653,0.2074157217949607,0.6395874843439397,0.06905858133922489,0.07742179543174459,0.0072708245725267885,0.516822111939653,1.1789934717900281,0.3007298572136124,2.716822111939653,True,2.716822111939653,True,2.716822111939653,True,2.716822111939653,True,2.716822111939653,True,2.716822111939653,True,2.716822111939653,True,2.58761658395474,2.6560572734075834,True,True,0.75,0.8824260086240954,2.716822111939653,wind_stuck_7_days,2012
5574,US-CRT,US-CRT,2012-06-09,2.93853064,1.0,1.0,0.38169599020798994,0.38169599020798994,0.21309122641462847,0.5237221027801351,0.03651042516757013,0.032795222640308964,1.99792235835803e-05,0.38169599020798994,1.1789934717900281,0.3007298572136124,1.38169599020799,True,1.38169599020799,True,1.38169599020799,True,1.38169599020799,True,1.38169599020799,True,1.38169599020799,True,1.38169599020799,True,1.2862719926559925,1.327633613595238,True,True,0.75,0.8583627336947062,1.38169599020799,wind_stuck_7_days,2012
5575,US-CRT,US-CRT,2012-08-12,5.91736259,5.1,5.1,1.0665315459136142,1.0665315459136142,0.06958386320743597,0.45878891039477676,-0.1141038181249754,-0.04648338664472049,0.10427946901453694,0.568193634086386,1.1789934717900281,0.3007298572136124,6.166531545913614,True,6.166531545913614,True,6.166531545913614,True,5.1,False,5.1,False,5.1,False,6.166531545913614,True,5.899898659435211,5.470149005107136,True,True,0.75,0.34705865618823234,6.166531545913614,wind_stuck_7_days,2012
5628,US-CZ3,US-CZ3,2012-02-03,0.35832217,1.5,1.5,-0.8244238632278572,0.8244238632278572,0.14185910359534426,0.484220431672482,0.11950330669892086,0.12909880406322904,-0.0014162647146922368,0.8244238632278572,1.1789934717900281,0.3007298572136124,0.6755761367721428,True,0.6755761367721428,True,0.6755761367721428,True,0.6755761367721428,True,0.6755761367721428,True,0.6755761367721428,True,1.5,False,0.8816821025791071,1.0480408425813137,True,True,0.75,0.548212124342369,0.6755761367721428,wind_stuck_7_days,2012
5629,US-CZ3,US-CZ3,2012-04-23,3.79136928,4.9,4.9,-1.7758004438282817,1.7758004438282817,0.19632795297264966,0.6563359809556393,1.0221006433359072,1.0922160415756026,0.10878120445385218,0.44146099617171886,1.1789934717900281,0.3007298572136124,3.1241995561717184,True,3.1241995561717184,True,3.1241995561717184,True,3.1241995561717184,True,3.1241995561717184,True,3.1241995561717184,True,3.1241995561717184,True,3.568149667128789,3.1241995561717184,True,True,0.75,1.0,3.1060715384315998,wind_stuck_7_days,2012
5630,US-CZ3,US-CZ3,2012-05-09,2.54660713,4.9,4.9,-0.7663476833373546,0.7663476833373546,0.22454643502787547,0.5952193414941365,0.12476773159460369,0.14083247485565373,0.0474026919098751,0.7663476833373546,1.1789934717900281,0.3007298572136124,4.133652316662646,True,4.133652316662646,True,4.133652316662646,True,4.133652316662646,True,4.133652316662646,True,4.133652316662646,True,4.133652316662646,True,4.325239237496985,4.387854896308579,True,True,0.75,0.6682934062788436,4.133652316662646,wind_stuck_7_days,2012
5631,US-CZ3,US-CZ3,2012-06-26,1.81521491,5.1,5.1,-2.05558572911255,2.05558572911255,0.20323167237195014,0.4521385073463574,1.0071100025738569,1.0065019967191302,-0.054161648206969115,2.05558572911255,1.1789934717900281,0.3007298572136124,3.0444142708874495,True,3.0444142708874495,True,3.0444142708874495,True,3.0444142708874495,True,3.0444142708874495,True,3.0444142708874495,True,5.1,False,3.558310703165587,3.1369501539688844,True,True,0.75,0.9549832041685826,3.0444142708874495,wind_stuck_7_days,2012
5632,US-CZ3,US-CZ3,2012-07-28,2.12328379,4.3,4.3,-2.041234088068396,2.041234088068396,0.16808432034644782,0.44996752131441226,0.8346437965399461,0.8832960112679972,-0.054161648206969115,2.041234088068396,1.1789934717900281,0.3007298572136124,2.258765911931604,True,2.258765911931604,True,2.258765911931604,True,2.258765911931604,True,2.258765911931604,True,2.258765911931604,True,4.3,False,2.769074433948703,2.3430632032470537,True,True,0.75,0.9587027809264052,2.258765911931604,wind_stuck_7_days,2012
5633,US-CZ3,US-CZ3,2012-09-14,1.08139144,3.6,3.6,-1.4580052001591954,1.4580052001591954,0.22160286541639707,0.48758002538119893,-0.059035756423340545,-0.22953857124736668,0.12865787301532408,1.4580052001591954,1.1789934717900281,0.3007298572136124,2.1419947998408047,True,2.1419947998408047,True,2.1419947998408047,True,3.6,False,3.6,False,3.6,False,2.1419947998408047,True,2.5064960998806036,3.0231373932665635,True,True,0.75,0.3956519542388809,2.1419947998408047,wind_stuck_7_days,2012
5634,US-CZ3,US-CZ3,2012-09-30,1.2022453,2.9,2.9,-0.8468875049752228,0.8468875049752228,0.2300229292424416,0.47638535615981636,0.12682177249222137,0.1732072237962276,1.99792235835803e-05,0.8468875049752228,1.1789934717900281,0.3007298572136124,2.053112495024777,True,2.053112495024777,True,2.053112495024777,True,2.053112495024777,True,2.053112495024777,True,2.053112495024777,True,2.053112495024777,True,2.2648343712685826,2.2768886605108816,True,True,0.75,0.7357663630984241,2.053112495024777,wind_stuck_7_days,2012
5635,US-CZ3,US-CZ3,2012-10-16,0.55215134,2.2,2.2,-0.8199772960516605,0.8199772960516605,0.10131277915970024,0.44380282751592154,0.10882349659003923,0.12909880406322904,-0.0014162647146922368,0.8199772960516605,1.1789934717900281,0.3007298572136124,1.3800227039483397,True,1.3800227039483397,True,1.3800227039483397,True,1.3800227039483397,True,1.3800227039483397,True,1.3800227039483397,True,2.2,False,1.5850170279612548,1.7504785046190077,True,True,0.75,0.548212124342369,1.3800227039483397,wind_stuck_7_days,2012
5801,US-Ced,US-Ced,2012-01-07,0.71440984,0.7,0.7,0.1672297892189456,0.1672297892189456,0.2368708731715955,0.430363286431729,0.004088588607981745,0.009746290049568155,-0.0014162647146922368,-0.1384101092189456,1.1789934717900281,0.3007298572136124,0.8672297892189456,True,0.8672297892189456,True,0.8672297892189456,True,0.8672297892189456,True,0.8672297892189456,True,0.8672297892189456,True,0.7,False,0.8254223419142092,0.8672297892189456,True,True,0.75,1.0,0.8672297892189456,wind_stuck_7_days,2012
5802,US-Ced,US-Ced,2012-01-14,0.18690699,0.7,0.7,-0.17889885968815367,0.17889885968815367,0.20032993393551723,1.0496523376449787,0.007457942402888255,0.0040545335474087354,-0.06580399284849499,0.17889885968815367,1.1789934717900281,0.3007298572136124,0.5211011403118463,True,0.5211011403118463,True,0.7,False,0.5211011403118463,True,0.7,False,0.5211011403118463,True,0.7,False,0.5658258552338847,0.6380695797123744,True,True,0.75,0.3461756010942671,0.5105920543305722,wind_stuck_7_days,2012
5803,US-Ced,US-Ced,2012-04-03,1.9416183,3.2,3.2,-0.8106350555973192,0.8106350555973192,0.21689687610825842,0.5057272250500077,0.12682177249222137,0.1632084622762028,1.99792235835803e-05,0.8106350555973192,1.1789934717900281,0.3007298572136124,2.389364944402681,True,2.389364944402681,True,2.389364944402681,True,2.389364944402681,True,2.389364944402681,True,2.389364944402681,True,2.389364944402681,True,2.592023708302011,2.7458302425099435,True,True,0.75,0.560264146429493,2.389364944402681,wind_stuck_7_days,2012
5804,US-Ced,US-Ced,2012-04-19,1.31155558,3.0,3.0,-0.3122131094800961,0.3122131094800961,0.19002125494332947,0.5690950795651639,0.06431533794059749,0.06601946096663742,-0.0014162647146922368,0.3122131094800962,1.1789934717900281,0.3007298572136124,2.687786890519904,True,2.687786890519904,True,2.687786890519904,True,2.687786890519904,True,2.687786890519904,True,2.687786890519904,True,3.0,False,2.765840167889928,2.69837880420764,True,True,0.75,0.9660747311175558,2.687786890519904,wind_stuck_7_days,2012
5805,US-Ced,US-Ced,2012-06-15,4.34456,5.5,5.5,-0.6658654627457753,0.6658654627457753,0.2512485172512543,0.5487832072393011,0.1759904524966678,0.10413668550939104,0.0474026919098751,0.6658654627457753,1.1789934717900281,0.3007298572136124,4.834134537254225,True,4.834134537254225,True,4.834134537254225,True,4.834134537254225,True,4.834134537254225,True,4.834134537254225,True,4.834134537254225,True,5.000600902940668,5.044159287007736,True,True,0.75,0.6845838063331142,4.834134537254225,wind_stuck_7_days,2012
5806,US-Ced,US-Ced,2012-07-17,5.35682817,6.8,6.8,-0.8403275041000505,0.8403275041000505,0.18751477513058964,0.6763082879853709,0.11804766666577357,0.16706398667378164,0.05707308659695395,0.8403275041000505,1.1789934717900281,0.3007298572136124,5.959672495899949,True,5.959672495899949,True,5.959672495899949,True,5.959672495899949,True,5.959672495899949,True,5.959672495899949,True,5.959672495899949,True,6.169754371924962,5.959672495899949,True,True,0.75,1.0,5.959672495899949,wind_stuck_7_days,2012
5807,US-Ced,US-Ced,2012-07-24,5.36917263,6.8,6.8,-0.4699013361163621,0.4699013361163621,0.11280319856100812,0.6489870189444793,0.13130829462114912,0.06348346085788935,0.06225480234989144,0.4699013361163621,1.1789934717900281,0.3007298572136124,6.330098663883637,True,6.330098663883637,True,6.330098663883637,True,6.330098663883637,True,6.330098663883637,True,6.330098663883637,True,6.330098663883637,True,6.447573997912729,6.386649656601679,True,True,0.75,0.8796534753754399,6.330098663883637,wind_stuck_7_days,2012
5808,US-Ced,US-Ced,2012-09-10,4.41268883,4.1,4.1,-0.6600788632276962,0.6600788632276962,0.15600186264442747,0.6695790468705497,0.11950330669892086,0.13045666216968155,0.03881344214865083,-0.6600788632276962,1.1789934717900281,0.3007298572136124,3.4399211367723037,True,3.4399211367723037,True,3.4399211367723037,True,3.4399211367723037,True,3.4399211367723037,True,3.4399211367723037,True,3.4399211367723037,True,3.6049408525792277,3.6569078624206486,True,True,0.75,0.6712715135471701,3.4399211367723037,wind_stuck_7_days,2012
5809,US-Ced,US-Ced,2012-09-19,3.78073819,3.4,3.4,0.010270269334844012,0.010270269334844012,0.3244470966659837,0.914001863351013,-0.02181031460507211,-0.01425244426758498,-0.013529583684980286,0.010270269334843984,1.1789934717900281,0.3007298572136124,3.410270269334844,True,3.4,False,3.410270269334844,True,3.4,False,3.4,False,3.4,False,3.4,False,3.407702702001133,3.410270269334844,True,True,0.75,1.0,3.410270269334844,wind_stuck_7_days,2012
5810,US-Ced,US-Ced,2012-10-05,1.65203027,2.9,2.9,-0.5344774390770253,0.5344774390770253,0.12143664829828694,0.4935021929578752,0.11950330669892086,0.11985568426302981,-0.0014162647146922368,0.5344774390770253,1.1789934717900281,0.3007298572136124,2.3655225609229746,True,2.3655225609229746,True,2.3655225609229746,True,2.3655225609229746,True,2.3655225609229746,True,2.3655225609229746,True,2.9,False,2.4991419206922307,2.4628308075836696,True,True,0.75,0.817937597462048,2.3655225609229746,wind_stuck_7_days,2012
5811,US-Ced,US-Ced,2012-10-21,2.34534198,1.6,1.6,-0.3432178987781036,0.3432178987781036,0.08929047712985533,0.3726383429164075,0.06437246674044356,0.06601946096663742,-0.0014162647146922368,-0.3432178987781036,1.1789934717900281,0.3007298572136124,1.2567821012218965,True,1.2567821012218965,True,1.2567821012218965,True,1.2567821012218965,True,1.2567821012218965,True,1.2567821012218965,True,1.6,False,1.3425865759164224,1.330582220973088,True,True,0.75,0.7849759001091476,1.2567821012218965,wind_stuck_7_days,2012
6770,US-GLE,US-GLE,2012-06-09,2.92938466,5.3,5.3,-1.8372324593937452,1.8372324593937452,0.2972733589433758,0.9973347596882247,0.42614228246267233,0.24285128729994843,-0.11048142329661723,1.8372324593937452,1.1789934717900281,0.3007298572136124,3.4627675406062544,True,3.4627675406062544,True,5.3,False,3.4627675406062544,True,5.3,False,3.4627675406062544,True,5.3,False,3.922075655454691,3.4627675406062544,True,True,0.75,1.0,3.4627675406062544,wind_stuck_7_days,2012
6771,US-GLE,US-GLE,2012-06-18,2.52691235,4.3,4.3,-1.2689231306277255,1.2689231306277255,0.2502707236849223,0.9719237798719826,0.15844009071131573,0.24362653713037752,-0.029117210408494798,1.2689231306277255,1.1789934717900281,0.3007298572136124,3.0310768693722743,True,3.0310768693722743,True,4.3,False,3.0310768693722743,True,4.3,False,3.0310768693722743,True,4.3,False,3.348307652029206,3.1592336296283463,True,True,0.75,0.8990035273510429,3.0310768693722743,wind_stuck_7_days,2012
6772,US-GLE,US-GLE,2012-06-25,2.5206161,4.2,4.2,-0.9038683977037237,0.9038683977037237,0.27792751431316615,0.5669940401958679,0.198635054878367,0.1358299078387385,0.05222487987369056,0.9038683977037237,1.1789934717900281,0.3007298572136124,3.2961316022962763,True,3.2961316022962763,True,3.2961316022962763,True,3.2961316022962763,True,3.2961316022962763,True,3.2961316022962763,True,3.2961316022962763,True,3.522098701722207,3.6523061432559167,True,True,0.75,0.605944248228502,3.2961316022962763,wind_stuck_7_days,2012
6773,US-GLE,US-GLE,2012-07-11,3.32142081,5.2,5.2,-1.6655446254182653,1.6655446254182653,0.1340518489306884,0.46232209190781004,0.5698904283213441,0.6699010612819237,-0.054161648206969115,1.6655446254182653,1.1789934717900281,0.3007298572136124,3.534455374581735,True,3.534455374581735,True,3.534455374581735,True,3.534455374581735,True,3.534455374581735,True,3.534455374581735,True,5.2,False,3.950841530936301,4.250051361336012,True,True,0.75,0.5703531590607664,3.534455374581735,wind_stuck_7_days,2012
6774,US-GLE,US-GLE,2012-08-05,2.66152439,4.9,4.9,-1.7252842293219834,1.7252842293219834,0.21726113285891285,0.5308057351512487,0.7942182807800132,0.7497524002734841,-0.054161648206969115,1.7252842293219834,1.1789934717900281,0.3007298572136124,3.174715770678017,True,3.174715770678017,True,3.174715770678017,True,3.174715770678017,True,3.174715770678017,True,3.174715770678017,True,4.9,False,3.606036828008513,3.5115053544815424,True,True,0.75,0.8047918261352915,3.174715770678017,wind_stuck_7_days,2012
6775,US-GLE,US-GLE,2012-08-12,2.65774237,4.6,4.6,-1.6864062691211008,1.6864062691211008,0.16134427465794793,0.5344454668125806,0.9641233323121345,1.0567470231827596,-0.054161648206969115,1.6864062691211008,1.1789934717900281,0.3007298572136124,2.913593730878899,True,2.913593730878899,True,2.913593730878899,True,2.913593730878899,True,2.913593730878899,True,2.913593730878899,True,4.6,False,3.335195298159174,2.913593730878899,True,True,0.75,1.0,2.913593730878899,wind_stuck_7_days,2012
6776,US-GLE,US-GLE,2012-08-28,1.87399562,3.1,3.1,-0.894349035754875,0.894349035754875,0.1117110969247059,0.38245821547526765,0.10882349659003923,0.1643484424050632,-0.00687785894329437,0.894349035754875,1.1789934717900281,0.3007298572136124,2.205650964245125,True,2.205650964245125,True,2.205650964245125,True,2.205650964245125,True,2.205650964245125,True,2.205650964245125,True,3.1,False,2.4292382231838436,2.6725073096099425,True,True,0.75,0.47799312494280555,2.205650964245125,wind_stuck_7_days,2012
6777,US-GLE,US-GLE,2012-09-06,1.29629615,2.8,2.8,-0.8536856900904001,0.8536856900904001,0.20992226253562205,0.5929066120460766,0.12682177249222137,0.145677750462845,-0.00687785894329437,0.8536856900904001,1.1789934717900281,0.3007298572136124,1.9463143099095999,True,1.9463143099095999,True,1.9463143099095999,True,1.9463143099095999,True,1.9463143099095999,True,1.9463143099095999,True,2.8,False,2.1597357324321997,2.242438421720106,True,True,0.75,0.6531227883424541,1.9463143099095999,wind_stuck_7_days,2012
6778,US-GLE,US-GLE,2012-09-13,0.9651363,2.5,2.5,-0.7539823204943847,0.7539823204943847,0.15450610462022202,0.504766320258281,0.11950330669892086,0.12909880406322904,-0.0014162647146922368,0.7539823204943847,1.1789934717900281,0.3007298572136124,1.7460176795056153,True,1.7460176795056153,True,1.7460176795056153,True,1.7460176795056153,True,1.7460176795056153,True,1.7460176795056153,True,2.5,False,1.9345132596292114,2.0110462685739106,True,True,0.75,0.6484949555653816,1.7460176795056153,wind_stuck_7_days,2012
6779,US-GLE,US-GLE,2012-09-22,0.90091967,2.0,2.0,-0.4167968916721301,0.4167968916721301,0.1907643223509369,0.5551306793522904,0.06431533794059749,0.06601946096663742,-0.0014162647146922368,0.4167968916721301,1.1789934717900281,0.3007298572136124,1.58320310832787,True,1.58320310832787,True,1.58320310832787,True,1.58320310832787,True,1.58320310832787,True,1.58320310832787,True,2.0,False,1.6874023312459023,1.6889151605717578,True,True,0.75,0.7463703440306714,1.58320310832787,wind_stuck_7_days,2012
6780,US-GLE,US-GLE,2012-09-29,1.87658058,2.6,2.6,-0.9617298817828754,0.9617298817828754,0.11444619172614354,0.46947238797210566,-0.010110421119637617,0.09712507823188002,-0.0495987679220863,0.48510895821712485,1.1789934717900281,0.3007298572136124,1.6382701182171246,True,1.6382701182171246,True,1.6382701182171246,True,2.6,False,2.6,False,1.6382701182171246,True,2.6,False,1.8787025886628435,2.1955964410256934,True,True,0.75,0.42049599023024503,1.6382701182171246,wind_stuck_7_days,2012
6781,US-GLE,US-GLE,2012-10-08,0.44341553,1.5,1.5,-0.5109807810631104,0.5109807810631104,0.2225382013426246,0.763726622480938,0.04769428127752239,0.09654034042523775,-0.06091229637127174,0.5109807810631104,1.1789934717900281,0.3007298572136124,0.9890192189368896,True,0.9890192189368896,True,0.9890192189368896,True,0.9890192189368896,True,0.9890192189368896,True,0.9890192189368896,True,1.5,False,1.1167644142026671,1.0725589514186118,True,True,0.75,0.8365110086764609,0.9890192189368896,wind_stuck_7_days,2012
6782,US-GLE,US-GLE,2012-10-15,1.13425731,2.8,2.8,-1.2789268335773982,1.2789268335773982,0.18431410221254307,0.5949359235040091,-0.10888601413862571,-0.1454476143118523,-0.08060214568203058,1.2789268335773982,1.1789934717900281,0.3007298572136124,1.5210731664226016,True,1.5210731664226016,True,1.5210731664226016,True,2.8,False,2.8,False,2.8,False,2.8,False,1.8408048748169512,2.122990388063701,True,True,0.75,0.5293575786838218,1.5210731664226016,wind_stuck_7_days,2012
7092,US-IB1,US-IB1,2012-04-02,3.76256066,2.6,2.6,0.37379321403304466,0.37379321403304466,0.24322998939565701,0.7798656698730639,0.020795804356584263,-0.0012284840497541576,-0.06260188438715439,0.37379321403304466,1.1789934717900281,0.3007298572136124,2.9737932140330448,True,2.9737932140330448,True,2.9737932140330448,True,2.9737932140330448,True,2.9737932140330448,True,2.6,False,2.6,False,2.8803449105247836,2.927151803739742,True,True,0.75,0.8752213562411559,2.9737932140330448,wind_stuck_7_days,2012
7093,US-IB1,US-IB1,2012-08-24,6.40004503,6.3,6.3,0.29885492927307766,0.29885492927307766,0.23371925365884214,0.7220216656150376,-0.004997380606910346,-0.03471742508387597,0.00860231247198353,-0.09876486927307682,1.1789934717900281,0.3007298572136124,6.598854929273077,True,6.598854929273077,True,6.598854929273077,True,6.3,False,6.3,False,6.3,False,6.598854929273077,True,6.524141196954808,6.4363359626293795,True,True,0.75,0.4561944584986341,6.598854929273077,wind_stuck_7_days,2012
7094,US-IB1,US-IB1,2012-10-11,1.23167896,2.1,2.1,-0.8952365170699578,0.8952365170699578,0.13286748220564942,0.5977249783911336,0.11950330669892086,0.12024002267206459,-0.03126315182433591,0.8414055629300424,1.1789934717900281,0.3007298572136124,1.2047634829300424,True,1.2047634829300424,True,1.2047634829300424,True,1.2047634829300424,True,1.2047634829300424,True,1.2047634829300424,True,2.1,False,1.4285726121975317,1.6715222707899806,True,True,0.75,0.4786195838083048,1.2047634829300424,wind_stuck_7_days,2012
7095,US-IB1,US-IB1,2012-10-27,0.97085169,1.5,1.5,-0.32679337013549936,0.32679337013549936,0.12408427073546004,0.4333296254248368,0.06437246674044356,0.06601946096663742,-0.0014162647146922368,0.32679337013549936,1.1789934717900281,0.3007298572136124,1.1732066298645005,True,1.1732066298645005,True,1.1732066298645005,True,1.1732066298645005,True,1.1732066298645005,True,1.1732066298645005,True,1.5,False,1.2549049723983754,1.2265573638821912,True,True,0.75,0.8367447479256709,1.1732066298645005,wind_stuck_7_days,2012
7096,US-IB1,US-IB1,2012-11-28,0.63252931,0.3,0.3,0.10408884253349786,0.10408884253349786,0.10573385172892584,0.34114150199090704,0.012307878941149812,0.008192474857807512,-0.0014162647146922368,0.10408884253349787,1.1789934717900281,0.3007298572136124,0.40408884253349786,True,0.40408884253349786,True,0.40408884253349786,True,0.40408884253349786,True,0.40408884253349786,True,0.40408884253349786,True,0.3,False,0.37806663190012335,0.40408884253349786,True,True,0.75,1.0,0.40408884253349786,wind_stuck_7_days,2012
7097,US-IB1,US-IB1,2012-12-14,0.48695012,0.2,0.2,0.1941317001494376,0.1941317001494376,0.10366415957414755,0.2649350133729433,0.012307878941149812,0.012855870224370304,-0.0014162647146922368,0.1941317001494376,1.1789934717900281,0.3007298572136124,0.3941317001494376,True,0.3941317001494376,True,0.3941317001494376,True,0.3941317001494376,True,0.3941317001494376,True,0.3941317001494376,True,0.2,False,0.3455987751120782,0.3605169895818074,True,True,0.75,0.8268458446417846,0.3941317001494376,wind_stuck_7_days,2012
7204,US-IB2,US-IB1,2012-04-02,2.95190533,2.2,2.2,0.6047150540091522,0.6047150540091522,0.21725576896482365,0.7141793551003673,0.04325363655861847,0.023520249846275224,-0.20149310826058875,0.6047150540091522,1.1789934717900281,0.3007298572136124,2.8047150540091526,True,2.8047150540091526,True,2.8047150540091526,True,2.8047150540091526,True,2.8047150540091526,True,2.8047150540091526,True,2.2,False,2.6535362905068642,2.564206899582318,True,True,0.75,0.6022785395661834,2.8047150540091526,wind_stuck_7_days,2012
7205,US-IB2,US-IB1,2012-06-05,5.8979318,4.5,4.5,-0.7712169570719173,0.7712169570719173,0.20386663861994256,0.4228100202093817,0.10915566752666614,0.12379316363995937,0.0474026919098751,-0.7712169570719172,1.1789934717900281,0.3007298572136124,3.728783042928083,True,3.728783042928083,True,3.728783042928083,True,3.728783042928083,True,3.728783042928083,True,3.728783042928083,True,3.728783042928083,True,3.921587282196062,4.005170505139409,True,True,0.75,0.6416216478684698,3.728783042928083,wind_stuck_7_days,2012
7206,US-IB2,US-IB1,2012-10-11,1.26936501,1.7,1.7,-0.6600459907440723,0.6600459907440723,0.20430364125157666,0.6361394617302757,0.12682177249222137,0.13758640393713015,-0.0033875547847031957,0.20122398925592755,1.1789934717900281,0.3007298572136124,1.0399540092559276,True,1.0399540092559276,True,1.0399540092559276,True,1.0399540092559276,True,1.0399540092559276,True,1.0399540092559276,True,1.7,False,1.2049655069419458,1.2526847237203955,True,True,0.75,0.6777031942506676,1.0399540092559276,wind_stuck_7_days,2012
7207,US-IB2,US-IB1,2012-10-27,0.83284075,0.9,0.9,0.12272357687477256,0.12272357687477256,0.15249124086940044,0.33154990732082096,0.009077971366883736,0.009746290049568155,-0.0014162647146922368,-0.12272357687477256,1.1789934717900281,0.3007298572136124,1.0227235768747727,True,1.0227235768747727,True,1.0227235768747727,True,1.0227235768747727,True,1.0227235768747727,True,1.0227235768747727,True,0.9,False,0.9920426826560794,1.0227235768747727,True,True,0.75,1.0,1.0227235768747727,wind_stuck_7_days,2012
7208,US-IB2,US-IB1,2012-11-12,1.18577924,0.5,0.5,0.5726982750521229,0.5726982750521229,0.1641838157366544,0.5186507757605252,0.06474942853338497,0.030910510130665533,-0.10217442331962993,0.5726982750521229,1.1789934717900281,0.3007298572136124,1.0726982750521228,True,1.0726982750521228,True,1.0726982750521228,True,1.0726982750521228,True,1.0726982750521228,True,1.0726982750521228,True,0.5,False,0.9295237062890922,0.9170402424381665,True,True,0.75,0.7282023721831719,1.0726982750521228,wind_stuck_7_days,2012
7209,US-IB2,US-IB1,2012-11-28,0.1929859,0.5,0.5,-0.0320748681817643,0.0320748681817643,0.12457858921607937,0.35915868363586184,0.012307878941149812,0.008192474857807512,-0.0014162647146922368,0.032074868181764304,1.1789934717900281,0.3007298572136124,0.4679251318182357,True,0.4679251318182357,True,0.4679251318182357,True,0.4679251318182357,True,0.4679251318182357,True,0.4679251318182357,True,0.5,False,0.4759438488636768,0.4679251318182357,True,True,0.75,1.0,0.4679251318182357,wind_stuck_7_days,2012
7210,US-IB2,US-IB1,2012-12-14,0.29533122,0.4,0.4,0.09116805707929201,0.09116805707929201,0.10696955303488354,0.2557061123164059,0.012307878941149812,0.012855870224370304,-0.0014162647146922368,-0.09116805707929201,1.1789934717900281,0.3007298572136124,0.491168057079292,True,0.491168057079292,True,0.491168057079292,True,0.491168057079292,True,0.491168057079292,True,0.491168057079292,True,0.4,False,0.46837604280946904,0.491168057079292,True,True,0.75,1.0,0.491168057079292,wind_stuck_7_days,2012
7277,US-Jo2,US-Jo2,2012-01-03,0.41981835,0.2,0.2,-0.014888133435508188,0.014888133435508188,0.1658346049034103,0.4352749848238783,0.012307878941149812,0.012855870224370304,-0.0014162647146922368,-0.014888133435508183,1.1789934717900281,0.3007298572136124,0.18511186656449183,True,0.18511186656449183,True,0.18511186656449183,True,0.18511186656449183,True,0.18511186656449183,True,0.18511186656449183,True,0.2,False,0.18883389992336888,0.18511186656449183,True,True,0.75,1.0,0.18511186656449183,wind_stuck_7_days,2012
7278,US-Jo2,US-Jo2,2012-01-19,0.51295529,0.4,0.4,-0.15348793030436617,0.15348793030436617,0.10909364413996647,0.30923753018198025,0.03207014557088648,0.028786296141257797,-0.0014162647146922368,-0.15348793030436614,1.1789934717900281,0.3007298572136124,0.24651206969563386,True,0.24651206969563386,True,0.24651206969563386,True,0.24651206969563386,True,0.24651206969563386,True,0.24651206969563386,True,0.4,False,0.2848840522717254,0.24651206969563386,True,True,0.75,1.0,0.24651206969563386,wind_stuck_7_days,2012
7279,US-Jo2,US-Jo2,2012-02-04,0.21465292,0.6,0.6,-0.195591999146912,0.195591999146912,0.07834449960304266,0.2913375175378364,0.033482143526308385,0.03461764520794915,-0.0014162647146922368,0.195591999146912,1.1789934717900281,0.3007298572136124,0.404408000853088,True,0.404408000853088,True,0.404408000853088,True,0.404408000853088,True,0.404408000853088,True,0.404408000853088,True,0.6,False,0.45330600063981596,0.4382755682601963,True,True,0.75,0.8268458446417846,0.404408000853088,wind_stuck_7_days,2012
7280,US-Jo2,US-Jo2,2012-02-20,0.48431865,0.3,0.3,-0.04002553356050746,0.04002553356050746,0.1407492167433437,0.3719047982475324,0.012307878941149812,0.012855870224370304,-0.0014162647146922368,-0.040025533560507476,1.1789934717900281,0.3007298572136124,0.2599744664394925,True,0.2599744664394925,True,0.2599744664394925,True,0.2599744664394925,True,0.2599744664394925,True,0.2599744664394925,True,0.3,False,0.2699808498296194,0.2599744664394925,True,True,0.75,1.0,0.2599744664394925,wind_stuck_7_days,2012
7281,US-Jo2,US-Jo2,2012-03-07,0.30991922,0.4,0.4,-0.4070871094403167,0.4070871094403167,0.10478839011668238,0.6295941147453862,0.07607539191882205,0.08380460910090476,-0.0033875547847031957,-0.22692554944031662,1.1789934717900281,0.3007298572136124,-0.007087109440316652,True,-0.007087109440316652,True,-0.007087109440316652,True,-0.007087109440316652,True,-0.007087109440316652,True,-0.007087109440316652,True,0.4,False,0.09468466791976249,0.024931158372007378,True,True,0.75,0.9213478710825692,-0.007087109440316652,wind_stuck_7_days,2012
7282,US-Jo2,US-Jo2,2012-03-23,0.7751856,0.0,0.0,0.38229425154217755,0.38229425154217755,0.1685738335344521,0.3397406749230524,0.1071187547409452,0.1209890181127156,1.99792235835803e-05,0.38229425154217755,1.1789934717900281,0.3007298572136124,0.38229425154217755,True,0.38229425154217755,True,0.38229425154217755,True,0.38229425154217755,True,0.38229425154217755,True,0.38229425154217755,True,0.38229425154217755,True,0.28672068865663314,0.38229425154217755,True,True,0.75,1.0,0.38229425154217755,wind_stuck_7_days,2012
7283,US-Jo2,US-Jo2,2012-04-08,0.54999167,0.3,0.3,0.3315244389716375,0.3315244389716375,0.13397937800756018,0.4205359961286198,0.06353106904586422,0.09112947029293067,1.99792235835803e-05,0.16845890102836258,1.1789934717900281,0.3007298572136124,0.6315244389716375,True,0.6315244389716375,True,0.6315244389716375,True,0.6315244389716375,True,0.6315244389716375,True,0.6315244389716375,True,0.6315244389716375,True,0.5486433292287282,0.6315244389716375,True,True,0.75,1.0,0.6315244389716375,wind_stuck_7_days,2012
7284,US-Jo2,US-Jo2,2012-04-24,1.02175606,0.1,0.1,0.2524349896008146,0.2524349896008146,0.11895473121661138,0.50833452615069,0.038694170471825204,0.04208233137694747,1.99792235835803e-05,0.25243498960081456,1.1789934717900281,0.3007298572136124,0.35243498960081465,True,0.35243498960081465,True,0.35243498960081465,True,0.35243498960081465,True,0.35243498960081465,True,0.35243498960081465,True,0.35243498960081465,True,0.289326242200611,0.3200287973273205,True,True,0.75,0.8716255922970928,0.35243498960081465,wind_stuck_7_days,2012
7285,US-Jo2,US-Jo2,2012-05-26,0.67064261,0.1,0.1,0.4186766969365466,0.4186766969365466,0.16092290369670598,0.4280722730335781,0.13412935721334276,0.13434040076798642,1.99792235835803e-05,0.4186766969365466,1.1789934717900281,0.3007298572136124,0.5186766969365466,True,0.5186766969365466,True,0.5186766969365466,True,0.5186766969365466,True,0.5186766969365466,True,0.5186766969365466,True,0.5186766969365466,True,0.4140075227024099,0.4681288703220968,True,True,0.75,0.8792676378114481,0.5186766969365466,wind_stuck_7_days,2012
7286,US-Jo2,US-Jo2,2012-06-11,0.39185741,0.1,0.1,0.4330868425476536,0.4330868425476536,0.218751771465537,0.2729559877104841,0.12913997445444078,0.13434040076798642,1.99792235835803e-05,0.15062797745234635,1.1789934717900281,0.3007298572136124,0.5330868425476536,True,0.5330868425476536,True,0.5330868425476536,True,0.5330868425476536,True,0.5330868425476536,True,0.5330868425476536,True,0.5330868425476536,True,0.42481513191074016,0.4607085127206312,True,True,0.75,0.8328780218737343,0.5330868425476536,wind_stuck_7_days,2012
7287,US-Jo2,US-Jo2,2012-06-27,0.35750782,0.0,0.0,0.2758323237140983,0.2758323237140983,0.24035253256145886,0.36061864273771127,0.06002894561477231,0.0637618646319951,1.99792235835803e-05,0.2758323237140983,1.1789934717900281,0.3007298572136124,0.2758323237140983,True,0.2758323237140983,True,0.2758323237140983,True,0.2758323237140983,True,0.2758323237140983,True,0.2758323237140983,True,0.2758323237140983,True,0.20687424278557376,0.19563468972220435,True,True,0.75,0.7092522264539988,0.2420831977908787,wind_stuck_7_days,2012
7288,US-Jo2,US-Jo2,2012-07-29,1.03772798,0.3,0.3,0.2943160351970511,0.2943160351970511,0.1641336113376997,0.45008536562090173,0.03518508410368716,0.03616870710927409,1.99792235835803e-05,0.2943160351970511,1.1789934717900281,0.3007298572136124,0.5943160351970511,True,0.5943160351970511,True,0.5943160351970511,True,0.5943160351970511,True,0.5943160351970511,True,0.5943160351970511,True,0.5943160351970511,True,0.5207370263977883,0.5763396983373886,True,True,0.75,0.938921653223458,0.5943160351970511,wind_stuck_7_days,2012
7289,US-Jo2,US-Jo2,2012-08-30,0.52121539,0.5,0.5,0.07532626963345934,0.07532626963345934,0.1602478608790771,0.4328759976015414,0.025389834008693782,0.020639137443859687,1.99792235835803e-05,-0.03289548963345945,1.1789934717900281,0.3007298572136124,0.5753262696334593,True,0.5753262696334593,True,0.5753262696334593,True,0.5753262696334593,True,0.5753262696334593,True,0.5753262696334593,True,0.5753262696334593,True,0.5564947022250946,0.5753262696334593,True,True,0.75,1.0,0.5753262696334593,wind_stuck_7_days,2012
7290,US-Jo2,US-Jo2,2012-09-15,0.99435874,0.6,0.6,0.0013376740300675622,0.0013376740300675622,0.19532866394590218,0.4463388496568588,0.004088588607981745,0.009746290049568155,-0.0014162647146922368,0.0013376740300675705,1.1789934717900281,0.3007298572136124,0.6013376740300675,True,0.6013376740300675,True,0.6013376740300675,True,0.6013376740300675,True,0.6013376740300675,True,0.6013376740300675,True,0.6,False,0.6010032555225506,0.6013376740300675,True,True,0.75,1.0,0.6013376740300675,wind_stuck_7_days,2012
7291,US-Jo2,US-Jo2,2012-10-01,1.18179678,0.3,0.3,0.079715009416147,0.079715009416147,0.15501239470904923,0.37249711795326085,0.025389834008693782,0.026686603274853282,1.99792235835803e-05,0.07971500941614695,1.1789934717900281,0.3007298572136124,0.379715009416147,True,0.379715009416147,True,0.379715009416147,True,0.379715009416147,True,0.379715009416147,True,0.379715009416147,True,0.379715009416147,True,0.3597862570621102,0.379715009416147,True,True,0.75,1.0,0.379715009416147,wind_stuck_7_days,2012
7292,US-Jo2,US-Jo2,2012-10-17,0.33788765,0.2,0.2,-0.03216529665445924,0.03216529665445924,0.14253349557211495,0.47753333500827183,0.025389834008693782,0.026686603274853282,1.99792235835803e-05,-0.03216529665445925,1.1789934717900281,0.3007298572136124,0.16783470334554076,True,0.16783470334554076,True,0.16783470334554076,True,0.16783470334554076,True,0.16783470334554076,True,0.16783470334554076,True,0.16783470334554076,True,0.1758760275091556,0.16783470334554076,True,True,0.75,1.0,0.16783470334554076,wind_stuck_7_days,2012
7293,US-Jo2,US-Jo2,2012-12-20,0.36638707,0.3,0.3,-0.0913978141128907,0.0913978141128907,0.12266035670605052,0.4017528856296665,0.013972598577542695,0.012855870224370304,-0.0014162647146922368,-0.09139781411289072,1.1789934717900281,0.3007298572136124,0.20860218588710927,True,0.20860218588710927,True,0.20860218588710927,True,0.20860218588710927,True,0.20860218588710927,True,0.20860218588710927,True,0.3,False,0.23145163941533198,0.20860218588710927,True,True,0.75,1.0,0.20860218588710927,wind_stuck_7_days,2012
7474,US-KLS,US-KLS,2012-05-30,1.81036519,4.7,4.7,-0.2776364674647918,0.2776364674647918,0.22581820482173176,0.6412299420964067,0.025202472525347595,0.021598036253184197,0.043995157901588325,0.277636467464792,1.1789934717900281,0.3007298572136124,4.422363532535209,True,4.422363532535209,True,4.422363532535209,True,4.422363532535209,True,4.422363532535209,True,4.422363532535209,True,4.422363532535209,True,4.4917726494014065,4.537579154383087,True,True,0.75,0.5850126501753979,4.422363532535209,wind_stuck_7_days,2012
7475,US-KLS,US-KLS,2012-06-08,2.14467028,5.5,5.5,-0.819402230418887,0.819402230418887,0.21810084004057523,0.7288814130904843,0.06093853669518871,0.1244744902611907,-0.01112732948181904,0.8194022304188873,1.1789934717900281,0.3007298572136124,4.680597769581113,True,4.680597769581113,True,4.680597769581113,True,4.680597769581113,True,4.680597769581113,True,4.680597769581113,True,5.5,False,4.885448327185834,4.992729374780943,True,True,0.75,0.619074010769699,4.680597769581113,wind_stuck_7_days,2012
7476,US-KLS,US-KLS,2012-07-17,1.47803219,4.3,4.3,-0.190861553023486,0.190861553023486,0.25597145775755736,0.794724672317507,0.02933984972071922,0.023383722258284195,-0.013782927762587095,0.19086155302348606,1.1789934717900281,0.3007298572136124,4.109138446976514,True,4.109138446976514,True,4.109138446976514,True,4.109138446976514,True,4.109138446976514,True,4.109138446976514,True,4.3,False,4.156853835232385,4.223925841488989,True,True,0.75,0.3985829377677213,4.332105979385707,wind_stuck_7_days,2012
7477,US-KLS,US-KLS,2012-08-11,1.6704554,2.5,2.5,-0.5426591487130947,0.5426591487130947,0.1441229030473906,0.43410629507442955,0.1056610530758309,0.108363187561134,1.99792235835803e-05,0.5426591487130947,1.1789934717900281,0.3007298572136124,1.9573408512869053,True,1.9573408512869053,True,1.9573408512869053,True,1.9573408512869053,True,1.9573408512869053,True,1.9573408512869053,True,1.9573408512869053,True,2.093005638465179,2.074935789994127,True,True,0.75,0.7832987078793464,1.9573408512869053,wind_stuck_7_days,2012
7478,US-KLS,US-KLS,2012-09-03,4.82142902,4.5,4.5,-0.29367058305206195,0.29367058305206195,0.33654436593481457,0.8491931228484992,0.0019778701668121605,0.006859632865875631,-0.013782927762587095,-0.29367058305206195,1.1789934717900281,0.3007298572136124,4.206329416947938,True,4.5,False,4.206329416947938,True,4.206329416947938,True,4.206329416947938,True,4.206329416947938,True,4.5,False,4.279747062710953,4.300475226532421,True,True,0.75,0.6794169555355398,4.206329416947938,wind_stuck_7_days,2012
7479,US-KLS,US-KLS,2012-09-12,5.51217989,4.6,4.6,-0.29976641900781215,0.29976641900781215,0.26884970176881395,0.44540186275213356,0.04534238247562255,0.04945858692365715,0.0474026919098751,-0.2997664190078122,1.1789934717900281,0.3007298572136124,4.300233580992187,True,4.300233580992187,True,4.300233580992187,True,4.300233580992187,True,4.300233580992187,True,4.300233580992187,True,4.300233580992187,True,4.3751751857441405,4.300233580992187,True,True,0.75,1.0,4.300233580992187,wind_stuck_7_days,2012
7480,US-KLS,US-KLS,2012-09-19,3.67664105,4.4,4.4,-0.12403785434509389,0.12403785434509389,0.16343405102890615,0.49643188416849104,0.015410885984950929,0.0045851971680680535,0.0474026919098751,0.12403785434509385,1.1789934717900281,0.3007298572136124,4.275962145654907,True,4.275962145654907,True,4.275962145654907,True,4.275962145654907,True,4.275962145654907,True,4.275962145654907,True,4.275962145654907,True,4.30697160924118,4.275962145654907,True,True,0.75,1.0,4.275962145654907,wind_stuck_7_days,2012
7481,US-KLS,US-KLS,2012-10-14,2.75496122,1.8,1.8,-0.05534021504108634,0.05534021504108634,0.09715588197588276,0.5101910003188008,0.018580552107447346,0.021336149270429663,0.010678358580813565,-0.05534021504108644,1.1789934717900281,0.3007298572136124,1.7446597849589136,True,1.7446597849589136,True,1.7446597849589136,True,1.7446597849589136,True,1.7446597849589136,True,1.7446597849589136,True,1.7446597849589136,True,1.7584948387191852,1.7446597849589136,True,True,0.75,1.0,1.7446597849589136,wind_stuck_7_days,2012
7482,US-KLS,US-KLS,2012-10-30,0.97865871,1.4,1.4,-0.50344869636138,0.50344869636138,0.09172557391918919,0.43274388694081817,0.11842582755426015,0.11985568426302981,-0.0014162647146922368,0.3392338836386197,1.1789934717900281,0.3007298572136124,0.8965513036386199,True,0.8965513036386199,True,0.8965513036386199,True,0.8965513036386199,True,0.8965513036386199,True,0.8965513036386199,True,1.4,False,1.0224134777289648,0.9366865171712067,True,True,0.75,0.9202794369661504,0.8965513036386199,wind_stuck_7_days,2012
7483,US-KLS,US-KLS,2012-11-06,0.87980592,1.2,1.2,-0.3769333239144862,0.3769333239144862,0.08456782499411715,0.2677215480362035,0.06437246674044356,0.06601946096663742,-0.0014162647146922368,0.2634548360855137,1.1789934717900281,0.3007298572136124,0.8230666760855138,True,0.8230666760855138,True,0.8230666760855138,True,0.8230666760855138,True,0.8230666760855138,True,0.8230666760855138,True,1.2,False,0.9173000070641353,0.862223533084217,True,True,0.75,0.8961172851684861,0.8230666760855138,wind_stuck_7_days,2012
7484,US-KLS,US-KLS,2012-12-17,0.34915179,0.6,0.6,-0.036932994863500344,0.036932994863500344,0.1419915783143232,0.314556549634131,0.009077971366883736,0.009746290049568155,-0.0014162647146922368,0.03693299486350035,1.1789934717900281,0.3007298572136124,0.5630670051364997,True,0.5630670051364997,True,0.5630670051364997,True,0.5630670051364997,True,0.5630670051364997,True,0.5630670051364997,True,0.6,False,0.5723002538523747,0.5630670051364997,True,True,0.75,1.0,0.5630670051364997,wind_stuck_7_days,2012
7656,US-KM4,US-KM4,2012-03-19,2.13617244,2.8,2.8,0.0801839102093755,0.0801839102093755,0.20548638155876095,0.6712749598506015,0.010797296652143601,0.01246560186310196,-0.008569270537640679,-0.08018391020937554,1.1789934717900281,0.3007298572136124,2.880183910209375,True,2.880183910209375,True,2.880183910209375,True,2.880183910209375,True,2.880183910209375,True,2.880183910209375,True,2.8,False,2.8601379326570315,2.880183910209375,True,True,0.75,1.0,2.880183910209375,wind_stuck_7_days,2012
7959,US-MMS,US-MMS,2012-05-06,4.11628791,5.4,5.4,-1.520693067599995,1.520693067599995,0.23520984277954288,0.5575871189047812,0.6824541801589282,0.5905725222965511,-0.054161648206969115,1.0467311124000065,1.1789934717900281,0.3007298572136124,3.8793069324000053,True,3.8793069324000053,True,3.8793069324000053,True,3.8793069324000053,True,3.8793069324000053,True,3.8793069324000053,True,5.4,False,4.259480199300004,4.309853034935056,True,True,0.75,0.7168750803772965,3.8793069324000053,wind_stuck_7_days,2012
7960,US-MMS,US-MMS,2012-06-23,4.57148685,5.4,5.4,-0.46155197401630355,0.46155197401630355,0.1403161364765495,0.4501973679057286,0.049553651364396635,0.0470678638035701,0.0474026919098751,0.46155197401630355,1.1789934717900281,0.3007298572136124,4.938448025983697,True,4.938448025983697,True,4.938448025983697,True,4.938448025983697,True,4.938448025983697,True,4.938448025983697,True,4.938448025983697,True,5.053836019487773,5.112194212584909,True,True,0.75,0.6235609500500685,4.938448025983697,wind_stuck_7_days,2012
7961,US-MMS,US-MMS,2012-07-25,4.37323852,7.0,7.0,-0.6410196877376573,0.6410196877376573,0.20845573326350664,0.5188085429960096,0.21079154832639405,0.2354003924352948,0.06566233635817821,0.6410196877376573,1.1789934717900281,0.3007298572136124,6.358980312262343,True,6.358980312262343,True,6.358980312262343,True,6.358980312262343,True,6.358980312262343,True,6.358980312262343,True,6.358980312262343,True,6.519235234196757,6.358980312262343,True,True,0.75,1.0,6.520256046529889,wind_stuck_7_days,2012
7962,US-MMS,US-MMS,2012-09-11,4.25585836,4.3,4.3,-0.41525527174744503,0.41525527174744503,0.2093878994759281,0.45319610992846504,0.062261297042979794,0.06225444720143609,0.0474026919098751,-0.3269719917474462,1.1789934717900281,0.3007298572136124,3.8847447282525547,True,3.8847447282525547,True,3.8847447282525547,True,3.8847447282525547,True,3.8847447282525547,True,3.8847447282525547,True,3.8847447282525547,True,3.988558546189416,3.9041606816426646,True,True,0.75,0.9532433307627736,3.8847447282525547,wind_stuck_7_days,2012
7963,US-MMS,US-MMS,2012-10-29,0.42066526,1.2,1.2,-0.03385871424145732,0.03385871424145732,0.16867838792903828,0.5785796504572133,0.02702021111673053,0.009746290049568155,-0.0014162647146922368,0.033858714241457366,1.1789934717900281,0.3007298572136124,1.1661412857585427,True,1.1661412857585427,True,1.1661412857585427,True,1.1661412857585427,True,1.1661412857585427,True,1.1661412857585427,True,1.2,False,1.174605964318907,1.1661412857585427,True,True,0.75,1.0,1.143944391986219,wind_stuck_7_days,2012
7964,US-MMS,US-MMS,2012-11-30,0.12007452,0.5,0.5,0.16648471010438437,0.16648471010438437,0.14457447360395675,0.4670439466467733,0.012307878941149812,0.012855870224370304,-0.0014162647146922368,-0.16648471010438431,1.1789934717900281,0.3007298572136124,0.6664847101043844,True,0.6664847101043844,True,0.6664847101043844,True,0.6664847101043844,True,0.6664847101043844,True,0.6664847101043844,True,0.5,False,0.6248635325782883,0.6664847101043844,True,True,0.75,1.0,0.6664847101043844,wind_stuck_7_days,2012
8156,US-MOz,US-MOz,2012-01-11,0.19653539,0.6,0.6,-0.1333506145562112,0.1333506145562112,0.09356286957336005,0.35817422261283943,0.03010211972209015,0.02805326786456187,-0.0014162647146922368,0.13335061455621122,1.1789934717900281,0.3007298572136124,0.46664938544378876,True,0.46664938544378876,True,0.46664938544378876,True,0.46664938544378876,True,0.46664938544378876,True,0.46664938544378876,True,0.6,False,0.4999870390828416,0.46664938544378876,True,True,0.75,1.0,0.46664938544378876,wind_stuck_7_days,2012
8157,US-MOz,US-MOz,2012-02-12,0.33414459,0.7,0.7,-0.33074591027243133,0.33074591027243133,0.1339671633985542,0.5059738405998188,0.06437246674044356,0.06601946096663742,-0.0014162647146922368,0.33074591027243133,1.1789934717900281,0.3007298572136124,0.3692540897275686,True,0.3692540897275686,True,0.3692540897275686,True,0.3692540897275686,True,0.3692540897275686,True,0.3692540897275686,True,0.7,False,0.45194056729567644,0.4232500966816478,True,True,0.75,0.8367447479256709,0.3692540897275686,wind_stuck_7_days,2012
8158,US-MOz,US-MOz,2012-02-28,0.05798212,0.7,0.7,0.44673351372876924,0.44673351372876924,0.058016670815289745,0.4150740869082683,0.020072793765778127,-0.0011810318422669618,-0.0014162647146922368,-0.44673351372876924,1.1789934717900281,0.3007298572136124,1.146733513728769,True,1.146733513728769,True,1.146733513728769,True,1.146733513728769,True,1.146733513728769,True,0.7,False,0.7,False,1.0350501352965769,0.9844097295199221,True,True,0.75,0.6366429219648814,1.146733513728769,wind_stuck_7_days,2012
8159,US-MOz,US-MOz,2012-04-16,2.51405847,4.0,4.0,-0.20068821415351884,0.20068821415351884,0.24261466705095505,0.8857415379606787,-0.008139687129424547,0.015142176595553187,-0.003124548405357112,0.2006882141535189,1.1789934717900281,0.3007298572136124,3.799311785846481,True,3.799311785846481,True,3.799311785846481,True,4.0,False,4.0,False,3.799311785846481,True,4.0,False,3.849483839384861,3.945381163455937,True,True,0.75,0.27215766892161314,3.799311785846481,wind_stuck_7_days,2012
8160,US-MOz,US-MOz,2012-05-18,4.73971198,6.5,6.5,-1.3574635927011336,1.3574635927011336,0.2665324687729451,0.5772813070320748,0.6054310280392251,0.7314454797486394,0.2113295597435804,1.3574635927011336,1.1789934717900281,0.3007298572136124,5.142536407298866,True,5.142536407298866,True,5.142536407298866,True,5.142536407298866,True,5.142536407298866,True,5.142536407298866,True,5.142536407298866,True,5.48190230547415,5.142536407298866,True,True,0.75,1.0,5.142536407298866,wind_stuck_7_days,2012
8161,US-MOz,US-MOz,2012-06-19,3.84992443,6.6,6.6,-0.5141615549648513,0.5141615549648513,0.35547112286028665,0.901321376109555,0.07304266877414879,0.11731653471623102,0.018201479282829433,0.514161554964851,1.1789934717900281,0.3007298572136124,6.085838445035148,True,6.6,False,6.085838445035148,True,6.085838445035148,True,6.085838445035148,True,6.085838445035148,True,6.085838445035148,True,6.214378833776361,6.279402831545385,True,True,0.75,0.6235339172267195,6.085838445035148,wind_stuck_7_days,2012
8162,US-MOz,US-MOz,2012-07-21,1.69646102,6.4,6.4,-0.37662514195287367,0.37662514195287367,0.16400217918710422,0.6699655333835498,0.10763840905726951,0.08331465297307963,0.05707308659695395,0.3766251419528741,1.1789934717900281,0.3007298572136124,6.023374858047127,True,6.023374858047127,True,6.023374858047127,True,6.023374858047127,True,6.023374858047127,True,6.023374858047127,True,6.023374858047127,True,6.117531143535345,6.023374858047127,True,True,0.75,1.0,6.023374858047127,wind_stuck_7_days,2012
8163,US-MOz,US-MOz,2012-08-06,1.3411314,4.8,4.8,-0.11131725131884776,0.11131725131884776,0.24157207648739085,0.4703940486308917,0.012656404738950347,0.002265374036040757,0.0474026919098751,0.11131725131884762,1.1789934717900281,0.3007298572136124,4.688682748681152,True,4.688682748681152,True,4.688682748681152,True,4.688682748681152,True,4.688682748681152,True,4.688682748681152,True,4.688682748681152,True,4.716512061510864,4.688682748681152,True,True,0.75,1.0,4.688682748681152,wind_stuck_7_days,2012
8164,US-MOz,US-MOz,2012-08-22,0.94487104,5.0,5.0,0.17016893744844422,0.17016893744844422,0.17353745677556845,0.5911524380567444,0.01130541677934661,0.0016657182777561439,0.0474026919098751,-0.17016893744844452,1.1789934717900281,0.3007298572136124,5.1701689374484445,True,5.1701689374484445,True,5.1701689374484445,True,5.1701689374484445,True,5.1701689374484445,True,5.1701689374484445,True,5.1701689374484445,True,5.127626703086333,5.1701689374484445,True,True,0.75,1.0,5.1701689374484445,wind_stuck_7_days,2012
8165,US-MOz,US-MOz,2012-09-23,1.27272913,2.6,2.6,-1.044689514160231,1.044689514160231,0.1394070356190777,0.45511354698515183,-0.08376959912202035,0.05113077201190535,-0.11139929473453464,1.044689514160231,1.1789934717900281,0.3007298572136124,1.555310485839769,True,1.555310485839769,True,1.555310485839769,True,2.6,False,2.6,False,1.555310485839769,True,2.6,False,1.8164828643798268,2.2141749967514346,True,True,0.75,0.36932026024852854,1.555310485839769,wind_stuck_7_days,2012
8166,US-MOz,US-MOz,2012-10-09,0.8489914,2.7,2.7,-1.050976369372861,1.050976369372861,0.1593210777817348,0.5371922012014029,0.09066766602478717,0.03797030139700569,-0.049521633235934226,1.050976369372861,1.1789934717900281,0.3007298572136124,1.649023630627139,True,1.649023630627139,True,1.649023630627139,True,1.649023630627139,True,1.649023630627139,True,1.649023630627139,True,2.7,False,1.9117677229703545,2.1619544227284972,True,True,0.75,0.5119483110667518,1.649023630627139,wind_stuck_7_days,2012
8167,US-MOz,US-MOz,2012-11-10,0.36974945,0.3,0.3,0.6419315310004655,0.6419315310004655,0.15471604209376988,0.8225121913515908,-0.061698191089174056,-0.04226642581523356,-0.23297856181824594,-0.5024326310004655,1.1789934717900281,0.3007298572136124,0.9419315310004654,True,0.9419315310004654,True,0.9419315310004654,True,0.3,False,0.3,False,0.3,False,0.3,False,0.7814486482503491,0.7268483114922515,True,True,0.75,0.6649436752654887,0.9419315310004654,wind_stuck_7_days,2012
8377,US-Me2,US-Me1,2012-01-07,0.32725545,0.4,0.4,0.10695716358695895,0.10695716358695895,0.10516507815842813,0.453116409607132,0.012307878941149812,0.008192474857807512,-0.010136547658172066,-0.10695716358695895,1.1789934717900281,0.3007298572136124,0.506957163586959,True,0.506957163586959,True,0.506957163586959,True,0.506957163586959,True,0.506957163586959,True,0.506957163586959,True,0.4,False,0.4802178726902192,0.506957163586959,True,True,0.75,1.0,0.5103009068205044,wind_stuck_7_days,2012
8378,US-Me2,US-Me1,2012-02-24,2.34774683,1.4,1.4,-0.36104510611576374,0.36104510611576374,0.06930376538096222,0.3252765629231947,0.06437246674044356,0.06601946096663742,-0.0014162647146922368,-0.3610451061157638,1.1789934717900281,0.3007298572136124,1.0389548938842361,True,1.0389548938842361,True,1.0389548938842361,True,1.0389548938842361,True,1.0389548938842361,True,1.0389548938842361,True,1.4,False,1.1292161704131771,1.1120345959012,True,True,0.75,0.7975884431638526,1.0389548938842361,wind_stuck_7_days,2012
8379,US-Me2,US-Me1,2012-05-14,3.07099778,5.3,5.3,-0.35727782436756667,0.35727782436756667,0.2935788057313282,0.5366208086153269,0.05454203910594325,0.0470678638035701,0.0474026919098751,0.3572778243675667,1.1789934717900281,0.3007298572136124,4.942722175632433,True,4.942722175632433,True,4.942722175632433,True,4.942722175632433,True,4.942722175632433,True,4.942722175632433,True,4.942722175632433,True,5.032041631724325,5.023470057831822,True,True,0.75,0.7739913403740516,4.942722175632433,wind_stuck_7_days,2012
8380,US-Me2,US-Me1,2012-05-30,3.63794592,3.7,3.7,-0.959627708038901,0.959627708038901,0.19601538151095957,0.5693031246848977,0.13948323015490507,0.14725566666552695,0.05078863593541474,-0.8355195480389005,1.1789934717900281,0.3007298572136124,2.740372291961099,True,2.740372291961099,True,2.740372291961099,True,2.740372291961099,True,2.740372291961099,True,2.740372291961099,True,2.740372291961099,True,2.9802792189708245,3.1101833966285457,True,True,0.75,0.6146306514812979,2.740372291961099,wind_stuck_7_days,2012
8381,US-Me2,US-Me1,2012-08-02,3.06101259,4.0,4.0,-1.578468491139467,1.578468491139467,0.22368762151798047,0.3694307835699015,0.4771086493354712,0.4221548920824318,-0.054161648206969115,0.2995063288605333,1.1789934717900281,0.3007298572136124,2.421531508860533,True,2.421531508860533,True,2.421531508860533,True,2.421531508860533,True,2.421531508860533,True,2.421531508860533,True,4.0,False,2.8161486316453996,3.006620247870983,True,True,0.75,0.6293313789316848,2.421531508860533,wind_stuck_7_days,2012
8382,US-Me2,US-Me1,2012-09-03,1.43218099,3.4,3.4,-1.7891729252432527,1.7891729252432527,0.2116615384235634,0.48220288190005756,0.1133466985221424,0.23093468910297005,-0.054161648206969115,1.7891729252432527,1.1789934717900281,0.3007298572136124,1.6108270747567472,True,1.6108270747567472,True,1.6108270747567472,True,1.6108270747567472,True,1.6108270747567472,True,1.6108270747567472,True,3.4,False,2.0581203060675604,2.242789789523502,True,True,0.75,0.6467850000128779,1.6108270747567472,wind_stuck_7_days,2012
8383,US-Me2,US-Me1,2012-10-05,0.46583807,2.1,2.1,-0.7384278333954946,0.7384278333954946,0.09929633284027488,0.4638897123694877,0.10882349659003923,0.12909880406322904,-0.0014162647146922368,0.7384278333954946,1.1789934717900281,0.3007298572136124,1.3615721666045055,True,1.3615721666045055,True,1.3615721666045055,True,1.3615721666045055,True,1.3615721666045055,True,1.3615721666045055,True,2.1,False,1.5461791249533792,1.5923679647005873,True,True,0.75,0.6874497579068504,1.3615721666045055,wind_stuck_7_days,2012
8384,US-Me2,US-Me1,2012-11-06,1.5960007,1.3,1.3,-0.21489549533772306,0.21489549533772306,0.13008254099622724,0.34992793244709236,0.033482143526308385,0.03570689285522138,-0.0014162647146922368,-0.21489549533772312,1.1789934717900281,0.3007298572136124,1.085104504662277,True,1.085104504662277,True,1.085104504662277,True,1.085104504662277,True,1.085104504662277,True,1.085104504662277,True,1.3,False,1.1388283784967077,1.1182548566022616,True,True,0.75,0.845737334382526,1.085104504662277,wind_stuck_7_days,2012
8572,US-Me6,US-Me1,2012-01-07,-0.02306141,0.5,0.5,0.00902497894631266,0.00902497894631266,0.10351806811369914,0.4044616947721882,0.012307878941149812,0.008192474857807512,-0.010136547658172066,-0.009024978946312712,1.1789934717900281,0.3007298572136124,0.5090249789463127,True,0.5090249789463127,True,0.5090249789463127,True,0.5090249789463127,True,0.5090249789463127,True,0.5090249789463127,True,0.5,False,0.5067687342097345,0.5090249789463127,True,True,0.75,1.0,0.5148927672372053,wind_stuck_7_days,2012
8573,US-Me6,US-Me1,2012-04-28,2.2289388,2.5,2.5,-0.30210799843963676,0.30210799843963676,0.1901560874113487,0.7207403685338405,0.05881588985170429,0.06356744352569434,-0.05963041493626288,0.24001440156036347,1.1789934717900281,0.3007298572136124,2.1978920015603634,True,2.1978920015603634,True,2.1978920015603634,True,2.1978920015603634,True,2.1978920015603634,True,2.1978920015603634,True,2.5,False,2.2734190011702724,2.2193181251723066,True,True,0.75,0.9290779333132276,2.1978920015603634,wind_stuck_7_days,2012
8574,US-Me6,US-Me1,2012-05-14,2.37809709,2.0,2.0,-0.6692364852417252,0.6692364852417252,0.18193019955766085,0.4902328685859684,0.11621897653541276,0.10792504326940487,1.99792235835803e-05,-0.6692364852417252,1.1789934717900281,0.3007298572136124,1.3307635147582748,True,1.3307635147582748,True,1.3307635147582748,True,1.3307635147582748,True,1.3307635147582748,True,1.3307635147582748,True,1.3307635147582748,True,1.4980726360687062,1.5662139610680126,True,True,0.75,0.6481804989686208,1.3307635147582748,wind_stuck_7_days,2012
8575,US-Me6,US-Me1,2012-06-15,2.45156069,1.2,1.2,0.5008100619323889,0.5008100619323889,0.216609517077033,0.526558286317161,0.06389461570858793,0.053638307884364606,1.99792235835803e-05,0.5008100619323889,1.1789934717900281,0.3007298572136124,1.7008100619323887,True,1.7008100619323887,True,1.7008100619323887,True,1.7008100619323887,True,1.7008100619323887,True,1.7008100619323887,True,1.7008100619323887,True,1.5756075464492916,1.6611781703377666,True,True,0.75,0.9208644262423531,1.7008100619323887,wind_stuck_7_days,2012
8576,US-Me6,US-Me1,2012-08-02,1.76082119,2.1,2.1,-0.4378947022321501,0.4378947022321501,0.21352272909133324,0.5767269498341365,0.05155056346216825,0.057867747388915924,1.99792235835803e-05,0.24046291776785023,1.1789934717900281,0.3007298572136124,1.6621052977678499,True,1.6621052977678499,True,1.6621052977678499,True,1.6621052977678499,True,1.6621052977678499,True,1.6621052977678499,True,1.6621052977678499,True,1.7715789733258875,1.811576999447838,True,True,0.75,0.6586583465886615,1.6621052977678499,wind_stuck_7_days,2012
8577,US-Me6,US-Me1,2012-09-03,0.55147423,1.6,1.6,0.05392832087904083,0.05392832087904083,0.1698236081758736,0.6122702974255787,0.010797296652143601,0.01246560186310196,-0.0033875547847031957,-0.05392832087904087,1.1789934717900281,0.3007298572136124,1.653928320879041,True,1.653928320879041,True,1.653928320879041,True,1.653928320879041,True,1.653928320879041,True,1.653928320879041,True,1.6,False,1.6404462406592808,1.653928320879041,True,True,0.75,1.0,1.653928320879041,wind_stuck_7_days,2012
8578,US-Me6,US-Me1,2012-09-19,0.41502714,0.5,0.5,0.19886143310475565,0.19886143310475565,0.14129309694574185,0.4352182452186498,0.028769857812911994,0.02704868772920229,1.99792235835803e-05,-0.19886143310475562,1.1789934717900281,0.3007298572136124,0.6988614331047557,True,0.6988614331047557,True,0.6988614331047557,True,0.6988614331047557,True,0.6988614331047557,True,0.6988614331047557,True,0.6988614331047557,True,0.6491460748285667,0.6570503024123987,True,True,0.75,0.7897474133643008,0.6988614331047557,wind_stuck_7_days,2012
8579,US-Me6,US-Me1,2012-10-05,0.21806223,1.1,1.1,-0.1245538855131513,0.1245538855131513,0.1801656641657966,0.5763810974958209,0.02520193668615184,0.022369325286012303,-0.0014162647146922368,0.12455388551315127,1.1789934717900281,0.3007298572136124,0.9754461144868488,True,0.9754461144868488,True,0.9754461144868488,True,0.9754461144868488,True,0.9754461144868488,True,0.9754461144868488,True,1.1,False,1.0065845858651365,0.9754461144868488,True,True,0.75,1.0,0.9754461144868488,wind_stuck_7_days,2012
8874,US-NC4,US-NC4,2012-01-14,0.68602186,1.1,1.1,-0.2341627537941256,0.2341627537941256,0.18321223274386852,0.4478659943132491,0.028492760767406387,0.03570689285522138,-0.0014162647146922368,0.2341627537941256,1.1789934717900281,0.3007298572136124,0.8658372462058745,True,0.8658372462058745,True,0.8658372462058745,True,0.8658372462058745,True,0.8658372462058745,True,0.8658372462058745,True,1.1,False,0.9243779346544059,0.9227481330908804,True,True,0.75,0.756960122979073,0.8658372462058745,wind_stuck_7_days,2012
8875,US-NC4,US-NC4,2012-04-03,2.0455808,3.7,3.7,-0.6644834668003421,0.6644834668003421,0.14108109494978135,0.410789821120895,0.10882349659003923,0.1690708387406039,0.0474026919098751,0.6644834668003421,1.1789934717900281,0.3007298572136124,3.035516533199658,True,3.035516533199658,True,3.035516533199658,True,3.035516533199658,True,3.035516533199658,True,3.035516533199658,True,3.035516533199658,True,3.2016373998997434,3.1790043627582034,True,True,0.75,0.784061098992461,3.035516533199658,wind_stuck_7_days,2012
8876,US-NC4,US-NC4,2012-07-08,6.13603703,6.7,6.7,-0.5526913686543408,0.5526913686543408,0.35435271872704294,0.5723104803245705,0.11205600625920216,0.11371376372797973,0.06566233635817821,0.5526913686543408,1.1789934717900281,0.3007298572136124,6.147308631345659,True,6.7,False,6.147308631345659,True,6.147308631345659,True,6.147308631345659,True,6.147308631345659,True,6.147308631345659,True,6.285481473509245,6.235648854693766,True,True,0.75,0.8401635553614825,6.147308631345659,wind_stuck_7_days,2012
8877,US-NC4,US-NC4,2012-08-25,4.09849377,4.0,4.0,0.631542056729552,0.631542056729552,0.17312740732491844,0.4007586978341785,0.04277800032162605,0.033484735113650715,0.03329747591052631,-0.4345545167295517,1.1789934717900281,0.3007298572136124,4.631542056729552,True,4.631542056729552,True,4.631542056729552,True,4.631542056729552,True,4.631542056729552,True,4.631542056729552,True,4.631542056729552,True,4.473656542547164,4.464154111192582,True,True,0.75,0.734953604825955,4.631542056729552,wind_stuck_7_days,2012
8878,US-NC4,US-NC4,2012-09-26,2.70011728,4.1,4.1,-0.5713799282294838,0.5713799282294838,0.19857194279332796,0.6242862749368154,0.11944617789907477,0.12118201209271923,0.05465353725881831,0.5713799282294838,1.1789934717900281,0.3007298572136124,3.528620071770516,True,3.528620071770516,True,3.528620071770516,True,3.528620071770516,True,3.528620071770516,True,3.528620071770516,True,3.528620071770516,True,3.6714650538278866,3.673625783183443,True,True,0.75,0.7462184017169597,3.528620071770516,wind_stuck_7_days,2012
8879,US-NC4,US-NC4,2012-10-12,1.91455485,3.1,3.1,-0.5749867028735564,0.5749867028735564,0.1842442396759784,0.4456267914611147,0.11343644479535814,0.11985568426302981,-0.0014162647146922368,0.5749867028735564,1.1789934717900281,0.3007298572136124,2.525013297126444,True,2.525013297126444,True,2.525013297126444,True,2.525013297126444,True,2.525013297126444,True,2.525013297126444,True,3.1,False,2.668759972844833,2.6893965893411043,True,True,0.75,0.7141094021946289,2.525013297126444,wind_stuck_7_days,2012
9054,US-NR1,US-NR1,2012-03-30,1.52480193,3.4,3.4,-1.5430332275957852,1.5430332275957852,0.25554531819632303,0.48342004857289284,0.1353820114229585,-0.12995969860287993,0.04569394430519102,1.5430332275957852,1.1789934717900281,0.3007298572136124,1.8569667724042147,True,1.8569667724042147,True,1.8569667724042147,True,1.8569667724042147,True,1.8569667724042147,True,3.4,False,1.8569667724042147,True,2.242725079303161,2.574358164194445,True,True,0.75,0.5350771590913797,1.8569667724042147,wind_stuck_7_days,2012
9055,US-NR1,US-NR1,2012-04-24,1.95086338,6.9,6.9,-2.5314748130727738,2.5314748130727738,0.1978550761786683,1.0831840592413873,1.1235413605600568,1.3229445574895449,-0.0529263245377294,2.5314748130727738,1.1789934717900281,0.3007298572136124,4.368525186927227,True,4.368525186927227,True,6.9,False,4.368525186927227,True,6.9,False,4.368525186927227,True,6.9,False,5.00139389019542,4.368525186927227,True,True,0.75,1.0,4.368525186927227,wind_stuck_7_days,2012
9056,US-NR1,US-NR1,2012-05-10,3.11672433,6.3,6.3,-3.0832529112525924,3.0832529112525924,0.20653166019048066,0.6398881244428927,1.1840558837506343,1.2124747441598094,-0.8327816076016039,3.0832529112525924,1.1789934717900281,0.3007298572136124,3.2167470887474074,True,3.2167470887474074,True,3.2167470887474074,True,3.2167470887474074,True,3.2167470887474074,True,3.2167470887474074,True,6.3,False,3.9875603165605558,3.2167470887474074,True,True,0.75,1.0,3.2167470887474074,wind_stuck_7_days,2012
9057,US-NR1,US-NR1,2012-05-17,2.92678097,5.2,5.2,-2.334822683467966,2.334822683467966,0.24542911750598376,0.7328142698162998,1.0140111918050354,0.8892518618437222,-0.10750995384572573,2.2116153765320345,1.1789934717900281,0.3007298572136124,2.865177316532034,True,2.865177316532034,True,2.865177316532034,True,2.865177316532034,True,2.865177316532034,True,2.865177316532034,True,5.2,False,3.4488829873990254,2.9674964290422063,True,True,0.75,0.9561769237404377,2.865177316532034,wind_stuck_7_days,2012
9058,US-NR1,US-NR1,2012-05-26,4.95693488,4.6,4.6,-1.479221820625914,1.479221820625914,0.2159661757079242,0.69416654424642,0.007776311870820429,0.11012271892075662,-0.05756918221525589,-1.479221820625914,1.1789934717900281,0.3007298572136124,3.120778179374086,True,3.120778179374086,True,3.120778179374086,True,3.120778179374086,True,3.120778179374086,True,3.120778179374086,True,4.6,False,3.490583634530564,3.763723480117925,True,True,0.75,0.5653489613398313,3.120778179374086,wind_stuck_7_days,2012
9059,US-NR1,US-NR1,2012-06-18,3.64772987,4.5,4.5,-1.3500189176746367,1.3500189176746367,0.22763669957031085,0.736523539153672,0.004425777522440935,0.25941586640163733,-0.026145740957603303,0.35452134232536325,1.1789934717900281,0.3007298572136124,3.1499810823253633,True,3.1499810823253633,True,3.1499810823253633,True,3.1499810823253633,True,3.1499810823253633,True,3.1499810823253633,True,4.5,False,3.4874858117440226,3.6504569327583356,True,True,0.75,0.6292823427281852,3.1499810823253633,wind_stuck_7_days,2012
9060,US-NR1,US-NR1,2012-07-20,4.90813814,5.0,5.0,-1.3357867888272947,1.3357867888272947,0.16914996362702236,0.34791335866604783,0.1323656422559214,0.2271866495187635,0.043137573580312685,-1.152063068827295,1.1789934717900281,0.3007298572136124,3.6642132111727053,True,3.6642132111727053,True,3.6642132111727053,True,3.6642132111727053,True,3.6642132111727053,True,3.6642132111727053,True,3.6642132111727053,True,3.998159908379529,4.182605245660206,True,True,0.75,0.6119200767492216,3.6642132111727053,wind_stuck_7_days,2012
9061,US-NR1,US-NR1,2012-08-05,4.44651412,4.3,4.3,-1.7897859510884664,1.7897859510884664,0.14818535046828823,0.3798663858273392,0.7107210814851682,0.7475337800152795,-0.054161648206969115,-1.7897859510884664,1.1789934717900281,0.3007298572136124,2.5102140489115334,True,2.5102140489115334,True,2.5102140489115334,True,2.5102140489115334,True,2.5102140489115334,True,2.5102140489115334,True,4.3,False,2.95766053668365,2.680777630130712,True,True,0.75,0.9047016873076639,2.5102140489115334,wind_stuck_7_days,2012
9062,US-NR1,US-NR1,2012-09-06,2.27308537,4.1,4.1,-1.1485773219501365,1.1485773219501365,0.17121469386468272,0.5204369152736952,0.08808727659473665,0.05933696428993691,0.043137573580312685,1.1485773219501365,1.1789934717900281,0.3007298572136124,2.9514226780498634,True,2.9514226780498634,True,2.9514226780498634,True,2.9514226780498634,True,2.9514226780498634,True,2.9514226780498634,True,2.9514226780498634,True,3.238567008537397,3.5508324604035617,True,True,0.75,0.4781284891329928,2.9514226780498634,wind_stuck_7_days,2012
9063,US-NR1,US-NR1,2012-09-22,1.87364098,2.8,2.8,-1.1353362097092154,1.1353362097092154,0.15685175766697063,0.40666779767479877,0.07998785591590554,0.11628008610901384,-0.03430078133442261,0.7173818302907842,1.1789934717900281,0.3007298572136124,1.6646637902907844,True,1.6646637902907844,True,1.6646637902907844,True,1.6646637902907844,True,1.6646637902907844,True,1.6646637902907844,True,2.8,False,1.9484978427180883,1.7966402500882754,True,True,0.75,0.8837556147079172,1.6646637902907844,wind_stuck_7_days,2012
9064,US-NR1,US-NR1,2012-10-08,1.09133356,2.9,2.9,-1.5853829744200296,1.5853829744200296,0.14625744651619954,0.7046967990197232,-0.27181381156396517,-0.14519617343690827,-0.3372744658285029,1.5853829744200296,1.1789934717900281,0.3007298572136124,1.3146170255799703,True,1.3146170255799703,True,1.3146170255799703,True,2.9,False,2.9,False,2.9,False,2.9,False,1.7109627691849778,2.0563549566034967,True,True,0.75,0.5321395883572726,1.3146170255799703,wind_stuck_7_days,2012
9065,US-NR1,US-NR1,2012-11-09,0.35118077,1.6,1.6,-0.5243584793610254,0.5243584793610254,0.08419518427991945,0.4747138564746523,0.11950330669892086,0.11985568426302981,-0.0014162647146922368,0.5243584793610254,1.1789934717900281,0.3007298572136124,1.0756415206389747,True,1.0756415206389747,True,1.0756415206389747,True,1.0756415206389747,True,1.0756415206389747,True,1.0756415206389747,True,1.6,False,1.206731140479231,1.1561346184175798,True,True,0.75,0.8464922358522882,1.0756415206389747,wind_stuck_7_days,2012
9066,US-NR1,US-NR1,2012-11-25,0.50399799,0.7,0.7,-0.12082252303199872,0.12082252303199872,0.142919632079347,0.39640377391304804,0.022145924963252794,0.014582387157021256,-0.0014162647146922368,0.12082252303199872,1.1789934717900281,0.3007298572136124,0.5791774769680013,True,0.5791774769680013,True,0.5791774769680013,True,0.5791774769680013,True,0.5791774769680013,True,0.5791774769680013,True,0.7,False,0.6093831077260009,0.5791774769680013,True,True,0.75,1.0,0.5791774769680013,wind_stuck_7_days,2012
9353,US-Ne1,US-Ne1,2012-01-16,0.1826509,0.1,0.1,0.4309796922172568,0.4309796922172568,0.10270923539786493,0.3956514180451519,0.07084001059551545,0.05877088223205827,-0.010136547658172066,-0.2656778922172568,1.1789934717900281,0.3007298572136124,0.5309796922172568,True,0.5309796922172568,True,0.5309796922172568,True,0.5309796922172568,True,0.5309796922172568,True,0.5309796922172568,True,0.1,False,0.42323476916294256,0.44898675141633493,True,True,0.75,0.809752194171624,0.5309796922172568,wind_stuck_7_days,2012
9354,US-Ne1,US-Ne1,2012-03-04,1.43258238,0.7,0.7,0.280460700712052,0.280460700712052,0.12038291306493282,0.4134941026314741,0.0034297340019795366,-0.005506501268626551,-0.0014162647146922368,0.280460700712052,1.1789934717900281,0.3007298572136124,0.9804607007120519,True,0.9804607007120519,True,0.9804607007120519,True,0.9804607007120519,True,0.9804607007120519,True,0.7,False,0.7,False,0.9103455255340389,0.8437205437023907,True,True,0.75,0.5124445005574886,0.9804607007120519,wind_stuck_7_days,2012
9355,US-Ne1,US-Ne1,2012-04-05,1.64133888,1.1,1.1,0.37365923842055604,0.37365923842055604,0.09781415679351142,0.3780083506801444,0.029817594617842513,0.027589942732921962,1.99792235835803e-05,0.37365923842055604,1.1789934717900281,0.3007298572136124,1.4736592384205562,True,1.4736592384205562,True,1.4736592384205562,True,1.4736592384205562,True,1.4736592384205562,True,1.4736592384205562,True,1.4736592384205562,True,1.3802444288154172,1.4361745762783957,True,True,0.75,0.8996822283837899,1.4736592384205562,wind_stuck_7_days,2012
9356,US-Ne1,US-Ne1,2012-04-21,1.77846312,1.2,1.2,0.18360050894426652,0.18360050894426652,0.08638964763875852,0.30061744043312516,0.010854425451989674,0.01246560186310196,1.99792235835803e-05,0.1836005089442665,1.1789934717900281,0.3007298572136124,1.3836005089442664,True,1.3836005089442664,True,1.3836005089442664,True,1.3836005089442664,True,1.3836005089442664,True,1.3836005089442664,True,1.3836005089442664,True,1.3377003817081998,1.3610879479501548,True,True,0.75,0.8773829052895187,1.3836005089442664,wind_stuck_7_days,2012
9357,US-Ne1,US-Ne1,2012-05-07,6.72452355,2.1,2.1,0.8768097786542391,0.8768097786542391,0.13586251076451228,0.5209275288454944,0.03597420296107581,0.01696833517081471,-0.04536836782368475,0.876809778654239,1.1789934717900281,0.3007298572136124,2.976809778654239,True,2.976809778654239,True,2.976809778654239,True,2.976809778654239,True,2.976809778654239,True,2.976809778654239,True,2.1,False,2.7576073339906797,2.539945886601237,True,True,0.75,0.501757504662508,2.976809778654239,wind_stuck_7_days,2012
9358,US-Ne1,US-Ne1,2012-06-08,5.24174643,6.2,6.2,-0.7394343494101874,0.7394343494101874,0.23856404678131088,0.8510021051917442,0.047770195528478526,0.22572323006359105,-0.0054383212952533195,0.7394343494101874,1.1789934717900281,0.3007298572136124,5.460565650589813,True,5.460565650589813,True,5.460565650589813,True,5.460565650589813,True,5.460565650589813,True,5.460565650589813,True,6.2,False,5.645424237942359,5.460565650589813,True,True,0.75,1.0,5.460565650589813,wind_stuck_7_days,2012
9359,US-Ne1,US-Ne1,2012-06-24,7.98423499,7.1,7.1,-0.7537259767832153,0.7537259767832153,0.3083743923725189,0.682586245795372,0.17564600020640037,0.15219486907106267,0.0878002825736602,-0.7537259767832154,1.1789934717900281,0.3007298572136124,6.346274023216784,True,7.1,False,6.346274023216784,True,6.346274023216784,True,6.346274023216784,True,6.346274023216784,True,6.346274023216784,True,6.534705517412588,6.346274023216784,True,True,0.75,1.0,6.346274023216784,wind_stuck_7_days,2012
9360,US-Ne1,US-Ne1,2012-07-10,8.51385297,7.3,7.3,-0.02661354977423542,0.02661354977423542,0.2347333588444631,0.6206993773194437,-0.006097391327557754,-0.024013911134129352,0.09298199832659769,-0.026613549774235468,1.1789934717900281,0.3007298572136124,7.273386450225765,True,7.273386450225765,True,7.273386450225765,True,7.3,False,7.3,False,7.3,False,7.273386450225765,True,7.280039837669324,7.273386450225765,True,True,0.75,1.0,7.273386450225765,wind_stuck_7_days,2012
9361,US-Ne1,US-Ne1,2012-07-26,9.5725324,7.4,7.4,-0.48550984031903566,0.48550984031903566,0.15993258197542948,0.6220739521383944,0.13593316332142852,0.15466904305974968,0.09298199832659769,-0.48550984031903566,1.1789934717900281,0.3007298572136124,6.914490159680964,True,6.914490159680964,True,6.914490159680964,True,6.914490159680964,True,6.914490159680964,True,6.914490159680964,True,6.914490159680964,True,7.035867619760723,6.967977437864803,True,True,0.75,0.8898327618886331,6.914490159680964,wind_stuck_7_days,2012
9362,US-Ne1,US-Ne1,2012-08-27,4.23483533,4.1,4.1,-0.3299018376154065,0.3299018376154065,0.08508160031319054,0.410668521528473,0.06437246674044356,0.06601946096663742,0.0474026919098751,-0.3299018376154065,1.1789934717900281,0.3007298572136124,3.7700981623845933,True,3.7700981623845933,True,3.7700981623845933,True,3.7700981623845933,True,3.7700981623845933,True,3.7700981623845933,True,3.7700981623845933,True,3.8525736217884448,3.8120541357459508,True,True,0.75,0.8728228564453497,3.7700981623845933,wind_stuck_7_days,2012
9363,US-Ne1,US-Ne1,2012-10-14,2.94805649,0.9,0.9,0.5225133871228725,0.5225133871228725,0.13594724293192878,0.5146495598009609,0.043630437292602006,0.04154973319973476,-0.0014162647146922368,0.5225133871228724,1.1789934717900281,0.3007298572136124,1.4225133871228726,True,1.4225133871228726,True,1.4225133871228726,True,1.4225133871228726,True,1.4225133871228726,True,1.4225133871228726,True,0.9,False,1.2918850403421545,1.3423035253283926,True,True,0.75,0.8464922358522882,1.4225133871228726,wind_stuck_7_days,2012
9364,US-Ne1,US-Ne1,2012-11-15,0.97360908,0.8,0.8,-0.11312505585439576,0.11312505585439576,0.09302910629542527,0.27382191885154705,0.01996361705027725,0.014582387157021256,-0.0014162647146922368,-0.11312505585439575,1.1789934717900281,0.3007298572136124,0.6868749441456042,True,0.6868749441456042,True,0.6868749441456042,True,0.6868749441456042,True,0.6868749441456042,True,0.6868749441456042,True,0.8,False,0.7151562081092032,0.6868749441456042,True,True,0.75,1.0,0.6868749441456042,wind_stuck_7_days,2012
9671,US-Ne2,US-Ne1,2012-01-16,0.24840409,0.1,0.1,0.4309796922172568,0.4309796922172568,0.10270923539786493,0.3956514180451519,0.07084001059551545,0.05877088223205827,-0.010136547658172066,-0.13417151221725682,1.1789934717900281,0.3007298572136124,0.5309796922172568,True,0.5309796922172568,True,0.5309796922172568,True,0.5309796922172568,True,0.5309796922172568,True,0.5309796922172568,True,0.1,False,0.42323476916294256,0.44898675141633493,True,True,0.75,0.809752194171624,0.5309796922172568,wind_stuck_7_days,2012
9672,US-Ne2,US-Ne1,2012-03-04,0.94701812,0.0,0.0,0.8616838207253675,0.8616838207253675,0.11666218214025789,0.43216554633841164,0.23408363250965128,0.2996123448337822,-0.13345755436754944,0.8616838207253675,1.1789934717900281,0.3007298572136124,0.8616838207253675,True,0.8616838207253675,True,0.8616838207253675,True,0.8616838207253675,True,0.8616838207253675,True,0.8616838207253675,True,0.0,False,0.6462628655440257,0.519010587405763,True,True,0.75,0.6023213792837129,0.8616838207253675,wind_stuck_7_days,2012
9673,US-Ne2,US-Ne1,2012-04-05,1.37119667,1.1,1.1,0.37365923842055604,0.37365923842055604,0.09781415679351142,0.3780083506801444,0.029817594617842513,0.027589942732921962,1.99792235835803e-05,0.1687341015794438,1.1789934717900281,0.3007298572136124,1.4736592384205562,True,1.4736592384205562,True,1.4736592384205562,True,1.4736592384205562,True,1.4736592384205562,True,1.4736592384205562,True,1.4736592384205562,True,1.3802444288154172,1.4361745762783957,True,True,0.75,0.8996822283837899,1.4736592384205562,wind_stuck_7_days,2012
9674,US-Ne2,US-Ne1,2012-04-21,1.64656158,0.8,0.8,0.3903032859256883,0.3903032859256883,0.10825817621783494,0.3398907037482224,0.029817594617842513,0.027589942732921962,1.99792235835803e-05,0.3903032859256883,1.1789934717900281,0.3007298572136124,1.1903032859256883,True,1.1903032859256883,True,1.1903032859256883,True,1.1903032859256883,True,1.1903032859256883,True,1.1903032859256883,True,1.1903032859256883,True,1.0927274644442662,1.1258114690277548,True,True,0.75,0.8347648630603317,1.1903032859256883,wind_stuck_7_days,2012
9675,US-Ne2,US-Ne1,2012-05-07,6.28305959,2.3,2.3,0.8392338369155226,0.8392338369155226,0.14389676817062713,0.5400982439340316,0.03597420296107581,0.01696833517081471,-0.014085236775765215,0.8392338369155228,1.1789934717900281,0.3007298572136124,3.1392338369155226,True,3.1392338369155226,True,3.1392338369155226,True,3.1392338369155226,True,3.1392338369155226,True,3.1392338369155226,True,2.3,False,2.9294253776866417,2.7531947445916023,True,True,0.75,0.5400100957049725,3.1392338369155226,wind_stuck_7_days,2012
9676,US-Ne2,US-Ne1,2012-06-08,5.71461924,6.2,6.2,-0.7394343494101874,0.7394343494101874,0.23856404678131088,0.8510021051917442,0.047770195528478526,0.22572323006359105,-0.0054383212952533195,0.23132717058981256,1.1789934717900281,0.3007298572136124,5.460565650589813,True,5.460565650589813,True,5.460565650589813,True,5.460565650589813,True,5.460565650589813,True,5.460565650589813,True,6.2,False,5.645424237942359,5.460565650589813,True,True,0.75,1.0,5.460565650589813,wind_stuck_7_days,2012
9677,US-Ne2,US-Ne1,2012-06-24,7.59349965,7.3,7.3,-0.6681624486088202,0.6681624486088202,0.3289543105420614,0.678349404833666,0.16279113849860533,0.15219486907106267,0.0878002825736602,-0.6681624486088202,1.1789934717900281,0.3007298572136124,6.63183755139118,True,7.3,False,6.63183755139118,True,6.63183755139118,True,6.63183755139118,True,6.63183755139118,True,6.63183755139118,True,6.798878163543384,6.703750206278846,True,True,0.75,0.8923724985781587,6.63183755139118,wind_stuck_7_days,2012
9678,US-Ne2,US-Ne1,2012-07-10,8.08819782,7.3,7.3,-0.02661354977423542,0.02661354977423542,0.2347333588444631,0.6206993773194437,-0.006097391327557754,-0.024013911134129352,0.09298199832659769,-0.026613549774235468,1.1789934717900281,0.3007298572136124,7.273386450225765,True,7.273386450225765,True,7.273386450225765,True,7.3,False,7.3,False,7.3,False,7.273386450225765,True,7.280039837669324,7.273386450225765,True,True,0.75,1.0,7.273386450225765,wind_stuck_7_days,2012
9679,US-Ne2,US-Ne1,2012-07-26,8.24791107,7.3,7.3,-0.5406102448958229,0.5406102448958229,0.15269657936431502,0.6222782386273484,0.17005654104335016,0.17875357873416847,0.09298199832659769,-0.5406102448958228,1.1789934717900281,0.3007298572136124,6.759389755104177,True,6.759389755104177,True,6.759389755104177,True,6.759389755104177,True,6.759389755104177,True,6.759389755104177,True,6.759389755104177,True,6.894542316328133,6.759389755104177,True,True,0.75,1.0,6.759389755104177,wind_stuck_7_days,2012
9680,US-Ne2,US-Ne1,2012-08-27,3.79322156,4.2,4.2,-0.33446412469394027,0.33446412469394027,0.08221163432516652,0.42147132908168794,0.07573841526541808,0.108283307245778,0.0474026919098751,0.33446412469394027,1.1789934717900281,0.3007298572136124,3.86553587530606,True,3.86553587530606,True,3.86553587530606,True,3.86553587530606,True,3.86553587530606,True,3.86553587530606,True,3.86553587530606,True,3.949151906479545,3.9261334567065362,True,True,0.75,0.8188218797578733,3.86553587530606,wind_stuck_7_days,2012
9681,US-Ne2,US-Ne1,2012-10-14,3.24366216,0.8,0.8,0.5864035376080462,0.5864035376080462,0.1393711228573316,0.5332250583719093,0.030646987635317053,0.016366510128800284,-0.10217442331962993,0.5864035376080463,1.1789934717900281,0.3007298572136124,1.3864035376080461,True,1.3864035376080461,True,1.3864035376080461,True,1.3864035376080461,True,1.3864035376080461,True,1.3864035376080461,True,0.8,False,1.2398026532060347,1.1929520217531375,True,True,0.75,0.6701051350337994,1.3864035376080461,wind_stuck_7_days,2012
9682,US-Ne2,US-Ne1,2012-11-15,0.7271237,0.7,0.7,-0.0633382998182974,0.0633382998182974,0.08582753433622232,0.2942724680746351,0.009077971366883736,0.009746290049568155,-0.0014162647146922368,-0.0633382998182974,1.1789934717900281,0.3007298572136124,0.6366617001817025,True,0.6366617001817025,True,0.6366617001817025,True,0.6366617001817025,True,0.6366617001817025,True,0.6366617001817025,True,0.7,False,0.652496275136277,0.6366617001817025,True,True,0.75,1.0,0.6366617001817025,wind_stuck_7_days,2012
9994,US-Ne3,US-Ne1,2012-01-16,0.25293091,0.3,0.3,0.28605918436624883,0.28605918436624883,0.07179107812517403,0.3756239270314704,0.01157262124436405,0.022143750066089783,-0.010136547658172066,-0.28605918436624883,1.1789934717900281,0.3007298572136124,0.5860591843662488,True,0.5860591843662488,True,0.5860591843662488,True,0.5860591843662488,True,0.5860591843662488,True,0.5860591843662488,True,0.3,False,0.5145443882746866,0.49375614323674194,True,True,0.75,0.6773288669825439,0.5860591843662488,wind_stuck_7_days,2012
9995,US-Ne3,US-Ne1,2012-03-04,0.85526964,0.2,0.2,0.6988825034501002,0.6988825034501002,0.0975505352595123,0.40346856130592634,0.18501314556028453,0.19352550444791045,-0.10217442331962993,0.6116567765498998,1.1789934717900281,0.3007298572136124,0.8988825034501002,True,0.8988825034501002,True,0.8988825034501002,True,0.8988825034501002,True,0.8988825034501002,True,0.8988825034501002,True,0.2,False,0.7241618775875751,0.8988825034501002,True,True,0.75,1.0,0.8988825034501002,wind_stuck_7_days,2012
9996,US-Ne3,US-Ne1,2012-04-05,1.43597093,1.3,1.3,0.25788302093909204,0.25788302093909204,0.08626083865723423,0.3622997107320026,0.01317453485404392,0.016110733589087444,1.99792235835803e-05,0.014058839060908046,1.1789934717900281,0.3007298572136124,1.5578830209390921,True,1.5578830209390921,True,1.5578830209390921,True,1.5578830209390921,True,1.5578830209390921,True,1.5578830209390921,True,1.5578830209390921,True,1.4934122657043192,1.453137211872573,True,True,0.75,0.5938243290113372,1.5578830209390921,wind_stuck_7_days,2012
9997,US-Ne3,US-Ne1,2012-04-21,1.67630608,1.1,1.1,0.22763057349641574,0.22763057349641574,0.09010268817078312,0.298666975258049,0.01317453485404392,0.016110733589087444,1.99792235835803e-05,0.22763057349641574,1.1789934717900281,0.3007298572136124,1.3276305734964158,True,1.3276305734964158,True,1.3276305734964158,True,1.3276305734964158,True,1.3276305734964158,True,1.3276305734964158,True,1.3276305734964158,True,1.270722930122312,1.272753193668129,True,True,0.75,0.7589191162445011,1.3276305734964158,wind_stuck_7_days,2012
9998,US-Ne3,US-Ne1,2012-05-07,3.94117044,1.0,1.0,1.1008272094150144,1.1008272094150144,0.1634031896435792,0.5717359807883499,0.012159120108275759,-0.026729964760858822,-0.014010564410262064,1.1008272094150144,1.1789934717900281,0.3007298572136124,2.1008272094150144,True,2.1008272094150144,True,2.1008272094150144,True,2.1008272094150144,True,2.1008272094150144,True,1.0,False,1.0,False,1.825620407061261,1.4976824082489422,True,True,0.75,0.4520985709586641,2.1008272094150144,wind_stuck_7_days,2012
9999,US-Ne3,US-Ne1,2012-06-08,1.78614222,1.8,1.8,0.47590788083476204,0.47590788083476204,0.18556506552205748,0.6198613580374306,0.11957880069355162,0.1121079601598017,-0.0033875547847031957,-0.47590788083476204,1.1789934717900281,0.3007298572136124,2.275907880834762,True,2.275907880834762,True,2.275907880834762,True,2.275907880834762,True,2.275907880834762,True,2.275907880834762,True,1.8,False,2.1569309106260715,2.114367204442669,True,True,0.75,0.660563140688606,2.275907880834762,wind_stuck_7_days,2012
10000,US-Ne3,US-Ne1,2012-06-24,4.89050375,3.7,3.7,-1.3435840254334894,1.3435840254334894,0.23112888942895676,0.5426207825753833,0.07022911454448298,0.10205505122711218,0.043137573580312685,-1.3435840254334894,1.1789934717900281,0.3007298572136124,2.3564159745665108,True,2.3564159745665108,True,2.3564159745665108,True,2.3564159745665108,True,2.3564159745665108,True,2.3564159745665108,True,2.3564159745665108,True,2.692311980924883,3.443749796766419,True,True,0.75,0.19072138279621598,2.3564159745665108,wind_stuck_7_days,2012
10001,US-Ne3,US-Ne1,2012-07-10,4.80044648,5.2,5.2,-1.0814360343844378,1.0814360343844378,0.17653166109837093,0.5044782379433516,0.09196751814720272,0.04904678663874512,0.043137573580312685,-0.2823289943844369,1.1789934717900281,0.3007298572136124,4.118563965615563,True,4.118563965615563,True,4.118563965615563,True,4.118563965615563,True,4.118563965615563,True,4.118563965615563,True,4.118563965615563,True,4.388922974211672,4.637863756088922,True,True,0.75,0.5198053569863246,4.118563965615563,wind_stuck_7_days,2012
10002,US-Ne3,US-Ne1,2012-07-26,6.63480751,6.4,6.4,-0.8886022808468006,0.8886022808468006,0.15018956372231917,0.6489524865246701,0.17005654104335016,0.23210380167997038,0.06225480234989144,-0.8886022808468006,1.1789934717900281,0.3007298572136124,5.5113977191532,True,5.5113977191532,True,5.5113977191532,True,5.5113977191532,True,5.5113977191532,True,5.5113977191532,True,5.5113977191532,True,5.7335482893649,5.5113977191532,True,True,0.75,1.0,5.5113977191532,wind_stuck_7_days,2012
10003,US-Ne3,US-Ne1,2012-08-27,5.49619956,4.5,4.5,-0.32815532723019825,0.32815532723019825,0.115432038052669,0.433568150026128,0.06231842584282586,0.05521957738129163,0.0474026919098751,-0.32815532723019825,1.1789934717900281,0.3007298572136124,4.171844672769802,True,4.171844672769802,True,4.171844672769802,True,4.171844672769802,True,4.171844672769802,True,4.171844672769802,True,4.171844672769802,True,4.2538835045773515,4.21357852992918,True,True,0.75,0.8728228564453497,4.171844672769802,wind_stuck_7_days,2012
10004,US-Ne3,US-Ne1,2012-10-14,2.29706983,0.8,0.8,0.6049234025571917,0.6049234025571917,0.14274965001382442,0.5490148505571906,0.030646987635317053,0.003387432708772367,-0.10217442331962993,0.6049234025571917,1.1789934717900281,0.3007298572136124,1.4049234025571917,True,1.4049234025571917,True,1.4049234025571917,True,1.4049234025571917,True,1.4049234025571917,True,1.4049234025571917,True,0.8,False,1.2536925519178939,1.1843626911208958,True,True,0.75,0.6353906783835439,1.4049234025571917,wind_stuck_7_days,2012
10005,US-Ne3,US-Ne1,2012-11-15,0.3455977,0.2,0.2,0.1515726434213342,0.1515726434213342,0.09630537616943954,0.36495898439185737,0.012307878941149812,0.012855870224370304,-0.0014162647146922368,0.1396227565786658,1.1789934717900281,0.3007298572136124,0.3515726434213342,True,0.3515726434213342,True,0.3515726434213342,True,0.3515726434213342,True,0.3515726434213342,True,0.3515726434213342,True,0.2,False,0.31367948256600064,0.3515726434213342,True,True,0.75,1.0,0.3515726434213342,wind_stuck_7_days,2012
10152,US-Oho,US-Oho,2012-08-19,5.25174217,4.2,4.2,-0.6083166391054087,0.6083166391054087,0.24099778714891448,0.523281214417674,0.1308121264240493,0.16344585837185988,0.05806107126710509,-0.6083166391054087,1.1789934717900281,0.3007298572136124,3.5916833608945913,True,3.5916833608945913,True,3.5916833608945913,True,3.5916833608945913,True,3.5916833608945913,True,3.5916833608945913,True,3.5916833608945913,True,3.7437625206709435,3.758248269116432,True,True,0.75,0.7261871572890215,3.5916833608945913,wind_stuck_7_days,2012
10183,US-Ro1,US-Ro1,2012-01-09,0.34231096,0.1,0.1,0.4750441224736062,0.4750441224736062,0.14939894747152263,0.39139144707241413,0.16337920936787467,0.17420700789961055,-0.0014162647146922368,0.009577797526393761,1.1789934717900281,0.3007298572136124,0.5750441224736063,True,0.5750441224736063,True,0.5750441224736063,True,0.5750441224736063,True,0.5750441224736063,True,0.5750441224736063,True,0.1,False,0.45628309185520466,0.44994707670452116,True,True,0.75,0.7366622596703415,0.5750441224736063,wind_stuck_7_days,2012
10184,US-Ro1,US-Ro1,2012-01-18,0.36324605,0.0,0.0,0.48727922718347,0.48727922718347,0.116927399456418,0.522010179332131,0.21788064156162687,0.22095585442145912,-0.010136547658172066,0.23921287281652998,1.1789934717900281,0.3007298572136124,0.48727922718347,True,0.48727922718347,True,0.48727922718347,True,0.48727922718347,True,0.48727922718347,True,0.48727922718347,True,0.0,False,0.3654594203876025,0.48727922718347,True,True,0.75,1.0,0.5060441540864572,wind_stuck_7_days,2012
10185,US-Ro1,US-Ro1,2012-02-19,1.17075601,0.1,0.1,0.5888896545029965,0.5888896545029965,0.09624940777514707,0.40342185965561167,0.18501314556028453,0.19946172443990925,-0.10217442331962993,0.5888896545029965,1.1789934717900281,0.3007298572136124,0.6888896545029964,True,0.6888896545029964,True,0.6888896545029964,True,0.6888896545029964,True,0.6888896545029964,True,0.6888896545029964,True,0.1,False,0.5416672408772474,0.5313239671434703,True,True,0.75,0.7324359730983788,0.6888896545029964,wind_stuck_7_days,2012
10186,US-Ro1,US-Ro1,2012-03-13,2.86716205,1.3,1.3,0.19945386470406629,0.19945386470406629,0.09814794358160515,0.26613945050678234,0.012457995171101955,0.01615584033491076,-0.0014162647146922368,0.19945386470406623,1.1789934717900281,0.3007298572136124,1.4994538647040663,True,1.4994538647040663,True,1.4994538647040663,True,1.4994538647040663,True,1.4994538647040663,True,1.4994538647040663,True,1.3,False,1.4495903985280498,1.4575181737355496,True,True,0.75,0.7897474133643008,1.4994538647040663,wind_stuck_7_days,2012
10187,US-Ro1,US-Ro1,2012-03-29,1.634407,1.6,1.6,0.1128456898704103,0.1128456898704103,0.0919636787475912,0.39164284878654027,0.018580552107447346,0.021336149270429663,0.010678358580813565,-0.04403168987041059,1.1789934717900281,0.3007298572136124,1.7128456898704103,True,1.7128456898704103,True,1.7128456898704103,True,1.7128456898704103,True,1.7128456898704103,True,1.7128456898704103,True,1.7128456898704103,True,1.6846342674028079,1.7128456898704103,True,True,0.75,1.0,1.7128456898704103,wind_stuck_7_days,2012
10188,US-Ro1,US-Ro1,2012-04-14,2.63716213,2.4,2.4,-0.05145363740423352,0.05145363740423352,0.12489634494640864,0.526744505925811,0.010854425451989674,0.01246560186310196,1.99792235835803e-05,-0.05145363740423353,1.1789934717900281,0.3007298572136124,2.3485463625957665,True,2.3485463625957665,True,2.3485463625957665,True,2.3485463625957665,True,2.3485463625957665,True,2.3485463625957665,True,2.3485463625957665,True,2.3614097719468248,2.3485463625957665,True,True,0.75,1.0,2.3485463625957665,wind_stuck_7_days,2012
10189,US-Ro1,US-Ro1,2012-05-25,4.06585915,2.4,2.4,0.3567064228415172,0.3567064228415172,0.18045816113184687,0.40461203504468124,0.02482821185894052,0.027589942732921962,1.99792235835803e-05,0.3567064228415173,1.1789934717900281,0.3007298572136124,2.7567064228415172,True,2.7567064228415172,True,2.7567064228415172,True,2.7567064228415172,True,2.7567064228415172,True,2.7567064228415172,True,2.7567064228415172,True,2.667529817131138,2.663806341837187,True,True,0.75,0.73956151317857,2.7567064228415172,wind_stuck_7_days,2012
10190,US-Ro1,US-Ro1,2012-06-01,1.98686512,1.6,1.6,0.35167085842373647,0.35167085842373647,0.22873326005975436,0.6096705717828129,0.029760465817996434,0.027589942732921962,-0.0033875547847031957,0.35167085842373647,1.1789934717900281,0.3007298572136124,1.9516708584237366,True,1.9516708584237366,True,1.9516708584237366,True,1.9516708584237366,True,1.9516708584237366,True,1.9516708584237366,True,1.6,False,1.8637531438178025,1.8646228988649913,True,True,0.75,0.7524732076211468,1.9516708584237366,wind_stuck_7_days,2012
10191,US-Ro1,US-Ro1,2012-07-03,5.52876168,4.4,4.4,-1.1500417686643694,1.1500417686643694,0.2546834040846983,0.5138138627782363,0.21848793330917984,0.10725629868177311,0.043137573580312685,-1.1500417686643694,1.1789934717900281,0.3007298572136124,3.249958231335631,True,3.249958231335631,True,3.249958231335631,True,3.249958231335631,True,3.249958231335631,True,3.249958231335631,True,3.249958231335631,True,3.5374686735017233,3.7858214678151025,True,True,0.75,0.5340488918921528,3.249958231335631,wind_stuck_7_days,2012
10192,US-Ro1,US-Ro1,2012-08-13,5.38573009,4.4,4.4,-0.027079418080863983,0.027079418080863983,0.13288866881410377,0.36268819497693533,0.008800384554371989,0.0016657182777561439,0.0474026919098751,-0.027079418080864004,1.1789934717900281,0.3007298572136124,4.372920581919137,True,4.372920581919137,True,4.372920581919137,True,4.372920581919137,True,4.372920581919137,True,4.372920581919137,True,4.372920581919137,True,4.379690436439352,4.372920581919137,True,True,0.75,1.0,4.372920581919137,wind_stuck_7_days,2012
10193,US-Ro1,US-Ro1,2012-08-20,5.02012703,4.6,4.6,-1.158311917416459,1.158311917416459,0.15074352565334312,0.5849079283984147,0.10390794629632182,0.10067216408416599,0.043137573580312685,-1.158311917416459,1.1789934717900281,0.3007298572136124,3.441688082583541,True,3.441688082583541,True,3.441688082583541,True,3.441688082583541,True,3.441688082583541,True,3.441688082583541,True,3.441688082583541,True,3.7312660619376556,3.99458840305006,True,True,0.75,0.5226671571335222,3.441688082583541,wind_stuck_7_days,2012
10194,US-Ro1,US-Ro1,2012-08-29,4.92145436,5.6,5.6,-0.06558380918914915,0.06558380918914915,0.25824924984490727,0.5461339668061335,0.0175829787383677,-0.01555523147055427,0.0474026919098751,0.06558380918914919,1.1789934717900281,0.3007298572136124,5.534416190810851,True,5.534416190810851,True,5.534416190810851,True,5.534416190810851,True,5.534416190810851,True,5.6,False,5.534416190810851,True,5.550812143108137,5.534416190810851,True,True,0.75,1.0,5.534416190810851,wind_stuck_7_days,2012
10195,US-Ro1,US-Ro1,2012-09-05,3.63143043,3.8,3.8,-0.18698101631220077,0.18698101631220077,0.14623737014169905,0.5048608010779775,0.03010211972209015,0.029297342569878773,0.0474026919098751,0.1501581236877989,1.1789934717900281,0.3007298572136124,3.613018983687799,True,3.613018983687799,True,3.613018983687799,True,3.613018983687799,True,3.613018983687799,True,3.613018983687799,True,3.613018983687799,True,3.6597642377658492,3.635946052674014,True,True,0.75,0.8773829052895187,3.613018983687799,wind_stuck_7_days,2012
10196,US-Ro1,US-Ro1,2012-09-14,0.85182354,1.8,1.8,-0.4058944184989525,0.4058944184989525,0.14623484077527482,0.5285728281814626,0.06437246674044356,0.06601946096663742,-0.0014162647146922368,0.4058944184989526,1.1789934717900281,0.3007298572136124,1.3941055815010475,True,1.3941055815010475,True,1.3941055815010475,True,1.3941055815010475,True,1.3941055815010475,True,1.3941055815010475,True,1.8,False,1.4955791861257857,1.484027855549413,True,True,0.75,0.7784589539789455,1.3941055815010475,wind_stuck_7_days,2012
10197,US-Ro1,US-Ro1,2012-09-30,0.16941805,0.6,0.6,0.02132195244737759,0.02132195244737759,0.1361670569203531,0.43680972776534377,0.009077971366883736,0.009746290049568155,-0.0014162647146922368,-0.021321952447377612,1.1789934717900281,0.3007298572136124,0.6213219524473775,True,0.6213219524473775,True,0.6213219524473775,True,0.6213219524473775,True,0.6213219524473775,True,0.6213219524473775,True,0.6,False,0.6159914643355332,0.6213219524473775,True,True,0.75,1.0,0.6213219524473775,wind_stuck_7_days,2012
10198,US-Ro1,US-Ro1,2012-10-07,0.16368632,0.6,0.6,0.26008892195757066,0.26008892195757066,0.15960576457956663,0.476721459859158,0.0034297340019795366,-0.005506501268626551,-0.0014162647146922368,-0.26008892195757066,1.1789934717900281,0.3007298572136124,0.8600889219575707,True,0.8600889219575707,True,0.8600889219575707,True,0.8600889219575707,True,0.8600889219575707,True,0.6,False,0.6,False,0.795066691468178,0.7544471295647364,True,True,0.75,0.5938243290113372,0.8600889219575707,wind_stuck_7_days,2012
10908,US-SCg,US-SCg,2012-01-04,0.60328877,0.1,0.1,0.9469612460050463,0.9469612460050463,0.32126035421190263,0.8935627029722399,0.01492707587282291,0.025788819997290404,-0.2382547063235368,0.05961629399495383,1.1789934717900281,0.3007298572136124,1.0469612460050464,True,0.1,False,1.0469612460050464,True,1.0469612460050464,True,1.0469612460050464,True,1.0469612460050464,True,0.1,False,0.8102209345037846,0.5350259000570775,True,True,0.75,0.4593914501700308,1.0469612460050464,wind_stuck_7_days,2012
10909,US-SCg,US-SCg,2012-01-20,0.55869432,0.5,0.5,0.21825691585719667,0.21825691585719667,0.14548456622021647,0.5262380587543374,0.006659641576245612,-0.0023969210938244055,-0.0014162647146922368,-0.10086827585719674,1.1789934717900281,0.3007298572136124,0.7182569158571966,True,0.7182569158571966,True,0.7182569158571966,True,0.7182569158571966,True,0.7182569158571966,True,0.5,False,0.5,False,0.6636926868928975,0.6797613467181537,True,True,0.75,0.8236226834423417,0.7182569158571966,wind_stuck_7_days,2012
10910,US-SCg,US-SCg,2012-02-05,0.8308019,0.6,0.6,0.3291379003531863,0.3291379003531863,0.06450041151806808,0.39952689557406484,0.020072793765778127,0.018951785295235883,-0.0014162647146922368,0.1324658996468137,1.1789934717900281,0.3007298572136124,0.9291379003531863,True,0.9291379003531863,True,0.9291379003531863,True,0.9291379003531863,True,0.9291379003531863,True,0.9291379003531863,True,0.6,False,0.8468534252648897,0.8754044094638114,True,True,0.75,0.8367447479256709,0.9291379003531863,wind_stuck_7_days,2012
10911,US-SCg,US-SCg,2012-02-21,0.94688078,0.2,0.2,0.5475126296213346,0.5475126296213346,0.16078820871711139,0.5363459742166997,0.18501314556028453,0.20403551447663,-0.06961774485315868,0.5475126296213346,1.1789934717900281,0.3007298572136124,0.7475126296213346,True,0.7475126296213346,True,0.7475126296213346,True,0.7475126296213346,True,0.7475126296213346,True,0.7475126296213346,True,0.2,False,0.610634472216001,0.6696627454900539,True,True,0.75,0.8578117107816808,0.7475126296213346,wind_stuck_7_days,2012
10912,US-SCg,US-SCg,2012-03-08,0.98265153,0.4,0.4,-0.014776687690961937,0.014776687690961937,0.12904259847925656,0.35748980141185355,0.025389834008693782,0.026686603274853282,1.99792235835803e-05,-0.014776687690961965,1.1789934717900281,0.3007298572136124,0.38522331230903806,True,0.38522331230903806,True,0.38522331230903806,True,0.38522331230903806,True,0.38522331230903806,True,0.38522331230903806,True,0.38522331230903806,True,0.3889174842317786,0.38522331230903806,True,True,0.75,1.0,0.38522331230903806,wind_stuck_7_days,2012
10913,US-SCg,US-SCg,2012-03-15,0.63220926,1.5,1.5,0.30749877221388067,0.30749877221388067,0.17213759506637175,0.44328038770037137,0.015083411006876135,0.018951785295235883,-0.0014162647146922368,-0.30749877221388067,1.1789934717900281,0.3007298572136124,1.8074987722138807,True,1.8074987722138807,True,1.8074987722138807,True,1.8074987722138807,True,1.8074987722138807,True,1.8074987722138807,True,1.5,False,1.7306240791604104,1.7915737299009056,True,True,0.75,0.9482110377276614,1.8074987722138807,wind_stuck_7_days,2012
10914,US-SCg,US-SCg,2012-04-16,1.86151878,2.1,2.1,0.0658450964241043,0.0658450964241043,0.1271922834682301,0.501895567088293,0.010854425451989674,0.01246560186310196,1.99792235835803e-05,-0.0658450964241043,1.1789934717900281,0.3007298572136124,2.1658450964241043,True,2.1658450964241043,True,2.1658450964241043,True,2.1658450964241043,True,2.1658450964241043,True,2.1658450964241043,True,2.1658450964241043,True,2.1493838223180783,2.1658450964241043,True,True,0.75,1.0,2.1658450964241043,wind_stuck_7_days,2012
10915,US-SCg,US-SCg,2012-05-11,0.89191575,1.3,1.3,0.17291614319638718,0.17291614319638718,0.20322546727431834,0.3649125058711735,0.005865042693087683,0.01246560186310196,1.99792235835803e-05,-0.17291614319638715,1.1789934717900281,0.3007298572136124,1.4729161431963873,True,1.4729161431963873,True,1.4729161431963873,True,1.4729161431963873,True,1.4729161431963873,True,1.4729161431963873,True,1.4729161431963873,True,1.4296871073972905,1.4729161431963873,True,True,0.75,1.0,1.4729161431963873,wind_stuck_7_days,2012
10916,US-SCg,US-SCg,2012-06-28,1.09742463,0.7,0.7,0.19569567252405218,0.19569567252405218,0.19858393177893552,0.4882779100100401,0.016739481481182514,0.018148443847529182,1.99792235835803e-05,0.19569567252405218,1.1789934717900281,0.3007298572136124,0.8956956725240521,True,0.8956956725240521,True,0.8956956725240521,True,0.8956956725240521,True,0.8956956725240521,True,0.8956956725240521,True,0.8956956725240521,True,0.8467717543930391,0.8625024518807809,True,True,0.75,0.8303834713606576,0.8956956725240521,wind_stuck_7_days,2012
10917,US-SCg,US-SCg,2012-07-14,0.98495091,2.5,2.5,-0.6535552911046564,0.6535552911046564,0.1566639221934352,0.5231977045028492,0.10890051074211224,0.10792504326940487,1.99792235835803e-05,0.6535552911046564,1.1789934717900281,0.3007298572136124,1.8464447088953437,True,1.8464447088953437,True,1.8464447088953437,True,1.8464447088953437,True,1.8464447088953437,True,1.8464447088953437,True,1.8464447088953437,True,2.0098335316715077,2.0590226227630293,True,True,0.75,0.6747361443461338,1.8464447088953437,wind_stuck_7_days,2012
10918,US-SCg,US-SCg,2012-07-21,0.74330036,0.8,0.8,-0.38926995659461266,0.38926995659461266,0.12576476333861009,0.42122440440004255,0.051607692262014324,0.05823028673527276,1.99792235835803e-05,-0.27587067659461256,1.1789934717900281,0.3007298572136124,0.4107300434053874,True,0.4107300434053874,True,0.4107300434053874,True,0.4107300434053874,True,0.4107300434053874,True,0.4107300434053874,True,0.4107300434053874,True,0.5080475325540406,0.47505111798979693,True,True,0.75,0.8347648630603317,0.4107300434053874,wind_stuck_7_days,2012
10919,US-SCg,US-SCg,2012-07-30,0.53551938,1.3,1.3,-0.6260270181121153,0.6260270181121153,0.11600128185500855,0.3378272006320448,0.1056610530758309,0.10756250392304803,1.99792235835803e-05,0.6260270181121153,1.1789934717900281,0.3007298572136124,0.6739729818878848,True,0.6739729818878848,True,0.6739729818878848,True,0.6739729818878848,True,0.6739729818878848,True,0.6739729818878848,True,0.6739729818878848,True,0.8304797364159135,0.8332289327323972,True,True,0.75,0.7456085021301888,0.6739729818878848,wind_stuck_7_days,2012
10920,US-SCg,US-SCg,2012-08-15,-0.07839312,0.8,0.8,-0.3621732183320424,0.3621732183320424,0.09045171902965975,0.4381204405658613,0.051607692262014324,0.05823028673527276,1.99792235835803e-05,0.3621732183320424,1.1789934717900281,0.3007298572136124,0.43782678166795763,True,0.43782678166795763,True,0.43782678166795763,True,0.43782678166795763,True,0.43782678166795763,True,0.43782678166795763,True,0.43782678166795763,True,0.5283700862509683,0.44587257895435706,True,True,0.75,0.977784670762091,0.43782678166795763,wind_stuck_7_days,2012
10921,US-SCg,US-SCg,2012-08-31,-0.26643138,0.1,0.1,0.6139239898516531,0.6139239898516531,0.16078885435535437,0.5424415538623846,0.2006572616526492,0.21786624752711298,-0.014085236775765215,-0.6139239898516531,1.1789934717900281,0.3007298572136124,0.7139239898516531,True,0.7139239898516531,True,0.7139239898516531,True,0.7139239898516531,True,0.7139239898516531,True,0.7139239898516531,True,0.1,False,0.5604429923887398,0.5196983037670724,True,True,0.75,0.6836323562929788,0.7139239898516531,wind_stuck_7_days,2012
10922,US-SCg,US-SCg,2012-09-07,0.36250423,1.0,1.0,-0.07116587286365846,0.07116587286365846,0.13520829392806516,0.4294323777288402,0.010854425451989674,0.01246560186310196,1.99792235835803e-05,0.0711658728636585,1.1789934717900281,0.3007298572136124,0.9288341271363415,True,0.9288341271363415,True,0.9288341271363415,True,0.9288341271363415,True,0.9288341271363415,True,0.9288341271363415,True,0.9288341271363415,True,0.9466255953522562,0.9288341271363415,True,True,0.75,1.0,0.9288341271363415,wind_stuck_7_days,2012
10923,US-SCg,US-SCg,2012-09-16,-0.06621484,0.5,0.5,-0.011526869621278241,0.011526869621278241,0.14486886641255892,0.4503304105611436,0.02795199503351448,0.020639137443859687,1.99792235835803e-05,0.011526869621278246,1.1789934717900281,0.3007298572136124,0.48847313037872175,True,0.48847313037872175,True,0.48847313037872175,True,0.48847313037872175,True,0.48847313037872175,True,0.48847313037872175,True,0.48847313037872175,True,0.4913548477840413,0.48847313037872175,True,True,0.75,1.0,0.48847313037872175,wind_stuck_7_days,2012
10924,US-SCg,US-SCg,2012-10-02,0.26511401,0.2,0.2,0.06727121616471635,0.06727121616471635,0.22011077332232434,0.7770191240550484,0.019145967399338614,0.012332646802222876,-0.06605733692610179,0.06295680383528365,1.1789934717900281,0.3007298572136124,0.2672712161647164,True,0.2672712161647164,True,0.2672712161647164,True,0.2672712161647164,True,0.2672712161647164,True,0.2672712161647164,True,0.2,False,0.2504534121235373,0.2672712161647164,True,True,0.75,1.0,0.2672712161647164,wind_stuck_7_days,2012
10925,US-SCg,US-SCg,2012-10-25,0.44154221,0.0,0.0,0.2567706445655583,0.2567706445655583,0.11732315715077497,0.5117155375799697,0.05591755038080288,0.05855658472460813,1.99792235835803e-05,0.2567706445655583,1.1789934717900281,0.3007298572136124,0.2567706445655583,True,0.2567706445655583,True,0.2567706445655583,True,0.2567706445655583,True,0.2567706445655583,True,0.2567706445655583,True,0.2567706445655583,True,0.19257798342416874,0.22380786515396106,True,True,0.75,0.8716255922970928,0.2567706445655583,wind_stuck_7_days,2012
10926,US-SCg,US-SCg,2012-11-03,0.07741946,0.1,0.1,-0.09198937985594507,0.09198937985594507,0.13865222454525714,0.4724193851183795,0.013972598577542695,0.012855870224370304,-0.0014162647146922368,-0.046828299855945055,1.1789934717900281,0.3007298572136124,0.00801062014405493,True,0.00801062014405493,True,0.00801062014405493,True,0.00801062014405493,True,0.00801062014405493,True,0.00801062014405493,True,0.1,False,0.0310079651080412,0.00801062014405493,True,True,0.75,1.0,0.00801062014405493,wind_stuck_7_days,2012
10927,US-SCg,US-SCg,2012-12-21,0.7756259,0.1,0.1,0.1730774176046345,0.1730774176046345,0.06850444726712351,0.34294075662680656,0.012307878941149812,0.012855870224370304,-0.0014162647146922368,0.17307741760463446,1.1789934717900281,0.3007298572136124,0.2730774176046345,True,0.2730774176046345,True,0.2730774176046345,True,0.2730774176046345,True,0.2730774176046345,True,0.2730774176046345,True,0.1,False,0.22980806320347588,0.2730774176046345,True,True,0.75,1.0,0.2730774176046345,wind_stuck_7_days,2012
10928,US-SCg,US-SCg,2012-12-28,1.06885708,0.1,0.1,0.23989547210722167,0.23989547210722167,0.16201867535005227,0.4316124654301632,0.02305005437946055,0.023315268943386903,-0.0014162647146922368,0.23989547210722162,1.1789934717900281,0.3007298572136124,0.3398954721072217,True,0.3398954721072217,True,0.3398954721072217,True,0.3398954721072217,True,0.3398954721072217,True,0.3398954721072217,True,0.1,False,0.2799216040804162,0.3381793736489037,True,True,0.75,0.9928464741612507,0.3398954721072217,wind_stuck_7_days,2012
11241,US-SCs,US-SCg,2012-01-04,1.26211132,0.2,0.2,0.9151617718457444,0.9151617718457444,0.31666202644795965,0.8718061970447708,0.0866409455828193,0.03871517232928502,-0.2382547063235368,0.9151617718457444,1.1789934717900281,0.3007298572136124,1.1151617718457445,True,0.2,False,1.1151617718457445,True,1.1151617718457445,True,1.1151617718457445,True,1.1151617718457445,True,0.2,False,0.8863713288843083,0.6581794266920549,True,True,0.75,0.5006540272852257,1.1151617718457445,wind_stuck_7_days,2012
11242,US-SCs,US-SCg,2012-01-20,0.45743828,1.1,1.1,-0.034123046974044724,0.034123046974044724,0.1893209787243732,0.5163596428160622,0.009020842567037663,0.009746290049568155,-0.0014162647146922368,0.03412304697404467,1.1789934717900281,0.3007298572136124,1.0658769530259553,True,1.0658769530259553,True,1.0658769530259553,True,1.0658769530259553,True,1.0658769530259553,True,1.0658769530259553,True,1.1,False,1.0744077147694666,1.0658769530259553,True,True,0.75,1.0,1.0658769530259553,wind_stuck_7_days,2012
11243,US-SCs,US-SCg,2012-02-05,1.32602016,1.4,1.4,-1.7896115343518648e-05,1.7896115343518648e-05,0.099998887217817,0.4999618590323659,0.009077971366883736,0.009746290049568155,-0.0014162647146922368,1.7896115343515873e-05,1.1789934717900281,0.3007298572136124,1.3999821038846565,True,1.3999821038846565,True,1.3999821038846565,True,1.3999821038846565,True,1.3999821038846565,True,1.3999821038846565,True,1.4,False,1.3999865779134923,1.3999821038846565,True,True,0.75,1.0,1.3999821038846565,wind_stuck_7_days,2012
11244,US-SCs,US-SCg,2012-02-21,1.32303957,0.9,0.9,0.27018582280705095,0.27018582280705095,0.16214365837502262,0.45333087845920794,0.0034297340019795366,0.007472576151401361,-0.0014162647146922368,0.27018582280705095,1.1789934717900281,0.3007298572136124,1.170185822807051,True,1.170185822807051,True,1.170185822807051,True,1.170185822807051,True,1.170185822807051,True,1.170185822807051,True,0.9,False,1.1026393671052883,1.0574522520091507,True,True,0.75,0.5827554176356352,1.170185822807051,wind_stuck_7_days,2012
11245,US-SCs,US-SCg,2012-03-08,1.24501282,1.7,1.7,-0.5580892905826451,0.5580892905826451,0.11388949753474117,0.3885667164849565,0.11842582755426015,0.11985568426302981,1.99792235835803e-05,0.351885069417355,1.1789934717900281,0.3007298572136124,1.1419107094173548,True,1.1419107094173548,True,1.1419107094173548,True,1.1419107094173548,True,1.1419107094173548,True,1.1419107094173548,True,1.1419107094173548,True,1.281433032063016,1.2822254940866775,True,True,0.75,0.7485800443817259,1.1419107094173548,wind_stuck_7_days,2012
11246,US-SCs,US-SCg,2012-03-15,0.78515156,3.1,3.1,-0.5775128617260634,0.5775128617260634,0.14846569978895788,0.35621095263489944,0.11842582755426015,0.11985568426302981,-0.0014162647146922368,0.5775128617260634,1.1789934717900281,0.3007298572136124,2.5224871382739367,True,2.5224871382739367,True,2.5224871382739367,True,2.5224871382739367,True,2.5224871382739367,True,2.5224871382739367,True,3.1,False,2.6668653537054525,2.6922729832346715,True,True,0.75,0.706005084539103,2.5224871382739367,wind_stuck_7_days,2012
11247,US-SCs,US-SCg,2012-04-09,2.55533066,3.2,3.2,-0.3513680379473253,0.3513680379473253,0.10201673730126931,0.4859101128236388,0.06437246674044356,0.06601946096663742,1.99792235835803e-05,0.3513680379473253,1.1789934717900281,0.3007298572136124,2.848631962052675,True,2.848631962052675,True,2.848631962052675,True,2.848631962052675,True,2.848631962052675,True,2.848631962052675,True,2.848631962052675,True,2.936473971539506,2.9430096167718935,True,True,0.75,0.731399431574459,2.848631962052675,wind_stuck_7_days,2012
11248,US-SCs,US-SCg,2012-04-16,2.88099087,3.7,3.7,-0.5800846368078865,0.5800846368078865,0.1082448103393435,0.304809753059544,0.11842582755426015,0.11985568426302981,0.0474026919098751,0.5800846368078865,1.1789934717900281,0.3007298572136124,3.1199153631921135,True,3.1199153631921135,True,3.1199153631921135,True,3.1199153631921135,True,3.1199153631921135,True,3.1199153631921135,True,3.1199153631921135,True,3.2649365223940854,3.2970505312880674,True,True,0.75,0.69463909771736,3.1199153631921135,wind_stuck_7_days,2012
11249,US-SCs,US-SCg,2012-05-11,1.71785626,4.5,4.5,-1.2399235827111623,1.2399235827111623,0.12886243844812623,0.299531605340014,0.022760789674561268,0.20114819641168524,0.043137573580312685,1.2399235827111623,1.1789934717900281,0.3007298572136124,3.260076417288838,True,3.260076417288838,True,3.260076417288838,True,3.260076417288838,True,3.260076417288838,True,3.260076417288838,True,3.260076417288838,True,3.570057312966628,4.0116016989688354,True,True,0.75,0.39389387204270654,3.260076417288838,wind_stuck_7_days,2012
11250,US-SCs,US-SCg,2012-06-12,0.93756406,4.9,4.9,-0.9998208207233035,0.9998208207233035,0.17683496801994514,0.4071621357185894,0.07295071831990449,0.023611401139377725,0.043137573580312685,0.9998208207233037,1.1789934717900281,0.3007298572136124,3.900179179276697,True,3.900179179276697,True,3.900179179276697,True,3.900179179276697,True,3.900179179276697,True,3.900179179276697,True,3.900179179276697,True,4.150134384457523,4.28396635911503,True,True,0.75,0.6161440411286009,3.900179179276697,wind_stuck_7_days,2012
11251,US-SCs,US-SCg,2012-06-19,0.70077982,4.0,4.0,-1.2617173039455816,1.2617173039455816,0.15601609162152535,0.38406857477564504,0.03321894978542118,0.033395862919773846,0.043137573580312685,1.2617173039455816,1.1789934717900281,0.3007298572136124,2.7382826960544184,True,2.7382826960544184,True,2.7382826960544184,True,2.7382826960544184,True,2.7382826960544184,True,2.7382826960544184,True,2.7382826960544184,True,3.0537120220408136,3.214550503174511,True,True,0.75,0.6225241536826589,2.7382826960544184,wind_stuck_7_days,2012
11252,US-SCs,US-SCg,2012-06-28,0.91517894,4.1,4.1,-1.301514596158198,1.301514596158198,0.2020567035891099,0.3375351856392072,0.05737763488194936,0.21259154004168315,0.043137573580312685,1.301514596158198,1.1789934717900281,0.3007298572136124,2.7984854038418017,True,2.7984854038418017,True,2.7984854038418017,True,2.7984854038418017,True,2.7984854038418017,True,2.7984854038418017,True,2.7984854038418017,True,3.123864052881351,3.3414605240186654,True,True,0.75,0.5828128844811927,2.7984854038418017,wind_stuck_7_days,2012
11253,US-SCs,US-SCg,2012-07-14,1.28307202,4.6,4.6,-0.8534539064433788,0.8534539064433788,0.2731422252329501,0.4132025696174736,0.1674410228662166,0.10827307056501473,0.05222487987369056,0.8534539064433786,1.1789934717900281,0.3007298572136124,3.7465460935566206,True,3.7465460935566206,True,3.7465460935566206,True,3.7465460935566206,True,3.7465460935566206,True,3.7465460935566206,True,3.7465460935566206,True,3.959909570167466,3.8188262793621788,True,True,0.75,0.9153086238637383,3.7465460935566206,wind_stuck_7_days,2012
11254,US-SCs,US-SCg,2012-07-21,0.98279076,2.1,2.1,-1.3663557829975719,1.3663557829975719,0.18852280447460196,0.36099357912449764,-0.08793711716556987,-0.09537614824885395,-0.1966049648032438,0.8680626970024286,1.1789934717900281,0.3007298572136124,0.7336442170024282,True,0.7336442170024282,True,0.7336442170024282,True,2.1,False,2.1,False,2.1,False,2.1,False,1.0752331627518212,1.6692138189634291,True,True,0.75,0.31528111960085026,0.7336442170024282,wind_stuck_7_days,2012
11255,US-SCs,US-SCg,2012-07-30,0.67161423,4.0,4.0,-1.6330570527407187,1.6330570527407187,0.23839061848896886,0.35313321421537464,0.11021229030333987,0.030695517314989016,-0.054161648206969115,1.6330570527407187,1.1789934717900281,0.3007298572136124,2.3669429472592816,True,2.3669429472592816,True,2.3669429472592816,True,2.3669429472592816,True,2.3669429472592816,True,2.3669429472592816,True,4.0,False,2.775207210444461,3.354799718185202,True,True,0.75,0.39508741028488553,2.3669429472592816,wind_stuck_7_days,2012
11256,US-SCs,US-SCg,2012-08-06,0.70677625,2.7,2.7,-1.563577717094303,1.563577717094303,0.19187947027238467,0.3973934298016533,-0.16201038211338464,-0.17950483181250734,-0.4212185238318844,1.563577717094303,1.1789934717900281,0.3007298572136124,1.1364222829056971,True,1.1364222829056971,True,1.1364222829056971,True,2.7,False,2.7,False,2.7,False,2.7,False,1.5273167121792728,2.394429349219407,True,True,0.75,0.1954304205284114,1.1364222829056971,wind_stuck_7_days,2012
11257,US-SCs,US-SCg,2012-08-15,0.36758829,2.0,2.0,-1.0360509452185152,1.0360509452185152,0.12327339207811615,0.37849835655040887,0.034824928408411455,0.037493311747920255,-0.1099630507962588,1.0360509452185152,1.1789934717900281,0.3007298572136124,0.9639490547814848,True,0.9639490547814848,True,0.9639490547814848,True,0.9639490547814848,True,0.9639490547814848,True,0.9639490547814848,True,2.0,False,1.2229617910861137,1.6828657310574775,True,True,0.75,0.3060991068114273,0.9639490547814848,wind_stuck_7_days,2012
11258,US-SCs,US-SCg,2012-08-31,0.21127242,1.9,1.9,-0.29306045100402683,0.29306045100402683,0.18162998099895467,0.3635208583126547,0.028492760767406387,0.03570689285522138,1.99792235835803e-05,0.2930604510040269,1.1789934717900281,0.3007298572136124,1.606939548995973,True,1.606939548995973,True,1.606939548995973,True,1.606939548995973,True,1.606939548995973,True,1.606939548995973,True,1.606939548995973,True,1.6802046617469797,1.6974283190819794,True,True,0.75,0.6912283121929574,1.606939548995973,wind_stuck_7_days,2012
11259,US-SCs,US-SCg,2012-09-07,0.4742963,2.0,2.0,-0.5094422268828053,0.5094422268828053,0.11328237725168563,0.3330414480466389,0.11842582755426015,0.11985568426302981,1.99792235835803e-05,0.5094422268828052,1.1789934717900281,0.3007298572136124,1.4905577731171946,True,1.4905577731171946,True,1.4905577731171946,True,1.4905577731171946,True,1.4905577731171946,True,1.4905577731171946,True,1.4905577731171946,True,1.617918329837896,1.5387694282960016,True,True,0.75,0.9053638417965346,1.4905577731171946,wind_stuck_7_days,2012
11260,US-SCs,US-SCg,2012-09-16,-0.05612707,2.0,2.0,-0.49633228884777036,0.49633228884777036,0.141133365022355,0.46004495925895794,0.1056610530758309,0.10800064821477716,1.99792235835803e-05,0.49633228884777036,1.1789934717900281,0.3007298572136124,1.5036677111522296,True,1.5036677111522296,True,1.5036677111522296,True,1.5036677111522296,True,1.5036677111522296,True,1.5036677111522296,True,1.5036677111522296,True,1.6277507833641722,1.5363657229696068,True,True,0.75,0.9341207240550777,1.5036677111522296,wind_stuck_7_days,2012
11261,US-SCs,US-SCg,2012-09-23,0.65624643,1.4,1.4,-0.4278693187845589,0.4278693187845589,0.12280321181857573,0.39316162486044653,0.06437246674044356,0.06601946096663742,1.99792235835803e-05,0.4278693187845589,1.1789934717900281,0.3007298572136124,0.972130681215441,True,0.972130681215441,True,0.972130681215441,True,0.972130681215441,True,0.972130681215441,True,0.972130681215441,True,0.972130681215441,True,1.0790980109115806,1.1036896256927293,True,True,0.75,0.6925254074047522,0.972130681215441,wind_stuck_7_days,2012
11262,US-SCs,US-SCg,2012-10-02,0.08642938,1.9,1.9,-0.08125328071955346,0.08125328071955346,0.28721149630126963,0.7806809385342386,0.012354045793812699,-0.0018883546095284447,-0.06116564044887857,0.0812532807195534,1.1789934717900281,0.3007298572136124,1.8187467192804465,True,1.8187467192804465,True,1.8187467192804465,True,1.8187467192804465,True,1.8187467192804465,True,1.9,False,1.9,False,1.839060039460335,1.8187467192804465,True,True,0.75,1.0,1.8187467192804465,wind_stuck_7_days,2012
11263,US-SCs,US-SCg,2012-10-09,0.47143076,1.0,1.0,-0.39429792296376887,0.39429792296376887,0.15783416817229898,0.41318980952022405,0.06437246674044356,0.06601946096663742,-0.0014162647146922368,0.39429792296376887,1.1789934717900281,0.3007298572136124,0.6057020770362311,True,0.6057020770362311,True,0.6057020770362311,True,0.6057020770362311,True,0.6057020770362311,True,0.6057020770362311,True,1.0,False,0.7042765577771734,0.6736804517026955,True,True,0.75,0.8275964170556619,0.6057020770362311,wind_stuck_7_days,2012
11264,US-SCs,US-SCg,2012-10-25,0.70906001,1.3,1.3,-0.42027559649332746,0.42027559649332746,0.12836516976065548,0.4216722994421215,0.06437246674044356,0.06601946096663742,1.99792235835803e-05,0.42027559649332746,1.1789934717900281,0.3007298572136124,0.8797244035066726,True,0.8797244035066726,True,0.8797244035066726,True,0.8797244035066726,True,0.8797244035066726,True,0.8797244035066726,True,0.8797244035066726,True,0.9847933026300044,0.9927374917019635,True,True,0.75,0.7310976674871362,0.8797244035066726,wind_stuck_7_days,2012
11265,US-SCs,US-SCg,2012-11-03,0.6620074,0.5,0.5,-0.22280173070290865,0.22280173070290865,0.13440301388105497,0.4823495137609754,0.035450169375104694,0.036439921131917304,-0.0014162647146922368,-0.22280173070290865,1.1789934717900281,0.3007298572136124,0.27719826929709135,True,0.27719826929709135,True,0.27719826929709135,True,0.27719826929709135,True,0.27719826929709135,True,0.27719826929709135,True,0.5,False,0.3328987019728185,0.32053549570466716,True,True,0.75,0.8054897227644827,0.27719826929709135,wind_stuck_7_days,2012
11266,US-SCs,US-SCg,2012-11-19,0.60429889,0.9,0.9,-0.03147229212124,0.03147229212124,0.09736103348295322,0.44898793200409665,0.009077971366883736,0.009746290049568155,-0.0014162647146922368,0.03147229212124003,1.1789934717900281,0.3007298572136124,0.86852770787876,True,0.86852770787876,True,0.86852770787876,True,0.86852770787876,True,0.86852770787876,True,0.86852770787876,True,0.9,False,0.87639578090907,0.86852770787876,True,True,0.75,1.0,0.86852770787876,wind_stuck_7_days,2012
11267,US-SCs,US-SCg,2012-11-26,0.27186596,1.3,1.3,0.016423130610971365,0.016423130610971365,0.14117732939993935,0.5300943971898489,0.009077971366883736,0.009746290049568155,-0.0014162647146922368,-0.016423130610971448,1.1789934717900281,0.3007298572136124,1.3164231306109715,True,1.3164231306109715,True,1.3164231306109715,True,1.3164231306109715,True,1.3164231306109715,True,1.3164231306109715,True,1.3,False,1.3123173479582286,1.3164231306109715,True,True,0.75,1.0,1.3164231306109715,wind_stuck_7_days,2012
11268,US-SCs,US-SCg,2012-12-21,0.69181847,0.7,0.7,-0.07541666140244356,0.07541666140244356,0.09765996957315738,0.39045065652128247,0.010742691003276619,0.009746290049568155,-0.0014162647146922368,-0.059053601402443576,1.1789934717900281,0.3007298572136124,0.6245833385975564,True,0.6245833385975564,True,0.6245833385975564,True,0.6245833385975564,True,0.6245833385975564,True,0.6245833385975564,True,0.7,False,0.6434375039481672,0.6245833385975564,True,True,0.75,1.0,0.6245833385975564,wind_stuck_7_days,2012
11269,US-SCs,US-SCg,2012-12-28,0.46022512,0.6,0.6,0.05687686542847137,0.05687686542847137,0.09830079625003221,0.38186798123468113,0.009077971366883736,0.009746290049568155,-0.0014162647146922368,-0.05687686542847137,1.1789934717900281,0.3007298572136124,0.6568768654284713,True,0.6568768654284713,True,0.6568768654284713,True,0.6568768654284713,True,0.6568768654284713,True,0.6568768654284713,True,0.6,False,0.6426576490713535,0.6568768654284713,True,True,0.75,1.0,0.6568768654284713,wind_stuck_7_days,2012
11579,US-SCw,US-SCw,2012-03-08,0.69359393,0.7,0.7,-0.27316925888840854,0.27316925888840854,0.09490302433166242,0.48442958732261376,0.033482143526308385,0.03570689285522138,-0.0014162647146922368,-0.2603571188884087,1.1789934717900281,0.3007298572136124,0.4268307411115914,True,0.4268307411115914,True,0.4268307411115914,True,0.4268307411115914,True,0.4268307411115914,True,0.4268307411115914,True,0.7,False,0.49512305583369354,0.5502931349273653,True,True,0.75,0.5480370144203922,0.4268307411115914,wind_stuck_7_days,2012
11580,US-SCw,US-SCw,2012-05-27,0.35852753,0.4,0.4,0.5470428573728958,0.5470428573728958,0.14481430781880564,0.4860532455396143,0.1571115879416753,0.15681106047132903,-0.0019465544982221255,-0.5470428573728958,1.1789934717900281,0.3007298572136124,0.9470428573728958,True,0.9470428573728958,True,0.9470428573728958,True,0.9470428573728958,True,0.9470428573728958,True,0.9470428573728958,True,0.4,False,0.8102821430296718,0.8643827110359343,True,True,0.75,0.848896397744911,0.9470428573728958,wind_stuck_7_days,2012
11581,US-SCw,US-SCw,2012-06-12,0.35648112,0.5,0.5,-0.20326775498038135,0.20326775498038135,0.2099058738333004,0.35001325423732005,0.02429228531270569,0.033493487461582774,1.99792235835803e-05,0.08377000501961868,1.1789934717900281,0.3007298572136124,0.29673224501961865,True,0.29673224501961865,True,0.29673224501961865,True,0.29673224501961865,True,0.29673224501961865,True,0.29673224501961865,True,0.29673224501961865,True,0.347549183764714,0.338782994343873,True,True,0.75,0.7931263159357818,0.29673224501961865,wind_stuck_7_days,2012
11582,US-SCw,US-SCw,2012-06-28,0.15501331,0.3,0.3,0.20231955525644282,0.20231955525644282,0.1800210436808037,0.3191483506393556,0.05523096070853214,0.06598834536718685,1.99792235835803e-05,-0.20231955525644282,1.1789934717900281,0.3007298572136124,0.5023195552564428,True,0.5023195552564428,True,0.5023195552564428,True,0.5023195552564428,True,0.5023195552564428,True,0.5023195552564428,True,0.5023195552564428,True,0.4517396664423321,0.47951537566889996,True,True,0.75,0.8872863299909974,0.5023195552564428,wind_stuck_7_days,2012
11583,US-SCw,US-SCw,2012-07-14,3.46485932,2.0,2.0,-0.9242864209543861,0.9242864209543861,0.17231322598041213,0.35241452794330425,0.0822614574195576,0.0966480885827946,-0.048162523983810476,-0.924286420954386,1.1789934717900281,0.3007298572136124,1.075713579045614,True,1.075713579045614,True,1.075713579045614,True,1.075713579045614,True,1.075713579045614,True,1.075713579045614,True,2.0,False,1.3067851842842104,1.5369099866716116,True,True,0.75,0.5010243608796261,1.075713579045614,wind_stuck_7_days,2012
11584,US-SCw,US-SCw,2012-08-15,-0.32196573,1.1,1.1,-0.5554303385818583,0.5554303385818583,0.19290695924626314,0.40218637233251,0.137930379891126,0.15528743316241292,1.99792235835803e-05,0.5554303385818583,1.1789934717900281,0.3007298572136124,0.5445696614181418,True,0.5445696614181418,True,0.5445696614181418,True,0.5445696614181418,True,0.5445696614181418,True,0.5445696614181418,True,0.5445696614181418,True,0.6834272460636064,0.679549373811279,True,True,0.75,0.7569817436732542,0.5445696614181418,wind_stuck_7_days,2012
11585,US-SCw,US-SCw,2012-09-16,0.3320999,0.9,0.9,-0.22758450695271573,0.22758450695271573,0.14161014906287653,0.34965992089812176,0.033482143526308385,0.03570689285522138,1.99792235835803e-05,0.2275845069527157,1.1789934717900281,0.3007298572136124,0.6724154930472843,True,0.6724154930472843,True,0.6724154930472843,True,0.6724154930472843,True,0.6724154930472843,True,0.6724154930472843,True,0.6724154930472843,True,0.7293116197854632,0.7272817671125045,True,True,0.75,0.7589191162445011,0.6724154930472843,wind_stuck_7_days,2012
11586,US-SCw,US-SCw,2012-10-02,0.15797462,0.9,0.9,-0.22717830761066002,0.22717830761066002,0.1567843319023868,0.5017142421067583,0.033482143526308385,0.03570689285522138,1.99792235835803e-05,0.22717830761066005,1.1789934717900281,0.3007298572136124,0.67282169238934,True,0.67282169238934,True,0.67282169238934,True,0.67282169238934,True,0.67282169238934,True,0.67282169238934,True,0.67282169238934,True,0.729616269292005,0.7275900395581965,True,True,0.75,0.7589191162445011,0.67282169238934,wind_stuck_7_days,2012
11587,US-SCw,US-SCw,2012-10-18,0.04676288,0.6,0.6,-0.24970341515173358,0.24970341515173358,0.11673974260619638,0.4095486111457315,0.033482143526308385,0.03570689285522138,-0.0014162647146922368,0.24970341515173355,1.1789934717900281,0.3007298572136124,0.3502965848482664,True,0.3502965848482664,True,0.3502965848482664,True,0.3502965848482664,True,0.3502965848482664,True,0.3502965848482664,True,0.6,False,0.4127224386361998,0.4382073951362848,True,True,0.75,0.6479390951277179,0.3502965848482664,wind_stuck_7_days,2012
11588,US-SCw,US-SCw,2012-11-03,0.087624,0.3,0.3,-0.17979529021891233,0.17979529021891233,0.08899018306694825,0.3330115915238375,0.03207014557088648,0.028786296141257797,-0.0014162647146922368,0.17979529021891233,1.1789934717900281,0.3007298572136124,0.12020470978108766,True,0.12020470978108766,True,0.12020470978108766,True,0.12020470978108766,True,0.12020470978108766,True,0.12020470978108766,True,0.3,False,0.16515353233581576,0.1326498068529062,True,True,0.75,0.9307818516454694,0.12020470978108766,wind_stuck_7_days,2012
11589,US-SCw,US-SCw,2012-11-19,0.11988746,0.2,0.2,0.19005329354524542,0.19005329354524542,0.14538364025776046,0.3428001746147463,0.012307878941149812,0.012855870224370304,-0.0014162647146922368,-0.19005329354524542,1.1789934717900281,0.3007298572136124,0.3900532935452454,True,0.3900532935452454,True,0.3900532935452454,True,0.3900532935452454,True,0.3900532935452454,True,0.3900532935452454,True,0.2,False,0.34253997015893406,0.36674951085056917,True,True,0.75,0.8773829052895187,0.3900532935452454,wind_stuck_7_days,2012
12126,US-SRC,US-SRC,2012-01-24,0.48118759,0.4,0.4,0.1054068118835193,0.1054068118835193,0.12317207389510311,0.4435139489496831,0.012307878941149812,0.012855870224370304,-0.0014162647146922368,0.05696836811648065,1.1789934717900281,0.3007298572136124,0.5054068118835193,True,0.5054068118835193,True,0.5054068118835193,True,0.5054068118835193,True,0.5054068118835193,True,0.5054068118835193,True,0.4,False,0.47905510891263947,0.5054068118835193,True,True,0.75,1.0,0.5054068118835193,wind_stuck_7_days,2012
12127,US-SRC,US-SRC,2012-02-09,0.56242176,0.8,0.8,0.14769458230529803,0.14769458230529803,0.0894210074853762,0.4506879295915723,0.009077971366883736,0.009746290049568155,-0.0014162647146922368,-0.14769458230529803,1.1789934717900281,0.3007298572136124,0.947694582305298,True,0.947694582305298,True,0.947694582305298,True,0.947694582305298,True,0.947694582305298,True,0.947694582305298,True,0.8,False,0.9107709367289736,0.947694582305298,True,True,0.75,1.0,0.947694582305298,wind_stuck_7_days,2012
12128,US-SRC,US-SRC,2012-02-18,1.26799252,0.9,0.9,-0.17709481970741908,0.17709481970741908,0.0730695898469077,0.29377162758113823,0.03010211972209015,0.02805326786456187,-0.0014162647146922368,-0.17709481970741903,1.1789934717900281,0.3007298572136124,0.722905180292581,True,0.722905180292581,True,0.722905180292581,True,0.722905180292581,True,0.722905180292581,True,0.722905180292581,True,0.9,False,0.7671788852194357,0.7325284265141894,True,True,0.75,0.9456604872039336,0.722905180292581,wind_stuck_7_days,2012
12129,US-SRC,US-SRC,2012-03-12,0.63602825,0.6,0.6,-0.3342337048289863,0.3342337048289863,0.16259301341429389,0.4163796839411618,0.06437246674044356,0.06601946096663742,1.99792235835803e-05,-0.3342337048289863,1.1789934717900281,0.3007298572136124,0.2657662951710137,True,0.2657662951710137,True,0.2657662951710137,True,0.2657662951710137,True,0.2657662951710137,True,0.2657662951710137,True,0.2657662951710137,True,0.34932472137826026,0.33007507517311013,True,True,0.75,0.8075933723231157,0.2657662951710137,wind_stuck_7_days,2012
12130,US-SRC,US-SRC,2012-03-21,1.17967197,1.8,1.8,-0.5697901200149127,0.5697901200149127,0.11429858226894685,0.36847910701035286,0.11842582755426015,0.11985568426302981,1.99792235835803e-05,0.5697901200149127,1.1789934717900281,0.3007298572136124,1.2302098799850874,True,1.2302098799850874,True,1.2302098799850874,True,1.2302098799850874,True,1.2302098799850874,True,1.2302098799850874,True,1.2302098799850874,True,1.3726574099888156,1.389786374719728,True,True,0.75,0.7199381155811121,1.2302098799850874,wind_stuck_7_days,2012
12131,US-SRC,US-SRC,2012-05-31,0.31359573,0.8,0.8,-0.1414140098541162,0.1414140098541162,0.30799248327393014,0.5618087963245804,0.05320612324561317,0.047412670619831704,1.99792235835803e-05,0.14141400985411617,1.1789934717900281,0.3007298572136124,0.6585859901458838,True,0.8,False,0.6585859901458838,True,0.6585859901458838,True,0.6585859901458838,True,0.6585859901458838,True,0.6585859901458838,True,0.6939394926094129,0.6585859901458838,True,True,0.75,1.0,0.5610177668054711,wind_stuck_7_days,2012
12132,US-SRC,US-SRC,2012-07-02,0.28243515,0.9,0.9,0.07666260400001604,0.07666260400001604,0.21247999752604813,0.45322394805041555,0.017547256001717287,0.017670881770488964,1.99792235835803e-05,-0.07666260400001601,1.1789934717900281,0.3007298572136124,0.976662604000016,True,0.976662604000016,True,0.976662604000016,True,0.976662604000016,True,0.976662604000016,True,0.976662604000016,True,0.976662604000016,True,0.957496953000012,0.976662604000016,True,True,0.75,1.0,0.9273782688659372,wind_stuck_7_days,2012
12133,US-SRC,US-SRC,2012-07-18,2.14057804,2.8,2.8,0.015201908872343389,0.015201908872343389,0.2903206013328478,0.4648586008000648,0.019637019635985384,0.017670881770488964,1.99792235835803e-05,-0.015201908872343406,1.1789934717900281,0.3007298572136124,2.8152019088723432,True,2.8152019088723432,True,2.8152019088723432,True,2.8152019088723432,True,2.8152019088723432,True,2.8152019088723432,True,2.8152019088723432,True,2.8114014316542573,2.8152019088723432,True,True,0.75,1.0,2.8152019088723432,wind_stuck_7_days,2012
12134,US-SRC,US-SRC,2012-08-19,2.38777239,2.5,2.5,0.5513218974586731,0.5513218974586731,0.200175464985809,0.3496928528843682,0.03540240572847945,0.03215840728396131,-0.0019465544982221255,-0.5513218974586731,1.1789934717900281,0.3007298572136124,3.0513218974586733,True,3.0513218974586733,True,3.0513218974586733,True,3.0513218974586733,True,3.0513218974586733,True,3.0513218974586733,True,2.5,False,2.9134914230940048,2.92514691923748,True,True,0.75,0.7711409998354891,3.0513218974586733,wind_stuck_7_days,2012
12135,US-SRC,US-SRC,2012-09-20,0.65899629,0.4,0.4,-0.17438685214038271,0.17438685214038271,0.2205256099682943,0.5323755233962655,0.03201301677104039,0.028786296141257797,1.99792235835803e-05,-0.17438685214038274,1.1789934717900281,0.3007298572136124,0.2256131478596173,True,0.2256131478596173,True,0.2256131478596173,True,0.2256131478596173,True,0.2256131478596173,True,0.2256131478596173,True,0.2256131478596173,True,0.269209860894713,0.2256131478596173,True,True,0.75,1.0,0.2256131478596173,wind_stuck_7_days,2012
12136,US-SRC,US-SRC,2012-10-06,0.36975171,0.9,0.9,-0.3473106322010525,0.3473106322010525,0.12262000037687268,0.431140147366419,0.06437246674044356,0.06601946096663742,1.99792235835803e-05,0.3473106322010525,1.1789934717900281,0.3007298572136124,0.5526893677989475,True,0.5526893677989475,True,0.5526893677989475,True,0.5526893677989475,True,0.5526893677989475,True,0.5526893677989475,True,0.5526893677989475,True,0.6395170258492107,0.6459772010283842,True,True,0.75,0.731399431574459,0.5526893677989475,wind_stuck_7_days,2012
12137,US-SRC,US-SRC,2012-11-23,0.22740331,0.1,0.1,0.22130225488977534,0.22130225488977534,0.11463064494519928,0.3651581311547919,0.03613200944700451,0.04171979203059063,0.010678358580813565,0.03350436511022464,1.1789934717900281,0.3007298572136124,0.3213022548897754,True,0.3213022548897754,True,0.3213022548897754,True,0.3213022548897754,True,0.3213022548897754,True,0.3213022548897754,True,0.3213022548897754,True,0.26597669116733147,0.3213022548897754,True,True,0.75,1.0,0.3213022548897754,wind_stuck_7_days,2012
12138,US-SRC,US-SRC,2012-12-09,0.12265962,0.5,0.5,-0.07992401516255096,0.07992401516255096,0.1181893637091853,0.33297973094872224,0.013972598577542695,0.012855870224370304,-0.0014162647146922368,0.07992401516255099,1.1789934717900281,0.3007298572136124,0.420075984837449,True,0.420075984837449,True,0.420075984837449,True,0.420075984837449,True,0.420075984837449,True,0.420075984837449,True,0.5,False,0.4400569886280868,0.420075984837449,True,True,0.75,1.0,0.420075984837449,wind_stuck_7_days,2012
12139,US-SRC,US-SRC,2012-12-25,0.47573121,0.3,0.3,0.12283611419464328,0.12283611419464328,0.146503887286784,0.34198384614123106,0.012307878941149812,0.012855870224370304,-0.0014162647146922368,0.12283611419464328,1.1789934717900281,0.3007298572136124,0.4228361141946433,True,0.4228361141946433,True,0.4228361141946433,True,0.4228361141946433,True,0.4228361141946433,True,0.4228361141946433,True,0.3,False,0.3921270856459824,0.4228361141946433,True,True,0.75,1.0,0.4228361141946433,wind_stuck_7_days,2012
12377,US-SRG,US-SRC,2012-01-01,0.9022769,0.1,0.1,0.4127641839222461,0.4127641839222461,0.12240998604911363,0.40482135212399994,0.05630901898975605,0.09032149236821516,-0.0014162647146922368,0.4127641839222461,1.1789934717900281,0.3007298572136124,0.5127641839222461,True,0.5127641839222461,True,0.5127641839222461,True,0.5127641839222461,True,0.5127641839222461,True,0.5127641839222461,True,0.1,False,0.4095731379416846,0.4582234714017619,True,True,0.75,0.8678647163564022,0.5127641839222461,wind_stuck_7_days,2012
12378,US-SRG,US-SRC,2012-01-08,0.40486874,0.2,0.2,0.10183734957108262,0.10183734957108262,0.1199393733287297,0.33421879648304187,0.012307878941149812,0.012855870224370304,-0.0014162647146922368,0.10183734957108262,1.1789934717900281,0.3007298572136124,0.30183734957108266,True,0.30183734957108266,True,0.30183734957108266,True,0.30183734957108266,True,0.30183734957108266,True,0.30183734957108266,True,0.2,False,0.276378012178312,0.30183734957108266,True,True,0.75,1.0,0.30183734957108266,wind_stuck_7_days,2012
12379,US-SRG,US-SRC,2012-01-17,0.793027,0.2,0.2,0.2737017020521426,0.2737017020521426,0.1424165315341053,0.36003804206538736,0.027963034047578987,0.023315268943386903,-0.0014162647146922368,0.2737017020521426,1.1789934717900281,0.3007298572136124,0.4737017020521426,True,0.4737017020521426,True,0.4737017020521426,True,0.4737017020521426,True,0.4737017020521426,True,0.4737017020521426,True,0.2,False,0.40527627653910697,0.407080442930552,True,True,0.75,0.7565917251442642,0.4737017020521426,wind_stuck_7_days,2012
12380,US-SRG,US-SRC,2012-01-24,0.38079528,0.0,0.0,0.37319531212293067,0.37319531212293067,0.14708950765610526,0.39659965994110474,0.08917651499109841,0.11641522807599486,-0.0014162647146922368,0.37319531212293067,1.1789934717900281,0.3007298572136124,0.37319531212293067,True,0.37319531212293067,True,0.37319531212293067,True,0.37319531212293067,True,0.37319531212293067,True,0.37319531212293067,True,0.0,False,0.27989648409219803,0.37319531212293067,True,True,0.75,1.0,0.37319531212293067,wind_stuck_7_days,2012
12381,US-SRG,US-SRC,2012-02-02,0.67341783,0.2,0.2,0.06442171326139753,0.06442171326139753,0.09033759100147713,0.2903601188540725,0.012307878941149812,0.012855870224370304,-0.0014162647146922368,0.0644217132613975,1.1789934717900281,0.3007298572136124,0.2644217132613975,True,0.2644217132613975,True,0.2644217132613975,True,0.2644217132613975,True,0.2644217132613975,True,0.2644217132613975,True,0.2,False,0.24831628494604815,0.2644217132613975,True,True,0.75,1.0,0.2644217132613975,wind_stuck_7_days,2012
12382,US-SRG,US-SRC,2012-02-09,0.6963138,0.3,0.3,0.2913391792037256,0.2913391792037256,0.10961682564569561,0.4601350549505244,0.01157262124436405,0.016056589088281985,-0.0014162647146922368,0.2913391792037256,1.1789934717900281,0.3007298572136124,0.5913391792037256,True,0.5913391792037256,True,0.5913391792037256,True,0.5913391792037256,True,0.5913391792037256,True,0.5913391792037256,True,0.3,False,0.5185043844027941,0.5730515111153365,True,True,0.75,0.9372289434659212,0.5913391792037256,wind_stuck_7_days,2012
12383,US-SRG,US-SRC,2012-02-18,1.5927136,0.4,0.4,0.3165603416724109,0.3165603416724109,0.09620835377965109,0.3403667714157655,0.03991860618654112,0.043229197594295804,-0.0014162647146922368,0.316560341672411,1.1789934717900281,0.3007298572136124,0.7165603416724109,True,0.7165603416724109,True,0.7165603416724109,True,0.7165603416724109,True,0.7165603416724109,True,0.7165603416724109,True,0.4,False,0.6374202562543082,0.7165603416724109,True,True,0.75,1.0,0.7165603416724109,wind_stuck_7_days,2012
12384,US-SRG,US-SRC,2012-02-25,1.33547673,0.1,0.1,0.23169881602073858,0.23169881602073858,0.15480940112848235,0.44082092473686585,0.02305005437946055,0.02788905898010765,-0.0014162647146922368,0.2316988160207385,1.1789934717900281,0.3007298572136124,0.3316988160207386,True,0.3316988160207386,True,0.3316988160207386,True,0.3316988160207386,True,0.3316988160207386,True,0.3316988160207386,True,0.1,False,0.2737741120155539,0.3277047463312382,True,True,0.75,0.9827618036289711,0.3316988160207386,wind_stuck_7_days,2012
12385,US-SRG,US-SRC,2012-03-21,2.2634979,0.6,0.6,0.03391211572925999,0.03391211572925999,0.15820541796115561,0.3649788207634706,0.009077971366883736,0.009746290049568155,-0.0014162647146922368,0.033912115729259895,1.1789934717900281,0.3007298572136124,0.63391211572926,True,0.63391211572926,True,0.63391211572926,True,0.63391211572926,True,0.63391211572926,True,0.63391211572926,True,0.6,False,0.625434086796945,0.63391211572926,True,True,0.75,1.0,0.63391211572926,wind_stuck_7_days,2012
12386,US-SRG,US-SRC,2012-03-28,1.46985094,0.5,0.5,0.031907231253790996,0.031907231253790996,0.11675448695211212,0.43956489706611623,0.025389834008693782,0.020639137443859687,1.99792235835803e-05,0.031907231253791024,1.1789934717900281,0.3007298572136124,0.531907231253791,True,0.531907231253791,True,0.531907231253791,True,0.531907231253791,True,0.531907231253791,True,0.531907231253791,True,0.531907231253791,True,0.5239304234403432,0.531907231253791,True,True,0.75,1.0,0.531907231253791,wind_stuck_7_days,2012
12387,US-SRG,US-SRC,2012-04-06,0.80549839,0.3,0.3,0.37749727043004816,0.37749727043004816,0.17321849128419856,0.3856501239852611,0.055979525262141554,0.09112947029293067,1.99792235835803e-05,0.37749727043004816,1.1789934717900281,0.3007298572136124,0.6774972704300481,True,0.6774972704300481,True,0.6774972704300481,True,0.6774972704300481,True,0.6774972704300481,True,0.6774972704300481,True,0.6774972704300481,True,0.5831229528225361,0.6774972704300481,True,True,0.75,1.0,0.6774972704300481,wind_stuck_7_days,2012
12388,US-SRG,US-SRC,2012-04-13,0.66536951,0.0,0.0,0.7220075572607613,0.7220075572607613,0.16579983457082612,0.3987137013892671,0.23408363250965128,0.2537273276626849,-0.014085236775765215,0.6087314627392387,1.1789934717900281,0.3007298572136124,0.7220075572607613,True,0.7220075572607613,True,0.7220075572607613,True,0.7220075572607613,True,0.7220075572607613,True,0.7220075572607613,True,0.0,False,0.541505667945571,0.7024497761359144,True,True,0.75,0.9729119440258388,0.7220075572607613,wind_stuck_7_days,2012
12389,US-SRG,US-SRC,2012-04-22,1.18264875,0.5,0.5,-0.09370124074652617,0.09370124074652617,0.10272319463085683,0.5047831876539535,0.027301648577028857,0.021001676790216525,1.99792235835803e-05,-0.0937012407465262,1.1789934717900281,0.3007298572136124,0.4062987592534738,True,0.4062987592534738,True,0.4062987592534738,True,0.4062987592534738,True,0.4062987592534738,True,0.4062987592534738,True,0.4062987592534738,True,0.4297240694401054,0.4062987592534738,True,True,0.75,1.0,0.4062987592534738,wind_stuck_7_days,2012
12390,US-SRG,US-SRC,2012-04-29,0.65878723,0.3,0.3,0.441047514623195,0.441047514623195,0.10554852761938881,0.2435832035911032,0.07806206065162362,0.1039520479151726,1.99792235835803e-05,0.2765269453768049,1.1789934717900281,0.3007298572136124,0.741047514623195,True,0.741047514623195,True,0.741047514623195,True,0.741047514623195,True,0.741047514623195,True,0.741047514623195,True,0.741047514623195,True,0.6307856359673962,0.6392812801208728,True,True,0.75,0.769262423824641,0.741047514623195,wind_stuck_7_days,2012
12391,US-SRG,US-SRC,2012-05-08,0.44780604,0.1,0.1,0.5536118121438266,0.5536118121438266,0.1557052760181856,0.33641496955774175,0.2006572616526492,0.21786624752711298,-0.0019465544982221255,0.14200026785617348,1.1789934717900281,0.3007298572136124,0.6536118121438266,True,0.6536118121438266,True,0.6536118121438266,True,0.6536118121438266,True,0.6536118121438266,True,0.6536118121438266,True,0.1,False,0.51520885910787,0.5577638528145983,True,True,0.75,0.8268679294286312,0.6536118121438266,wind_stuck_7_days,2012
12392,US-SRG,US-SRC,2012-05-24,0.45727851,0.4,0.4,0.23466815037465089,0.23466815037465089,0.18067541881647375,0.3920075091552951,0.054171046306368174,0.06599434311220552,1.99792235835803e-05,-0.12011113037465088,1.1789934717900281,0.3007298572136124,0.634668150374651,True,0.634668150374651,True,0.634668150374651,True,0.634668150374651,True,0.634668150374651,True,0.634668150374651,True,0.634668150374651,True,0.5760011127809882,0.634668150374651,True,True,0.75,1.0,0.634668150374651,wind_stuck_7_days,2012
12393,US-SRG,US-SRC,2012-05-31,0.32164536,0.2,0.2,0.12380033173747158,0.12380033173747158,0.20322233577119042,0.37158252383121065,0.05185093690431392,0.05687477862414157,1.99792235835803e-05,0.11949038826252838,1.1789934717900281,0.3007298572136124,0.3238003317374716,True,0.3238003317374716,True,0.3238003317374716,True,0.3238003317374716,True,0.3238003317374716,True,0.3238003317374716,True,0.3238003317374716,True,0.29285024880310373,0.3238003317374716,True,True,0.75,1.0,0.3238003317374716,wind_stuck_7_days,2012
12394,US-SRG,US-SRC,2012-06-09,0.31880331,0.0,0.0,0.3839878989250357,0.3839878989250357,0.20501382521996706,0.37171380641253643,0.10816247719377944,0.15117719346200395,1.99792235835803e-05,0.2536187210749643,1.1789934717900281,0.3007298572136124,0.3839878989250357,True,0.3839878989250357,True,0.3839878989250357,True,0.3839878989250357,True,0.3839878989250357,True,0.3839878989250357,True,0.3839878989250357,True,0.2879909241937768,0.3839878989250357,True,True,0.75,1.0,0.3839878989250357,wind_stuck_7_days,2012
12395,US-SRG,US-SRC,2012-07-02,0.59494735,0.6,0.6,0.3998708451885871,0.3998708451885871,0.17455968367302552,0.375057306577065,0.031578171208514215,0.032795222640308964,1.99792235835803e-05,-0.3998708451885871,1.1789934717900281,0.3007298572136124,0.9998708451885872,True,0.9998708451885872,True,0.9998708451885872,True,0.9998708451885872,True,0.9998708451885872,True,0.9998708451885872,True,0.9998708451885872,True,0.8999031338914403,0.9116431329517398,True,True,0.75,0.7793594774451801,0.9998708451885872,wind_stuck_7_days,2012
12396,US-SRG,US-SRC,2012-07-11,2.49601056,0.4,0.4,0.5721835025761416,0.5721835025761416,0.16957066588850808,0.5373504345914983,0.1857083929855852,0.17777032970536336,-0.014085236775765215,0.5721835025761415,1.1789934717900281,0.3007298572136124,0.9721835025761416,True,0.9721835025761416,True,0.9721835025761416,True,0.9721835025761416,True,0.9721835025761416,True,0.9721835025761416,True,0.4,False,0.8291376269321062,0.8505154798408131,True,True,0.75,0.7873618827045125,0.9721835025761416,wind_stuck_7_days,2012
12397,US-SRG,US-SRC,2012-07-18,4.38816579,2.6,2.6,-0.39114351893792776,0.39114351893792776,0.22555013983735644,0.43066853430934293,0.04661830950311233,0.05823028673527276,1.99792235835803e-05,-0.39114351893792776,1.1789934717900281,0.3007298572136124,2.2088564810620723,True,2.2088564810620723,True,2.2088564810620723,True,2.2088564810620723,True,2.2088564810620723,True,2.2088564810620723,True,2.2088564810620723,True,2.3066423607965545,2.2759165577370246,True,True,0.75,0.8285537828747856,2.2088564810620723,wind_stuck_7_days,2012
12398,US-SRG,US-SRC,2012-08-03,1.82271324,0.3,0.3,0.6551061163197873,0.6551061163197873,0.12123693443052867,0.485874933268401,0.1571115879416753,0.16328232149368624,-0.014085236775765215,0.6551061163197873,1.1789934717900281,0.3007298572136124,0.9551061163197874,True,0.9551061163197874,True,0.9551061163197874,True,0.9551061163197874,True,0.9551061163197874,True,0.9551061163197874,True,0.3,False,0.7913295872398405,0.7794939641481968,True,True,0.75,0.7319332734089966,0.9551061163197874,wind_stuck_7_days,2012
12399,US-SRG,US-SRC,2012-08-12,3.3933494,1.5,1.5,0.2881704260201957,0.2881704260201957,0.20371960402250475,0.5664299234016997,0.015679567079018544,0.016110733589087444,1.99792235835803e-05,0.2881704260201956,1.1789934717900281,0.3007298572136124,1.7881704260201956,True,1.7881704260201956,True,1.7881704260201956,True,1.7881704260201956,True,1.7881704260201956,True,1.7881704260201956,True,1.7881704260201956,True,1.7161278195151468,1.6418790172906956,True,True,0.75,0.4923441286121168,1.7881704260201956,wind_stuck_7_days,2012
12400,US-SRG,US-SRC,2012-08-28,4.04361641,1.7,1.7,-0.2836292984527548,0.2836292984527548,0.1563302305589288,0.3719363719316837,0.023125843898058364,0.027555179277499852,1.99792235835803e-05,-0.28362929845275486,1.1789934717900281,0.3007298572136124,1.416370701547245,True,1.416370701547245,True,1.416370701547245,True,1.416370701547245,True,1.416370701547245,True,1.416370701547245,True,1.416370701547245,True,1.487278026160434,1.5562413647102096,True,True,0.75,0.50685396774599,1.416370701547245,wind_stuck_7_days,2012
12401,US-SRG,US-SRC,2012-10-06,1.41677771,1.0,1.0,-0.3316991846170138,0.3316991846170138,0.1018029522837154,0.39031991464894517,0.06437246674044356,0.06601946096663742,1.99792235835803e-05,-0.33169918461701386,1.1789934717900281,0.3007298572136124,0.6683008153829861,True,0.6683008153829861,True,0.6683008153829861,True,0.6683008153829861,True,0.6683008153829861,True,0.6683008153829861,True,0.6683008153829861,True,0.7512256115372397,0.7224524493804863,True,True,0.75,0.8367447479256709,0.6683008153829861,wind_stuck_7_days,2012
12402,US-SRG,US-SRC,2012-10-31,0.46812925,0.4,0.4,-0.17423137328942057,0.17423137328942057,0.07986187096576881,0.30346992197319234,0.03207014557088648,0.028786296141257797,-0.0014162647146922368,-0.17423137328942057,1.1789934717900281,0.3007298572136124,0.22576862671057946,True,0.22576862671057946,True,0.22576862671057946,True,0.22576862671057946,True,0.22576862671057946,True,0.22576862671057946,True,0.4,False,0.2693264700329346,0.22576862671057946,True,True,0.75,1.0,0.22576862671057946,wind_stuck_7_days,2012
12403,US-SRG,US-SRC,2012-11-07,0.37338871,0.2,0.2,0.059765443442948894,0.059765443442948894,0.14279955848547773,0.24105242759526962,0.012307878941149812,0.012855870224370304,-0.0014162647146922368,0.0597654434429489,1.1789934717900281,0.3007298572136124,0.2597654434429489,True,0.2597654434429489,True,0.2597654434429489,True,0.2597654434429489,True,0.2597654434429489,True,0.2597654434429489,True,0.2,False,0.24482408258221167,0.2597654434429489,True,True,0.75,1.0,0.2597654434429489,wind_stuck_7_days,2012
12404,US-SRG,US-SRC,2012-11-23,0.42378525,0.1,0.1,0.06296180186846845,0.06296180186846845,0.10404077448037483,0.39725691638047056,0.012307878941149812,0.012855870224370304,-0.0014162647146922368,0.06296180186846845,1.1789934717900281,0.3007298572136124,0.16296180186846845,True,0.16296180186846845,True,0.16296180186846845,True,0.16296180186846845,True,0.16296180186846845,True,0.16296180186846845,True,0.1,False,0.14722135140135134,0.16296180186846845,True,True,0.75,1.0,0.16296180186846845,wind_stuck_7_days,2012
12405,US-SRG,US-SRC,2012-12-02,0.21879468,0.1,0.1,0.014076938687742008,0.014076938687742008,0.11363366770746629,0.27310874825562437,0.012307878941149812,0.012855870224370304,-0.0014162647146922368,0.014076938687742013,1.1789934717900281,0.3007298572136124,0.11407693868774202,True,0.11407693868774202,True,0.11407693868774202,True,0.11407693868774202,True,0.11407693868774202,True,0.11407693868774202,True,0.1,False,0.11055770401580652,0.11407693868774202,True,True,0.75,1.0,0.11407693868774202,wind_stuck_7_days,2012
12406,US-SRG,US-SRC,2012-12-09,0.15492463,0.4,0.4,-0.03492169090504849,0.03492169090504849,0.1135330399791674,0.26201000050687095,0.012307878941149812,0.012855870224370304,-0.0014162647146922368,0.034921690905048486,1.1789934717900281,0.3007298572136124,0.36507830909495154,True,0.36507830909495154,True,0.36507830909495154,True,0.36507830909495154,True,0.36507830909495154,True,0.36507830909495154,True,0.4,False,0.37380873182121366,0.36507830909495154,True,True,0.75,1.0,0.36507830909495154,wind_stuck_7_days,2012
12407,US-SRG,US-SRC,2012-12-18,0.91275061,0.1,0.1,0.1844863748084788,0.1844863748084788,0.1371591587457218,0.45278712417301764,0.012307878941149812,0.012855870224370304,-0.0014162647146922368,0.18448637480847874,1.1789934717900281,0.3007298572136124,0.2844863748084788,True,0.2844863748084788,True,0.2844863748084788,True,0.2844863748084788,True,0.2844863748084788,True,0.2844863748084788,True,0.1,False,0.23836478110635909,0.26186519151579424,True,True,0.75,0.8773829052895187,0.2844863748084788,wind_stuck_7_days,2012
12408,US-SRG,US-SRC,2012-12-25,0.34238453,0.4,0.4,0.12912685106367122,0.12912685106367122,0.16029191403554466,0.36770464463406966,0.012307878941149812,0.012855870224370304,-0.0014162647146922368,-0.12912685106367122,1.1789934717900281,0.3007298572136124,0.5291268510636713,True,0.5291268510636713,True,0.5291268510636713,True,0.5291268510636713,True,0.5291268510636713,True,0.5291268510636713,True,0.4,False,0.49684513829775345,0.5291268510636713,True,True,0.75,1.0,0.5291268510636713,wind_stuck_7_days,2012
13046,US-SRM,US-SRC,2012-01-01,0.61001546,0.3,0.3,0.5811732762567773,0.5811732762567773,0.19167579254877287,0.5329652046073503,0.1334419962825061,0.13706148179669375,-0.10217442331962993,0.03885764374322265,1.1789934717900281,0.3007298572136124,0.8811732762567772,True,0.8811732762567772,True,0.8811732762567772,True,0.8811732762567772,True,0.8811732762567772,True,0.8811732762567772,True,0.3,False,0.7358799571925829,0.7458911581881944,True,True,0.75,0.7672258453796975,0.8811732762567772,wind_stuck_7_days,2012
13047,US-SRM,US-SRC,2012-01-08,0.35699552,0.6,0.6,-0.14472416740262503,0.14472416740262503,0.1024976198782512,0.3461949234543668,0.03010211972209015,0.02805326786456187,-0.0014162647146922368,0.14472416740262503,1.1789934717900281,0.3007298572136124,0.4552758325973749,True,0.4552758325973749,True,0.4552758325973749,True,0.4552758325973749,True,0.4552758325973749,True,0.4552758325973749,True,0.6,False,0.4914568744480312,0.4552758325973749,True,True,0.75,1.0,0.4552758325973749,wind_stuck_7_days,2012
13048,US-SRM,US-SRC,2012-01-24,0.21980066,0.5,0.5,0.10842571997435493,0.10842571997435493,0.13305715031905316,0.394741599839905,0.012307878941149812,0.012855870224370304,-0.0014162647146922368,-0.1084257199743549,1.1789934717900281,0.3007298572136124,0.6084257199743549,True,0.6084257199743549,True,0.6084257199743549,True,0.6084257199743549,True,0.6084257199743549,True,0.6084257199743549,True,0.5,False,0.5813192899807662,0.6084257199743549,True,True,0.75,1.0,0.6084257199743549,wind_stuck_7_days,2012
13049,US-SRM,US-SRC,2012-02-09,0.37292993,0.9,0.9,0.16182988718573316,0.16182988718573316,0.13140389458310722,0.45494681819974614,0.009077971366883736,0.009746290049568155,-0.0014162647146922368,-0.1618298871857331,1.1789934717900281,0.3007298572136124,1.0618298871857332,True,1.0618298871857332,True,1.0618298871857332,True,1.0618298871857332,True,1.0618298871857332,True,1.0618298871857332,True,0.9,False,1.0213724153892998,1.0618298871857332,True,True,0.75,1.0,1.0618298871857332,wind_stuck_7_days,2012
13050,US-SRM,US-SRC,2012-02-25,0.46175508,0.5,0.5,0.08626684453079764,0.08626684453079764,0.13526654298574242,0.43575246148988567,0.012307878941149812,0.012855870224370304,-0.0014162647146922368,-0.08626684453079764,1.1789934717900281,0.3007298572136124,0.5862668445307977,True,0.5862668445307977,True,0.5862668445307977,True,0.5862668445307977,True,0.5862668445307977,True,0.5862668445307977,True,0.5,False,0.5647001333980982,0.5862668445307977,True,True,0.75,1.0,0.5862668445307977,wind_stuck_7_days,2012
13051,US-SRM,US-SRC,2012-03-12,0.36121013,0.5,0.5,-0.2256670358103196,0.2256670358103196,0.1360935822930379,0.3602811024271267,0.035450169375104694,0.036439921131917304,1.99792235835803e-05,0.05191270418968036,1.1789934717900281,0.3007298572136124,0.2743329641896804,True,0.2743329641896804,True,0.2743329641896804,True,0.2743329641896804,True,0.2743329641896804,True,0.2743329641896804,True,0.2743329641896804,True,0.3307497231422603,0.3182275218880631,True,True,0.75,0.8054897227644827,0.2743329641896804,wind_stuck_7_days,2012
13052,US-SRM,US-SRC,2012-03-28,0.67376757,0.8,0.8,-0.241565884437356,0.241565884437356,0.19198270572851753,0.5232176473242831,0.0334250147264623,0.03570689285522138,1.99792235835803e-05,0.010898975562644131,1.1789934717900281,0.3007298572136124,0.558434115562644,True,0.558434115562644,True,0.558434115562644,True,0.558434115562644,True,0.558434115562644,True,0.558434115562644,True,0.558434115562644,True,0.6188255866719831,0.6333129967560786,True,True,0.75,0.6900270857044285,0.558434115562644,wind_stuck_7_days,2012
13053,US-SRM,US-SRC,2012-04-13,0.42047396,0.6,0.6,0.25886974253090533,0.25886974253090533,0.11672661969145758,0.3183328857268909,0.01317453485404392,0.016110733589087444,1.99792235835803e-05,-0.25886974253090533,1.1789934717900281,0.3007298572136124,0.8588697425309053,True,0.8588697425309053,True,0.8588697425309053,True,0.8588697425309053,True,0.8588697425309053,True,0.8588697425309053,True,0.8588697425309053,True,0.794152306898179,0.7537231511597524,True,True,0.75,0.5938243290113372,0.8588697425309053,wind_stuck_7_days,2012
13054,US-SRM,US-SRC,2012-04-22,1.03883125,1.3,1.3,-0.6700068568027192,0.6700068568027192,0.22369361188675144,0.6887178803991061,0.15775650093775231,0.12028481892532868,-0.008569270537640679,-0.1476693568027193,1.1789934717900281,0.3007298572136124,0.6299931431972808,True,0.6299931431972808,True,0.6299931431972808,True,0.6299931431972808,True,0.6299931431972808,True,0.6299931431972808,True,1.3,False,0.7974948573979607,0.8629403699852607,True,True,0.75,0.6523211301155829,0.6299931431972808,wind_stuck_7_days,2012
13055,US-SRM,US-SRC,2012-04-29,0.8462997,1.5,1.5,-0.610972045881456,0.610972045881456,0.07899200610061247,0.4021178002565985,0.1056610530758309,0.108363187561134,1.99792235835803e-05,0.610972045881456,1.1789934717900281,0.3007298572136124,0.889027954118544,True,0.889027954118544,True,0.889027954118544,True,0.889027954118544,True,0.889027954118544,True,0.889027954118544,True,0.889027954118544,True,1.041770965588908,1.1162687480018882,True,True,0.75,0.6280667905918651,0.889027954118544,wind_stuck_7_days,2012
13056,US-SRM,US-SRC,2012-05-08,0.57037327,1.1,1.1,-0.26010207830535104,0.26010207830535104,0.16429032623760179,0.35718552950271476,0.023125843898058364,0.02791771862385669,1.99792235835803e-05,0.26010207830535104,1.1789934717900281,0.3007298572136124,0.839897921694649,True,0.839897921694649,True,0.839897921694649,True,0.839897921694649,True,0.839897921694649,True,0.839897921694649,True,0.839897921694649,True,0.9049234412709868,0.9450032176790959,True,True,0.75,0.5959075118920932,0.839897921694649,wind_stuck_7_days,2012
13057,US-SRM,US-SRC,2012-05-31,0.64862738,1.4,1.4,-0.15975192683927247,0.15975192683927247,0.2800882417650658,0.5475270715522573,0.050494051866830106,0.047412670619831704,1.99792235835803e-05,0.15975192683927242,1.1789934717900281,0.3007298572136124,1.2402480731607275,True,1.2402480731607275,True,1.2402480731607275,True,1.2402480731607275,True,1.2402480731607275,True,1.2402480731607275,True,1.2402480731607275,True,1.2801860548705455,1.2402480731607275,True,True,0.75,1.0,1.2402480731607275,wind_stuck_7_days,2012
13058,US-SRM,US-SRC,2012-07-02,0.51740255,1.0,1.0,0.07008438698146138,0.07008438698146138,0.15761505515765575,0.39212160178086813,0.017604384801563365,0.017670881770488964,1.99792235835803e-05,-0.07008438698146136,1.1789934717900281,0.3007298572136124,1.0700843869814614,True,1.0700843869814614,True,1.0700843869814614,True,1.0700843869814614,True,1.0700843869814614,True,1.0700843869814614,True,1.0700843869814614,True,1.052563290236096,1.0700843869814614,True,True,0.75,1.0,1.0700843869814614,wind_stuck_7_days,2012
13059,US-SRM,US-SRC,2012-07-18,3.33136747,2.2,2.2,-0.0893857921702102,0.0893857921702102,0.2433529004648815,0.5309195079202712,0.016896909545231664,0.017670881770488964,1.99792235835803e-05,-0.08938579217021014,1.1789934717900281,0.3007298572136124,2.11061420782979,True,2.11061420782979,True,2.11061420782979,True,2.11061420782979,True,2.11061420782979,True,2.11061420782979,True,2.11061420782979,True,2.1329606558723424,2.11061420782979,True,True,0.75,1.0,2.11061420782979,wind_stuck_7_days,2012
13060,US-SRM,US-SRC,2012-08-03,2.89955507,3.2,3.2,0.06772210239402324,0.06772210239402324,0.29861744320327505,0.7007339428393127,0.018161292690015464,0.01246560186310196,-0.008569270537640679,-0.06772210239402321,1.1789934717900281,0.3007298572136124,3.2677221023940235,True,3.2677221023940235,True,3.2677221023940235,True,3.2677221023940235,True,3.2677221023940235,True,3.2677221023940235,True,3.2,False,3.2507915767955176,3.2677221023940235,True,True,0.75,1.0,3.2677221023940235,wind_stuck_7_days,2012
13061,US-SRM,US-SRC,2012-08-19,1.90875629,2.3,2.3,0.7752448011965272,0.7752448011965272,0.165292773908637,0.39842866477324557,0.03597420296107581,0.01696833517081471,-0.014085236775765215,-0.7752448011965272,1.1789934717900281,0.3007298572136124,3.075244801196527,True,3.075244801196527,True,3.075244801196527,True,3.075244801196527,True,3.075244801196527,True,3.075244801196527,True,2.3,False,2.8814336008973953,2.925030037023703,True,True,0.75,0.8062357026567866,3.075244801196527,wind_stuck_7_days,2012
13062,US-SRM,US-SRC,2012-10-06,0.86071557,0.6,0.6,-0.11082199656153775,0.11082199656153775,0.13471198800353262,0.4052487500682428,0.01996361705027725,0.015749856202144343,1.99792235835803e-05,-0.11082199656153774,1.1789934717900281,0.3007298572136124,0.48917800343846224,True,0.48917800343846224,True,0.48917800343846224,True,0.48917800343846224,True,0.48917800343846224,True,0.48917800343846224,True,0.48917800343846224,True,0.5168835025788466,0.48917800343846224,True,True,0.75,1.0,0.48917800343846224,wind_stuck_7_days,2012
13063,US-SRM,US-SRC,2012-11-07,0.29687483,0.6,0.6,0.09489747675177362,0.09489747675177362,0.21031199680003052,0.5677648304501389,0.009020842567037663,0.009746290049568155,-0.0014162647146922368,-0.09489747675177362,1.1789934717900281,0.3007298572136124,0.6948974767517736,True,0.6948974767517736,True,0.6948974767517736,True,0.6948974767517736,True,0.6948974767517736,True,0.6948974767517736,True,0.6,False,0.6711731075638302,0.6948974767517736,True,True,0.75,1.0,0.6948974767517736,wind_stuck_7_days,2012
13064,US-SRM,US-SRC,2012-11-23,0.27751492,0.3,0.3,0.15488479322921853,0.15488479322921853,0.1097482304304052,0.2922259962459965,0.025389834008693782,0.026686603274853282,0.010678358580813565,-0.15488479322921853,1.1789934717900281,0.3007298572136124,0.4548847932292185,True,0.4548847932292185,True,0.4548847932292185,True,0.4548847932292185,True,0.4548847932292185,True,0.4548847932292185,True,0.4548847932292185,True,0.4161635949219139,0.4548847932292185,True,True,0.75,1.0,0.4548847932292185,wind_stuck_7_days,2012
13065,US-SRM,US-SRC,2012-12-09,0.17832992,0.6,0.6,-0.08102445864735364,0.08102445864735364,0.1312255101560078,0.37321666615761984,0.010742691003276619,0.009746290049568155,-0.0014162647146922368,0.08102445864735364,1.1789934717900281,0.3007298572136124,0.5189755413526463,True,0.5189755413526463,True,0.5189755413526463,True,0.5189755413526463,True,0.5189755413526463,True,0.5189755413526463,True,0.6,False,0.5392316560144848,0.5189755413526463,True,True,0.75,1.0,0.5189755413526463,wind_stuck_7_days,2012
13066,US-SRM,US-SRC,2012-12-25,0.4212777,0.6,0.6,0.060652120364518634,0.060652120364518634,0.1261384031941914,0.2916140148428322,0.009077971366883736,0.009746290049568155,-0.0014162647146922368,-0.06065212036451864,1.1789934717900281,0.3007298572136124,0.6606521203645186,True,0.6606521203645186,True,0.6606521203645186,True,0.6606521203645186,True,0.6606521203645186,True,0.6606521203645186,True,0.6,False,0.645489090273389,0.6606521203645186,True,True,0.75,1.0,0.6606521203645186,wind_stuck_7_days,2012
13341,US-SRS,US-SRC,2012-01-08,0.4554088,0.5,0.5,-0.0984272326725533,0.0984272326725533,0.11805817318711055,0.3384885865608037,0.02251803191034521,0.017691967331823398,-0.0014162647146922368,-0.0092448326725533,1.1789934717900281,0.3007298572136124,0.40157276732744673,True,0.40157276732744673,True,0.40157276732744673,True,0.40157276732744673,True,0.40157276732744673,True,0.40157276732744673,True,0.5,False,0.42617957549558505,0.40157276732744673,True,True,0.75,1.0,0.40157276732744673,wind_stuck_7_days,2012
13342,US-SRS,US-SRC,2012-02-02,0.42025606,0.5,0.5,-0.13005193620808836,0.13005193620808836,0.11954493749454127,0.35833743714684585,0.03207014557088648,0.028786296141257797,-0.0014162647146922368,0.029435943791911667,1.1789934717900281,0.3007298572136124,0.36994806379191164,True,0.36994806379191164,True,0.36994806379191164,True,0.36994806379191164,True,0.36994806379191164,True,0.36994806379191164,True,0.5,False,0.4024610478439337,0.36994806379191164,True,True,0.75,1.0,0.36994806379191164,wind_stuck_7_days,2012
13343,US-SRS,US-SRC,2012-02-09,0.39642991,0.9,0.9,0.16182988718573316,0.16182988718573316,0.13140389458310722,0.45494681819974614,0.009077971366883736,0.009746290049568155,-0.0014162647146922368,-0.1618298871857331,1.1789934717900281,0.3007298572136124,1.0618298871857332,True,1.0618298871857332,True,1.0618298871857332,True,1.0618298871857332,True,1.0618298871857332,True,1.0618298871857332,True,0.9,False,1.0213724153892998,1.0618298871857332,True,True,0.75,1.0,1.0618298871857332,wind_stuck_7_days,2012
13344,US-SRS,US-SRC,2012-02-25,0.62105345,0.5,0.5,0.08626684453079764,0.08626684453079764,0.13526654298574242,0.43575246148988567,0.012307878941149812,0.012855870224370304,-0.0014162647146922368,0.08626684453079764,1.1789934717900281,0.3007298572136124,0.5862668445307977,True,0.5862668445307977,True,0.5862668445307977,True,0.5862668445307977,True,0.5862668445307977,True,0.5862668445307977,True,0.5,False,0.5647001333980982,0.5862668445307977,True,True,0.75,1.0,0.5862668445307977,wind_stuck_7_days,2012
13345,US-SRS,US-SRC,2012-03-05,0.53505991,0.1,0.1,0.08273027099815033,0.08273027099815033,0.18646730493503888,0.4568630379672728,0.025332705208847704,0.026686603274853282,1.99792235835803e-05,0.08273027099815033,1.1789934717900281,0.3007298572136124,0.18273027099815034,True,0.18273027099815034,True,0.18273027099815034,True,0.18273027099815034,True,0.18273027099815034,True,0.18273027099815034,True,0.18273027099815034,True,0.16204770324861276,0.18273027099815034,True,True,0.75,1.0,0.18273027099815034,wind_stuck_7_days,2012
13346,US-SRS,US-SRC,2012-03-12,0.45486834,0.2,0.2,0.007084640937921003,0.007084640937921003,0.12458181059484759,0.3757151535340376,0.025389834008693782,0.026686603274853282,1.99792235835803e-05,0.007084640937920994,1.1789934717900281,0.3007298572136124,0.207084640937921,True,0.207084640937921,True,0.207084640937921,True,0.207084640937921,True,0.207084640937921,True,0.207084640937921,True,0.207084640937921,True,0.20531348070344077,0.207084640937921,True,True,0.75,1.0,0.207084640937921,wind_stuck_7_days,2012
13347,US-SRS,US-SRC,2012-03-21,1.42558762,1.0,1.0,-0.27339990966825156,0.27339990966825156,0.10925226738766163,0.3397041095213655,0.033482143526308385,0.03570689285522138,1.99792235835803e-05,-0.27339990966825156,1.1789934717900281,0.3007298572136124,0.7266000903317484,True,0.7266000903317484,True,0.7266000903317484,True,0.7266000903317484,True,0.7266000903317484,True,0.7266000903317484,True,0.7266000903317484,True,0.7949500677488113,0.8501667297626065,True,True,0.75,0.5480370144203922,0.7266000903317484,wind_stuck_7_days,2012
13348,US-SRS,US-SRC,2012-03-28,0.66441105,0.7,0.7,-0.1727996305637016,0.1727996305637016,0.17419394271596716,0.5212294399184731,0.030044990922244073,0.02805326786456187,1.99792235835803e-05,-0.10162173056370169,1.1789934717900281,0.3007298572136124,0.5272003694362983,True,0.5272003694362983,True,0.5272003694362983,True,0.5272003694362983,True,0.5272003694362983,True,0.5272003694362983,True,0.5272003694362983,True,0.5704002770772237,0.5272003694362983,True,True,0.75,1.0,0.5272003694362983,wind_stuck_7_days,2012
13349,US-SRS,US-SRC,2012-04-13,0.57431626,0.8,0.8,0.11481955491252031,0.11481955491252031,0.12005884748418007,0.3552158535081758,0.010854425451989674,0.01246560186310196,1.99792235835803e-05,-0.11481955491252033,1.1789934717900281,0.3007298572136124,0.9148195549125203,True,0.9148195549125203,True,0.9148195549125203,True,0.9148195549125203,True,0.9148195549125203,True,0.9148195549125203,True,0.9148195549125203,True,0.8861146661843903,0.9148195549125203,True,True,0.75,1.0,0.9148195549125203,wind_stuck_7_days,2012
13350,US-SRS,US-SRC,2012-04-22,1.18636299,1.1,1.1,-0.5426519694848781,0.5426519694848781,0.19929066585279637,0.6503262374736445,0.11303118026701917,0.11320592812216415,-0.0033875547847031957,-0.5426519694848781,1.1789934717900281,0.3007298572136124,0.5573480305151219,True,0.5573480305151219,True,0.5573480305151219,True,0.5573480305151219,True,0.5573480305151219,True,0.5573480305151219,True,1.1,False,0.6930110228863415,0.6713360170437896,True,True,0.75,0.7899427387375508,0.5573480305151219,wind_stuck_7_days,2012
13351,US-SRS,US-SRC,2012-05-08,0.76554169,0.9,0.9,-0.13713526956625643,0.13713526956625643,0.16649462883628213,0.3455260243186018,0.019745820093840145,0.020264093633197186,1.99792235835803e-05,0.1317813504337435,1.1789934717900281,0.3007298572136124,0.7628647304337436,True,0.7628647304337436,True,0.7628647304337436,True,0.7628647304337436,True,0.7628647304337436,True,0.7628647304337436,True,0.7628647304337436,True,0.7971485478253078,0.7628647304337436,True,True,0.75,1.0,0.7628647304337436,wind_stuck_7_days,2012
13352,US-SRS,US-SRC,2012-05-24,0.87470389,0.4,0.4,0.2838763215204166,0.2838763215204166,0.22920924726990943,0.40897008880529767,0.054171046306368174,0.06599434311220552,1.99792235835803e-05,0.2838763215204166,1.1789934717900281,0.3007298572136124,0.6838763215204167,True,0.6838763215204167,True,0.6838763215204167,True,0.6838763215204167,True,0.6838763215204167,True,0.6838763215204167,True,0.6838763215204167,True,0.6129072411403125,0.61320944148341,True,True,0.75,0.7510645493131619,0.6838763215204167,wind_stuck_7_days,2012
13353,US-SRS,US-SRC,2012-05-31,0.58447061,1.4,1.4,-0.15975192683927247,0.15975192683927247,0.2800882417650658,0.5475270715522573,0.050494051866830106,0.047412670619831704,1.99792235835803e-05,0.15975192683927253,1.1789934717900281,0.3007298572136124,1.2402480731607275,True,1.2402480731607275,True,1.2402480731607275,True,1.2402480731607275,True,1.2402480731607275,True,1.2402480731607275,True,1.2402480731607275,True,1.2801860548705455,1.2402480731607275,True,True,0.75,1.0,1.2402480731607275,wind_stuck_7_days,2012
13354,US-SRS,US-SRC,2012-06-16,3.54506739,0.3,0.3,0.31714365043154463,0.31714365043154463,0.16895960098115384,0.4202005898577631,0.08147330879571102,0.07049505533276273,1.99792235835803e-05,0.3171436504315448,1.1789934717900281,0.3007298572136124,0.6171436504315446,True,0.6171436504315446,True,0.6171436504315446,True,0.6171436504315446,True,0.6171436504315446,True,0.6171436504315446,True,0.6171436504315446,True,0.5378577378236584,0.6171436504315446,True,True,0.75,1.0,0.6171436504315446,wind_stuck_7_days,2012
13355,US-SRS,US-SRC,2012-07-02,0.31463208,1.1,1.1,0.05740205483247466,0.05740205483247466,0.16711890770919594,0.40699065149204633,0.017604384801563365,0.017670881770488964,1.99792235835803e-05,-0.057402054832474625,1.1789934717900281,0.3007298572136124,1.1574020548324748,True,1.1574020548324748,True,1.1574020548324748,True,1.1574020548324748,True,1.1574020548324748,True,1.1574020548324748,True,1.1574020548324748,True,1.143051541124356,1.1574020548324748,True,True,0.75,1.0,1.1574020548324748,wind_stuck_7_days,2012
13356,US-SRS,US-SRC,2012-07-18,3.69516919,2.1,2.1,-0.0819494753666151,0.0819494753666151,0.23138532222501976,0.5085093112661936,0.016896909545231664,0.017670881770488964,1.99792235835803e-05,-0.08194947536661501,1.1789934717900281,0.3007298572136124,2.018050524633385,True,2.018050524633385,True,2.018050524633385,True,2.018050524633385,True,2.018050524633385,True,2.018050524633385,True,2.018050524633385,True,2.0385378934750387,2.018050524633385,True,True,0.75,1.0,2.018050524633385,wind_stuck_7_days,2012
13357,US-SRS,US-SRC,2012-08-03,2.19896461,1.8,1.8,0.26100395027019735,0.26100395027019735,0.1895937899030405,0.5997207194484316,0.015679567079018544,0.016110733589087444,1.99792235835803e-05,0.26100395027019735,1.1789934717900281,0.3007298572136124,2.0610039502701976,True,2.0610039502701976,True,2.0610039502701976,True,2.0610039502701976,True,2.0610039502701976,True,2.0610039502701976,True,2.0610039502701976,True,1.995752962702648,1.9530751799376471,True,True,0.75,0.5864860657441394,2.0610039502701976,wind_stuck_7_days,2012
13358,US-SRS,US-SRC,2012-10-06,1.54014981,1.5,1.5,-0.4700278308916717,0.4700278308916717,0.14025877302642722,0.37006006787955315,0.06437246674044356,0.06601946096663742,1.99792235835803e-05,-0.47002783089167166,1.1789934717900281,0.3007298572136124,1.0299721691083283,True,1.0299721691083283,True,1.0299721691083283,True,1.0299721691083283,True,1.0299721691083283,True,1.0299721691083283,True,1.0299721691083283,True,1.147479126831246,1.2268480683053917,True,True,0.75,0.5811399107504384,1.0299721691083283,wind_stuck_7_days,2012
13359,US-SRS,US-SRC,2012-11-07,0.59969274,0.5,0.5,0.13199607939522467,0.13199607939522467,0.21558804975270981,0.5581342766994913,0.012250750141303736,0.012855870224370304,-0.0014162647146922368,0.06738940060477522,1.1789934717900281,0.3007298572136124,0.6319960793952246,True,0.6319960793952246,True,0.6319960793952246,True,0.6319960793952246,True,0.6319960793952246,True,0.6319960793952246,True,0.5,False,0.5989970595464185,0.6319960793952246,True,True,0.75,1.0,0.6319960793952246,wind_stuck_7_days,2012
13360,US-SRS,US-SRC,2012-11-23,0.69102721,0.4,0.4,0.11322086384401064,0.11322086384401064,0.10605866174889061,0.2890344827003126,0.025389834008693782,0.026686603274853282,0.010678358580813565,0.11322086384401064,1.1789934717900281,0.3007298572136124,0.5132208638440107,True,0.5132208638440107,True,0.5132208638440107,True,0.5132208638440107,True,0.5132208638440107,True,0.5132208638440107,True,0.5132208638440107,True,0.484915647883008,0.5132208638440107,True,True,0.75,1.0,0.5132208638440107,wind_stuck_7_days,2012
13361,US-SRS,US-SRC,2012-12-09,0.31176063,0.7,0.7,-0.11035165034279189,0.11035165034279189,0.13002654047819878,0.39133738232390547,0.01996361705027725,0.014582387157021256,-0.0014162647146922368,0.11035165034279187,1.1789934717900281,0.3007298572136124,0.589648349657208,True,0.589648349657208,True,0.589648349657208,True,0.589648349657208,True,0.589648349657208,True,0.589648349657208,True,0.7,False,0.6172362622429061,0.589648349657208,True,True,0.75,1.0,0.589648349657208,wind_stuck_7_days,2012
13362,US-SRS,US-SRC,2012-12-18,1.06344933,0.1,0.1,0.19646242457896074,0.19646242457896074,0.16258852756800352,0.3520256472360035,0.02305005437946055,0.024025036478448777,-0.0014162647146922368,0.19646242457896068,1.1789934717900281,0.3007298572136124,0.29646242457896077,True,0.29646242457896077,True,0.29646242457896077,True,0.29646242457896077,True,0.29646242457896077,True,0.29646242457896077,True,0.1,False,0.24734681843422054,0.2749949548667399,True,True,0.75,0.8907298952548924,0.29646242457896077,wind_stuck_7_days,2012
13363,US-SRS,US-SRC,2012-12-25,0.69793985,0.7,0.7,0.026017475573721954,0.026017475573721954,0.11417061186489268,0.2896356497833789,0.009077971366883736,0.009746290049568155,-0.0014162647146922368,-0.026017475573721954,1.1789934717900281,0.3007298572136124,0.7260174755737219,True,0.7260174755737219,True,0.7260174755737219,True,0.7260174755737219,True,0.7260174755737219,True,0.7260174755737219,True,0.7,False,0.7195131066802914,0.7260174755737219,True,True,0.75,1.0,0.7260174755737219,wind_stuck_7_days,2012
13912,US-Slt,US-Ced,2012-01-14,0.32361888,0.5,0.5,0.03524409684180348,0.03524409684180348,0.1305923647591119,0.7104167548669945,0.012307878941149812,0.012855870224370304,-0.05429306378551868,-0.03524409684180346,1.1789934717900281,0.3007298572136124,0.5352440968418035,True,0.5352440968418035,True,0.5352440968418035,True,0.5352440968418035,True,0.5352440968418035,True,0.5352440968418035,True,0.5,False,0.5264330726313526,0.5352440968418035,True,True,0.75,1.0,0.5351470625525726,wind_stuck_7_days,2012
13913,US-Slt,US-Ced,2012-03-11,0.70816982,1.6,1.6,-0.3259792463304428,0.3259792463304428,0.08060658539755385,0.43156064874870115,0.06437246674044356,0.06601946096663742,-0.0014162647146922368,0.32597924633044273,1.1789934717900281,0.3007298572136124,1.2740207536695574,True,1.2740207536695574,True,1.2740207536695574,True,1.2740207536695574,True,1.2740207536695574,True,1.2740207536695574,True,1.6,False,1.355515565252168,1.3272385777002336,True,True,0.75,0.8367447479256709,1.2740207536695574,wind_stuck_7_days,2012
13914,US-Slt,US-Ced,2012-03-18,0.68096081,1.0,1.0,0.40653116853000837,0.40653116853000837,0.14885885557980227,0.4498216766103339,0.020072793765778127,-0.0011810318422669618,-0.0014162647146922368,-0.40653116853000837,1.1789934717900281,0.3007298572136124,1.4065311685300084,True,1.4065311685300084,True,1.4065311685300084,True,1.4065311685300084,True,1.4065311685300084,True,1.0,False,1.0,False,1.3048983763975062,1.3164678282137088,True,True,0.75,0.7784589539789455,1.4065311685300084,wind_stuck_7_days,2012
13915,US-Slt,US-Ced,2012-03-27,0.9868028,1.1,1.1,-0.21518661485687224,0.21518661485687224,0.1550374988051476,0.49030109766559915,0.033482143526308385,0.03570689285522138,0.010678358580813565,0.01120778514312798,1.1789934717900281,0.3007298572136124,0.8848133851431279,True,0.8848133851431279,True,0.8848133851431279,True,0.8848133851431279,True,0.8848133851431279,True,0.8848133851431279,True,0.8848133851431279,True,0.938610038857346,0.9180086459561497,True,True,0.75,0.845737334382526,0.8848133851431279,wind_stuck_7_days,2012
13916,US-Slt,US-Ced,2012-04-03,1.51485544,1.5,1.5,-0.2563425566000991,0.2563425566000991,0.09596315336651773,0.3157053632270098,0.033482143526308385,0.03570689285522138,1.99792235835803e-05,-0.2563425566000991,1.1789934717900281,0.3007298572136124,1.243657443399901,True,1.243657443399901,True,1.243657443399901,True,1.243657443399901,True,1.243657443399901,True,1.243657443399901,True,1.243657443399901,True,1.3077430825499257,1.3381551109107679,True,True,0.75,0.6313617654274792,1.243657443399901,wind_stuck_7_days,2012
13917,US-Slt,US-Ced,2012-04-19,1.02961481,2.1,2.1,0.35074269248646694,0.35074269248646694,0.1184569166364775,0.46610151356202517,0.020072793765778127,0.018951785295235883,-0.0014162647146922368,-0.35074269248646694,1.1789934717900281,0.3007298572136124,2.4507426924864673,True,2.4507426924864673,True,2.4507426924864673,True,2.4507426924864673,True,2.4507426924864673,True,2.4507426924864673,True,2.1,False,2.36305701936485,2.3565330059134975,True,True,0.75,0.731399431574459,2.4507426924864673,wind_stuck_7_days,2012
13918,US-Slt,US-Ced,2012-07-24,6.15021982,5.9,5.9,-0.7242448553221463,0.7242448553221463,0.16502899910657903,0.652476746682378,0.1080892270822346,0.1081695800910782,0.043995157901588325,-0.7242448553221463,1.1789934717900281,0.3007298572136124,5.175755144677854,True,5.175755144677854,True,5.175755144677854,True,5.175755144677854,True,5.175755144677854,True,5.175755144677854,True,5.175755144677854,True,5.35681635850839,5.293939318138927,True,True,0.75,0.8368173793813082,5.175755144677854,wind_stuck_7_days,2012
13919,US-Slt,US-Ced,2012-08-09,4.11207361,4.3,4.3,-0.0967018362826629,0.0967018362826629,0.15776601438851282,0.4374918772936178,0.020471737177480263,0.004949972616798524,0.0474026919098751,0.0967018362826629,1.1789934717900281,0.3007298572136124,4.203298163717337,True,4.203298163717337,True,4.203298163717337,True,4.203298163717337,True,4.203298163717337,True,4.203298163717337,True,4.203298163717337,True,4.227473622788002,4.203298163717337,True,True,0.75,1.0,4.203298163717337,wind_stuck_7_days,2012
13920,US-Slt,US-Ced,2012-09-10,3.63236099,3.4,3.4,-0.2246330211290771,0.2246330211290771,0.1968514519756508,0.4123765708962484,0.028492760767406387,0.03570689285522138,0.0474026919098751,-0.22463302112907713,1.1789934717900281,0.3007298572136124,3.175366978870923,True,3.175366978870923,True,3.175366978870923,True,3.175366978870923,True,3.175366978870923,True,3.175366978870923,True,3.175366978870923,True,3.231525234153192,3.207597801768748,True,True,0.75,0.8565178764198483,3.175366978870923,wind_stuck_7_days,2012
13921,US-Slt,US-Ced,2012-10-05,2.43947691,2.7,2.7,-0.5199100364321643,0.5199100364321643,0.13439360884191176,0.4664011073320812,0.11842582755426015,0.11985568426302981,-0.0014162647146922368,0.0011361435678356457,1.1789934717900281,0.3007298572136124,2.180089963567836,True,2.180089963567836,True,2.180089963567836,True,2.180089963567836,True,2.180089963567836,True,2.180089963567836,True,2.7,False,2.310067472675877,2.2499159927865358,True,True,0.75,0.8656959390553902,2.180089963567836,wind_stuck_7_days,2012
13922,US-Slt,US-Ced,2012-10-21,1.05793731,1.8,1.8,-0.41163989749219654,0.41163989749219654,0.16463842224708938,0.3545769163454453,0.06437246674044356,0.06601946096663742,-0.0014162647146922368,0.41163989749219654,1.1789934717900281,0.3007298572136124,1.3883601025078036,True,1.3883601025078036,True,1.3883601025078036,True,1.3883601025078036,True,1.3883601025078036,True,1.3883601025078036,True,1.8,False,1.4912700768808527,1.4877451319164083,True,True,0.75,0.7585631761787887,1.3883601025078036,wind_stuck_7_days,2012
14160,US-Tw2,US-Bi1,2012-05-23,1.76254923,1.0,1.0,0.465824140070035,0.465824140070035,0.24111289720195023,0.5223899043386517,0.03651042516757013,0.032795222640308964,1.99792235835803e-05,0.465824140070035,1.1789934717900281,0.3007298572136124,1.465824140070035,True,1.465824140070035,True,1.465824140070035,True,1.465824140070035,True,1.465824140070035,True,1.465824140070035,True,1.465824140070035,True,1.3493681050525264,1.2819904576136563,True,True,0.75,0.6053581885457031,1.465824140070035,wind_stuck_7_days,2012
14161,US-Tw2,US-Bi1,2012-06-08,1.79122328,1.8,1.8,0.532839462401473,0.532839462401473,0.24062357835617657,0.629500960678926,0.0865671201799555,0.10594948377334676,-0.0033875547847031957,-0.532839462401473,1.1789934717900281,0.3007298572136124,2.332839462401473,True,2.332839462401473,True,2.332839462401473,True,2.332839462401473,True,2.332839462401473,True,2.332839462401473,True,1.8,False,2.199629596801105,2.239526185686343,True,True,0.75,0.8248754394155171,2.332839462401473,wind_stuck_7_days,2012
14162,US-Tw2,US-Bi1,2012-06-24,2.30748409,1.8,1.8,0.13729148174290845,0.13729148174290845,0.20445784606531037,0.41725012685294577,0.008427203717908378,0.012828141209458795,1.99792235835803e-05,0.13729148174290845,1.1789934717900281,0.3007298572136124,1.9372914817429085,True,1.9372914817429085,True,1.9372914817429085,True,1.9372914817429085,True,1.9372914817429085,True,1.9372914817429085,True,1.9372914817429085,True,1.9029686113071813,1.9372914817429085,True,True,0.75,1.0,1.9372914817429085,wind_stuck_7_days,2012
14163,US-Tw2,US-Bi1,2012-07-10,4.95402376,2.5,2.5,-0.3578331241468915,0.3578331241468915,0.1982512228322673,0.6123517437034901,0.07819058956255649,0.07451224287460312,-0.0033875547847031957,-0.3578331241468913,1.1789934717900281,0.3007298572136124,2.1421668758531087,True,2.1421668758531087,True,2.1421668758531087,True,2.1421668758531087,True,2.1421668758531087,True,2.1421668758531087,True,2.5,False,2.2316251568898315,2.2309243596221755,True,True,0.75,0.751958447165356,2.1421668758531087,wind_stuck_7_days,2012
14164,US-Tw2,US-Bi1,2012-07-26,4.3833372,4.9,4.9,-1.3025768464129306,1.3025768464129306,0.2557208082951942,0.6356116244456378,0.11921413334408723,0.25941586640163733,0.03973003957202591,-0.2692512464129293,1.1789934717900281,0.3007298572136124,3.5974231535870698,True,3.5974231535870698,True,3.5974231535870698,True,3.5974231535870698,True,3.5974231535870698,True,3.5974231535870698,True,3.5974231535870698,True,3.9230673651903025,3.960726927342863,True,True,0.75,0.7210884142795349,3.5974231535870698,wind_stuck_7_days,2012
14165,US-Tw2,US-Bi1,2012-08-11,7.0865673,6.2,6.2,-0.034610973131630474,0.034610973131630474,0.2536622310258704,0.8342467266407121,0.0437324118030354,0.02300333252376253,0.005630843021092033,-0.03461097313163042,1.1789934717900281,0.3007298572136124,6.16538902686837,True,6.16538902686837,True,6.16538902686837,True,6.16538902686837,True,6.16538902686837,True,6.16538902686837,True,6.16538902686837,True,6.174041770151278,6.191397539310966,True,True,0.75,0.2485472065843934,6.16538902686837,wind_stuck_7_days,2012
14166,US-Tw2,US-Bi1,2012-08-27,4.71319764,4.7,4.7,-0.6338731034810134,0.6338731034810134,0.17128371828073122,0.5036925721968363,0.10494032267868814,0.10413668550939104,0.0474026919098751,-0.6338731034810134,1.1789934717900281,0.3007298572136124,4.066126896518987,True,4.066126896518987,True,4.066126896518987,True,4.066126896518987,True,4.066126896518987,True,4.066126896518987,True,4.066126896518987,True,4.22459517238924,4.228240722057736,True,True,0.75,0.7442487705370747,4.066126896518987,wind_stuck_7_days,2012
14167,US-Tw2,US-Bi1,2012-09-28,2.01343287,3.3,3.3,-0.6132916229104176,0.6132916229104176,0.1391299433538039,0.4774586806982587,0.11950330669892086,0.11985568426302981,0.0474026919098751,0.6132916229104176,1.1789934717900281,0.3007298572136124,2.686708377089582,True,2.686708377089582,True,2.686708377089582,True,2.686708377089582,True,2.686708377089582,True,2.686708377089582,True,2.686708377089582,True,2.8400312828171868,2.916636798619988,True,True,0.75,0.6250912079325908,2.686708377089582,wind_stuck_7_days,2012
14416,US-Twt,US-Bi1,2012-01-16,0.81912782,1.4,1.4,-0.355793433591415,0.355793433591415,0.17382546826111822,0.5374132542494463,0.06431533794059749,0.05013287663777433,-0.0014162647146922368,0.355793433591415,1.1789934717900281,0.3007298572136124,1.044206566408585,True,1.044206566408585,True,1.044206566408585,True,1.044206566408585,True,1.044206566408585,True,1.044206566408585,True,1.4,False,1.1331549248064388,1.1368688698741338,True,True,0.75,0.73956151317857,1.044206566408585,wind_stuck_7_days,2012
14417,US-Twt,US-Bi1,2012-02-17,1.59992191,1.6,1.6,-0.3879576996434493,0.3879576996434493,0.1097388605232794,0.3634449137018002,0.06437246674044356,0.06601946096663742,-0.0014162647146922368,-0.387801519643449,1.1789934717900281,0.3007298572136124,1.2120423003565508,True,1.2120423003565508,True,1.2120423003565508,True,1.2120423003565508,True,1.2120423003565508,True,1.2120423003565508,True,1.6,False,1.309031725267413,1.2761465439839348,True,True,0.75,0.8347648630603317,1.2120423003565508,wind_stuck_7_days,2012
14418,US-Twt,US-Bi1,2012-03-04,0.88076428,1.0,1.0,0.12581350808758301,0.12581350808758301,0.13879409631844578,0.4106778698533461,0.009077971366883736,0.009746290049568155,-0.0014162647146922368,-0.12581350808758301,1.1789934717900281,0.3007298572136124,1.125813508087583,True,1.125813508087583,True,1.125813508087583,True,1.125813508087583,True,1.125813508087583,True,1.125813508087583,True,1.0,False,1.0943601310656872,1.125813508087583,True,True,0.75,1.0,1.125813508087583,wind_stuck_7_days,2012
14419,US-Twt,US-Bi1,2012-03-20,3.07282299,1.8,1.8,-0.1053406414439726,0.1053406414439726,0.2823815948711102,0.5581483728407669,0.021996251884699274,0.014582387157021256,-0.0014162647146922368,-0.1053406414439726,1.1789934717900281,0.3007298572136124,1.6946593585560275,True,1.6946593585560275,True,1.6946593585560275,True,1.6946593585560275,True,1.6946593585560275,True,1.6946593585560275,True,1.8,False,1.7209945189170206,1.6946593585560275,True,True,0.75,1.0,1.6946593585560275,wind_stuck_7_days,2012
14420,US-Twt,US-Bi1,2012-04-05,2.08445893,1.0,1.0,0.22846268220912275,0.22846268220912275,0.08564944504043857,0.31879540400988604,0.01317453485404392,0.016110733589087444,0.010678358580813565,0.2284626822091227,1.1789934717900281,0.3007298572136124,1.2284626822091227,True,1.2284626822091227,True,1.2284626822091227,True,1.2284626822091227,True,1.2284626822091227,True,1.2284626822091227,True,1.2284626822091227,True,1.171347011656842,1.1733846968769956,True,True,0.75,0.7589191162445011,1.2284626822091227,wind_stuck_7_days,2012
14421,US-Twt,US-Bi1,2012-04-21,1.87539015,2.0,2.0,-0.4453891052369262,0.4453891052369262,0.2887784640521063,0.6846575468938448,0.06182165550604331,0.057867747388915924,-0.008569270537640679,-0.1961694052369264,1.1789934717900281,0.3007298572136124,1.5546108947630737,True,1.5546108947630737,True,1.5546108947630737,True,1.5546108947630737,True,1.5546108947630737,True,1.5546108947630737,True,2.0,False,1.6659581710723055,1.70161022587517,True,True,0.75,0.6699530155011325,1.5546108947630737,wind_stuck_7_days,2012
14422,US-Twt,US-Bi1,2012-05-07,3.81065764,6.0,6.0,-0.3945174529361649,0.3945174529361649,0.2681330903919403,0.6342275529128591,0.05449568293975177,0.0470678638035701,0.043995157901588325,0.394517452936165,1.1789934717900281,0.3007298572136124,5.605482547063835,True,5.605482547063835,True,5.605482547063835,True,5.605482547063835,True,5.605482547063835,True,5.605482547063835,True,5.605482547063835,True,5.704111910297876,5.650678025064624,True,True,0.75,0.8854411188543732,5.605482547063835,wind_stuck_7_days,2012
14423,US-Twt,US-Bi1,2012-05-23,6.58942391,6.7,6.7,-1.72208561124492,1.72208561124492,0.252640007558518,0.8789802730127982,0.5826304041016006,0.7631173394768835,-0.05011959975734185,-1.5009334312449194,1.1789934717900281,0.3007298572136124,4.97791438875508,True,4.97791438875508,True,4.97791438875508,True,4.97791438875508,True,4.97791438875508,True,4.97791438875508,True,6.7,False,5.40843579156631,5.34031365501771,True,True,0.75,0.7895579267974682,4.97791438875508,wind_stuck_7_days,2012
14424,US-Twt,US-Bi1,2012-06-08,3.27319062,3.9,3.9,-0.3442399323007408,0.3442399323007408,0.3221376133414357,0.7277535824618487,0.06967632596799912,0.058600139272011374,-0.010811458311695603,0.3442399323007408,1.1789934717900281,0.3007298572136124,3.555760067699259,True,3.9,False,3.555760067699259,True,3.555760067699259,True,3.555760067699259,True,3.555760067699259,True,3.9,False,3.6418200507744443,3.6269707983093107,True,True,0.75,0.7931363449495477,3.555760067699259,wind_stuck_7_days,2012
14425,US-Twt,US-Bi1,2012-06-24,7.21416349,6.1,6.1,-1.2382388908492796,1.2382388908492796,0.22037244652846555,0.6407668478260885,0.2978563862348913,0.4889176425678278,0.1065088385567365,-1.2382388908492796,1.1789934717900281,0.3007298572136124,4.86176110915072,True,4.86176110915072,True,4.86176110915072,True,4.86176110915072,True,4.86176110915072,True,4.86176110915072,True,4.86176110915072,True,5.17132083186304,5.095006368460732,True,True,0.75,0.8116314541291506,4.86176110915072,wind_stuck_7_days,2012
14426,US-Twt,US-Bi1,2012-07-10,6.11522835,7.5,7.5,-0.17472139787606947,0.17472139787606947,0.30149703416601015,0.7024746212456559,0.06643294628434424,0.02605476128385253,0.0878002825736602,0.17472139787606955,1.1789934717900281,0.3007298572136124,7.32527860212393,True,7.32527860212393,True,7.32527860212393,True,7.32527860212393,True,7.32527860212393,True,7.32527860212393,True,7.32527860212393,True,7.368958951592948,7.32527860212393,True,True,0.75,1.0,7.32527860212393,wind_stuck_7_days,2012
14427,US-Twt,US-Bi1,2012-07-26,6.57767288,7.1,7.1,0.2139837026018528,0.2139837026018528,0.14681489750668383,0.4757174524045486,-0.0026602387234934567,-0.02037477715316255,0.09298199832659769,-0.21398370260185273,1.1789934717900281,0.3007298572136124,7.313983702601853,True,7.313983702601853,True,7.313983702601853,True,7.1,False,7.1,False,7.1,False,7.313983702601853,True,7.260487776951389,7.313983702601853,True,True,0.75,1.0,7.313983702601853,wind_stuck_7_days,2012
14428,US-Twt,US-Bi1,2012-08-11,8.11748094,7.1,7.1,0.24424384975035407,0.24424384975035407,0.2525416872006435,0.8001195777879865,0.05762367750355994,0.022844663476211245,0.048928675259535676,0.24424384975035407,1.1789934717900281,0.3007298572136124,7.344243849750354,True,7.344243849750354,True,7.344243849750354,True,7.344243849750354,True,7.344243849750354,True,7.344243849750354,True,7.344243849750354,True,7.2831828873127655,7.1128594213485306,True,True,0.75,0.052649929001999475,7.344243849750354,wind_stuck_7_days,2012
14429,US-Twt,US-Bi1,2012-08-27,5.71541593,5.9,5.9,0.32264561453407165,0.32264561453407165,0.25343737784916,0.4060459820319145,0.027426095620411636,0.01679005914757615,0.0474026919098751,-0.3226456145340717,1.1789934717900281,0.3007298572136124,6.222645614534072,True,6.222645614534072,True,6.222645614534072,True,6.222645614534072,True,6.222645614534072,True,6.222645614534072,True,6.222645614534072,True,6.141984210900554,6.195036601260999,True,True,0.75,0.9144292932264328,6.222645614534072,wind_stuck_7_days,2012
14430,US-Twt,US-Bi1,2012-09-12,4.59694251,5.1,5.1,0.13143748971205635,0.13143748971205635,0.12809678412758244,0.4513033458254384,0.008800384554371989,0.0016657182777561439,0.0474026919098751,-0.13143748971205638,1.1789934717900281,0.3007298572136124,5.231437489712056,True,5.231437489712056,True,5.231437489712056,True,5.231437489712056,True,5.231437489712056,True,5.231437489712056,True,5.231437489712056,True,5.1985781172840415,5.231437489712056,True,True,0.75,1.0,5.231437489712056,wind_stuck_7_days,2012
14431,US-Twt,US-Bi1,2012-09-28,4.80486894,3.9,3.9,-0.4168338595214808,0.4168338595214808,0.1856551387346277,0.4793227735078249,0.06431533794059749,0.06601946096663742,0.0474026919098751,-0.41683385952148067,1.1789934717900281,0.3007298572136124,3.4831661404785192,True,3.4831661404785192,True,3.4831661404785192,True,3.4831661404785192,True,3.4831661404785192,True,3.4831661404785192,True,3.4831661404785192,True,3.5873746053588893,3.585374535260069,True,True,0.75,0.7547982428805482,3.4831661404785192,wind_stuck_7_days,2012
14432,US-Twt,US-Bi1,2012-10-14,1.84232581,2.9,2.9,-0.4904201876751616,0.4904201876751616,0.18119524976851187,0.4431495529686643,0.11343644479535814,0.11985568426302981,-0.0014162647146922368,0.4904201876751616,1.1789934717900281,0.3007298572136124,2.4095798123248384,True,2.4095798123248384,True,2.4095798123248384,True,2.4095798123248384,True,2.4095798123248384,True,2.4095798123248384,True,2.9,False,2.5321848592436287,2.4248930891234806,True,True,0.75,0.9687751907782691,2.4095798123248384,wind_stuck_7_days,2012
14433,US-Twt,US-Bi1,2012-10-30,1.57241261,2.0,2.0,-0.22108365058301035,0.22108365058301035,0.1022549817839366,0.5715348213600745,0.033482143526308385,0.03570689285522138,-0.0014162647146922368,0.22108365058301035,1.1789934717900281,0.3007298572136124,1.7789163494169897,True,1.7789163494169897,True,1.7789163494169897,True,1.7789163494169897,True,1.7789163494169897,True,1.7789163494169897,True,2.0,False,1.8341872620627422,1.8219193915841312,True,True,0.75,0.8054897227644827,1.7789163494169897,wind_stuck_7_days,2012
15050,US-Var,SLM001,2012-01-09,0.31420793,0.2,0.2,0.014524416452960912,0.014524416452960912,0.16502965435830522,0.4257124749838196,0.012307878941149812,0.008192474857807512,-0.010136547658172066,0.014524416452960917,1.1789934717900281,0.3007298572136124,0.21452441645296091,True,0.21452441645296091,True,0.21452441645296091,True,0.21452441645296091,True,0.21452441645296091,True,0.21452441645296091,True,0.2,False,0.2108933123397207,0.21452441645296091,True,True,0.75,1.0,0.19866025067378776,wind_stuck_7_days,2012
15051,US-Var,SLM001,2012-01-16,0.31133949,0.2,0.2,0.2874187272490268,0.2874187272490268,0.06525026256046162,0.3625283635571915,0.027963034047578987,0.0294024299211947,-0.010136547658172066,-0.06473974724902681,1.1789934717900281,0.3007298572136124,0.4874187272490268,True,0.4874187272490268,True,0.4874187272490268,True,0.4874187272490268,True,0.4874187272490268,True,0.4874187272490268,True,0.2,False,0.4155640454367701,0.39467700087714813,True,True,0.75,0.6773288669825439,0.4874187272490268,wind_stuck_7_days,2012
15052,US-Var,SLM001,2012-01-25,0.5080203,0.4,0.4,0.27409890746588256,0.27409890746588256,0.10542024935385542,0.35262266259332253,0.01157262124436405,0.022143750066089783,-0.0014162647146922368,-0.05805830746588264,1.1789934717900281,0.3007298572136124,0.6740989074658825,True,0.6740989074658825,True,0.6740989074658825,True,0.6740989074658825,True,0.6740989074658825,True,0.6740989074658825,True,0.4,False,0.6055741805994119,0.6073809652597701,True,True,0.75,0.7565917251442642,0.6740989074658825,wind_stuck_7_days,2012
15053,US-Var,SLM001,2012-02-10,0.81032187,0.8,0.8,0.1362892453673006,0.1362892453673006,0.10239588731412792,0.33239617276543804,0.009077971366883736,0.009746290049568155,-0.0014162647146922368,-0.1156455053673007,1.1789934717900281,0.3007298572136124,0.9362892453673006,True,0.9362892453673006,True,0.9362892453673006,True,0.9362892453673006,True,0.9362892453673006,True,0.9362892453673006,True,0.8,False,0.9022169340254755,0.9362892453673006,True,True,0.75,1.0,0.9362892453673006,wind_stuck_7_days,2012
15054,US-Var,SLM001,2012-02-17,1.09079788,1.1,1.1,-0.13630027422600638,0.13630027422600638,0.1096623520722049,0.3318749256451132,0.03010211972209015,0.02805326786456187,-0.0014162647146922368,-0.1178960342260062,1.1789934717900281,0.3007298572136124,0.9636997257739937,True,0.9636997257739937,True,0.9636997257739937,True,0.9636997257739937,True,0.9636997257739937,True,0.9636997257739937,True,1.1,False,0.9977747943304953,0.9636997257739937,True,True,0.75,1.0,0.9636997257739937,wind_stuck_7_days,2012
15055,US-Var,SLM001,2012-02-26,0.95640497,1.2,1.2,-0.17733307220801214,0.17733307220801214,0.06821273684058773,0.30620080143970113,0.03010211972209015,0.02805326786456187,-0.0014162647146922368,0.17733307220801214,1.1789934717900281,0.3007298572136124,1.0226669277919878,True,1.0226669277919878,True,1.0226669277919878,True,1.0226669277919878,True,1.0226669277919878,True,1.0226669277919878,True,1.2,False,1.067000195843991,1.0323031205384008,True,True,0.75,0.9456604872039336,1.0226669277919878,wind_stuck_7_days,2012
15056,US-Var,SLM001,2012-03-04,1.55627542,1.5,1.5,0.012712616126861526,0.012712616126861526,0.11978356401501654,0.5675797816855666,0.009077971366883736,0.009746290049568155,-0.0014162647146922368,0.012712616126861524,1.1789934717900281,0.3007298572136124,1.5127126161268616,True,1.5127126161268616,True,1.5127126161268616,True,1.5127126161268616,True,1.5127126161268616,True,1.5127126161268616,True,1.5,False,1.509534462095146,1.5127126161268616,True,True,0.75,1.0,1.5193359773437174,wind_stuck_7_days,2012
15057,US-Var,SLM001,2012-04-05,2.51537415,2.1,2.1,-0.06560767692328003,0.06560767692328003,0.1232966465855489,0.31639683448251177,0.009077971366883736,0.009746290049568155,-0.0014162647146922368,-0.06560767692328001,1.1789934717900281,0.3007298572136124,2.03439232307672,True,2.03439232307672,True,2.03439232307672,True,2.03439232307672,True,2.03439232307672,True,2.03439232307672,True,2.1,False,2.05079424230754,2.03439232307672,True,True,0.75,1.0,2.03439232307672,wind_stuck_7_days,2012
15058,US-Var,SLM001,2012-04-21,2.89580455,4.6,4.6,-0.805753022972643,0.805753022972643,0.2875582425798722,0.8071028460712244,0.18788317971842725,0.10695855572665536,-0.02485209207893245,0.805753022972643,1.1789934717900281,0.3007298572136124,3.7942469770273566,True,3.7942469770273566,True,3.7942469770273566,True,3.7942469770273566,True,3.7942469770273566,True,3.7942469770273566,True,4.6,False,3.9956852327705175,4.139033052050137,True,True,0.75,0.5720945932653527,3.7942469770273566,wind_stuck_7_days,2012
15059,US-Var,SLM001,2012-04-30,4.58525124,4.5,4.5,-0.7737109572688491,0.7737109572688491,0.12713691835260213,0.4868697884576406,0.11744926580130317,0.12379316363995937,0.0474026919098751,-0.7737109572688491,1.1789934717900281,0.3007298572136124,3.726289042731151,True,3.726289042731151,True,3.726289042731151,True,3.726289042731151,True,3.726289042731151,True,3.726289042731151,True,3.726289042731151,True,3.919716782048363,4.003765263432274,True,True,0.75,0.6413696638333823,3.726289042731151,wind_stuck_7_days,2012
15060,US-Var,SLM001,2012-05-07,4.64147097,4.9,4.9,-0.2529375617030076,0.2529375617030076,0.19132017089483333,0.6423061309164779,0.0210146742005946,0.01675529569215404,0.043995157901588325,0.2529375617030076,1.1789934717900281,0.3007298572136124,4.6470624382969925,True,4.6470624382969925,True,4.6470624382969925,True,4.6470624382969925,True,4.6470624382969925,True,4.6470624382969925,True,4.6470624382969925,True,4.710296828722745,4.71769019515908,True,True,0.75,0.720769994039016,4.6470624382969925,wind_stuck_7_days,2012
15061,US-Var,SLM001,2012-05-23,1.54396909,2.7,2.7,-0.7200268750347418,0.7200268750347418,0.16360616115858176,0.37230336215954907,0.09605872211160998,0.12215498117355723,1.99792235835803e-05,0.7200268750347418,1.1789934717900281,0.3007298572136124,1.9799731249652583,True,1.9799731249652583,True,1.9799731249652583,True,1.9799731249652583,True,1.9799731249652583,True,1.9799731249652583,True,1.9799731249652583,True,2.159979843723944,2.270681102697249,True,True,0.75,0.596253990216735,1.9799731249652583,wind_stuck_7_days,2012
15062,US-Var,SLM001,2012-06-01,1.20514221,2.4,2.4,-1.4122545539912201,1.4122545539912201,0.22791981931112723,0.6325247605293711,-0.014001987206313463,-0.048014429745556024,-0.20001249881153058,0.9774610260087797,1.1789934717900281,0.3007298572136124,0.9877454460087798,True,0.9877454460087798,True,0.9877454460087798,True,2.4,False,2.4,False,2.4,False,2.4,False,1.3408090845065848,2.087362070476218,True,True,0.75,0.22137505497165885,0.9877454460087798,wind_stuck_7_days,2012
15063,US-Var,SLM001,2012-06-08,0.65912407,2.2,2.2,-0.9463379217688054,0.9463379217688054,0.1512937210261369,0.4492435663249017,0.09353722073817881,0.0966480885827946,-0.048162523983810476,0.9463379217688054,1.1789934717900281,0.3007298572136124,1.2536620782311947,True,1.2536620782311947,True,1.2536620782311947,True,1.2536620782311947,True,1.2536620782311947,True,1.2536620782311947,True,2.2,False,1.4902465586733962,1.7434033689307142,True,True,0.75,0.4824879364612787,1.2536620782311947,wind_stuck_7_days,2012
15064,US-Var,SLM001,2012-06-17,0.36572857,1.4,1.4,-0.6180352931863722,0.6180352931863722,0.19626396658260145,0.5185012032226737,0.1858106351529418,0.19508464432671477,1.99792235835803e-05,0.6180352931863722,1.1789934717900281,0.3007298572136124,0.7819647068136277,True,0.7819647068136277,True,0.7819647068136277,True,0.7819647068136277,True,0.7819647068136277,True,0.7819647068136277,True,0.7819647068136277,True,0.9364735301102207,1.0108521316690744,True,True,0.75,0.629653148648868,0.5929912549872621,wind_stuck_7_days,2012
15065,US-Var,SLM001,2012-06-24,0.18804959,1.5,1.5,0.024577352975199068,0.024577352975199068,0.16632874757412608,0.4636094757429866,0.01341658647681037,0.012828141209458795,1.99792235835803e-05,-0.02457735297519914,1.1789934717900281,0.3007298572136124,1.5245773529751991,True,1.5245773529751991,True,1.5245773529751991,True,1.5245773529751991,True,1.5245773529751991,True,1.5245773529751991,True,1.5245773529751991,True,1.5184330147313994,1.5245773529751991,True,True,0.75,1.0,1.5245773529751991,wind_stuck_7_days,2012
15066,US-Var,SLM001,2012-07-03,0.21832922,1.4,1.4,-0.9562321894644125,0.9562321894644125,0.14299514120207932,0.444234102643951,0.08515169955239728,0.15108936927896716,-0.048162523983810476,0.9562321894644125,1.1789934717900281,0.3007298572136124,0.44376781053558745,True,0.44376781053558745,True,0.44376781053558745,True,0.44376781053558745,True,0.44376781053558745,True,0.44376781053558745,True,1.4,False,0.6828258579016906,0.9441838722216167,True,True,0.75,0.47667933876361845,0.44376781053558745,wind_stuck_7_days,2012
15067,US-Var,SLM001,2012-07-10,0.20514831,0.9,0.9,-0.48754046905881704,0.48754046905881704,0.19915465898507612,0.46206146892276684,0.09591512638313313,0.1312028974879942,1.99792235835803e-05,0.48754046905881704,1.1789934717900281,0.3007298572136124,0.412459530941183,True,0.412459530941183,True,0.412459530941183,True,0.412459530941183,True,0.412459530941183,True,0.412459530941183,True,0.412459530941183,True,0.5343446482058872,0.42278407596615514,True,True,0.75,0.9788232040615964,0.412459530941183,wind_stuck_7_days,2012
15068,US-Var,SLM001,2012-07-26,0.07844099,1.3,1.3,-0.8900898459062256,0.8900898459062256,0.16609753028366908,0.3105486109396385,0.1462010222443906,0.17659626186972982,-0.03126315182433591,0.8900898459062256,1.1789934717900281,0.3007298572136124,0.4099101540937744,True,0.4099101540937744,True,0.4099101540937744,True,0.4099101540937744,True,0.4099101540937744,True,0.4099101540937744,True,1.3,False,0.6324326155703308,0.784226763297765,True,True,0.75,0.5794619937239164,0.4099101540937744,wind_stuck_7_days,2012
15069,US-Var,SLM001,2012-08-11,0.05561283,0.9,0.9,-0.10503146275372399,0.10503146275372399,0.21750446392554276,0.6780729649687667,0.01889824396132102,0.018270537528773573,-0.008569270537640679,0.10503146275372399,1.1789934717900281,0.3007298572136124,0.794968537246276,True,0.794968537246276,True,0.794968537246276,True,0.794968537246276,True,0.794968537246276,True,0.794968537246276,True,0.9,False,0.8212264029347071,0.794968537246276,True,True,0.75,1.0,0.3474874111886005,wind_stuck_7_days,2012
15070,US-Var,SLM001,2012-08-20,0.00539121,1.5,1.5,-0.659273659382561,0.659273659382561,0.2315092466704954,0.37212742943003885,0.09844493394585457,0.10792504326940487,1.99792235835803e-05,0.659273659382561,1.1789934717900281,0.3007298572136124,0.840726340617439,True,0.840726340617439,True,0.840726340617439,True,0.840726340617439,True,0.840726340617439,True,0.840726340617439,True,0.840726340617439,True,1.0055447554630792,1.056593465287032,True,True,0.75,0.6725682550827801,0.840726340617439,wind_stuck_7_days,2012
15071,US-Var,SLM001,2012-08-27,0.02473316,0.8,0.8,-0.26075083254082077,0.26075083254082077,0.16266550800226462,0.3740642882415239,0.023125843898058364,0.027555179277499852,1.99792235835803e-05,0.26075083254082077,1.1789934717900281,0.3007298572136124,0.5392491674591793,True,0.5392491674591793,True,0.5392491674591793,True,0.5392491674591793,True,0.5392491674591793,True,0.5392491674591793,True,0.5392491674591793,True,0.6044368755943845,0.6470732700836251,True,True,0.75,0.5864860657441394,0.5392491674591793,wind_stuck_7_days,2012
15072,US-Var,SLM001,2012-09-12,0.00878777,0.9,0.9,-0.20705155949306783,0.20705155949306783,0.1271123386348251,0.2967651011868007,0.033482143526308385,0.03570689285522138,1.99792235835803e-05,0.20705155949306786,1.1789934717900281,0.3007298572136124,0.6929484405069322,True,0.6929484405069322,True,0.6929484405069322,True,0.6929484405069322,True,0.6929484405069322,True,0.6929484405069322,True,0.6929484405069322,True,0.7447113303801991,0.7124549048061009,True,True,0.75,0.9057893389118775,0.6929484405069322,wind_stuck_7_days,2012
15073,US-Var,SLM001,2012-09-28,-0.00893528,0.4,0.4,0.08308625413125008,0.08308625413125008,0.13953962792224314,0.3365360891458661,0.025389834008693782,0.026686603274853282,1.99792235835803e-05,-0.08308625413125009,1.1789934717900281,0.3007298572136124,0.4830862541312501,True,0.4830862541312501,True,0.4830862541312501,True,0.4830862541312501,True,0.4830862541312501,True,0.4830862541312501,True,0.4830862541312501,True,0.46231469059843755,0.4830862541312501,True,True,0.75,1.0,0.4830862541312501,wind_stuck_7_days,2012
15074,US-Var,SLM001,2012-10-07,0.00232881,0.5,0.5,-0.252626710626963,0.252626710626963,0.12387817248946728,0.3504496249250838,0.035450169375104694,0.036439921131917304,-0.0014162647146922368,0.252626710626963,1.1789934717900281,0.3007298572136124,0.247373289373037,True,0.247373289373037,True,0.247373289373037,True,0.247373289373037,True,0.247373289373037,True,0.247373289373037,True,0.5,False,0.31052996702977775,0.3405011539844237,True,True,0.75,0.6313617654274792,0.247373289373037,wind_stuck_7_days,2012
15075,US-Var,SLM001,2012-10-14,0.0123654,0.9,0.9,-0.46849332417501416,0.46849332417501416,0.13641607210338036,0.4343892874278367,0.06437246674044356,0.06601946096663742,-0.0014162647146922368,0.46849332417501416,1.1789934717900281,0.3007298572136124,0.43150667582498586,True,0.43150667582498586,True,0.43150667582498586,True,0.43150667582498586,True,0.43150667582498586,True,0.43150667582498586,True,0.9,False,0.5486300068687394,0.6277398314017562,True,True,0.75,0.5811399107504384,0.43150667582498586,wind_stuck_7_days,2012
15076,US-Var,SLM001,2012-10-30,0.34055621,1.0,1.0,-0.34446890781013934,0.34446890781013934,0.09592564923834611,0.4691862793895165,0.06437246674044356,0.06601946096663742,-0.0014162647146922368,0.34446890781013934,1.1789934717900281,0.3007298572136124,0.6555310921898607,True,0.6555310921898607,True,0.6555310921898607,True,0.6555310921898607,True,0.6555310921898607,True,0.6555310921898607,True,1.0,False,0.7416483191423955,0.7296002090321209,True,True,0.75,0.7849759001091476,0.6555310921898607,wind_stuck_7_days,2012
15077,US-Var,SLM001,2012-11-08,0.39772855,0.7,0.7,0.42514667208207413,0.42514667208207413,0.13329827217316917,0.4237865409048234,0.020072793765778127,-0.0011810318422669618,-0.0014162647146922368,-0.4251466720820742,1.1789934717900281,0.3007298572136124,1.125146672082074,True,1.125146672082074,True,1.125146672082074,True,1.125146672082074,True,1.125146672082074,True,0.7,False,0.7,False,1.0188600040615556,0.994424872290413,True,True,0.75,0.6925254074047522,1.125146672082074,wind_stuck_7_days,2012
15078,US-Var,SLM001,2012-11-15,0.36685052,0.3,0.3,-0.0826709197684888,0.0826709197684888,0.12992716112484,0.4227323619331028,0.013972598577542695,0.012855870224370304,-0.0014162647146922368,-0.08267091976848878,1.1789934717900281,0.3007298572136124,0.2173290802315112,True,0.2173290802315112,True,0.2173290802315112,True,0.2173290802315112,True,0.2173290802315112,True,0.2173290802315112,True,0.3,False,0.2379968101736334,0.2173290802315112,True,True,0.75,1.0,0.2173290802315112,wind_stuck_7_days,2012
15079,US-Var,SLM001,2012-11-24,0.41134274,0.7,0.7,-0.09275472835573359,0.09275472835573359,0.12665435833550043,0.5039205512223154,0.010742691003276619,0.005082894683005364,-0.010136547658172066,0.09275472835573359,1.1789934717900281,0.3007298572136124,0.6072452716442663,True,0.6072452716442663,True,0.6072452716442663,True,0.6072452716442663,True,0.6072452716442663,True,0.6072452716442663,True,0.7,False,0.6304339537331998,0.6072452716442663,True,True,0.75,1.0,0.616085121629477,wind_stuck_7_days,2012
15080,US-Var,SLM001,2012-12-10,0.39209088,0.4,0.4,0.1937570375999355,0.1937570375999355,0.11194060407256341,0.4592102390344551,0.012307878941149812,0.0189430312021781,-0.0014162647146922368,-0.1937570375999355,1.1789934717900281,0.3007298572136124,0.5937570375999355,True,0.5937570375999355,True,0.5937570375999355,True,0.5937570375999355,True,0.5937570375999355,True,0.5937570375999355,True,0.4,False,0.5453177781999516,0.5602072014096087,True,True,0.75,0.8268458446417846,0.5937570375999355,wind_stuck_7_days,2012
15652,US-WCr,US-WCr,2012-06-03,2.74044816,5.7,5.7,-1.372634939843247,1.372634939843247,0.22394335959458048,0.57049974208598,0.7287332629910842,0.7161791990112965,0.043137573580312685,1.372634939843247,1.1789934717900281,0.3007298572136124,4.327365060156753,True,4.327365060156753,True,4.327365060156753,True,4.327365060156753,True,4.327365060156753,True,4.327365060156753,True,4.327365060156753,True,4.670523795117565,4.496868902228657,True,True,0.75,0.8765120738575538,4.327365060156753,wind_stuck_7_days,2012
15653,US-WCr,US-WCr,2012-08-06,4.18892115,5.4,5.4,0.5730918181459957,0.5730918181459957,0.23155498608419778,0.6174114526374572,0.04084277981473837,0.022684851528304892,0.02988994190223953,-0.5730918181459956,1.1789934717900281,0.3007298572136124,5.973091818145996,True,5.973091818145996,True,5.973091818145996,True,5.973091818145996,True,5.973091818145996,True,5.973091818145996,True,5.973091818145996,True,5.829818863609497,5.81181323333859,True,True,0.75,0.7185815960012185,5.973091818145996,wind_stuck_7_days,2012
15654,US-WCr,US-WCr,2012-09-23,0.9636993,1.7,1.7,0.24479605040633845,0.24479605040633845,0.202578239886923,0.4447563293574811,0.011104128966225034,-0.005506501268626551,-0.0014162647146922368,-0.24479605040633845,1.1789934717900281,0.3007298572136124,1.9447960504063384,True,1.9447960504063384,True,1.9447960504063384,True,1.9447960504063384,True,1.9447960504063384,True,1.7,False,1.7,False,1.8835970378047537,1.8789889002116857,True,True,0.75,0.7311756048129903,1.9447960504063384,wind_stuck_7_days,2012
15891,US-Wkg,US-CMW,2012-01-01,0.19999012,0.3,0.3,0.129844428382026,0.129844428382026,0.11868167688609955,0.34769347824589375,0.012307878941149812,0.012855870224370304,-0.0014162647146922368,-0.129844428382026,1.1789934717900281,0.3007298572136124,0.42984442838202597,True,0.42984442838202597,True,0.42984442838202597,True,0.42984442838202597,True,0.42984442838202597,True,0.42984442838202597,True,0.3,False,0.3973833212865195,0.42984442838202597,True,True,0.75,1.0,0.42984442838202597,wind_stuck_7_days,2012
15892,US-Wkg,US-CMW,2012-01-17,0.54470132,0.9,0.9,-0.15406770548681026,0.15406770548681026,0.0973920900440996,0.38505141304226764,0.03010211972209015,0.02805326786456187,-0.0014162647146922368,0.15406770548681026,1.1789934717900281,0.3007298572136124,0.7459322945131898,True,0.7459322945131898,True,0.7459322945131898,True,0.7459322945131898,True,0.7459322945131898,True,0.7459322945131898,True,0.9,False,0.7844492208848923,0.7459322945131898,True,True,0.75,1.0,0.7459322945131898,wind_stuck_7_days,2012
15893,US-Wkg,US-CMW,2012-02-02,0.17960253,0.7,0.7,-0.5022238762398878,0.5022238762398878,0.07585878027508422,0.21609247761675082,0.11842582755426015,0.11985568426302981,-0.0014162647146922368,0.5022238762398878,1.1789934717900281,0.3007298572136124,0.1977761237601121,True,0.1977761237601121,True,0.1977761237601121,True,0.1977761237601121,True,0.1977761237601121,True,0.1977761237601121,True,0.7,False,0.32333209282008407,0.23781369394299834,True,True,0.75,0.9202794369661504,0.1977761237601121,wind_stuck_7_days,2012
15894,US-Wkg,US-CMW,2012-02-18,0.83089423,0.6,0.6,0.15651623720312688,0.15651623720312688,0.12160669169517564,0.31602915354713995,0.009077971366883736,0.009746290049568155,-0.0014162647146922368,0.15651623720312688,1.1789934717900281,0.3007298572136124,0.7565162372031269,True,0.7565162372031269,True,0.7565162372031269,True,0.7565162372031269,True,0.7565162372031269,True,0.7565162372031269,True,0.6,False,0.7173871779023451,0.7565162372031269,True,True,0.75,1.0,0.7565162372031269,wind_stuck_7_days,2012
15895,US-Wkg,US-CMW,2012-03-05,0.24037427,1.4,1.4,-0.7290515377985709,0.7290515377985709,0.18489026878504003,0.5132946630740202,0.12682177249222137,0.12909880406322904,1.99792235835803e-05,0.7290515377985709,1.1789934717900281,0.3007298572136124,0.670948462201429,True,0.670948462201429,True,0.670948462201429,True,0.670948462201429,True,0.670948462201429,True,0.670948462201429,True,0.670948462201429,True,0.8532113466510718,0.8896468486740255,True,True,0.75,0.7000234206583341,0.670948462201429,wind_stuck_7_days,2012
15896,US-Wkg,US-CMW,2012-03-21,0.92050668,1.2,1.2,-0.5754826749313693,0.5754826749313693,0.10705841793873502,0.4753387873469549,0.11950330669892086,0.11985568426302981,1.99792235835803e-05,-0.01649603493136942,1.1789934717900281,0.3007298572136124,0.6245173250686307,True,0.6245173250686307,True,0.6245173250686307,True,0.6245173250686307,True,0.6245173250686307,True,0.6245173250686307,True,0.6245173250686307,True,0.768387993801473,0.7937063054342894,True,True,0.75,0.706005084539103,0.6245173250686307,wind_stuck_7_days,2012
15897,US-Wkg,US-CMW,2012-04-06,0.40067872,1.2,1.2,-0.48469733382530295,0.48469733382530295,0.14929420125635207,0.39389473090674676,0.08979016195295779,0.09577114858861113,1.99792235835803e-05,0.48469733382530295,1.1789934717900281,0.3007298572136124,0.7153026661746971,True,0.7153026661746971,True,0.7153026661746971,True,0.7153026661746971,True,0.7153026661746971,True,0.7153026661746971,True,0.7153026661746971,True,0.8364769996310227,0.8991350774758806,True,True,0.75,0.6207274138474189,0.7153026661746971,wind_stuck_7_days,2012
15898,US-Wkg,US-CMW,2012-04-22,0.4696449,1.0,1.0,-0.5409740294776542,0.5409740294776542,0.12309262638941054,0.5104547485402933,0.12169308479730631,0.15528743316241292,1.99792235835803e-05,0.5197361705223458,1.1789934717900281,0.3007298572136124,0.45902597052234584,True,0.45902597052234584,True,0.45902597052234584,True,0.45902597052234584,True,0.45902597052234584,True,0.45902597052234584,True,0.45902597052234584,True,0.5942694778917594,0.5640290573047537,True,True,0.75,0.8058999488685341,0.45902597052234584,wind_stuck_7_days,2012
15899,US-Wkg,US-CMW,2012-05-08,0.12543341,0.4,0.4,0.230104930775498,0.230104930775498,0.13975732918296024,0.3120443086550325,0.03027210443556873,0.03616870710927409,1.99792235835803e-05,-0.23010493077549798,1.1789934717900281,0.3007298572136124,0.630104930775498,True,0.630104930775498,True,0.630104930775498,True,0.630104930775498,True,0.630104930775498,True,0.630104930775498,True,0.630104930775498,True,0.5725786980816235,0.630104930775498,True,True,0.75,1.0,0.630104930775498,wind_stuck_7_days,2012
15900,US-Wkg,US-CMW,2012-05-24,0.55067072,0.7,0.7,0.34865730929774175,0.34865730929774175,0.2022903186102792,0.7205398366415944,0.06188644418671671,0.06380928208330068,-0.06308586747521029,-0.34865730929774175,1.1789934717900281,0.3007298572136124,1.0486573092977416,True,1.0486573092977416,True,1.0486573092977416,True,1.0486573092977416,True,1.0486573092977416,True,1.0486573092977416,True,0.7,False,0.9614929819733062,0.9585151821692195,True,True,0.75,0.7414592359756216,1.2038712236492093,wind_stuck_7_days,2012
15901,US-Wkg,US-CMW,2012-06-09,0.3366206,0.5,0.5,0.4562311969709455,0.4562311969709455,0.25862783570612546,0.4765507328995235,0.11603700083312979,0.0779999031715055,1.99792235835803e-05,-0.45623119697094555,1.1789934717900281,0.3007298572136124,0.9562311969709455,True,0.9562311969709455,True,0.9562311969709455,True,0.9562311969709455,True,0.9562311969709455,True,0.9562311969709455,True,0.9562311969709455,True,0.8421733977282091,0.7866012168958301,True,True,0.75,0.6281929398924508,0.9792468920594842,wind_stuck_7_days,2012
15902,US-Wkg,US-CMW,2012-06-25,0.67972029,0.6,0.6,0.03763899161241683,0.03763899161241683,0.11468668638975965,0.3229557177997383,0.017604384801563365,0.017670881770488964,1.99792235835803e-05,0.03763899161241683,1.1789934717900281,0.3007298572136124,0.6376389916124168,True,0.6376389916124168,True,0.6376389916124168,True,0.6376389916124168,True,0.6376389916124168,True,0.6376389916124168,True,0.6376389916124168,True,0.6282292437093127,0.6376389916124168,True,True,0.75,1.0,0.6376389916124168,wind_stuck_7_days,2012
15903,US-Wkg,US-CMW,2012-08-12,2.63718122,2.2,2.2,0.08757900112117074,0.08757900112117074,0.26771044389455406,0.6353293940277089,0.015449221311232393,0.012828141209458795,-0.0033875547847031957,0.08757900112117073,1.1789934717900281,0.3007298572136124,2.2875790011211707,True,2.2875790011211707,True,2.2875790011211707,True,2.2875790011211707,True,2.2875790011211707,True,2.2875790011211707,True,2.2,False,2.265684250840878,2.2875790011211707,True,True,0.75,1.0,2.2875790011211707,wind_stuck_7_days,2012
15904,US-Wkg,US-CMW,2012-08-28,1.64173528,1.9,1.9,-0.2418605316853905,0.2418605316853905,0.17477295231900342,0.5694251898104958,0.02725651342296528,0.03276045918488685,1.99792235835803e-05,0.2418605316853905,1.1789934717900281,0.3007298572136124,1.6581394683146093,True,1.6581394683146093,True,1.6581394683146093,True,1.6581394683146093,True,1.6581394683146093,True,1.6581394683146093,True,1.6581394683146093,True,1.718604601235957,1.7331096821742062,True,True,0.75,0.6900270857044285,1.6581394683146093,wind_stuck_7_days,2012
15905,US-Wkg,US-CMW,2012-09-13,2.76922065,2.3,2.3,-0.8368795901103894,0.8368795901103894,0.13159010747434477,0.30692198298967066,0.10882349659003923,0.12909880406322904,1.99792235835803e-05,-0.8368795901103894,1.1789934717900281,0.3007298572136124,1.4631204098896105,True,1.4631204098896105,True,1.4631204098896105,True,1.4631204098896105,True,1.4631204098896105,True,1.4631204098896105,True,1.4631204098896105,True,1.6723403074172078,1.906584979267995,True,True,0.75,0.47009752105450564,1.4631204098896105,wind_stuck_7_days,2012
15906,US-Wkg,US-CMW,2012-09-29,1.60073988,1.8,1.8,-0.7500108097760522,0.7500108097760522,0.17820024887078523,0.5420702048092148,0.1556667066812021,0.12909880406322904,0.010678358580813565,-0.35149056977605186,1.1789934717900281,0.3007298572136124,1.0499891902239478,True,1.0499891902239478,True,1.0499891902239478,True,1.0499891902239478,True,1.0499891902239478,True,1.0499891902239478,True,1.0499891902239478,True,1.2374918926679608,1.2990896178321836,True,True,0.75,0.6678708835108454,1.0499891902239478,wind_stuck_7_days,2012
15907,US-Wkg,US-CMW,2012-10-15,0.46364588,1.0,1.0,-0.38165310548866216,0.38165310548866216,0.08630125428047995,0.3603409108759984,0.06437246674044356,0.06601946096663742,1.99792235835803e-05,0.38165310548866216,1.1789934717900281,0.3007298572136124,0.6183468945113378,True,0.6183468945113378,True,0.6183468945113378,True,0.6183468945113378,True,0.6183468945113378,True,0.6183468945113378,True,0.6183468945113378,True,0.7137601708835034,0.6727817240542987,True,True,0.75,0.8573709246430382,0.6183468945113378,wind_stuck_7_days,2012
15908,US-Wkg,US-CMW,2012-10-31,0.13226925,0.6,0.6,-0.22305523981392303,0.22305523981392303,0.0695702134280945,0.2752637619799238,0.033482143526308385,0.03570689285522138,-0.0014162647146922368,0.22305523981392303,1.1789934717900281,0.3007298572136124,0.3769447601860769,True,0.3769447601860769,True,0.3769447601860769,True,0.3769447601860769,True,0.3769447601860769,True,0.3769447601860769,True,0.6,False,0.4327085701395577,0.4203312967211179,True,True,0.75,0.8054897227644827,0.3769447601860769,wind_stuck_7_days,2012
15909,US-Wkg,US-CMW,2012-11-16,0.11568697,0.5,0.5,-0.2439829090426256,0.2439829090426256,0.09176012514161765,0.37011042209676437,0.035450169375104694,0.036439921131917304,-0.0014162647146922368,0.2439829090426256,1.1789934717900281,0.3007298572136124,0.2560170909573744,True,0.2560170909573744,True,0.2560170909573744,True,0.2560170909573744,True,0.2560170909573744,True,0.2560170909573744,True,0.5,False,0.3170128182180308,0.3322337217321776,True,True,0.75,0.6876148781327648,0.2560170909573744,wind_stuck_7_days,2012
15910,US-Wkg,US-CMW,2012-12-02,0.09937886,0.5,0.5,-0.1980052345757714,0.1980052345757714,0.0631226889046543,0.2955742081207101,0.035450169375104694,0.036439921131917304,-0.0014162647146922368,0.1980052345757714,1.1789934717900281,0.3007298572136124,0.3019947654242286,True,0.3019947654242286,True,0.3019947654242286,True,0.3019947654242286,True,0.3019947654242286,True,0.3019947654242286,True,0.5,False,0.35149607406817146,0.34362587816119294,True,True,0.75,0.7897474133643008,0.3019947654242286,wind_stuck_7_days,2012
15911,US-Wkg,US-CMW,2012-12-18,0.59420873,0.4,0.4,-0.031183372822681688,0.031183372822681688,0.13688182996771375,0.31094710658830227,0.012307878941149812,0.012855870224370304,-0.0014162647146922368,-0.031183372822681688,1.1789934717900281,0.3007298572136124,0.36881662717731833,True,0.36881662717731833,True,0.36881662717731833,True,0.36881662717731833,True,0.36881662717731833,True,0.36881662717731833,True,0.4,False,0.37661247038298873,0.36881662717731833,True,True,0.75,1.0,0.36881662717731833,wind_stuck_7_days,2012
18,AFD,AFD,2013-01-06,0.07536258,0.0,0.0,0.18255926468168487,0.18255926468168487,0.13177456326610343,0.3235388767751167,0.03096859758321877,0.03086218754160673,0.0008276722209922128,-0.03183410468168488,1.321478737358074,0.3167015039015853,0.18255926468168487,True,0.18255926468168487,True,0.18255926468168487,True,0.18255926468168487,True,0.18255926468168487,True,0.18255926468168487,True,0.18255926468168487,True,0.13691944851126364,0.18255926468168487,True,True,0.75,1.0,0.18255926468168487,wind_stuck_7_days,2013
19,AFD,AFD,2013-02-07,0.22041076,0.3,0.3,-0.1483209394904422,0.1483209394904422,0.12826008905558245,0.5345206811053103,0.019608820766868214,0.01847611138257079,0.0008276722209922128,0.010857540509557756,1.321478737358074,0.3167015039015853,0.1516790605095578,True,0.1516790605095578,True,0.1516790605095578,True,0.1516790605095578,True,0.1516790605095578,True,0.1516790605095578,True,0.1516790605095578,True,0.18875929538216835,0.1516790605095578,True,True,0.75,1.0,0.1516790605095578,wind_stuck_7_days,2013
20,AFD,AFD,2013-02-23,0.1983078,0.5,0.5,-0.12392418737294483,0.12392418737294483,0.08260113697845968,0.4187145342335028,0.021480718832312562,0.01847611138257079,0.0008276722209922128,0.12392418737294483,1.321478737358074,0.3167015039015853,0.37607581262705514,True,0.37607581262705514,True,0.37607581262705514,True,0.37607581262705514,True,0.37607581262705514,True,0.37607581262705514,True,0.37607581262705514,True,0.40705685947029135,0.37607581262705514,True,True,0.75,1.0,0.37607581262705514,wind_stuck_7_days,2013
21,AFD,AFD,2013-03-11,0.37803371,0.3,0.3,0.08366375420282686,0.08366375420282686,0.17309929083620273,0.6295400442464598,0.019608820766868214,0.01847611138257079,0.0008276722209922128,0.07240366579717321,1.321478737358074,0.3167015039015853,0.38366375420282683,True,0.38366375420282683,True,0.38366375420282683,True,0.38366375420282683,True,0.38366375420282683,True,0.38366375420282683,True,0.38366375420282683,True,0.3627478156521201,0.38366375420282683,True,True,0.75,1.0,0.38366375420282683,wind_stuck_7_days,2013
22,AFD,AFD,2013-04-12,0.24687391,0.0,0.0,0.4366105311518564,0.4366105311518564,0.1413677108189438,0.7047712376004183,0.14039911256979798,0.13228605827233972,0.010261777178538899,0.05713728884814362,1.321478737358074,0.3167015039015853,0.4366105311518564,True,0.4366105311518564,True,0.4366105311518564,True,0.4366105311518564,True,0.4366105311518564,True,0.4366105311518564,True,0.4366105311518564,True,0.3274578983638923,0.33401376377029585,True,True,0.75,0.7650153625225393,0.4366105311518564,wind_stuck_7_days,2013
23,AFD,AFD,2013-04-20,0.20837717,0.1,0.1,0.3730978366921192,0.3730978366921192,0.09936981723482793,0.36030601287836783,0.0982815557876459,0.09670820344214724,0.010261777178538899,-0.15634349669211925,1.321478737358074,0.3167015039015853,0.47309783669211924,True,0.47309783669211924,True,0.47309783669211924,True,0.47309783669211924,True,0.47309783669211924,True,0.47309783669211924,True,0.47309783669211924,True,0.37982337751908946,0.3862893376685357,True,True,0.75,0.7673304680798297,0.47309783669211924,wind_stuck_7_days,2013
24,AFD,AFD,2013-04-28,0.30531533,0.1,0.1,0.24504475623895033,0.24504475623895033,0.28534494703656166,1.2218465421900873,-0.014086699650068483,0.016349881902040425,-0.005461378377217999,0.16558590376104965,1.321478737358074,0.3167015039015853,0.34504475623895037,True,0.34504475623895037,True,0.1,False,0.1,False,0.1,False,0.34504475623895037,True,0.1,False,0.2837835671792127,0.34504475623895037,True,True,0.75,1.0,0.34504475623895037,wind_stuck_7_days,2013
25,AFD,AFD,2013-05-14,0.6553351,1.5,1.5,-0.6538621349186498,0.6538621349186498,0.17394076266870673,0.531775802277851,0.12122444178003824,0.14177110138615945,-0.04601244492733928,0.6538621349186498,1.321478737358074,0.3167015039015853,0.8461378650813502,True,0.8461378650813502,True,0.8461378650813502,True,0.8461378650813502,True,0.8461378650813502,True,0.8461378650813502,True,1.5,False,1.0096033988110127,0.9280851984857186,True,True,0.75,0.8746718474307067,0.8461378650813502,wind_stuck_7_days,2013
26,AFD,AFD,2013-05-22,0.44997923,0.0,0.0,0.005532465886295251,0.005532465886295251,0.15116110833838767,0.5358914978865893,0.014185387642931558,0.0329987646717071,-0.04580453322962536,0.005532465886295246,1.321478737358074,0.3167015039015853,0.005532465886295251,True,0.005532465886295251,True,0.005532465886295251,True,0.005532465886295251,True,0.005532465886295251,True,0.005532465886295251,True,0.0,False,0.004149349414721438,0.0,True,False,0.75,0.0,0.005532465886295251,wind_stuck_7_days,2013
27,AFD,AFD,2013-05-30,0.4169484,0.0,0.0,0.19782752419293564,0.19782752419293564,0.11829021610485144,0.629977780316379,0.03096859758321877,0.04932352655902228,0.017561511013689256,0.19782752419293564,1.321478737358074,0.3167015039015853,0.19782752419293564,True,0.19782752419293564,True,0.19782752419293564,True,0.19782752419293564,True,0.19782752419293564,True,0.19782752419293564,True,0.19782752419293564,True,0.14837064314470172,0.19140424879884219,True,True,0.75,0.9675309317027644,0.19782752419293564,wind_stuck_7_days,2013
28,AFD,AFD,2013-06-07,0.46732585,0.2,0.2,0.426725361106715,0.426725361106715,0.514157140255818,1.3031787213810482,0.04960262702513332,0.03268522895698279,-0.0753064883780251,0.10792633889328496,1.321478737358074,0.3167015039015853,0.626725361106715,True,0.2,False,0.2,False,0.626725361106715,True,0.2,False,0.626725361106715,True,0.2,False,0.5200440208300363,0.626725361106715,True,True,0.75,1.0,0.6809274768635483,wind_stuck_7_days,2013
29,AFD,AFD,2013-06-15,0.35560531,0.4,0.4,0.0108417306278256,0.0108417306278256,0.14149348577864834,0.3749800834215317,0.020276410446752793,0.02752503676297113,-0.04580453322962536,-0.010841730627825598,1.321478737358074,0.3167015039015853,0.41084173062782564,True,0.41084173062782564,True,0.41084173062782564,True,0.41084173062782564,True,0.41084173062782564,True,0.41084173062782564,True,0.4,False,0.4081312979708692,0.41084173062782564,True,True,0.75,1.0,0.41084173062782564,wind_stuck_7_days,2013
30,AFD,AFD,2013-06-23,0.30161405,0.0,0.0,0.25981098990132967,0.25981098990132967,0.1230198907009889,0.36608587737110787,0.05389652751388554,0.07087692026882704,-0.04580453322962536,0.25981098990132967,1.321478737358074,0.3167015039015853,0.25981098990132967,True,0.25981098990132967,True,0.25981098990132967,True,0.25981098990132967,True,0.25981098990132967,True,0.25981098990132967,True,0.0,False,0.19485824242599725,0.25981098990132967,True,True,0.75,1.0,0.25981098990132967,wind_stuck_7_days,2013
31,AFD,AFD,2013-07-09,0.34114091,0.3,0.3,0.21377656832552852,0.21377656832552852,0.15104521002221816,0.6848401444407068,0.01568037276017874,0.02228382867514359,-0.04580453322962536,-0.13149474832552846,1.321478737358074,0.3167015039015853,0.5137765683255285,True,0.5137765683255285,True,0.5137765683255285,True,0.5137765683255285,True,0.5137765683255285,True,0.5137765683255285,True,0.3,False,0.4603324262441464,0.5036604525373584,True,True,0.75,0.9526790243317697,0.02982506401499979,wind_stuck_7_days,2013
32,AFD,AFD,2013-07-17,0.28609398,0.2,0.2,0.2897881318416378,0.2897881318416378,0.0793152647853511,0.44083295359164365,0.04253675069753498,0.04288924289853188,-0.04580453322962536,-0.11760017184163779,1.321478737358074,0.3167015039015853,0.48978813184163783,True,0.48978813184163783,True,0.48978813184163783,True,0.48978813184163783,True,0.48978813184163783,True,0.48978813184163783,True,0.2,False,0.4173410988812284,0.46332914819768084,True,True,0.75,0.908695420078776,0.3242889371340205,wind_stuck_7_days,2013
33,AFD,AFD,2013-07-25,0.70464707,0.1,0.1,0.05785828102997309,0.05785828102997309,0.21974729380278948,0.4772984586233272,0.019608820766868214,0.024106766037544296,-0.04580453322962536,0.057858281029973146,1.321478737358074,0.3167015039015853,0.1578582810299731,True,0.1578582810299731,True,0.1578582810299731,True,0.1578582810299731,True,0.1578582810299731,True,0.1578582810299731,True,0.1,False,0.1433937107724798,0.1578582810299731,True,True,0.75,1.0,0.05553415477663332,wind_stuck_7_days,2013
34,AFD,AFD,2013-08-02,0.39453499,0.0,0.0,0.5537428640175049,0.5537428640175049,0.12036931023689297,0.45486631196211363,0.24893830366149527,0.26126510565017397,-0.04580453322962536,0.235327115982495,1.321478737358074,0.3167015039015853,0.5537428640175049,True,0.5537428640175049,True,0.5537428640175049,True,0.5537428640175049,True,0.5537428640175049,True,0.5537428640175049,True,0.0,False,0.41530714801312874,0.4430827104375194,True,True,0.75,0.8001596755990207,0.5537428640175049,wind_stuck_7_days,2013
35,AFD,AFD,2013-08-10,0.35218344,0.1,0.1,0.49142580515927586,0.49142580515927586,0.1425570320993131,0.5554900546478565,0.14095065059990858,0.14119174833272943,-0.04580453322962536,0.01294107484072421,1.321478737358074,0.3167015039015853,0.5914258051592759,True,0.5914258051592759,True,0.5914258051592759,True,0.5914258051592759,True,0.5914258051592759,True,0.5914258051592759,True,0.1,False,0.46856935386945686,0.5525095613293218,True,True,0.75,0.9208095231846017,0.5914258051592759,wind_stuck_7_days,2013
36,AFD,AFD,2013-08-18,1.24172152,0.1,0.1,0.39711613487687814,0.39711613487687814,0.17828471215666788,0.40519275691576784,0.1395451089614894,0.12384072779232014,0.010261777178538899,0.39711613487687814,1.321478737358074,0.3167015039015853,0.4971161348768781,True,0.4971161348768781,True,0.4971161348768781,True,0.4971161348768781,True,0.4971161348768781,True,0.4971161348768781,True,0.4971161348768781,True,0.3978371011576586,0.48502411617751007,True,True,0.75,0.9695504220620069,0.45898360142420447,wind_stuck_7_days,2013
37,AFD,AFD,2013-09-19,0.15593521,0.2,0.2,0.1399437199723948,0.1399437199723948,0.15971072604259098,0.4823966421106878,0.019608820766868214,0.01847611138257079,0.017561511013689256,-0.1399437199723948,1.321478737358074,0.3167015039015853,0.3399437199723948,True,0.3399437199723948,True,0.3399437199723948,True,0.3399437199723948,True,0.3399437199723948,True,0.3399437199723948,True,0.3399437199723948,True,0.3049577899792961,0.3399437199723948,True,True,0.75,1.0,0.3399437199723948,wind_stuck_7_days,2013
38,AFD,AFD,2013-09-27,0.23809512,0.1,0.1,0.37587209987139075,0.37587209987139075,0.1053265993396383,0.45730428264657286,0.0982815557876459,0.09670820344214724,0.010261777178538899,-0.09968185987139078,1.321478737358074,0.3167015039015853,0.4758720998713908,True,0.4758720998713908,True,0.4758720998713908,True,0.4758720998713908,True,0.4758720998713908,True,0.4758720998713908,True,0.4758720998713908,True,0.38190407490354306,0.38841811433246276,True,True,0.75,0.7673304680798297,0.4758720998713908,wind_stuck_7_days,2013
39,AFD,AFD,2013-10-05,0.07311335,0.2,0.2,0.18191139302133708,0.18191139302133708,0.14994713798412965,0.5921970505267261,0.019608820766868214,0.01847611138257079,0.017561511013689256,-0.18191139302133705,1.321478737358074,0.3167015039015853,0.3819113930213371,True,0.3819113930213371,True,0.3819113930213371,True,0.3819113930213371,True,0.3819113930213371,True,0.3819113930213371,True,0.3819113930213371,True,0.33643354476600285,0.3819113930213371,True,True,0.75,1.0,0.3819113930213371,wind_stuck_7_days,2013
40,AFD,AFD,2013-10-13,0.19349949,0.2,0.2,0.04153852977132113,0.04153852977132113,0.11795765467454251,0.3142991408971719,0.019608820766868214,0.01847611138257079,0.017561511013689256,-0.04153852977132113,1.321478737358074,0.3167015039015853,0.24153852977132115,True,0.24153852977132115,True,0.24153852977132115,True,0.24153852977132115,True,0.24153852977132115,True,0.24153852977132115,True,0.24153852977132115,True,0.23115389732849084,0.24153852977132115,True,True,0.75,1.0,0.24153852977132115,wind_stuck_7_days,2013
41,AFD,AFD,2013-10-21,0.10583237,0.1,0.1,0.09528324920608074,0.09528324920608074,0.13895486935488963,0.35495467267580283,0.019608820766868214,0.01847611138257079,0.0008276722209922128,-0.08361850920608076,1.321478737358074,0.3167015039015853,0.19528324920608076,True,0.19528324920608076,True,0.19528324920608076,True,0.19528324920608076,True,0.19528324920608076,True,0.19528324920608076,True,0.19528324920608076,True,0.17146243690456056,0.19528324920608076,True,True,0.75,1.0,0.19528324920608076,wind_stuck_7_days,2013
42,AFD,AFD,2013-11-06,0.11817523,0.1,0.1,-0.004087970727775643,0.004087970727775643,0.07976557005849187,0.4158928667153032,0.019608820766868214,0.01847611138257079,0.0008276722209922128,-0.004087970727775642,1.321478737358074,0.3167015039015853,0.09591202927222436,True,0.09591202927222436,True,0.09591202927222436,True,0.09591202927222436,True,0.09591202927222436,True,0.09591202927222436,True,0.09591202927222436,True,0.09693402195416827,0.09591202927222436,True,True,0.75,1.0,0.09591202927222436,wind_stuck_7_days,2013
43,AFD,AFD,2013-11-14,0.0431811,0.2,0.2,-0.1578172110505243,0.1578172110505243,0.13425624472252817,0.42431226918387166,0.019608820766868214,0.01847611138257079,0.0008276722209922128,0.15582058894947573,1.321478737358074,0.3167015039015853,0.04218278894947572,True,0.04218278894947572,True,0.04218278894947572,True,0.04218278894947572,True,0.04218278894947572,True,0.04218278894947572,True,0.04218278894947572,True,0.08163709171210679,0.04218278894947572,True,True,0.75,1.0,0.04218278894947572,wind_stuck_7_days,2013
64,AFS,AFD,2013-01-06,0.14680314,0.1,0.1,0.11986112521030656,0.11986112521030656,0.1292202140100184,0.30885359995856404,0.019608820766868214,0.020136245795289196,0.0008276722209922128,-0.026254845210306577,1.321478737358074,0.3167015039015853,0.21986112521030657,True,0.21986112521030657,True,0.21986112521030657,True,0.21986112521030657,True,0.21986112521030657,True,0.21986112521030657,True,0.21986112521030657,True,0.18989584390772993,0.21986112521030657,True,True,0.75,1.0,0.21986112521030657,wind_stuck_7_days,2013
65,AFS,AFD,2013-01-22,0.17130548,0.8,0.8,-0.4844629867363661,0.4844629867363661,0.13071564851752826,0.30408504898965405,0.12438238562384875,0.13442058390424827,0.0008276722209922128,0.4844629867363661,1.321478737358074,0.3167015039015853,0.3155370132636339,True,0.3155370132636339,True,0.3155370132636339,True,0.3155370132636339,True,0.3155370132636339,True,0.3155370132636339,True,0.3155370132636339,True,0.43665275994772546,0.33836060176896576,True,True,0.75,0.9528888911429845,0.3155370132636339,wind_stuck_7_days,2013
66,AFS,AFD,2013-02-07,0.32701788,0.4,0.4,-0.21389148365452876,0.21389148365452876,0.12069350378188964,0.5405822875174797,0.038736202632346374,0.040274861620953326,0.0008276722209922128,-0.06792724365452868,1.321478737358074,0.3167015039015853,0.18610851634547126,True,0.18610851634547126,True,0.18610851634547126,True,0.18610851634547126,True,0.18610851634547126,True,0.18610851634547126,True,0.18610851634547126,True,0.23958138725910344,0.2190158954895727,True,True,0.75,0.8461491847087634,0.18610851634547126,wind_stuck_7_days,2013
67,AFS,AFD,2013-02-23,0.23518729,0.5,0.5,-0.12392418737294483,0.12392418737294483,0.08260113697845968,0.4187145342335028,0.021480718832312562,0.01847611138257079,0.0008276722209922128,0.12392418737294483,1.321478737358074,0.3167015039015853,0.37607581262705514,True,0.37607581262705514,True,0.37607581262705514,True,0.37607581262705514,True,0.37607581262705514,True,0.37607581262705514,True,0.37607581262705514,True,0.40705685947029135,0.37607581262705514,True,True,0.75,1.0,0.37607581262705514,wind_stuck_7_days,2013
68,AFS,AFD,2013-03-11,0.41189202,0.2,0.2,0.1532469495317868,0.1532469495317868,0.17648381250837136,0.6456043987934641,0.019608820766868214,0.01847611138257079,0.0008276722209922128,0.1532469495317868,1.321478737358074,0.3167015039015853,0.3532469495317868,True,0.3532469495317868,True,0.3532469495317868,True,0.3532469495317868,True,0.3532469495317868,True,0.3532469495317868,True,0.3532469495317868,True,0.3149352121488401,0.3532469495317868,True,True,0.75,1.0,0.3532469495317868,wind_stuck_7_days,2013
69,AFS,AFD,2013-04-12,0.28494695,0.1,0.1,0.37903033380931905,0.37903033380931905,0.13668978743223964,0.6850169476777707,0.0982815557876459,0.09670820344214724,0.010261777178538899,-0.009136433809319111,1.321478737358074,0.3167015039015853,0.47903033380931903,True,0.47903033380931903,True,0.47903033380931903,True,0.47903033380931903,True,0.47903033380931903,True,0.47903033380931903,True,0.47903033380931903,True,0.38427275035698927,0.3908415234583589,True,True,0.75,0.7673304680798297,0.47903033380931903,wind_stuck_7_days,2013
70,AFS,AFD,2013-04-20,0.22163453,0.1,0.1,0.3730978366921192,0.3730978366921192,0.09936981723482793,0.36030601287836783,0.0982815557876459,0.09670820344214724,0.010261777178538899,-0.12982877669211926,1.321478737358074,0.3167015039015853,0.47309783669211924,True,0.47309783669211924,True,0.47309783669211924,True,0.47309783669211924,True,0.47309783669211924,True,0.47309783669211924,True,0.47309783669211924,True,0.37982337751908946,0.3862893376685357,True,True,0.75,0.7673304680798297,0.47309783669211924,wind_stuck_7_days,2013
71,AFS,AFD,2013-04-28,0.26568186,0.1,0.1,0.24504475623895033,0.24504475623895033,0.28534494703656166,1.2218465421900873,-0.014086699650068483,0.016349881902040425,-0.005461378377217999,0.08631896376104964,1.321478737358074,0.3167015039015853,0.34504475623895037,True,0.34504475623895037,True,0.1,False,0.1,False,0.1,False,0.34504475623895037,True,0.1,False,0.2837835671792127,0.34504475623895037,True,True,0.75,1.0,0.34504475623895037,wind_stuck_7_days,2013
72,AFS,AFD,2013-05-14,0.52500205,1.8,1.8,-0.6716066108174169,0.6716066108174169,0.18854712729640835,0.5748599820584367,0.12101957241693723,0.13065742031399283,-0.04601244492733928,0.6716066108174169,1.321478737358074,0.3167015039015853,1.128393389182583,True,1.128393389182583,True,1.128393389182583,True,1.128393389182583,True,1.128393389182583,True,1.128393389182583,True,1.8,False,1.2962950418869372,1.2567467674602608,True,True,0.75,0.8088860707885859,1.128393389182583,wind_stuck_7_days,2013
73,AFS,AFD,2013-05-22,0.37372581,0.1,0.1,-0.0254473616956776,0.0254473616956776,0.15653086632833638,0.529576894691734,-0.009642649615338793,0.024036733760805565,-0.04580453322962536,-0.02544736169567763,1.321478737358074,0.3167015039015853,0.0745526383043224,True,0.0745526383043224,True,0.0745526383043224,True,0.1,False,0.1,False,0.0745526383043224,True,0.1,False,0.08091447872824181,0.1,True,False,0.75,0.0,0.0745526383043224,wind_stuck_7_days,2013
74,AFS,AFD,2013-05-30,0.35267725,0.0,0.0,0.19782752419293564,0.19782752419293564,0.11829021610485144,0.629977780316379,0.03096859758321877,0.04932352655902228,0.017561511013689256,0.19782752419293564,1.321478737358074,0.3167015039015853,0.19782752419293564,True,0.19782752419293564,True,0.19782752419293564,True,0.19782752419293564,True,0.19782752419293564,True,0.19782752419293564,True,0.19782752419293564,True,0.14837064314470172,0.19140424879884219,True,True,0.75,0.9675309317027644,0.19782752419293564,wind_stuck_7_days,2013
75,AFS,AFD,2013-06-07,0.3906185,0.0,0.0,0.46113953919786965,0.46113953919786965,0.5120422076442389,1.3057143003662464,0.04669407056389656,0.06776512473069675,-0.0753064883780251,0.3200974608021303,1.321478737358074,0.3167015039015853,0.46113953919786965,True,0.0,False,0.0,False,0.46113953919786965,True,0.0,False,0.46113953919786965,True,0.0,False,0.34585465439840224,0.46113953919786965,True,True,0.75,1.0,0.5393533909488497,wind_stuck_7_days,2013
76,AFS,AFD,2013-06-15,0.40701149,0.4,0.4,0.0108417306278256,0.0108417306278256,0.14149348577864834,0.3749800834215317,0.020276410446752793,0.02752503676297113,-0.04580453322962536,0.0031812493721743076,1.321478737358074,0.3167015039015853,0.41084173062782564,True,0.41084173062782564,True,0.41084173062782564,True,0.41084173062782564,True,0.41084173062782564,True,0.41084173062782564,True,0.4,False,0.4081312979708692,0.41084173062782564,True,True,0.75,1.0,0.41084173062782564,wind_stuck_7_days,2013
77,AFS,AFD,2013-06-23,0.23513945,0.0,0.0,0.25981098990132967,0.25981098990132967,0.1230198907009889,0.36608587737110787,0.05389652751388554,0.07087692026882704,-0.04580453322962536,0.21046791009867033,1.321478737358074,0.3167015039015853,0.25981098990132967,True,0.25981098990132967,True,0.25981098990132967,True,0.25981098990132967,True,0.25981098990132967,True,0.25981098990132967,True,0.0,False,0.19485824242599725,0.25981098990132967,True,True,0.75,1.0,0.25981098990132967,wind_stuck_7_days,2013
78,AFS,AFD,2013-07-09,0.37162571,0.3,0.3,0.21377656832552852,0.21377656832552852,0.15104521002221816,0.6848401444407068,0.01568037276017874,0.02228382867514359,-0.04580453322962536,-0.0705251483255285,1.321478737358074,0.3167015039015853,0.5137765683255285,True,0.5137765683255285,True,0.5137765683255285,True,0.5137765683255285,True,0.5137765683255285,True,0.5137765683255285,True,0.3,False,0.4603324262441464,0.5036604525373584,True,True,0.75,0.9526790243317697,0.02982506401499979,wind_stuck_7_days,2013
79,AFS,AFD,2013-07-17,0.36147491,0.3,0.3,0.25411174066555897,0.25411174066555897,0.07477059148394637,0.4457645255398396,0.04253675069753498,0.04288924289853188,-0.04580453322962536,-0.13116192066555898,1.321478737358074,0.3167015039015853,0.5541117406655589,True,0.5541117406655589,True,0.5541117406655589,True,0.5541117406655589,True,0.5541117406655589,True,0.5541117406655589,True,0.3,False,0.49058380549916925,0.5541117406655589,True,True,0.75,1.0,0.38289286411095486,wind_stuck_7_days,2013
80,AFS,AFD,2013-07-25,0.80502472,0.3,0.3,-0.03330337748809063,0.03330337748809063,0.2214210431050734,0.4800164241953331,0.019608820766868214,0.024106766037544296,-0.04580453322962536,-0.033303377488090646,1.321478737358074,0.3167015039015853,0.26669662251190934,True,0.26669662251190934,True,0.26669662251190934,True,0.26669662251190934,True,0.26669662251190934,True,0.26669662251190934,True,0.3,False,0.275022466883932,0.26669662251190934,True,True,0.75,1.0,0.13802767997060797,wind_stuck_7_days,2013
81,AFS,AFD,2013-08-02,0.41940387,0.1,0.1,0.5230238189692209,0.5230238189692209,0.12139600538342583,0.456925844326405,0.17510250260936117,0.16564059566222347,-0.04580453322962536,0.11578392103077917,1.321478737358074,0.3167015039015853,0.6230238189692209,True,0.6230238189692209,True,0.6230238189692209,True,0.6230238189692209,True,0.6230238189692209,True,0.6230238189692209,True,0.1,False,0.4922678642269157,0.5472808546412475,True,True,0.75,0.8551825718430031,0.6230238189692209,wind_stuck_7_days,2013
82,AFS,AFD,2013-08-10,0.31750267,0.1,0.1,0.49142580515927586,0.49142580515927586,0.1425570320993131,0.5554900546478565,0.14095065059990858,0.14119174833272943,-0.04580453322962536,-0.05642046515927593,1.321478737358074,0.3167015039015853,0.5914258051592759,True,0.5914258051592759,True,0.5914258051592759,True,0.5914258051592759,True,0.5914258051592759,True,0.5914258051592759,True,0.1,False,0.46856935386945686,0.5525095613293218,True,True,0.75,0.9208095231846017,0.5914258051592759,wind_stuck_7_days,2013
83,AFS,AFD,2013-08-18,0.85921084,0.1,0.1,0.39711613487687814,0.39711613487687814,0.17828471215666788,0.40519275691576784,0.1395451089614894,0.12384072779232014,0.010261777178538899,0.39711613487687814,1.321478737358074,0.3167015039015853,0.4971161348768781,True,0.4971161348768781,True,0.4971161348768781,True,0.4971161348768781,True,0.4971161348768781,True,0.4971161348768781,True,0.4971161348768781,True,0.3978371011576586,0.48502411617751007,True,True,0.75,0.9695504220620069,0.45898360142420447,wind_stuck_7_days,2013
84,AFS,AFD,2013-09-19,0.21235254,0.3,0.3,0.07364511360468265,0.07364511360468265,0.15784388145107464,0.46361731866810285,0.019608820766868214,0.01847611138257079,0.017561511013689256,-0.07364511360468265,1.321478737358074,0.3167015039015853,0.37364511360468267,True,0.37364511360468267,True,0.37364511360468267,True,0.37364511360468267,True,0.37364511360468267,True,0.37364511360468267,True,0.37364511360468267,True,0.355233835203512,0.37364511360468267,True,True,0.75,1.0,0.37364511360468267,wind_stuck_7_days,2013
85,AFS,AFD,2013-09-27,0.21338867,0.1,0.1,0.37587209987139075,0.37587209987139075,0.1053265993396383,0.45730428264657286,0.0982815557876459,0.09670820344214724,0.010261777178538899,-0.14909475987139073,1.321478737358074,0.3167015039015853,0.4758720998713908,True,0.4758720998713908,True,0.4758720998713908,True,0.4758720998713908,True,0.4758720998713908,True,0.4758720998713908,True,0.4758720998713908,True,0.38190407490354306,0.38841811433246276,True,True,0.75,0.7673304680798297,0.4758720998713908,wind_stuck_7_days,2013
86,AFS,AFD,2013-10-05,0.09317542,0.2,0.2,0.18191139302133708,0.18191139302133708,0.14994713798412965,0.5921970505267261,0.019608820766868214,0.01847611138257079,0.017561511013689256,-0.18191139302133708,1.321478737358074,0.3167015039015853,0.3819113930213371,True,0.3819113930213371,True,0.3819113930213371,True,0.3819113930213371,True,0.3819113930213371,True,0.3819113930213371,True,0.3819113930213371,True,0.33643354476600285,0.3819113930213371,True,True,0.75,1.0,0.3819113930213371,wind_stuck_7_days,2013
87,AFS,AFD,2013-10-13,0.21049872,0.1,0.1,0.09924688836655464,0.09924688836655464,0.1325774515210922,0.33685869685883557,0.019608820766868214,0.01847611138257079,0.017561511013689256,0.09924688836655464,1.321478737358074,0.3167015039015853,0.19924688836655463,True,0.19924688836655463,True,0.19924688836655463,True,0.19924688836655463,True,0.19924688836655463,True,0.19924688836655463,True,0.19924688836655463,True,0.17443516627491598,0.19924688836655463,True,True,0.75,1.0,0.19924688836655463,wind_stuck_7_days,2013
88,AFS,AFD,2013-10-21,0.13043964,0.2,0.2,0.03700739648462335,0.03700739648462335,0.13941109924933526,0.3545312886221913,0.019608820766868214,0.01847611138257079,0.0008276722209922128,-0.03700739648462335,1.321478737358074,0.3167015039015853,0.23700739648462338,True,0.23700739648462338,True,0.23700739648462338,True,0.23700739648462338,True,0.23700739648462338,True,0.23700739648462338,True,0.23700739648462338,True,0.22775554736346754,0.23700739648462338,True,True,0.75,1.0,0.23700739648462338,wind_stuck_7_days,2013
89,AFS,AFD,2013-11-06,0.13898108,0.2,0.2,-0.05916246341789576,0.05916246341789576,0.08105223430074589,0.4078183861815258,0.019608820766868214,0.01847611138257079,0.0008276722209922128,0.05916246341789576,1.321478737358074,0.3167015039015853,0.14083753658210424,True,0.14083753658210424,True,0.14083753658210424,True,0.14083753658210424,True,0.14083753658210424,True,0.14083753658210424,True,0.14083753658210424,True,0.15562815243657818,0.14083753658210424,True,True,0.75,1.0,0.14083753658210424,wind_stuck_7_days,2013
90,AFS,AFD,2013-11-14,0.08074686,0.4,0.4,-0.26416011654666727,0.26416011654666727,0.13627158612092602,0.4218905875428633,-0.008001630131119724,-0.004467190636462059,0.0008276722209922128,0.26416011654666727,1.321478737358074,0.3167015039015853,0.13583988345333275,True,0.13583988345333275,True,0.13583988345333275,True,0.4,False,0.4,False,0.4,False,0.13583988345333275,True,0.20187991258999957,0.13583988345333275,True,True,0.75,1.0,0.13583988345333275,wind_stuck_7_days,2013
785,BPHV,BPHV,2013-03-09,1.92735194,0.5,0.5,0.3610148836689716,0.3610148836689716,0.16036832901282896,0.3255045677257069,0.07869039690083732,0.08116621553638168,-0.025343252212233235,0.3610148836689715,1.321478737358074,0.3167015039015853,0.8610148836689716,True,0.8610148836689716,True,0.8610148836689716,True,0.8610148836689716,True,0.8610148836689716,True,0.8610148836689716,True,0.5,False,0.7707611627517287,0.8074631709500464,True,True,0.75,0.8516634212565349,0.8610148836689716,wind_stuck_7_days,2013
786,BPHV,BPHV,2013-03-16,1.59043015,0.8,0.8,-0.08414005392590562,0.08414005392590562,0.09939322449000068,0.38798760500155743,0.021480718832312562,0.01847611138257079,0.0008276722209922128,-0.08414005392590562,1.321478737358074,0.3167015039015853,0.7158599460740944,True,0.7158599460740944,True,0.7158599460740944,True,0.7158599460740944,True,0.7158599460740944,True,0.7158599460740944,True,0.7158599460740944,True,0.7368949595555708,0.7158599460740944,True,True,0.75,1.0,0.7158599460740944,wind_stuck_7_days,2013
787,BPHV,BPHV,2013-04-10,2.19254145,0.1,0.1,0.5447587451496391,0.5447587451496391,0.23799570519873792,0.6827669958301573,0.13044487739186653,0.12871471991480854,0.010261777178538899,0.5447587451496392,1.321478737358074,0.3167015039015853,0.644758745149639,True,0.644758745149639,True,0.644758745149639,True,0.644758745149639,True,0.644758745149639,True,0.644758745149639,True,0.644758745149639,True,0.5085690588622293,0.5491545117797315,True,True,0.75,0.8245017005763786,0.644758745149639,wind_stuck_7_days,2013
788,BPHV,BPHV,2013-04-18,2.12467693,0.5,0.5,0.24530402454056843,0.24530402454056843,0.2637565842178318,0.5407028806727738,0.03462682245866788,0.031749355003149536,0.0008276722209922128,0.24530402454056843,1.321478737358074,0.3167015039015853,0.7453040245405684,True,0.7453040245405684,True,0.7453040245405684,True,0.7453040245405684,True,0.7453040245405684,True,0.7453040245405684,True,0.7453040245405684,True,0.6839780184054263,0.7453040245405684,True,True,0.75,1.0,0.7453040245405684,wind_stuck_7_days,2013
789,BPHV,BPHV,2013-04-25,2.34196279,0.4,0.4,0.4113006240305264,0.4113006240305264,0.19744528746365372,0.37736654369427847,0.12903933575344734,0.12098098998616381,0.010261777178538899,0.41130062403052636,1.321478737358074,0.3167015039015853,0.8113006240305265,True,0.8113006240305265,True,0.8113006240305265,True,0.8113006240305265,True,0.8113006240305265,True,0.8113006240305265,True,0.8113006240305265,True,0.7084754680228948,0.7685291393826004,True,True,0.75,0.8960091909689115,0.8113006240305265,wind_stuck_7_days,2013
790,BPHV,BPHV,2013-04-26,2.75247838,0.4,0.4,0.504495580178143,0.504495580178143,0.16763611697283778,0.4577833105701859,0.15626353362817919,0.15413186916957755,0.010261777178538899,0.504495580178143,1.321478737358074,0.3167015039015853,0.904495580178143,True,0.904495580178143,True,0.904495580178143,True,0.904495580178143,True,0.904495580178143,True,0.904495580178143,True,0.904495580178143,True,0.7783716851336073,0.8351109479890446,True,True,0.75,0.862467314055362,0.904495580178143,wind_stuck_7_days,2013
791,BPHV,BPHV,2013-05-04,1.36359307,0.4,0.4,0.438864923834244,0.438864923834244,0.18761383628566247,0.29842771276299895,0.1558540299710965,0.15413186916957755,0.010261777178538899,0.438864923834244,1.321478737358074,0.3167015039015853,0.838864923834244,True,0.838864923834244,True,0.838864923834244,True,0.838864923834244,True,0.838864923834244,True,0.838864923834244,True,0.838864923834244,True,0.7291486928756831,0.838864923834244,True,True,0.75,1.0,0.838864923834244,wind_stuck_7_days,2013
792,BPHV,BPHV,2013-05-11,2.56707354,0.4,0.4,0.5616254686536706,0.5616254686536706,0.13613340655569484,0.47276518267173007,0.15626353362817919,0.15413186916957755,0.010261777178538899,0.5616254686536706,1.321478737358074,0.3167015039015853,0.9616254686536706,True,0.9616254686536706,True,0.9616254686536706,True,0.9616254686536706,True,0.9616254686536706,True,0.9616254686536706,True,0.9616254686536706,True,0.821219101490253,0.8278134346824046,True,True,0.75,0.761741513802712,0.9616254686536706,wind_stuck_7_days,2013
793,BPHV,BPHV,2013-05-12,2.81994791,1.3,1.3,0.2619077610620848,0.2619077610620848,0.13669467583381284,0.38076157391493337,0.03462682245866788,0.028092255945345784,0.017561511013689256,0.2619077610620848,1.321478737358074,0.3167015039015853,1.5619077610620848,True,1.5619077610620848,True,1.5619077610620848,True,1.5619077610620848,True,1.5619077610620848,True,1.5619077610620848,True,1.5619077610620848,True,1.4964308207965638,1.5619077610620848,True,True,0.75,1.0,1.5619077610620848,wind_stuck_7_days,2013
794,BPHV,BPHV,2013-05-19,2.53682629,0.5,0.5,0.510013347420027,0.510013347420027,0.1267270716781086,0.39650515885817766,0.10834444878589498,0.1126218336658657,0.010261777178538899,0.510013347420027,1.321478737358074,0.3167015039015853,1.010013347420027,True,1.010013347420027,True,1.010013347420027,True,1.010013347420027,True,1.010013347420027,True,1.010013347420027,True,1.010013347420027,True,0.8825100105650203,0.932432994488694,True,True,0.75,0.8478856419664623,1.010013347420027,wind_stuck_7_days,2013
795,BPHV,BPHV,2013-05-20,2.35379323,0.6,0.6,0.573166796871695,0.573166796871695,0.1318995289521801,0.48144797125641636,0.1054512303457573,0.11550697933786468,0.010261777178538899,0.5731667968716949,1.321478737358074,0.3167015039015853,1.173166796871695,True,1.173166796871695,True,1.173166796871695,True,1.173166796871695,True,1.173166796871695,True,1.173166796871695,True,1.173166796871695,True,1.0298750976537714,1.026046501237114,True,True,0.75,0.7433202752888802,1.173166796871695,wind_stuck_7_days,2013
796,BPHV,BPHV,2013-05-28,2.73903617,0.2,0.2,1.3505393449552763,1.3505393449552763,0.3230791512425096,0.8973716407268612,0.3385064532096537,0.338645623426559,-0.45605954116992903,1.3505393449552763,1.321478737358074,0.3167015039015853,1.5505393449552762,True,1.5505393449552762,True,1.5505393449552762,True,1.5505393449552762,True,1.5505393449552762,True,1.5505393449552762,True,0.2,False,1.2129045087164572,1.0819692675778472,True,True,0.75,0.653049665581608,1.5505393449552762,wind_stuck_7_days,2013
797,BPHV,BPHV,2013-06-04,3.36586455,0.4,0.4,0.6916872318418488,0.6916872318418488,0.113364790674277,0.47981629700853556,0.16817478549124856,0.17651822247608426,0.03561196983605042,0.6916872318418488,1.321478737358074,0.3167015039015853,1.0916872318418487,True,1.0916872318418487,True,1.0916872318418487,True,1.0916872318418487,True,1.0916872318418487,True,1.0916872318418487,True,1.0916872318418487,True,0.9187654238813866,0.9199168185127323,True,True,0.75,0.7516646174431755,1.0916872318418487,wind_stuck_7_days,2013
798,BPHV,BPHV,2013-06-05,3.75580801,1.5,1.5,0.3436165256418172,0.3436165256418172,0.23022608815809234,0.49849061932170285,0.07264050570612157,0.06817674328460659,0.010261777178538899,0.3436165256418171,1.321478737358074,0.3167015039015853,1.843616525641817,True,1.843616525641817,True,1.843616525641817,True,1.843616525641817,True,1.843616525641817,True,1.843616525641817,True,1.843616525641817,True,1.7577123942313628,1.7809834658275863,True,True,0.75,0.817723959296652,1.843616525641817,wind_stuck_7_days,2013
799,BPHV,BPHV,2013-06-12,5.16576757,3.2,3.2,-0.04959505599823614,0.04959505599823614,0.23416677575444486,0.7845395864579603,0.021275849469211544,0.01695998659756828,-0.005461378377217999,-0.049595055998236326,1.321478737358074,0.3167015039015853,3.150404944001764,True,3.150404944001764,True,3.150404944001764,True,3.150404944001764,True,3.150404944001764,True,3.150404944001764,True,3.2,False,3.162803708001323,3.150404944001764,True,True,0.75,1.0,3.150404944001764,wind_stuck_7_days,2013
800,BPHV,BPHV,2013-06-13,5.74011696,3.1,3.1,-0.5322991186323447,0.5322991186323447,0.20608919028320988,0.9907854493171367,0.03916323028074334,0.038936125119276604,-0.005650641191611367,-0.5322991186323445,1.321478737358074,0.3167015039015853,2.5677008813676556,True,2.5677008813676556,True,3.1,False,2.5677008813676556,True,3.1,False,2.5677008813676556,True,3.1,False,2.7007756610257414,2.73165341106086,True,True,0.75,0.6919917318021231,2.564288730374112,wind_stuck_7_days,2013
801,BPHV,BPHV,2013-06-21,6.02194246,3.3,3.3,-0.7855336042694393,0.7855336042694393,0.32001492908987184,0.6934557867972918,0.09621582422618007,0.08023267853551144,0.05966670106779932,-0.7855336042694394,1.321478737358074,0.3167015039015853,2.5144663957305604,True,2.5144663957305604,True,2.5144663957305604,True,2.5144663957305604,True,2.5144663957305604,True,2.5144663957305604,True,2.5144663957305604,True,2.7108497967979206,2.8743377335065032,True,True,0.75,0.5418765845025441,2.5144663957305604,wind_stuck_7_days,2013
802,BPHV,BPHV,2013-06-28,5.19435446,3.9,3.9,-0.8283239309886511,0.8283239309886511,0.16114706832460285,0.5506393202379917,0.11201878696391271,0.11367359220791733,0.017353599315975327,-0.8283239309886512,1.321478737358074,0.3167015039015853,3.0716760690113487,True,3.0716760690113487,True,3.0716760690113487,True,3.0716760690113487,True,3.0716760690113487,True,3.0716760690113487,True,3.0716760690113487,True,3.278757051758512,3.4962942655583698,True,True,0.75,0.487376640150653,3.0716760690113487,wind_stuck_7_days,2013
803,BPHV,BPHV,2013-06-29,5.02174584,4.4,4.4,-0.5759465450827698,0.5759465450827698,0.22641898865583374,0.5368174552728554,0.07960972647345428,0.07910824998992896,0.017353599315975327,-0.5759465450827697,1.321478737358074,0.3167015039015853,3.8240534549172307,True,3.8240534549172307,True,3.8240534549172307,True,3.8240534549172307,True,3.8240534549172307,True,3.8240534549172307,True,3.8240534549172307,True,3.9680400911879232,3.985886518518382,True,True,0.75,0.7190137435794602,3.8240534549172307,wind_stuck_7_days,2013
804,BPHV,BPHV,2013-07-07,9.36126847,5.6,5.6,-1.3124619916658538,1.3124619916658538,0.3178146073433999,0.7149029291120709,-0.48246444601422567,-0.4420485808015252,-0.04619417816440778,-1.3124619916658542,1.321478737358074,0.3167015039015853,4.2875380083341454,True,4.2875380083341454,True,4.2875380083341454,True,5.6,False,5.6,False,5.6,False,5.6,False,4.615653506250609,5.47989934629048,True,True,0.75,0.09150790992208474,4.2875380083341454,wind_stuck_7_days,2013
805,BPHV,BPHV,2013-07-14,8.05263831,4.5,4.5,-1.456930016478057,1.456930016478057,0.23816677800826688,0.4843660621539957,0.033396343133565626,-0.042695101047710786,0.017171866078906833,-1.456930016478057,1.321478737358074,0.3167015039015853,3.043069983521943,True,3.043069983521943,True,3.043069983521943,True,3.043069983521943,True,3.043069983521943,True,4.5,False,3.043069983521943,True,3.4073024876414575,3.9340715650595643,True,True,0.75,0.38843899743962707,3.043069983521943,wind_stuck_7_days,2013
806,BPHV,BPHV,2013-07-30,7.74382125,4.3,4.3,-1.4084050945296052,1.4084050945296052,0.23205462146518085,0.48869030955684545,0.11865725830949327,0.1009843969112127,0.017171866078906833,-1.4084050945296047,1.321478737358074,0.3167015039015853,2.8915949054703947,True,2.8915949054703947,True,2.8915949054703947,True,2.8915949054703947,True,2.8915949054703947,True,2.8915949054703947,True,2.8915949054703947,True,3.243696179102796,3.375398274158366,True,True,0.75,0.6564884843379829,2.8915949054703947,wind_stuck_7_days,2013
807,BPHV,BPHV,2013-07-31,7.42598373,4.4,4.4,-1.4887060060324657,1.4887060060324657,0.23265142477386375,0.44126569124079207,0.12071989603696184,0.12366313151069787,0.017171866078906833,-1.4887060060324657,1.321478737358074,0.3167015039015853,2.9112939939675346,True,2.9112939939675346,True,2.9112939939675346,True,2.9112939939675346,True,2.9112939939675346,True,2.9112939939675346,True,2.9112939939675346,True,3.283470495475651,3.25893050451414,True,True,0.75,0.7664841082537931,2.9112939939675346,wind_stuck_7_days,2013
808,BPHV,BPHV,2013-08-08,5.70131408,3.6,3.6,-1.6034267469318846,1.6034267469318846,0.3138742676410942,0.5219043713039289,0.3604122699080949,0.24797248491028298,0.03645999228476603,-1.6034267469318846,1.321478737358074,0.3167015039015853,1.9965732530681155,True,1.9965732530681155,True,1.9965732530681155,True,1.9965732530681155,True,1.9965732530681155,True,1.9965732530681155,True,1.9965732530681155,True,2.3974299398010865,2.7031718549052504,True,True,0.75,0.5593196862973673,1.9965732530681155,wind_stuck_7_days,2013
809,BPHV,BPHV,2013-08-15,6.97005785,3.6,3.6,-0.8076615934947645,0.8076615934947645,0.3314130152627211,0.44325016461829725,0.09576221328170557,0.0885530287189259,0.017353599315975327,-0.8076615934947644,1.321478737358074,0.3167015039015853,2.7923384065052357,True,3.6,False,2.7923384065052357,True,2.7923384065052357,True,2.7923384065052357,True,2.7923384065052357,True,2.7923384065052357,True,2.9942538048789267,3.1842169538024274,True,True,0.75,0.5147985858761375,2.7923384065052357,wind_stuck_7_days,2013
810,BPHV,BPHV,2013-08-16,6.81971188,4.0,4.0,-0.8698565934952491,0.8698565934952491,0.27874093263596894,0.48591029081242915,0.11201878696391271,0.11367359220791733,0.017353599315975327,-0.8698565934952489,1.321478737358074,0.3167015039015853,3.130143406504751,True,3.130143406504751,True,3.130143406504751,True,3.130143406504751,True,3.130143406504751,True,3.130143406504751,True,3.130143406504751,True,3.347607554878563,3.6383623059823313,True,True,0.75,0.4157440395600607,3.130143406504751,wind_stuck_7_days,2013
811,BPHV,BPHV,2013-08-23,5.69654533,3.2,3.2,-0.8326066497790624,0.8326066497790624,0.18993660549598373,0.5812560538699729,0.11201878696391271,0.110813854401761,0.017353599315975327,-0.8326066497790623,1.321478737358074,0.3167015039015853,2.367393350220938,True,2.367393350220938,True,2.367393350220938,True,2.367393350220938,True,2.367393350220938,True,2.367393350220938,True,2.367393350220938,True,2.575545012665703,2.7912000170458318,True,True,0.75,0.49098813114529666,2.367393350220938,wind_stuck_7_days,2013
812,BPHV,BPHV,2013-08-24,5.89425361,3.5,3.5,-1.2414553737325713,1.2414553737325713,0.21659632224948877,0.5830904065216282,0.0982822702975422,0.0634168091922743,0.017171866078906833,-1.2414553737325713,1.321478737358074,0.3167015039015853,2.2585446262674287,True,2.2585446262674287,True,2.2585446262674287,True,2.2585446262674287,True,2.2585446262674287,True,2.2585446262674287,True,2.2585446262674287,True,2.5689084697005713,2.6922821148108076,True,True,0.75,0.6506217640032443,2.2585446262674287,wind_stuck_7_days,2013
813,BPHV,BPHV,2013-08-31,2.7348564,3.4,3.4,-1.1169312063542567,1.1169312063542567,0.16147021082169646,0.41631069408044324,0.12477548516752418,0.12988631311949114,0.03645999228476603,0.2133559936457432,1.321478737358074,0.3167015039015853,2.283068793645743,True,2.283068793645743,True,2.283068793645743,True,2.283068793645743,True,2.283068793645743,True,2.283068793645743,True,2.283068793645743,True,2.5623015952343073,2.7630278846978875,True,True,0.75,0.570287687977879,2.283068793645743,wind_stuck_7_days,2013
814,BPHV,BPHV,2013-09-01,2.78303915,2.9,2.9,-0.31852405949302864,0.31852405949302864,0.2115871045775001,0.3584686091156278,0.088883076838057,0.09363259258079287,0.017561511013689256,-0.08460235949302886,1.321478737358074,0.3167015039015853,2.581475940506971,True,2.581475940506971,True,2.581475940506971,True,2.581475940506971,True,2.581475940506971,True,2.581475940506971,True,2.581475940506971,True,2.6611069553802285,2.5972103550763013,True,True,0.75,0.9506021159143414,2.581475940506971,wind_stuck_7_days,2013
815,BPHV,BPHV,2013-09-08,3.60138915,3.3,3.3,-1.6929520395832576,1.6929520395832576,0.17684464144174153,0.3540940410078605,0.609439237525471,0.7317132266743435,0.02557735624347094,-1.6929520395832576,1.321478737358074,0.3167015039015853,1.6070479604167422,True,1.6070479604167422,True,1.6070479604167422,True,1.6070479604167422,True,1.6070479604167422,True,1.6070479604167422,True,1.6070479604167422,True,2.0302859703125566,2.142463275912434,True,True,0.75,0.6837386393843199,1.6070479604167422,wind_stuck_7_days,2013
816,BPHV,BPHV,2013-09-09,4.15937804,2.9,2.9,-1.4544295720696718,1.4544295720696718,0.1882038148672642,0.4249615175140898,0.4669142217115737,0.574008777108151,0.03645999228476603,-1.4544295720696718,1.321478737358074,0.3167015039015853,1.445570427930328,True,1.445570427930328,True,1.445570427930328,True,1.445570427930328,True,1.445570427930328,True,1.445570427930328,True,1.445570427930328,True,1.809177820947746,2.0208679471615265,True,True,0.75,0.6044514424905822,1.445570427930328,wind_stuck_7_days,2013
817,BPHV,BPHV,2013-09-16,5.20367214,3.0,3.0,-0.8508102945380427,0.8508102945380427,0.19462614051340635,0.562171072400216,0.11201878696391271,0.110813854401761,0.017353599315975327,-0.8508102945380429,1.321478737358074,0.3167015039015853,2.149189705461957,True,2.149189705461957,True,2.149189705461957,True,2.149189705461957,True,2.149189705461957,True,2.149189705461957,True,2.149189705461957,True,2.361892279096468,2.5999987856733116,True,True,0.75,0.47014148382381,2.149189705461957,wind_stuck_7_days,2013
818,BPHV,BPHV,2013-09-17,5.17031866,3.6,3.6,-1.4719118424576592,1.4719118424576592,0.2859220579785746,0.7550961003918683,0.2198132288889421,0.1629367740632844,0.028501804393843262,-1.4719118424576592,1.321478737358074,0.3167015039015853,2.128088157542341,True,2.128088157542341,True,2.128088157542341,True,2.128088157542341,True,2.128088157542341,True,2.128088157542341,True,2.128088157542341,True,2.496066118156756,2.6072099901781964,True,True,0.75,0.6744901299008075,2.128088157542341,wind_stuck_7_days,2013
819,BPHV,BPHV,2013-09-24,5.24378125,1.9,1.9,-0.6731295679948679,0.6731295679948679,0.23546763839882168,0.596646956243287,0.1132589140204392,0.11478847826871641,0.05966670106779932,-0.6731295679948679,1.321478737358074,0.3167015039015853,1.226870432005132,True,1.226870432005132,True,1.226870432005132,True,1.226870432005132,True,1.226870432005132,True,1.226870432005132,True,1.226870432005132,True,1.395152824003849,1.4060892938769816,True,True,0.75,0.7337528012538352,1.226870432005132,wind_stuck_7_days,2013
820,BPHV,BPHV,2013-09-25,4.12845819,1.6,1.6,-0.22255281336628197,0.22255281336628197,0.2240251964772199,1.2091558014453647,0.048080188912026006,0.030919050306735304,-0.022195217169915037,-0.22255281336628174,1.321478737358074,0.3167015039015853,1.3774471866337181,True,1.3774471866337181,True,1.6,False,1.3774471866337181,True,1.6,False,1.3774471866337181,True,1.6,False,1.4330853899752887,1.5587585616708806,True,True,0.75,0.1853107929992483,1.2190686801070227,wind_stuck_7_days,2013
826,BPLV,BPHV,2013-03-09,1.39231037,0.5,0.5,0.420692341987869,0.420692341987869,0.15397790240703685,0.32013011533383706,0.09843915779271031,0.09832104384356939,-0.025343252212233235,0.420692341987869,1.321478737358074,0.3167015039015853,0.920692341987869,True,0.920692341987869,True,0.920692341987869,True,0.920692341987869,True,0.920692341987869,True,0.920692341987869,True,0.5,False,0.8155192564909017,0.8548515781512961,True,True,0.75,0.8434942658441084,0.920692341987869,wind_stuck_7_days,2013
827,BPLV,BPHV,2013-03-16,1.68140999,0.5,0.5,0.20134454770458898,0.20134454770458898,0.09959728780041653,0.36325700780843284,0.01917387183027085,0.01847611138257079,0.0008276722209922128,0.20134454770458898,1.321478737358074,0.3167015039015853,0.701344547704589,True,0.701344547704589,True,0.701344547704589,True,0.701344547704589,True,0.701344547704589,True,0.701344547704589,True,0.701344547704589,True,0.6510084107784417,0.6847235307252086,True,True,0.75,0.9174498779884193,0.701344547704589,wind_stuck_7_days,2013
828,BPLV,BPHV,2013-04-10,2.06492724,0.1,0.1,0.4638160738306471,0.4638160738306471,0.21476271233563668,0.5624794709497442,0.13044487739186653,0.12871471991480854,0.010261777178538899,0.46381607383064716,1.321478737358074,0.3167015039015853,0.5638160738306471,True,0.5638160738306471,True,0.5638160738306471,True,0.5638160738306471,True,0.5638160738306471,True,0.5638160738306471,True,0.5638160738306471,True,0.4478620553729853,0.5638160738306471,True,True,0.75,1.0,0.5638160738306471,wind_stuck_7_days,2013
829,BPLV,BPHV,2013-04-18,2.04345992,0.1,0.1,0.5676759978793703,0.5676759978793703,0.3116976027460637,0.6430918566065255,0.09781590415426925,0.10879790508021418,-0.025343252212233235,0.5676759978793702,1.321478737358074,0.3167015039015853,0.6676759978793703,True,0.6676759978793703,True,0.6676759978793703,True,0.6676759978793703,True,0.6676759978793703,True,0.6676759978793703,True,0.1,False,0.5257569984095277,0.5248306340135472,True,True,0.75,0.7483681459152034,0.6676759978793703,wind_stuck_7_days,2013
830,BPLV,BPHV,2013-04-25,1.94615489,0.1,0.1,0.5966545918378361,0.5966545918378361,0.1904957708521649,0.4335064423288285,0.15626353362817919,0.15413186916957755,0.010261777178538899,0.5966545918378361,1.321478737358074,0.3167015039015853,0.6966545918378361,True,0.6966545918378361,True,0.6966545918378361,True,0.6966545918378361,True,0.6966545918378361,True,0.6966545918378361,True,0.6966545918378361,True,0.547490943878377,0.5095312750768686,True,True,0.75,0.6863791558452876,0.6966545918378361,wind_stuck_7_days,2013
831,BPLV,BPHV,2013-04-26,2.24014921,0.1,0.1,0.6661131559086636,0.6661131559086636,0.16618653291800095,0.4918549013941753,0.16817478549124856,0.16967184871313692,0.03561196983605042,0.6661131559086635,1.321478737358074,0.3167015039015853,0.7661131559086636,True,0.7661131559086636,True,0.7661131559086636,True,0.7661131559086636,True,0.7661131559086636,True,0.7661131559086636,True,0.7661131559086636,True,0.5995848669314977,0.625971238632267,True,True,0.75,0.7896124464240238,0.7661131559086636,wind_stuck_7_days,2013
832,BPLV,BPHV,2013-05-04,1.13632746,0.4,0.4,0.4638854348142633,0.4638854348142633,0.18260727885167197,0.33721721517431785,0.1558540299710965,0.15413186916957755,0.010261777178538899,0.4638854348142633,1.321478737358074,0.3167015039015853,0.8638854348142633,True,0.8638854348142633,True,0.8638854348142633,True,0.8638854348142633,True,0.8638854348142633,True,0.8638854348142633,True,0.8638854348142633,True,0.7479140761106975,0.8638854348142633,True,True,0.75,1.0,0.8638854348142633,wind_stuck_7_days,2013
833,BPLV,BPHV,2013-05-11,4.54547969,0.2,0.2,0.6413455917360416,0.6413455917360416,0.1531845776186499,0.3723965921032041,0.1677652818341659,0.17651822247608426,0.03561196983605042,0.6413455917360418,1.321478737358074,0.3167015039015853,0.8413455917360415,True,0.8413455917360415,True,0.8413455917360415,True,0.8413455917360415,True,0.8413455917360415,True,0.8413455917360415,True,0.8413455917360415,True,0.6810091938020312,0.6645664073192628,True,True,0.75,0.7243620495803832,0.8413455917360415,wind_stuck_7_days,2013
834,BPLV,BPHV,2013-05-12,6.03109662,0.7,0.7,0.4289300681172653,0.4289300681172653,0.14929835450273318,0.3202243326680623,0.09537185069797252,0.09269968133990263,0.010261777178538899,0.428930068117265,1.321478737358074,0.3167015039015853,1.1289300681172652,True,1.1289300681172652,True,1.1289300681172652,True,1.1289300681172652,True,1.1289300681172652,True,1.1289300681172652,True,1.1289300681172652,True,1.021697551087949,1.0469564243874916,True,True,0.75,0.8088880919689617,1.1289300681172652,wind_stuck_7_days,2013
835,BPLV,BPHV,2013-05-19,1.97050008,0.2,0.2,0.6523426531139412,0.6523426531139412,0.16438921816670438,0.35524169764744534,0.1677652818341659,0.16967184871313692,0.03561196983605042,0.6523426531139411,1.321478737358074,0.3167015039015853,0.8523426531139413,True,0.8523426531139413,True,0.8523426531139413,True,0.8523426531139413,True,0.8523426531139413,True,0.8523426531139413,True,0.8523426531139413,True,0.6892569898354559,0.6581465736005598,True,True,0.75,0.7023097009119497,0.8523426531139413,wind_stuck_7_days,2013
836,BPLV,BPHV,2013-05-20,2.06946463,0.3,0.3,0.7125328258829671,0.7125328258829671,0.18776334757929272,0.5508153107051486,0.1423561292549359,0.15110107322131527,0.03561196983605042,0.7125328258829671,1.321478737358074,0.3167015039015853,1.0125328258829671,True,1.0125328258829671,True,1.0125328258829671,True,1.0125328258829671,True,1.0125328258829671,True,1.0125328258829671,True,1.0125328258829671,True,0.8343996194122254,0.7974233268944251,True,True,0.75,0.6981058399351927,1.0125328258829671,wind_stuck_7_days,2013
837,BPLV,BPHV,2013-05-28,2.40284044,0.2,0.2,1.2793910961195991,1.2793910961195991,0.29234358505822977,0.8192522389836394,0.38689003301356,0.3667741372430061,-0.45605954116992903,1.2793910961195991,1.321478737358074,0.3167015039015853,1.479391096119599,True,1.479391096119599,True,1.479391096119599,True,1.479391096119599,True,1.479391096119599,True,1.479391096119599,True,0.2,False,1.1595433220896993,1.1718256047800073,True,True,0.75,0.7596001001785617,1.479391096119599,wind_stuck_7_days,2013
838,BPLV,BPHV,2013-06-04,2.01938474,1.5,1.5,0.3033409685611499,0.3033409685611499,0.22886862997228832,0.44454135230540304,0.03462682245866788,0.028092255945345784,0.017561511013689256,0.3033409685611499,1.321478737358074,0.3167015039015853,1.80334096856115,True,1.80334096856115,True,1.80334096856115,True,1.80334096856115,True,1.80334096856115,True,1.80334096856115,True,1.80334096856115,True,1.7275057264208624,1.7526614001924414,True,True,0.75,0.8329287052484238,1.80334096856115,wind_stuck_7_days,2013
839,BPLV,BPHV,2013-06-05,1.48571703,1.9,1.9,0.17731333811768443,0.17731333811768443,0.28155759200504304,0.4482042311141277,0.018969002467169833,0.01847611138257079,0.017561511013689256,-0.17731333811768446,1.321478737358074,0.3167015039015853,2.0773133381176843,True,2.0773133381176843,True,2.0773133381176843,True,2.0773133381176843,True,2.0773133381176843,True,2.0773133381176843,True,2.0773133381176843,True,2.032985003588263,2.0773133381176843,True,True,0.75,1.0,2.0773133381176843,wind_stuck_7_days,2013
840,BPLV,BPHV,2013-06-12,2.86574734,2.1,2.1,0.3011635739703177,0.3011635739703177,0.10947021796116328,0.8529270785905154,-0.018117757509979508,0.013175478358605257,-0.02021016089584992,0.3011635739703177,1.321478737358074,0.3167015039015853,2.401163573970318,True,2.401163573970318,True,2.401163573970318,True,2.1,False,2.1,False,2.401163573970318,True,2.1,False,2.3258726804777385,2.225043013615475,True,True,0.75,0.41519966032744354,2.401163573970318,wind_stuck_7_days,2013
841,BPLV,BPHV,2013-06-13,3.06263667,2.6,2.6,-0.3839897211904513,0.3839897211904513,0.20931041800278508,0.901109309977673,0.02354628771251207,0.034613950582941345,-0.005461378377217999,-0.38398972119045127,1.321478737358074,0.3167015039015853,2.2160102788095486,True,2.2160102788095486,True,2.2160102788095486,True,2.2160102788095486,True,2.2160102788095486,True,2.2160102788095486,True,2.6,False,2.312007709107162,2.4269865886539144,True,True,0.75,0.45056781939294277,2.2160102788095486,wind_stuck_7_days,2013
842,BPLV,BPHV,2013-06-20,2.91963312,1.8,1.8,0.4421714927385462,0.4421714927385462,0.26337083661401917,0.7379102904653917,0.10524636098265629,0.0944144041840603,0.010261777178538899,0.4421714927385463,1.321478737358074,0.3167015039015853,2.2421714927385463,True,2.2421714927385463,True,2.2421714927385463,True,2.2421714927385463,True,2.2421714927385463,True,2.2421714927385463,True,2.2421714927385463,True,2.1316286195539096,2.2421714927385463,True,True,0.75,1.0,2.2421714927385463,wind_stuck_7_days,2013
843,BPLV,BPHV,2013-06-21,2.60595683,2.2,2.2,0.2093287400697553,0.2093287400697553,0.3146279033287031,0.7141881773520702,0.015583551518116237,0.011014499219080457,0.017561511013689256,0.2093287400697553,1.321478737358074,0.3167015039015853,2.4093287400697556,True,2.4093287400697556,True,2.4093287400697556,True,2.4093287400697556,True,2.4093287400697556,True,2.4093287400697556,True,2.4093287400697556,True,2.3569965550523166,2.3631232973059992,True,True,0.75,0.7792685192278936,2.4093287400697556,wind_stuck_7_days,2013
844,BPLV,BPHV,2013-06-28,1.7875528,2.0,2.0,-0.3899248136814514,0.3899248136814514,0.22847823875591677,0.47059598090524696,0.08278593664375922,0.07992552735368162,0.017561511013689256,0.03496958631854852,1.321478737358074,0.3167015039015853,1.6100751863185487,True,1.6100751863185487,True,1.6100751863185487,True,1.6100751863185487,True,1.6100751863185487,True,1.6100751863185487,True,1.6100751863185487,True,1.7075563897389114,1.724313651976268,True,True,0.75,0.7070243758555811,1.6100751863185487,wind_stuck_7_days,2013
845,BPLV,BPHV,2013-06-29,2.09539233,2.8,2.8,-0.44240114639412476,0.44240114639412476,0.19638863122582972,0.5783957064154628,0.10954677008867922,0.10846984355352021,0.017561511013689256,0.44240114639412476,1.321478737358074,0.3167015039015853,2.357598853605875,True,2.357598853605875,True,2.357598853605875,True,2.357598853605875,True,2.357598853605875,True,2.357598853605875,True,2.357598853605875,True,2.468199140204406,2.357598853605875,True,True,0.75,1.0,2.357598853605875,wind_stuck_7_days,2013
846,BPLV,BPHV,2013-07-06,3.73526574,4.8,4.8,-0.9130024247710826,0.9130024247710826,0.36992465327553253,0.6659200023395705,-0.2637247344125153,-0.10800406434986189,-0.04619417816440778,0.9130024247710826,1.321478737358074,0.3167015039015853,3.886997575228917,True,4.8,False,3.886997575228917,True,4.8,False,4.8,False,4.8,False,4.8,False,4.115248181421688,4.53415788260797,True,True,0.75,0.29117350642161144,3.886997575228917,wind_stuck_7_days,2013
847,BPLV,BPHV,2013-07-07,4.29005733,5.7,5.7,-1.1147434787834112,1.1147434787834112,0.350398089198261,0.7927595246336134,-0.3188618654478248,-0.3900900534308982,-0.10358220438592969,1.1147434787834112,1.321478737358074,0.3167015039015853,4.585256521216589,True,5.7,False,4.585256521216589,True,5.7,False,5.7,False,5.7,False,5.7,False,4.863942390912442,5.397835694583541,True,True,0.75,0.2710617385680787,4.585256521216589,wind_stuck_7_days,2013
848,BPLV,BPHV,2013-07-14,2.99651727,2.6,2.6,-0.4562992368183629,0.4562992368183629,0.33193236722329367,0.7214761836021583,0.09884329420779057,0.07571439683113178,0.017561511013689256,-0.45629923681836293,1.321478737358074,0.3167015039015853,2.1437007631816374,True,2.6,False,2.1437007631816374,True,2.1437007631816374,True,2.1437007631816374,True,2.1437007631816374,True,2.1437007631816374,True,2.257775572386228,2.1437007631816374,True,True,0.75,1.0,2.1437007631816374,wind_stuck_7_days,2013
849,BPLV,BPHV,2013-07-30,2.98233454,1.9,1.9,0.023931917100079764,0.023931917100079764,0.23053613341137905,0.5834630991950028,0.018969002467169833,0.01847611138257079,0.017561511013689256,0.023931917100079803,1.321478737358074,0.3167015039015853,1.9239319171000797,True,1.9239319171000797,True,1.9239319171000797,True,1.9239319171000797,True,1.9239319171000797,True,1.9239319171000797,True,1.9239319171000797,True,1.9179489378250598,1.9239319171000797,True,True,0.75,1.0,1.9239319171000797,wind_stuck_7_days,2013
850,BPLV,BPHV,2013-07-31,3.28464769,1.6,1.6,0.29482173984523435,0.29482173984523435,0.20799708266157135,0.5914551161469058,0.034421953095566865,0.028092255945345784,0.017561511013689256,0.2948217398452344,1.321478737358074,0.3167015039015853,1.8948217398452345,True,1.8948217398452345,True,1.8948217398452345,True,1.8948217398452345,True,1.8948217398452345,True,1.8948217398452345,True,1.8948217398452345,True,1.8211163048839258,1.8642548712116984,True,True,0.75,0.8963208457775805,1.8948217398452345,wind_stuck_7_days,2013
851,BPLV,BPHV,2013-08-08,1.85266922,1.6,1.6,0.20381486158208126,0.20381486158208126,0.30328784959633964,0.7851826621478063,0.006177342042672208,0.009498374434077946,-0.005461378377217999,0.20381486158208126,1.321478737358074,0.3167015039015853,1.8038148615820813,True,1.8038148615820813,True,1.8038148615820813,True,1.8038148615820813,True,1.8038148615820813,True,1.8038148615820813,True,1.6,False,1.752861146186561,1.7681792289608118,True,True,0.75,0.8251568489920046,1.8038148615820813,wind_stuck_7_days,2013
852,BPLV,BPHV,2013-08-15,2.89287029,1.3,1.3,0.5181126068692382,0.5181126068692382,0.16259760267594758,0.49183514054558514,0.1054512303457573,0.118366717144021,0.010261777178538899,0.5181126068692381,1.321478737358074,0.3167015039015853,1.8181126068692381,True,1.8181126068692381,True,1.8181126068692381,True,1.8181126068692381,True,1.8181126068692381,True,1.8181126068692381,True,1.8181126068692381,True,1.6885844551519287,1.7275247252962442,True,True,0.75,0.8251579282728077,1.8181126068692381,wind_stuck_7_days,2013
853,BPLV,BPHV,2013-08-16,2.74550343,1.5,1.5,0.3749784340462912,0.3749784340462912,0.1430293029079531,0.4274627354501007,0.07869039690083732,0.07870871987201583,0.010261777178538899,0.37497843404629116,1.321478737358074,0.3167015039015853,1.8749784340462912,True,1.8749784340462912,True,1.8749784340462912,True,1.8749784340462912,True,1.8749784340462912,True,1.8749784340462912,True,1.8749784340462912,True,1.7812338255347184,1.787732377316582,True,True,0.75,0.7673304680798297,1.8749784340462912,wind_stuck_7_days,2013
854,BPLV,BPHV,2013-08-23,2.36950338,0.4,0.4,0.7051179391341137,0.7051179391341137,0.1817473089806429,0.6742566712228181,0.15286190246297796,0.15110107322131527,0.03561196983605042,0.7051179391341136,1.321478737358074,0.3167015039015853,1.1051179391341137,True,1.1051179391341137,True,1.1051179391341137,True,1.1051179391341137,True,1.1051179391341137,True,1.1051179391341137,True,1.1051179391341137,True,0.9288384543505853,0.9205893453054746,True,True,0.75,0.7383010932111008,1.1051179391341137,wind_stuck_7_days,2013
855,BPLV,BPHV,2013-08-24,2.57683221,0.9,0.9,0.5066568037186554,0.5066568037186554,0.2050019134818434,0.6083332411877069,0.1054512303457573,0.11550697933786468,0.010261777178538899,0.5066568037186554,1.321478737358074,0.3167015039015853,1.4066568037186555,True,1.4066568037186555,True,1.4066568037186555,True,1.4066568037186555,True,1.4066568037186555,True,1.4066568037186555,True,1.4066568037186555,True,1.2799926027889916,1.3369749326511036,True,True,0.75,0.862467314055362,1.4066568037186555,wind_stuck_7_days,2013
856,BPLV,BPHV,2013-08-31,1.09221557,1.0,1.0,0.1391803281727722,0.1391803281727722,0.0871037184427821,0.34683713102877334,0.01917387183027085,0.01847611138257079,0.017561511013689256,0.045250811827227844,1.321478737358074,0.3167015039015853,1.1391803281727721,True,1.1391803281727721,True,1.1391803281727721,True,1.1391803281727721,True,1.1391803281727721,True,1.1391803281727721,True,1.1391803281727721,True,1.1043852461295791,1.1391803281727721,True,True,0.75,1.0,1.1391803281727721,wind_stuck_7_days,2013
857,BPLV,BPHV,2013-09-01,0.87524589,0.4,0.4,0.7264007901267583,0.7264007901267583,0.1559435699166081,0.5224656410508961,0.16817478549124856,0.16967184871313692,0.03561196983605042,0.2240909898732416,1.321478737358074,0.3167015039015853,1.1264007901267583,True,1.1264007901267583,True,1.1264007901267583,True,1.1264007901267583,True,1.1264007901267583,True,1.1264007901267583,True,1.1264007901267583,True,0.9448005925950688,0.9201399690672013,True,True,0.75,0.7160509406610583,1.1264007901267583,wind_stuck_7_days,2013
858,BPLV,BPHV,2013-09-16,2.201259,0.8,0.8,0.3487581404693703,0.3487581404693703,0.19772299371304966,0.608133629699158,0.07869039690083732,0.07584898206585951,0.010261777178538899,0.34875814046937026,1.321478737358074,0.3167015039015853,1.1487581404693703,True,1.1487581404693703,True,1.1487581404693703,True,1.1487581404693703,True,1.1487581404693703,True,1.1487581404693703,True,1.1487581404693703,True,1.061568605352028,1.09971016063903,True,True,0.75,0.8593639140169462,1.1487581404693703,wind_stuck_7_days,2013
859,BPLV,BPHV,2013-09-17,1.77232667,0.0,0.0,0.4667523693581189,0.4667523693581189,0.18491687448637895,0.8953779662265399,0.06617560299754721,0.09564955378397705,-0.01988204987679644,0.4667523693581188,1.321478737358074,0.3167015039015853,0.4667523693581189,True,0.4667523693581189,True,0.4667523693581189,True,0.4667523693581189,True,0.4667523693581189,True,0.4667523693581189,True,0.0,False,0.3500642770185892,0.3713222010844813,True,True,0.75,0.7955443302733013,0.4667523693581189,wind_stuck_7_days,2013
860,BPLV,BPHV,2013-09-24,1.81106336,0.5,0.5,0.16501760448492958,0.16501760448492958,0.2269730584154878,0.7147077482198437,0.01917387183027085,0.01847611138257079,0.017561511013689256,0.16501760448492964,1.321478737358074,0.3167015039015853,0.6650176044849296,True,0.6650176044849296,True,0.6650176044849296,True,0.6650176044849296,True,0.6650176044849296,True,0.6650176044849296,True,0.6650176044849296,True,0.6237632033636972,0.6650176044849296,True,True,0.75,1.0,0.6650176044849296,wind_stuck_7_days,2013
861,BPLV,BPHV,2013-09-25,1.60929972,0.1,0.1,0.5314947802529928,0.5314947802529928,0.2809643799952089,1.1360661900356328,0.054815826181196646,0.08390498915016698,-0.05548707926756858,0.5314947802529928,1.321478737358074,0.3167015039015853,0.6314947802529928,True,0.6314947802529928,True,0.1,False,0.6314947802529928,True,0.1,False,0.6314947802529928,True,0.1,False,0.4986210851897446,0.4722585164171804,True,True,0.75,0.7003991953410803,0.551356334824988,wind_stuck_7_days,2013
1296,LYS_NE,LYS_NE,2013-05-23,2.66482395,1.7,1.7,0.089276314544713,0.089276314544713,0.177195722727523,0.4639209655067358,0.018969002467169833,0.024106766037544296,-0.04580453322962536,0.08927631454471296,1.321478737358074,0.3167015039015853,1.789276314544713,True,1.789276314544713,True,1.789276314544713,True,1.789276314544713,True,1.789276314544713,True,1.789276314544713,True,1.7,False,1.7669572359085346,1.789276314544713,True,True,0.75,1.0,1.789276314544713,wind_stuck_7_days,2013
1297,LYS_NE,LYS_NE,2013-05-24,1.89178024,1.7,1.7,-0.6163181031993996,0.6163181031993996,0.48901689286847294,0.6233385792720941,0.08178215727166417,0.058774234484106035,-0.14665531789339445,-0.6163181031993996,1.321478737358074,0.3167015039015853,1.0836818968006003,True,1.7,False,1.0836818968006003,True,1.0836818968006003,True,1.0836818968006003,True,1.0836818968006003,True,1.7,False,1.2377614226004503,1.4601763576937064,True,True,0.75,0.3891231509529463,1.0836818968006003,wind_stuck_7_days,2013
1298,LYS_NE,LYS_NE,2013-05-31,3.97823329,2.5,2.5,-0.012615654935462383,0.012615654935462383,0.16702060982129852,0.5550660766414102,0.01963659214705441,0.02752503676297113,-0.04580453322962536,-0.01261565493546235,1.321478737358074,0.3167015039015853,2.4873843450645374,True,2.4873843450645374,True,2.4873843450645374,True,2.4873843450645374,True,2.4873843450645374,True,2.4873843450645374,True,2.5,False,2.490538258798403,2.4873843450645374,True,True,0.75,1.0,2.4873843450645374,wind_stuck_7_days,2013
1299,LYS_NE,LYS_NE,2013-06-01,5.16708554,2.5,2.5,0.23439797945612867,0.23439797945612867,0.24201423666383365,0.6217297272863708,0.034421953095566865,0.03275460867504432,-0.04580453322962536,0.2343979794561286,1.321478737358074,0.3167015039015853,2.7343979794561286,True,2.7343979794561286,True,2.7343979794561286,True,2.7343979794561286,True,2.7343979794561286,True,2.7343979794561286,True,2.5,False,2.6757984845920966,2.7343979794561286,True,True,0.75,1.0,2.7343979794561286,wind_stuck_7_days,2013
1300,LYS_NE,LYS_NE,2013-06-08,7.0681225,4.0,4.0,-0.011341564999997056,0.011341564999997056,0.2663109578377874,0.6274762279646543,0.018969002467169833,0.023138464112269344,-0.04580453322962536,-0.011341564999996834,1.321478737358074,0.3167015039015853,3.988658435000003,True,3.988658435000003,True,3.988658435000003,True,3.988658435000003,True,3.988658435000003,True,3.988658435000003,True,4.0,False,3.9914938262500024,3.988658435000003,True,True,0.75,1.0,3.988658435000003,wind_stuck_7_days,2013
1301,LYS_NE,LYS_NE,2013-06-24,4.3866915,3.5,3.5,-0.0721365460012821,0.0721365460012821,0.30331292245821223,0.938328636912475,-0.04858045090257897,-0.1301905557810016,-0.09523228540516696,-0.07213654600128205,1.321478737358074,0.3167015039015853,3.427863453998718,True,3.427863453998718,True,3.5,False,3.5,False,3.5,False,3.5,False,3.5,False,3.4458975904990385,3.5,True,False,0.75,0.0,3.6956757106765057,wind_stuck_7_days,2013
1302,LYS_NE,LYS_NE,2013-07-10,7.87214675,6.4,6.4,-0.752439192279579,0.752439192279579,0.18347744193288987,0.489446963394753,0.09450353981042738,0.1180225735151283,-0.04601244492733928,-0.7524391922795788,1.321478737358074,0.3167015039015853,5.647560807720422,True,5.647560807720422,True,5.647560807720422,True,5.647560807720422,True,5.647560807720422,True,5.647560807720422,True,6.4,False,5.835670605790316,5.901747778448122,True,True,0.75,0.6621827074721885,5.647560807720422,wind_stuck_7_days,2013
1303,LYS_NE,LYS_NE,2013-07-11,7.92480325,6.4,6.4,-0.560356436422869,0.560356436422869,0.16566780368923595,0.48052307042591336,0.09203152293519389,0.09395413893882505,-0.04601244492733928,-0.560356436422869,1.321478737358074,0.3167015039015853,5.839643563577131,True,5.839643563577131,True,5.839643563577131,True,5.839643563577131,True,5.839643563577131,True,5.839643563577131,True,6.4,False,5.979732672682848,5.848584228098129,True,True,0.75,0.9840446830983652,5.839643563577131,wind_stuck_7_days,2013
1304,LYS_NE,LYS_NE,2013-07-26,6.80484,7.1,7.1,0.651701383071355,0.651701383071355,0.1869914986381468,0.5299471483417302,0.14209682354453296,0.20274904981371134,-0.04506663812752827,-0.651701383071355,1.321478737358074,0.3167015039015853,7.751701383071355,True,7.751701383071355,True,7.751701383071355,True,7.751701383071355,True,7.751701383071355,True,7.751701383071355,True,7.1,False,7.588776037303516,7.751701383071355,True,True,0.75,1.0,7.751701383071355,wind_stuck_7_days,2013
1305,LYS_NE,LYS_NE,2013-07-27,7.2544455,6.2,6.2,0.3913673431132708,0.3913673431132708,0.15510878185009933,0.45013648171813936,0.047358890338100604,0.05707307619902533,0.010261777178538899,0.3913673431132708,1.321478737358074,0.3167015039015853,6.591367343113271,True,6.591367343113271,True,6.591367343113271,True,6.591367343113271,True,6.591367343113271,True,6.591367343113271,True,6.591367343113271,True,6.493525507334954,6.4200124823710105,True,True,0.75,0.5621636200425981,6.591367343113271,wind_stuck_7_days,2013
1306,LYS_NE,LYS_NE,2013-08-04,8.457444,6.6,6.6,-0.024000446295413695,0.024000446295413695,0.19884419910301937,0.5886015079282899,0.044084905204408165,0.054164506551681965,-0.04580453322962536,-0.024000446295413758,1.321478737358074,0.3167015039015853,6.575999553704586,True,6.575999553704586,True,6.575999553704586,True,6.575999553704586,True,6.575999553704586,True,6.575999553704586,True,6.6,False,6.581999665278439,6.575999553704586,True,True,0.75,1.0,6.575999553704586,wind_stuck_7_days,2013
1307,LYS_NE,LYS_NE,2013-08-19,7.177486,6.5,6.5,0.4535079404904853,0.4535079404904853,0.20319007882647003,0.5079007025474089,0.074913781097965,0.08764333146865474,0.010261777178538899,0.4535079404904853,1.321478737358074,0.3167015039015853,6.953507940490486,True,6.953507940490486,True,6.953507940490486,True,6.953507940490486,True,6.953507940490486,True,6.953507940490486,True,6.953507940490486,True,6.840130955367864,6.953507940490486,True,True,0.75,1.0,6.953507940490486,wind_stuck_7_days,2013
1308,LYS_NE,LYS_NE,2013-08-20,7.080274,6.5,6.5,0.38631655776646434,0.38631655776646434,0.21897929973534142,0.43489580411073414,0.051447491026700244,0.07011635022437919,0.010261777178538899,0.38631655776646434,1.321478737358074,0.3167015039015853,6.886316557766464,True,6.886316557766464,True,6.886316557766464,True,6.886316557766464,True,6.886316557766464,True,6.886316557766464,True,6.886316557766464,True,6.789737418324848,6.886316557766464,True,True,0.75,1.0,6.886316557766464,wind_stuck_7_days,2013
1309,LYS_NE,LYS_NE,2013-08-27,5.848922,6.3,6.3,0.5931557692100272,0.5931557692100272,0.23823015502179826,0.49640400988289934,0.07530931736743135,0.07789144250826317,0.010261777178538899,-0.5931557692100271,1.321478737358074,0.3167015039015853,6.893155769210027,True,6.893155769210027,True,6.893155769210027,True,6.893155769210027,True,6.893155769210027,True,6.893155769210027,True,6.893155769210027,True,6.74486682690752,6.657040059117333,True,True,0.75,0.6019330463443753,6.893155769210027,wind_stuck_7_days,2013
1310,LYS_NE,LYS_NE,2013-08-28,5.8902371,6.7,6.7,0.9075208248298388,0.9075208248298388,0.205246944563803,0.6250576400720813,-0.07740809334232536,-0.03853185107459764,-0.105892176105329,-0.9075208248298388,1.321478737358074,0.3167015039015853,7.607520824829839,True,7.607520824829839,True,7.607520824829839,True,6.7,False,6.7,False,6.7,False,6.7,False,7.38064061862238,7.1274744697605374,True,True,0.75,0.47103543859799496,7.607520824829839,wind_stuck_7_days,2013
1311,LYS_NE,LYS_NE,2013-09-04,5.52252722,5.9,5.9,0.4718172556159108,0.4718172556159108,0.22316876217515424,0.5801207771859535,0.05168107799436094,0.07503170470210685,0.010261777178538899,-0.4718172556159108,1.321478737358074,0.3167015039015853,6.371817255615911,True,6.371817255615911,True,6.371817255615911,True,6.371817255615911,True,6.371817255615911,True,6.371817255615911,True,6.371817255615911,True,6.253862941711933,6.356169800346057,True,True,0.75,0.9668357715119438,6.371817255615911,wind_stuck_7_days,2013
1312,LYS_NE,LYS_NE,2013-09-05,5.8635038,5.7,5.7,0.32660571875690775,0.32660571875690775,0.18160396462483966,0.552985049879405,0.04130899914338488,0.04940083741777241,0.010261777178538899,0.00040188124309220585,1.321478737358074,0.3167015039015853,6.026605718756908,True,6.026605718756908,True,6.026605718756908,True,6.026605718756908,True,6.026605718756908,True,6.026605718756908,True,6.026605718756908,True,5.944954289067681,5.983858423733449,True,True,0.75,0.8691165139846311,6.026605718756908,wind_stuck_7_days,2013
1313,LYS_NE,LYS_NE,2013-09-21,2.10990545,3.6,3.6,-0.3522103436059353,0.3522103436059353,0.12179071598831011,0.4555300630460032,0.09373037527345657,0.09768684018558442,0.017561511013689256,0.35221034360593517,1.321478737358074,0.3167015039015853,3.247789656394065,True,3.247789656394065,True,3.247789656394065,True,3.247789656394065,True,3.247789656394065,True,3.247789656394065,True,3.247789656394065,True,3.3358422422955485,3.29732314056155,True,True,0.75,0.8593639140169462,3.247789656394065,wind_stuck_7_days,2013
1314,LYS_NE,LYS_NE,2013-09-28,1.5675435,2.9,2.9,-0.44785001728459506,0.44785001728459506,0.12580424322393777,0.4731067750769079,0.13336003693719048,0.13442058390424827,0.017561511013689256,0.44785001728459506,1.321478737358074,0.3167015039015853,2.452149982715405,True,2.452149982715405,True,2.452149982715405,True,2.452149982715405,True,2.452149982715405,True,2.452149982715405,True,2.452149982715405,True,2.5641124870365535,2.452149982715405,True,True,0.75,1.0,2.452149982715405,wind_stuck_7_days,2013
1315,LYS_NE,LYS_NE,2013-09-29,1.24066815,2.7,2.7,-0.9119570087220247,0.9119570087220247,0.19280317491054855,0.4251509488730333,0.12585644403374768,0.13600634138218398,0.03645999228476603,0.9119570087220247,1.321478737358074,0.3167015039015853,1.7880429912779756,True,1.7880429912779756,True,1.7880429912779756,True,1.7880429912779756,True,1.7880429912779756,True,1.7880429912779756,True,1.7880429912779756,True,2.016032243458482,2.278551736227948,True,True,0.75,0.4621361092039312,1.7880429912779756,wind_stuck_7_days,2013
1316,LYS_NE,LYS_NE,2013-10-06,0.63228305,2.7,2.7,-1.0621163216019607,1.0621163216019607,0.1175125532084058,0.441742432971539,0.1867479413979289,0.16501328975238858,0.03645999228476603,1.0621163216019607,1.321478737358074,0.3167015039015853,1.6378836783980395,True,1.6378836783980395,True,1.6378836783980395,True,1.6378836783980395,True,1.6378836783980395,True,1.6378836783980395,True,1.6378836783980395,True,1.9034127587985297,2.1245768706079438,True,True,0.75,0.5417703482083408,1.6378836783980395,wind_stuck_7_days,2013
1317,LYS_NE,LYS_NE,2013-10-07,0.66225675,2.0,2.0,-0.7644017127035176,0.7644017127035176,0.10983554543062261,0.45933691950867034,0.13583205381242394,0.1396243325586454,0.019907886729137483,0.7644017127035176,1.321478737358074,0.3167015039015853,1.2355982872964824,True,1.2355982872964824,True,1.2355982872964824,True,1.2355982872964824,True,1.2355982872964824,True,1.2355982872964824,True,1.2355982872964824,True,1.4266987154723618,1.552534464327349,True,True,0.75,0.585380079919059,1.2355982872964824,wind_stuck_7_days,2013
1318,LYS_NE,LYS_NE,2013-10-22,0.2940663,2.2,2.2,-0.9148667248720457,0.9148667248720457,0.14307027710460749,0.3702754209412289,0.0962614443150955,0.1396243325586454,0.03645999228476603,0.9148667248720457,1.321478737358074,0.3167015039015853,1.2851332751279545,True,1.2851332751279545,True,1.2851332751279545,True,1.2851332751279545,True,1.2851332751279545,True,1.2851332751279545,True,1.2851332751279545,True,1.513849956345966,1.7649912912135788,True,True,0.75,0.4754886115759236,1.2851332751279545,wind_stuck_7_days,2013
1319,LYS_NE,LYS_NE,2013-10-23,0.34291533,1.7,1.7,-0.7968165846817309,0.7968165846817309,0.1297545996809954,0.42725870693518697,0.12705903679306385,0.1396243325586454,0.03664172552183452,0.7968165846817309,1.321478737358074,0.3167015039015853,0.9031834153182691,True,0.9031834153182691,True,0.9031834153182691,True,0.9031834153182691,True,0.9031834153182691,True,0.9031834153182691,True,0.9031834153182691,True,1.1023875614887018,1.2694616747085958,True,True,0.75,0.5403229972470669,0.9031834153182691,wind_stuck_7_days,2013
1374,LYS_NW,LYS_NE,2013-06-24,6.4859218,4.8,4.8,-0.7877983017498176,0.7877983017498176,0.3774448198674164,0.973003725656649,-0.5021933102408079,-0.4099962678416345,-0.1034004711488612,-0.7877983017498176,1.321478737358074,0.3167015039015853,4.012201698250182,True,4.8,False,4.8,False,4.8,False,4.8,False,4.8,False,4.8,False,4.209151273687636,4.8,True,False,0.75,0.0,4.303152829021943,wind_stuck_7_days,2013
1375,LYS_NW,LYS_NE,2013-07-10,8.7951471,7.1,7.1,-0.046932967688011695,0.046932967688011695,0.5372068922764028,1.429400056576069,0.010435293812444625,0.032830448173459315,-0.149198421767147,-0.046932967688011695,1.321478737358074,0.3167015039015853,7.053067032311988,True,7.1,False,7.1,False,7.053067032311988,True,7.1,False,7.053067032311988,True,7.1,False,7.064800274233991,7.053067032311988,True,True,0.75,1.0,7.053067032311988,wind_stuck_7_days,2013
1376,LYS_NW,LYS_NE,2013-07-11,9.4501618,7.5,7.5,0.17896658493657056,0.17896658493657056,0.240737077805131,0.4869242136474236,0.06968067652886124,0.12493543790901865,-0.04580453322962536,0.17896658493657047,1.321478737358074,0.3167015039015853,7.67896658493657,True,7.67896658493657,True,7.67896658493657,True,7.67896658493657,True,7.67896658493657,True,7.67896658493657,True,7.5,False,7.6342249387024275,7.67896658493657,True,True,0.75,1.0,7.67896658493657,wind_stuck_7_days,2013
1377,LYS_NW,LYS_NE,2013-07-26,6.9359099,6.3,6.3,0.25325097695804993,0.25325097695804993,0.16379299263128003,0.5066187817342568,0.015904801132076544,0.015378651992291097,-0.04580453322962536,0.25325097695804993,1.321478737358074,0.3167015039015853,6.55325097695805,True,6.55325097695805,True,6.55325097695805,True,6.55325097695805,True,6.55325097695805,True,6.55325097695805,True,6.3,False,6.489938232718537,6.500362097970181,True,True,0.75,0.7911602173340128,6.55325097695805,wind_stuck_7_days,2013
1378,LYS_NW,LYS_NE,2013-07-27,7.196516,6.1,6.1,0.31786689620186726,0.31786689620186726,0.1542457435854509,0.4466895525206004,0.04130899914338488,0.04940083741777241,0.010261777178538899,0.31786689620186726,1.321478737358074,0.3167015039015853,6.417866896201867,True,6.417866896201867,True,6.417866896201867,True,6.417866896201867,True,6.417866896201867,True,6.417866896201867,True,6.417866896201867,True,6.3384001721514,6.332790810996494,True,True,0.75,0.7323531131365645,6.417866896201867,wind_stuck_7_days,2013
1379,LYS_NW,LYS_NE,2013-08-04,8.4542595,6.4,6.4,-0.15915311585610803,0.15915311585610803,0.20469930256682584,0.5871567891435022,0.011760634917634514,0.020206498115575018,-0.04580453322962536,-0.15915311585610814,1.321478737358074,0.3167015039015853,6.240846884143893,True,6.240846884143893,True,6.240846884143893,True,6.240846884143893,True,6.240846884143893,True,6.240846884143893,True,6.4,False,6.280635163107919,6.240846884143893,True,True,0.75,1.0,6.240846884143893,wind_stuck_7_days,2013
1380,LYS_NW,LYS_NE,2013-08-19,6.1417406,6.3,6.3,0.3223815858165695,0.3223815858165695,0.18460198610494677,0.4902867363546086,0.04130899914338488,0.04940083741777241,0.010261777178538899,-0.3223815858165695,1.321478737358074,0.3167015039015853,6.622381585816569,True,6.622381585816569,True,6.622381585816569,True,6.622381585816569,True,6.622381585816569,True,6.622381585816569,True,6.622381585816569,True,6.541786189362427,6.525010308513674,True,True,0.75,0.6979626579593234,6.622381585816569,wind_stuck_7_days,2013
1381,LYS_NW,LYS_NE,2013-08-20,4.5562839,6.6,6.6,0.4515515894359571,0.4515515894359571,0.22951234847912888,0.4382283132192587,0.11094795441876136,0.12489272496972399,0.010261777178538899,-0.4515515894359572,1.321478737358074,0.3167015039015853,7.051551589435957,True,7.051551589435957,True,7.051551589435957,True,7.051551589435957,True,7.051551589435957,True,7.051551589435957,True,7.051551589435957,True,6.938663692076967,7.051551589435957,True,True,0.75,1.0,7.051551589435957,wind_stuck_7_days,2013
1382,LYS_NW,LYS_NE,2013-08-27,1.45815906,5.1,5.1,-0.10861876693686587,0.10861876693686587,0.27878116375946793,0.5441073347770301,0.007672034229034829,0.004392307241403947,0.017561511013689256,0.1086187669368659,1.321478737358074,0.3167015039015853,4.991381233063134,True,4.991381233063134,True,4.991381233063134,True,4.991381233063134,True,4.991381233063134,True,4.991381233063134,True,4.991381233063134,True,5.018535924797351,4.991381233063134,True,True,0.75,1.0,4.991381233063134,wind_stuck_7_days,2013
1383,LYS_NW,LYS_NE,2013-08-28,3.0511087,5.2,5.2,0.06659591851762434,0.06659591851762434,0.21748780060880482,0.7245832438600056,0.005365187226993121,0.00098891159782336,0.017561511013689256,-0.06659591851762414,1.321478737358074,0.3167015039015853,5.266595918517624,True,5.266595918517624,True,5.266595918517624,True,5.266595918517624,True,5.266595918517624,True,5.266595918517624,True,5.266595918517624,True,5.249946938888218,5.266595918517624,True,True,0.75,1.0,5.266595918517624,wind_stuck_7_days,2013
1384,LYS_NW,LYS_NE,2013-09-04,2.5702431,4.2,4.2,-0.29866928578828283,0.29866928578828283,0.18397829502351126,0.29955856227747446,0.03872236220158974,0.037408137875911344,0.017561511013689256,0.2986692857882829,1.321478737358074,0.3167015039015853,3.9013307142117175,True,3.9013307142117175,True,3.9013307142117175,True,3.9013307142117175,True,3.9013307142117175,True,3.9013307142117175,True,3.9013307142117175,True,3.975998035658788,3.9492648461878406,True,True,0.75,0.8395076619625956,3.9013307142117175,wind_stuck_7_days,2013
1385,LYS_NW,LYS_NE,2013-09-05,2.5393656,3.9,3.9,-0.3376934800846435,0.3376934800846435,0.18674395478837652,0.3356731622461191,0.07673604544904349,0.0722532885724287,0.017561511013689256,0.3376934800846434,1.321478737358074,0.3167015039015853,3.5623065199153565,True,3.5623065199153565,True,3.5623065199153565,True,3.5623065199153565,True,3.5623065199153565,True,3.5623065199153565,True,3.5623065199153565,True,3.646729889936517,3.62385995043652,True,True,0.75,0.817723959296652,3.5623065199153565,wind_stuck_7_days,2013
1386,LYS_NW,LYS_NE,2013-09-21,1.4265405,2.4,2.4,-0.5916178742845689,0.5916178742845689,0.09833111225264878,0.4220827749122774,0.12338442715851423,0.13080259272778685,0.03664172552183452,0.5916178742845689,1.321478737358074,0.3167015039015853,1.8083821257154309,True,1.8083821257154309,True,1.8083821257154309,True,1.8083821257154309,True,1.8083821257154309,True,1.8083821257154309,True,1.8083821257154309,True,1.9562865942865733,1.9857628256506443,True,True,0.75,0.7001769087018945,1.8083821257154309,wind_stuck_7_days,2013
1387,LYS_NW,LYS_NE,2013-09-28,1.0761838,2.5,2.5,-0.36423665307521885,0.36423665307521885,0.11900621051288097,0.43542978887414846,0.09493296803277274,0.10130483136204582,0.017561511013689256,0.3642366530752188,1.321478737358074,0.3167015039015853,2.135763346924781,True,2.135763346924781,True,2.135763346924781,True,2.135763346924781,True,2.135763346924781,True,2.135763346924781,True,2.135763346924781,True,2.226822510193586,2.2104726531228427,True,True,0.75,0.7948880060057187,2.135763346924781,wind_stuck_7_days,2013
1388,LYS_NW,LYS_NE,2013-09-29,0.6830103,2.2,2.2,-0.7904631982140463,0.7904631982140463,0.15442827610094936,0.48247668293448376,0.13961624942559123,0.13600634138218398,0.03664172552183452,0.7904631982140463,1.321478737358074,0.3167015039015853,1.4095368017859538,True,1.4095368017859538,True,1.4095368017859538,True,1.4095368017859538,True,1.4095368017859538,True,1.4095368017859538,True,1.4095368017859538,True,1.6071526013394655,1.7075700857637781,True,True,0.75,0.6229637449900343,1.4095368017859538,wind_stuck_7_days,2013
1389,LYS_NW,LYS_NE,2013-10-06,0.3660013,2.4,2.4,-0.9499447247848927,0.9499447247848927,0.1472995836630928,0.4124023238984689,0.12705903679306385,0.1396243325586454,0.03645999228476603,0.9499447247848927,1.321478737358074,0.3167015039015853,1.4500552752151072,True,1.4500552752151072,True,1.4500552752151072,True,1.4500552752151072,True,1.4500552752151072,True,1.4500552752151072,True,1.4500552752151072,True,1.6875414564113305,2.0372398521078727,True,True,0.75,0.3818750064371076,1.4500552752151072,wind_stuck_7_days,2013
1390,LYS_NW,LYS_NE,2013-10-07,0.4149936,1.9,1.9,-0.7051485274142902,0.7051485274142902,0.10668182160014918,0.46112645435463084,0.13583205381242394,0.1396243325586454,0.019907886729137483,0.7051485274142902,1.321478737358074,0.3167015039015853,1.1948514725857096,True,1.1948514725857096,True,1.1948514725857096,True,1.1948514725857096,True,1.1948514725857096,True,1.1948514725857096,True,1.1948514725857096,True,1.3711386044392824,1.4610710392480812,True,True,0.75,0.6224631317907273,1.1948514725857096,wind_stuck_7_days,2013
1391,LYS_NW,LYS_NE,2013-10-22,0.2935421,1.1,1.1,-0.4456789831644932,0.4456789831644932,0.08427961048366214,0.3628393690719852,0.12438238562384875,0.13442058390424827,0.017561511013689256,0.4456789831644932,1.321478737358074,0.3167015039015853,0.6543210168355069,True,0.6543210168355069,True,0.6543210168355069,True,0.6543210168355069,True,0.6543210168355069,True,0.6543210168355069,True,0.6543210168355069,True,0.7657407626266302,0.6543210168355069,True,True,0.75,1.0,0.6543210168355069,wind_stuck_7_days,2013
1392,LYS_NW,LYS_NE,2013-10-23,0.4672795,1.2,1.2,-0.576471672360698,0.576471672360698,0.10455210168989205,0.3257414892515414,0.12438238562384875,0.13442058390424827,0.03664172552183452,0.576471672360698,1.321478737358074,0.3167015039015853,0.623528327639302,True,0.623528327639302,True,0.623528327639302,True,0.623528327639302,True,0.623528327639302,True,0.623528327639302,True,0.623528327639302,True,0.7676462457294765,0.7723495110297449,True,True,0.75,0.7418412898226061,0.623528327639302,wind_stuck_7_days,2013
1446,LYS_SE,LYS_NE,2013-05-23,2.66482395,1.5,1.5,0.0922819909210681,0.0922819909210681,0.1594189753664861,0.4078564853357605,0.01917387183027085,0.024106766037544296,-0.04580453322962536,0.09228199092106815,1.321478737358074,0.3167015039015853,1.5922819909210681,True,1.5922819909210681,True,1.5922819909210681,True,1.5922819909210681,True,1.5922819909210681,True,1.5922819909210681,True,1.5,False,1.569211493190801,1.5922819909210681,True,True,0.75,1.0,1.5922819909210681,wind_stuck_7_days,2013
1447,LYS_SE,LYS_NE,2013-05-31,3.96991968,2.7,2.7,0.3110883070745575,0.3110883070745575,0.16466204723019806,0.6424361703322019,0.07310322602290513,0.07722566866500692,-0.04580453322962536,0.3110883070745575,1.321478737358074,0.3167015039015853,3.0110883070745578,True,3.0110883070745578,True,3.0110883070745578,True,3.0110883070745578,True,3.0110883070745578,True,3.0110883070745578,True,2.7,False,2.9333162303059184,3.0110883070745578,True,True,0.75,1.0,3.0110883070745578,wind_stuck_7_days,2013
1448,LYS_SE,LYS_NE,2013-06-01,4.836291,2.8,2.8,0.07561131375052701,0.07561131375052701,0.27247283835778274,0.6414175925016019,0.018969002467169833,0.023138464112269344,-0.04580453322962536,0.07561131375052699,1.321478737358074,0.3167015039015853,2.875611313750527,True,2.875611313750527,True,2.875611313750527,True,2.875611313750527,True,2.875611313750527,True,2.875611313750527,True,2.8,False,2.856708485312895,2.875611313750527,True,True,0.75,1.0,2.875611313750527,wind_stuck_7_days,2013
1449,LYS_SE,LYS_NE,2013-06-08,7.39311,4.1,4.1,-0.08341871302789802,0.08341871302789802,0.2678912310659921,0.6371296850971808,0.021275849469211544,0.031237538561169124,-0.04580453322962536,-0.08341871302789805,1.321478737358074,0.3167015039015853,4.016581286972102,True,4.016581286972102,True,4.016581286972102,True,4.016581286972102,True,4.016581286972102,True,4.016581286972102,True,4.1,False,4.0374359652290766,4.016581286972102,True,True,0.75,1.0,4.016581286972102,wind_stuck_7_days,2013
1450,LYS_SE,LYS_NE,2013-06-24,4.279068,3.9,3.9,-0.32047559128092445,0.32047559128092445,0.30242988782669533,0.894755225945594,-0.02595276578964693,-0.11483426061321171,-0.09523228540516696,-0.3204755912809245,1.321478737358074,0.3167015039015853,3.5795244087190756,True,3.5795244087190756,True,3.5795244087190756,True,3.9,False,3.9,False,3.9,False,3.9,False,3.659643306539307,3.9,True,False,0.75,0.0,3.860721010091781,wind_stuck_7_days,2013
1451,LYS_SE,LYS_NE,2013-06-25,4.9126468,4.8,4.8,-0.24637819402047528,0.24637819402047528,0.24550759446185053,1.2099144717972465,-0.061890442659750224,-0.030936650707793473,-0.09523228540516696,-0.24637819402047528,1.321478737358074,0.3167015039015853,4.553621805979525,True,4.553621805979525,True,4.8,False,4.8,False,4.8,False,4.8,False,4.8,False,4.615216354484644,4.8,True,False,0.75,0.0,4.9574611672726245,wind_stuck_7_days,2013
1452,LYS_SE,LYS_NE,2013-07-10,8.20381881,6.4,6.4,-0.752439192279579,0.752439192279579,0.18347744193288987,0.489446963394753,0.09450353981042738,0.1180225735151283,-0.04601244492733928,-0.7524391922795788,1.321478737358074,0.3167015039015853,5.647560807720422,True,5.647560807720422,True,5.647560807720422,True,5.647560807720422,True,5.647560807720422,True,5.647560807720422,True,6.4,False,5.835670605790316,5.901747778448122,True,True,0.75,0.6621827074721885,5.647560807720422,wind_stuck_7_days,2013
1453,LYS_SE,LYS_NE,2013-07-11,7.98149542,6.5,6.5,-0.5018559192764844,0.5018559192764844,0.1614498493632265,0.4792232648907076,0.09203152293519389,0.09395413893882505,-0.04580453322962536,-0.5018559192764844,1.321478737358074,0.3167015039015853,5.998144080723516,True,5.998144080723516,True,5.998144080723516,True,5.998144080723516,True,5.998144080723516,True,5.998144080723516,True,6.5,False,6.123608060542637,5.998144080723516,True,True,0.75,1.0,5.998144080723516,wind_stuck_7_days,2013
1454,LYS_SE,LYS_NE,2013-07-26,6.967395,6.4,6.4,0.2994026216872625,0.2994026216872625,0.1599080160005708,0.4942461693821433,0.015509264862610188,0.025130540952682662,-0.04580453322962536,0.2994026216872625,1.321478737358074,0.3167015039015853,6.699402621687263,True,6.699402621687263,True,6.699402621687263,True,6.699402621687263,True,6.699402621687263,True,6.699402621687263,True,6.4,False,6.6245519662654475,6.699402621687263,True,True,0.75,1.0,6.699402621687263,wind_stuck_7_days,2013
1455,LYS_SE,LYS_NE,2013-07-27,7.580256,6.3,6.3,0.46135058942772,0.46135058942772,0.16183786377854115,0.44372146533121837,0.07222823644134635,0.07789144250826317,0.010261777178538899,0.46135058942772,1.321478737358074,0.3167015039015853,6.76135058942772,True,6.76135058942772,True,6.76135058942772,True,6.76135058942772,True,6.76135058942772,True,6.76135058942772,True,6.76135058942772,True,6.64601294207079,6.734919264042616,True,True,0.75,0.9427088075949118,6.76135058942772,wind_stuck_7_days,2013
1456,LYS_SE,LYS_NE,2013-08-03,8.231895,6.9,6.9,0.694040820495698,0.694040820495698,0.2534618595993884,0.5236347003964827,0.029166546019551327,0.11998372370914503,0.010999672280635989,0.694040820495698,1.321478737358074,0.3167015039015853,7.594040820495699,True,7.594040820495699,True,7.594040820495699,True,7.594040820495699,True,7.594040820495699,True,7.594040820495699,True,7.594040820495699,True,7.420530615371774,7.585396187266799,True,True,0.75,0.9875444887770073,7.594040820495699,wind_stuck_7_days,2013
1457,LYS_SE,LYS_NE,2013-08-04,8.904609,6.5,6.5,-0.09283135992506471,0.09283135992506471,0.20257900220813846,0.5901977213068473,0.011760634917634514,0.020206498115575018,-0.04580453322962536,-0.09283135992506475,1.321478737358074,0.3167015039015853,6.407168640074936,True,6.407168640074936,True,6.407168640074936,True,6.407168640074936,True,6.407168640074936,True,6.407168640074936,True,6.5,False,6.430376480056202,6.407168640074936,True,True,0.75,1.0,6.407168640074936,wind_stuck_7_days,2013
1458,LYS_SE,LYS_NE,2013-08-19,7.560867,6.4,6.4,0.38796010971413086,0.38796010971413086,0.19252363174749137,0.4962972641117093,0.04696335406863424,0.06682496515941688,0.010261777178538899,0.38796010971413086,1.321478737358074,0.3167015039015853,6.787960109714131,True,6.787960109714131,True,6.787960109714131,True,6.787960109714131,True,6.787960109714131,True,6.787960109714131,True,6.787960109714131,True,6.690970082285599,6.787960109714131,True,True,0.75,1.0,6.787960109714131,wind_stuck_7_days,2013
1459,LYS_SE,LYS_NE,2013-08-20,7.4184,6.5,6.5,0.38631655776646434,0.38631655776646434,0.21897929973534142,0.43489580411073414,0.051447491026700244,0.07011635022437919,0.010261777178538899,0.38631655776646434,1.321478737358074,0.3167015039015853,6.886316557766464,True,6.886316557766464,True,6.886316557766464,True,6.886316557766464,True,6.886316557766464,True,6.886316557766464,True,6.886316557766464,True,6.789737418324848,6.886316557766464,True,True,0.75,1.0,6.886316557766464,wind_stuck_7_days,2013
1460,LYS_SE,LYS_NE,2013-08-27,5.9005785,6.4,6.4,0.6485996789844248,0.6485996789844248,0.2537966939367436,0.5019581417021644,0.09405176482356083,0.09284708012305186,0.010999672280635989,-0.6485996789844248,1.321478737358074,0.3167015039015853,7.048599678984425,True,7.048599678984425,True,7.048599678984425,True,7.048599678984425,True,7.048599678984425,True,7.048599678984425,True,7.048599678984425,True,6.886449759238319,6.986851494229922,True,True,0.75,0.9047976945483709,7.048599678984425,wind_stuck_7_days,2013
1461,LYS_SE,LYS_NE,2013-08-28,5.844519,6.8,6.8,0.9490386646182951,0.9490386646182951,0.21741308220922817,0.6395832587148377,-0.07740809334232536,-0.03853185107459764,-0.105892176105329,-0.9490386646182951,1.321478737358074,0.3167015039015853,7.749038664618295,True,7.749038664618295,True,7.749038664618295,True,6.8,False,6.8,False,6.8,False,6.8,False,7.511778998463721,7.214065997040681,True,True,0.75,0.4363004506325555,7.749038664618295,wind_stuck_7_days,2013
1462,LYS_SE,LYS_NE,2013-09-04,4.65362433,5.6,5.6,0.3105548043708629,0.3105548043708629,0.15232169387027855,0.5162941077870538,0.04130899914338488,0.04654109961161608,0.010261777178538899,-0.310554804370863,1.321478737358074,0.3167015039015853,5.910554804370863,True,5.910554804370863,True,5.910554804370863,True,5.910554804370863,True,5.910554804370863,True,5.910554804370863,True,5.910554804370863,True,5.832916103278147,5.897663845037503,True,True,0.75,0.9584905493267935,5.910554804370863,wind_stuck_7_days,2013
1463,LYS_SE,LYS_NE,2013-09-05,5.1848715,5.5,5.5,0.21781593897860682,0.21781593897860682,0.14036911752426362,0.50403862714601,0.005365187226993121,0.004392307241403947,0.017561511013689256,-0.21781593897860685,1.321478737358074,0.3167015039015853,5.717815938978607,True,5.717815938978607,True,5.717815938978607,True,5.717815938978607,True,5.717815938978607,True,5.717815938978607,True,5.717815938978607,True,5.663361954233955,5.67635115871995,True,True,0.75,0.8096338566723137,5.717815938978607,wind_stuck_7_days,2013
1464,LYS_SE,LYS_NE,2013-09-21,1.872303,3.3,3.3,-0.47863772786633,0.47863772786633,0.11189232556286866,0.4217474738131936,0.12338442715851423,0.13080259272778685,0.017561511013689256,0.4786377278663301,1.321478737358074,0.3167015039015853,2.82136227213367,True,2.82136227213367,True,2.82136227213367,True,2.82136227213367,True,2.82136227213367,True,2.82136227213367,True,2.82136227213367,True,2.9410217041002524,2.837235923103633,True,True,0.75,0.9668357715119438,2.82136227213367,wind_stuck_7_days,2013
1465,LYS_SE,LYS_NE,2013-09-28,1.408653,2.9,2.9,-0.44785001728459506,0.44785001728459506,0.12580424322393777,0.4731067750769079,0.13336003693719048,0.13442058390424827,0.017561511013689256,0.44785001728459517,1.321478737358074,0.3167015039015853,2.452149982715405,True,2.452149982715405,True,2.452149982715405,True,2.452149982715405,True,2.452149982715405,True,2.452149982715405,True,2.452149982715405,True,2.5641124870365535,2.452149982715405,True,True,0.75,1.0,2.452149982715405,wind_stuck_7_days,2013
1466,LYS_SE,LYS_NE,2013-09-29,1.1789355,2.6,2.6,-0.8983419753182906,0.8983419753182906,0.19256478221579268,0.43376926157743245,0.12585644403374768,0.13600634138218398,0.03664172552183452,0.8983419753182906,1.321478737358074,0.3167015039015853,1.7016580246817095,True,1.7016580246817095,True,1.7016580246817095,True,1.7016580246817095,True,1.7016580246817095,True,1.7016580246817095,True,1.7016580246817095,True,1.926243518511282,2.2184427302531473,True,True,0.75,0.42473498982574365,1.7016580246817095,wind_stuck_7_days,2013
1467,LYS_SE,LYS_NE,2013-10-06,0.585885,2.7,2.7,-1.0621163216019607,1.0621163216019607,0.1175125532084058,0.441742432971539,0.1867479413979289,0.16501328975238858,0.03645999228476603,1.0621163216019607,1.321478737358074,0.3167015039015853,1.6378836783980395,True,1.6378836783980395,True,1.6378836783980395,True,1.6378836783980395,True,1.6378836783980395,True,1.6378836783980395,True,1.6378836783980395,True,1.9034127587985297,2.1245768706079438,True,True,0.75,0.5417703482083408,1.6378836783980395,wind_stuck_7_days,2013
1468,LYS_SE,LYS_NE,2013-10-07,0.5804055,2.0,2.0,-0.7644017127035176,0.7644017127035176,0.10983554543062261,0.45933691950867034,0.13583205381242394,0.1396243325586454,0.019907886729137483,0.7644017127035176,1.321478737358074,0.3167015039015853,1.2355982872964824,True,1.2355982872964824,True,1.2355982872964824,True,1.2355982872964824,True,1.2355982872964824,True,1.2355982872964824,True,1.2355982872964824,True,1.4266987154723618,1.552534464327349,True,True,0.75,0.585380079919059,1.2355982872964824,wind_stuck_7_days,2013
1469,LYS_SE,LYS_NE,2013-10-15,0.574083,1.8,1.8,-0.49287098039522065,0.49287098039522065,0.1270278367762427,0.3483344757751695,0.12417751626074773,0.13442058390424827,0.0008276722209922128,0.4928709803952207,1.321478737358074,0.3167015039015853,1.3071290196047793,True,1.3071290196047793,True,1.3071290196047793,True,1.3071290196047793,True,1.3071290196047793,True,1.3071290196047793,True,1.3071290196047793,True,1.4303467647035846,1.3461597075507497,True,True,0.75,0.9208095231846017,1.3071290196047793,wind_stuck_7_days,2013
1470,LYS_SE,LYS_NE,2013-10-22,0.3539757,2.1,2.1,-0.8835093827705709,0.8835093827705709,0.1365701399610512,0.3650371648143911,0.0962614443150955,0.1396243325586454,0.03664172552183452,0.8835093827705709,1.321478737358074,0.3167015039015853,1.2164906172294292,True,1.2164906172294292,True,1.2164906172294292,True,1.2164906172294292,True,1.2164906172294292,True,1.2164906172294292,True,1.2164906172294292,True,1.437367962922072,1.7314178337434907,True,True,0.75,0.4171796852917211,1.2164906172294292,wind_stuck_7_days,2013
1471,LYS_SE,LYS_NE,2013-10-23,0.344787,1.9,1.9,-0.8570322919563205,0.8570322919563205,0.12642480147158813,0.43692560791071366,0.12705903679306385,0.1396243325586454,0.03664172552183452,0.8570322919563205,1.321478737358074,0.3167015039015853,1.0429677080436794,True,1.0429677080436794,True,1.0429677080436794,True,1.0429677080436794,True,1.0429677080436794,True,1.0429677080436794,True,1.0429677080436794,True,1.2572257810327596,1.4915350581823725,True,True,0.75,0.47660391055421875,1.0429677080436794,wind_stuck_7_days,2013
1524,LYS_SW,LYS_NE,2013-06-24,7.47614025,4.9,4.9,-0.8296585099918751,0.8296585099918751,0.3694504892986508,0.9943632485982749,-0.4280746902755033,-0.43388005258291423,-0.1034004711488612,-0.8296585099918752,1.321478737358074,0.3167015039015853,4.070341490008126,True,4.9,False,4.9,False,4.9,False,4.9,False,4.9,False,4.9,False,4.277756117506094,4.9,True,False,0.75,0.0,4.360039409181288,wind_stuck_7_days,2013
1525,LYS_SW,LYS_NE,2013-06-25,9.472824,5.4,5.4,-0.5930710337379745,0.5930710337379745,0.2422105942008752,1.3590460164924396,-0.1870717908324813,-0.17831057211003631,-0.09544019710288087,-0.5930710337379743,1.321478737358074,0.3167015039015853,4.806928966262026,True,4.806928966262026,True,5.4,False,5.4,False,5.4,False,5.4,False,5.4,False,4.95519672469652,5.4,True,False,0.75,0.0,5.256278998059848,wind_stuck_7_days,2013
1526,LYS_SW,LYS_NE,2013-07-10,10.3191795,7.4,7.4,-0.08770838085037128,0.08770838085037128,0.21005849069261584,0.4962658387242172,0.07198752353090296,0.12493543790901865,-0.04580453322962536,-0.08770838085037136,1.321478737358074,0.3167015039015853,7.312291619149629,True,7.312291619149629,True,7.312291619149629,True,7.312291619149629,True,7.312291619149629,True,7.312291619149629,True,7.4,False,7.334218714362222,7.312291619149629,True,True,0.75,1.0,7.312291619149629,wind_stuck_7_days,2013
1527,LYS_SW,LYS_NE,2013-07-11,11.531097,7.4,7.4,0.11331690025601145,0.11331690025601145,0.22775211462088613,0.4807264873080069,0.06968067652886124,0.12493543790901865,-0.04580453322962536,0.11331690025601127,1.321478737358074,0.3167015039015853,7.513316900256012,True,7.513316900256012,True,7.513316900256012,True,7.513316900256012,True,7.513316900256012,True,7.513316900256012,True,7.4,False,7.484987675192009,7.513316900256012,True,True,0.75,1.0,7.513316900256012,wind_stuck_7_days,2013
1528,LYS_SW,LYS_NE,2013-07-26,7.6648815,5.8,5.8,0.015388583400192718,0.015388583400192718,0.19327868696407585,0.6165921501892891,0.009849324185059165,0.010454609155183443,-0.04580453322962536,0.015388583400192779,1.321478737358074,0.3167015039015853,5.815388583400193,True,5.815388583400193,True,5.815388583400193,True,5.815388583400193,True,5.815388583400193,True,5.815388583400193,True,5.8,False,5.811541437550145,5.815388583400193,True,True,0.75,1.0,5.815388583400193,wind_stuck_7_days,2013
1529,LYS_SW,LYS_NE,2013-07-27,8.8807725,6.2,6.2,0.3913673431132708,0.3913673431132708,0.15510878185009933,0.45013648171813936,0.047358890338100604,0.05707307619902533,0.010261777178538899,0.3913673431132709,1.321478737358074,0.3167015039015853,6.591367343113271,True,6.591367343113271,True,6.591367343113271,True,6.591367343113271,True,6.591367343113271,True,6.591367343113271,True,6.591367343113271,True,6.493525507334954,6.4200124823710105,True,True,0.75,0.5621636200425981,6.591367343113271,wind_stuck_7_days,2013
1530,LYS_SW,LYS_NE,2013-08-03,9.8503065,7.0,7.0,0.7577629325661135,0.7577629325661135,0.2666751564424873,0.5430748842215986,-0.01529704986732612,0.07393527859279242,0.010999672280635989,0.7577629325661137,1.321478737358074,0.3167015039015853,7.757762932566114,True,7.757762932566114,True,7.757762932566114,True,7.0,False,7.0,False,7.757762932566114,True,7.757762932566114,True,7.5683221994245855,7.757762932566114,True,True,0.75,1.0,7.757762932566114,wind_stuck_7_days,2013
1531,LYS_SW,LYS_NE,2013-08-04,9.9695115,6.4,6.4,-0.15915311585610803,0.15915311585610803,0.20469930256682584,0.5871567891435022,0.011760634917634514,0.020206498115575018,-0.04580453322962536,-0.15915311585610814,1.321478737358074,0.3167015039015853,6.240846884143893,True,6.240846884143893,True,6.240846884143893,True,6.240846884143893,True,6.240846884143893,True,6.240846884143893,True,6.4,False,6.280635163107919,6.240846884143893,True,True,0.75,1.0,6.240846884143893,wind_stuck_7_days,2013
1532,LYS_SW,LYS_NE,2013-08-19,8.495343,6.3,6.3,0.3223815858165695,0.3223815858165695,0.18460198610494677,0.4902867363546086,0.04130899914338488,0.04940083741777241,0.010261777178538899,0.3223815858165695,1.321478737358074,0.3167015039015853,6.622381585816569,True,6.622381585816569,True,6.622381585816569,True,6.622381585816569,True,6.622381585816569,True,6.622381585816569,True,6.622381585816569,True,6.541786189362427,6.525010308513674,True,True,0.75,0.6979626579593234,6.622381585816569,wind_stuck_7_days,2013
1533,LYS_SW,LYS_NE,2013-08-20,7.9191855,6.6,6.6,0.4515515894359571,0.4515515894359571,0.22951234847912888,0.4382283132192587,0.11094795441876136,0.12489272496972399,0.010261777178538899,0.4515515894359571,1.321478737358074,0.3167015039015853,7.051551589435957,True,7.051551589435957,True,7.051551589435957,True,7.051551589435957,True,7.051551589435957,True,7.051551589435957,True,7.051551589435957,True,6.938663692076967,7.051551589435957,True,True,0.75,1.0,7.051551589435957,wind_stuck_7_days,2013
1534,LYS_SW,LYS_NE,2013-08-27,3.711249,5.6,5.6,0.19281786178208768,0.19281786178208768,0.23153442029676338,0.5514558502957898,0.005365187226993121,0.004392307241403947,0.017561511013689256,-0.1928178617820877,1.321478737358074,0.3167015039015853,5.792817861782087,True,5.792817861782087,True,5.792817861782087,True,5.792817861782087,True,5.792817861782087,True,5.792817861782087,True,5.792817861782087,True,5.7446133963365655,5.792734817982173,True,True,0.75,0.9995693147971534,5.792817861782087,wind_stuck_7_days,2013
1535,LYS_SW,LYS_NE,2013-08-28,4.60926,5.5,5.5,0.25002713799751775,0.25002713799751775,0.18787221682435024,0.6832828236079002,0.011420664174010517,0.00931635007851158,0.017561511013689256,-0.25002713799751763,1.321478737358074,0.3167015039015853,5.750027137997518,True,5.750027137997518,True,5.750027137997518,True,5.750027137997518,True,5.750027137997518,True,5.750027137997518,True,5.750027137997518,True,5.6875203534981384,5.750027137997518,True,True,0.75,1.0,5.750027137997518,wind_stuck_7_days,2013
1536,LYS_SW,LYS_NE,2013-09-04,3.2304555,4.6,4.6,-0.16926055758223985,0.16926055758223985,0.14355005727014622,0.3522001722231992,0.009665596333016007,0.002749376916913388,0.017561511013689256,0.1692605575822399,1.321478737358074,0.3167015039015853,4.43073944241776,True,4.43073944241776,True,4.43073944241776,True,4.43073944241776,True,4.43073944241776,True,4.43073944241776,True,4.43073944241776,True,4.47305458181332,4.43073944241776,True,True,0.75,1.0,4.43073944241776,wind_stuck_7_days,2013
1537,LYS_SW,LYS_NE,2013-09-05,3.544362,4.3,4.3,-0.2816678613612785,0.2816678613612785,0.1775238714468223,0.32948401773571917,0.015721073280033398,0.010533157560177359,0.017561511013689256,0.2816678613612785,1.321478737358074,0.3167015039015853,4.018332138638721,True,4.018332138638721,True,4.018332138638721,True,4.018332138638721,True,4.018332138638721,True,4.018332138638721,True,4.018332138638721,True,4.088749103979041,4.024134187427141,True,True,0.75,0.9794010975892712,4.018332138638721,wind_stuck_7_days,2013
1538,LYS_SW,LYS_NE,2013-09-21,1.3311225,2.5,2.5,-0.6047362439806642,0.6047362439806642,0.10155119692419438,0.4119541253911236,0.12338442715851423,0.13080259272778685,0.03664172552183452,0.6047362439806642,1.321478737358074,0.3167015039015853,1.895263756019336,True,1.895263756019336,True,1.895263756019336,True,1.895263756019336,True,1.895263756019336,True,1.895263756019336,True,1.895263756019336,True,2.046447817014502,2.09371261262897,True,True,0.75,0.67184229722474,1.895263756019336,wind_stuck_7_days,2013
1539,LYS_SW,LYS_NE,2013-09-28,1.19205,2.7,2.7,-0.4210787311067083,0.4210787311067083,0.11283715644892865,0.4573313549995455,0.11468172892464573,0.11845965966923352,0.017561511013689256,0.42107873110670835,1.321478737358074,0.3167015039015853,2.278921268893292,True,2.278921268893292,True,2.278921268893292,True,2.278921268893292,True,2.278921268893292,True,2.278921268893292,True,2.278921268893292,True,2.384190951669969,2.3448225048425786,True,True,0.75,0.8434942658441084,2.278921268893292,wind_stuck_7_days,2013
1540,LYS_SW,LYS_NE,2013-10-06,0.6715215,2.4,2.4,-0.9499447247848927,0.9499447247848927,0.1472995836630928,0.4124023238984689,0.12705903679306385,0.1396243325586454,0.03645999228476603,0.9499447247848927,1.321478737358074,0.3167015039015853,1.4500552752151072,True,1.4500552752151072,True,1.4500552752151072,True,1.4500552752151072,True,1.4500552752151072,True,1.4500552752151072,True,1.4500552752151072,True,1.6875414564113305,2.0372398521078727,True,True,0.75,0.3818750064371076,1.4500552752151072,wind_stuck_7_days,2013
1541,LYS_SW,LYS_NE,2013-10-07,0.5284755,1.9,1.9,-0.7051485274142902,0.7051485274142902,0.10668182160014918,0.46112645435463084,0.13583205381242394,0.1396243325586454,0.019907886729137483,0.7051485274142902,1.321478737358074,0.3167015039015853,1.1948514725857096,True,1.1948514725857096,True,1.1948514725857096,True,1.1948514725857096,True,1.1948514725857096,True,1.1948514725857096,True,1.1948514725857096,True,1.3711386044392824,1.4610710392480812,True,True,0.75,0.6224631317907273,1.1948514725857096,wind_stuck_7_days,2013
1542,LYS_SW,LYS_NE,2013-10-15,0.79350795,1.6,1.6,-0.33923354518106047,0.33923354518106047,0.1316852250668757,0.3430503351556614,0.088883076838057,0.09363259258079287,0.0008276722209922128,0.33923354518106047,1.321478737358074,0.3167015039015853,1.2607664548189397,True,1.2607664548189397,True,1.2607664548189397,True,1.2607664548189397,True,1.2607664548189397,True,1.2607664548189397,True,1.2607664548189397,True,1.3455748411142048,1.3226006023083037,True,True,0.75,0.817723959296652,1.2607664548189397,wind_stuck_7_days,2013
1543,LYS_SW,LYS_NE,2013-10-22,0.2935421,0.9,0.9,-0.33846555669369915,0.33846555669369915,0.08601109974915512,0.34961964719135546,0.08908794620115802,0.09363259258079287,0.017561511013689256,0.33846555669369915,1.321478737358074,0.3167015039015853,0.5615344433063009,True,0.5615344433063009,True,0.5615344433063009,True,0.5615344433063009,True,0.5615344433063009,True,0.5615344433063009,True,0.5615344433063009,True,0.6461508324797256,0.623228604894883,True,True,0.75,0.817723959296652,0.5615344433063009,wind_stuck_7_days,2013
1544,LYS_SW,LYS_NE,2013-10-23,0.5292613,1.2,1.2,-0.576471672360698,0.576471672360698,0.10455210168989205,0.3257414892515414,0.12438238562384875,0.13442058390424827,0.03664172552183452,0.576471672360698,1.321478737358074,0.3167015039015853,0.623528327639302,True,0.623528327639302,True,0.623528327639302,True,0.623528327639302,True,0.623528327639302,True,0.623528327639302,True,0.623528327639302,True,0.7676462457294765,0.7723495110297449,True,True,0.75,0.7418412898226061,0.623528327639302,wind_stuck_7_days,2013
1611,MB_Pch,MB_Pch,2013-01-20,0.9017489,0.8,0.8,-0.15713957209014856,0.15713957209014856,0.23504876838938402,0.48542254534867296,0.016926450365128246,0.013057952574841797,0.0008276722209922128,-0.15713957209014856,1.321478737358074,0.3167015039015853,0.6428604279098515,True,0.6428604279098515,True,0.6428604279098515,True,0.6428604279098515,True,0.6428604279098515,True,0.6428604279098515,True,0.6428604279098515,True,0.6821453209323887,0.6428604279098515,True,True,0.75,1.0,0.6528600814349081,wind_stuck_7_days,2013
1612,MB_Pch,MB_Pch,2013-02-05,0.48195227,0.7,0.7,0.06900508049724055,0.06900508049724055,0.1683870963433157,0.5082168334421506,0.01917387183027085,0.020136245795289196,0.0008276722209922128,-0.06900508049724058,1.321478737358074,0.3167015039015853,0.7690050804972405,True,0.7690050804972405,True,0.7690050804972405,True,0.7690050804972405,True,0.7690050804972405,True,0.7690050804972405,True,0.7690050804972405,True,0.7517538103729303,0.7690050804972405,True,True,0.75,1.0,0.8208863549161958,wind_stuck_7_days,2013
1613,MB_Pch,MB_Pch,2013-04-10,4.24303458,3.9,3.9,-0.6113037769347589,0.6113037769347589,0.2293326230647616,0.4249776411327897,0.1245870199178304,0.13169559996146943,0.03664172552183452,-0.6113037769347589,1.321478737358074,0.3167015039015853,3.288696223065241,True,3.288696223065241,True,3.288696223065241,True,3.288696223065241,True,3.288696223065241,True,3.288696223065241,True,3.288696223065241,True,3.4415221672989307,3.4969999437488792,True,True,0.75,0.6592467958759738,3.288696223065241,wind_stuck_7_days,2013
1614,MB_Pch,MB_Pch,2013-04-18,4.31477692,3.6,3.6,-0.5451255680741294,0.5451255680741294,0.17734421716033733,0.5285067099471747,0.13834682530967396,0.1312601485190641,0.03664172552183452,-0.5451255680741294,1.321478737358074,0.3167015039015853,3.054874431925871,True,3.054874431925871,True,3.054874431925871,True,3.054874431925871,True,3.054874431925871,True,3.054874431925871,True,3.054874431925871,True,3.191155823944403,3.1514373272782734,True,True,0.75,0.8228611883064868,3.054874431925871,wind_stuck_7_days,2013
1615,MB_Pch,MB_Pch,2013-04-26,5.92546956,4.6,4.6,-0.8716887629578542,0.8716887629578542,0.13966605263266954,0.6694041394448466,0.07438824218953892,0.09280004300554977,0.017353599315975327,-0.871688762957854,1.321478737358074,0.3167015039015853,3.7283112370421456,True,3.7283112370421456,True,3.7283112370421456,True,3.7283112370421456,True,3.7283112370421456,True,3.7283112370421456,True,3.7283112370421456,True,3.9462334277816087,4.201555406705159,True,True,0.75,0.4570950208682516,3.7283112370421456,wind_stuck_7_days,2013
1616,MB_Pch,MB_Pch,2013-05-04,5.89358501,5.0,5.0,-0.4375047415846699,0.4375047415846699,0.19326386740366608,0.6611564479742522,0.07191622531430543,0.06967301374571543,0.017561511013689256,-0.4375047415846698,1.321478737358074,0.3167015039015853,4.56249525841533,True,4.56249525841533,True,4.56249525841533,True,4.56249525841533,True,4.56249525841533,True,4.56249525841533,True,4.56249525841533,True,4.671871443811497,4.56249525841533,True,True,0.75,1.0,4.56249525841533,wind_stuck_7_days,2013
1617,MB_Pch,MB_Pch,2013-05-12,6.89005845,6.6,6.6,-1.1443681794389462,1.1443681794389462,0.45555503850819734,0.9736768095777185,-0.6268355841932376,-0.6552159800536181,-0.22142088612668884,-1.1443681794389462,1.321478737358074,0.3167015039015853,5.455631820561053,True,6.6,False,6.6,False,6.6,False,6.6,False,6.6,False,6.6,False,5.74172386542079,6.433115053698698,True,True,0.75,0.14583151585280987,5.455631820561053,wind_stuck_7_days,2013
1618,MB_Pch,MB_Pch,2013-05-20,7.30421319,5.3,5.3,-1.0506463465319387,1.0506463465319387,0.25828885525396333,0.630008657617133,0.04129185460928472,0.01980152402849603,-0.04619417816440778,-1.0506463465319387,1.321478737358074,0.3167015039015853,4.249353653468061,True,4.249353653468061,True,4.249353653468061,True,4.249353653468061,True,4.249353653468061,True,4.249353653468061,True,5.3,False,4.512015240101046,4.955268445395269,True,True,0.75,0.32811378989956924,4.249353653468061,wind_stuck_7_days,2013
1619,MB_Pch,MB_Pch,2013-05-28,6.00322342,3.7,3.7,0.7128431875792897,0.7128431875792897,0.15076136324350448,0.6696807819336869,0.11417545636997607,0.10016181067588167,0.010999672280635989,0.7128431875792898,1.321478737358074,0.3167015039015853,4.4128431875792895,True,4.4128431875792895,True,4.4128431875792895,True,4.4128431875792895,True,4.4128431875792895,True,4.4128431875792895,True,4.4128431875792895,True,4.234632390684467,4.126485670720074,True,True,0.75,0.5982882044062955,4.4128431875792895,wind_stuck_7_days,2013
1620,MB_Pch,MB_Pch,2013-06-05,7.51846645,6.1,6.1,-0.8288752674086185,0.8288752674086185,0.26190800786529594,0.6684968618213686,0.07887237914760493,0.08093906431389201,-0.04601244492733928,-0.8288752674086184,1.321478737358074,0.3167015039015853,5.271124732591381,True,5.271124732591381,True,5.271124732591381,True,5.271124732591381,True,5.271124732591381,True,5.271124732591381,True,6.1,False,5.478343549443536,5.770817469043822,True,True,0.75,0.3971436281182915,5.271124732591381,wind_stuck_7_days,2013
1621,MB_Pch,MB_Pch,2013-06-13,8.14280189,6.5,6.5,-0.8198426916472583,0.8198426916472583,0.20077537095139553,0.6563172520955481,0.10013987767387325,0.13470606181147762,-0.04601244492733928,-0.8198426916472581,1.321478737358074,0.3167015039015853,5.680157308352742,True,5.680157308352742,True,5.680157308352742,True,5.680157308352742,True,5.680157308352742,True,5.680157308352742,True,6.5,False,5.885117981264556,5.986788263493375,True,True,0.75,0.6259880605576424,5.680157308352742,wind_stuck_7_days,2013
1622,MB_Pch,MB_Pch,2013-06-21,7.09755347,6.2,6.2,-0.4499707531754155,0.4499707531754155,0.2665896418873659,0.5151076800497316,0.09242705920466024,0.08420224997843348,-0.04580453322962536,-0.44997075317541557,1.321478737358074,0.3167015039015853,5.750029246824584,True,5.750029246824584,True,5.750029246824584,True,5.750029246824584,True,5.750029246824584,True,5.750029246824584,True,6.2,False,5.862521935118439,5.756243772762867,True,True,0.75,0.986189044744739,5.750029246824584,wind_stuck_7_days,2013
1623,MB_Pch,MB_Pch,2013-06-29,9.41380198,6.9,6.9,0.1609483251156499,0.1609483251156499,0.36131691006022765,1.0330667769892439,-0.13518698811766128,-0.08959040862444267,-0.09523228540516696,0.16094832511564983,1.321478737358074,0.3167015039015853,7.060948325115651,True,6.9,False,6.9,False,6.9,False,6.9,False,6.9,False,6.9,False,7.020711243836738,6.9,True,False,0.75,0.0,6.726093836662152,wind_stuck_7_days,2013
1624,MB_Pch,MB_Pch,2013-07-07,8.48800686,6.2,6.2,0.769225522599369,0.769225522599369,0.18500288025093248,0.7187463955306377,-0.03780639632328516,-0.06339036872224457,-0.03297948252892758,0.7692255225993692,1.321478737358074,0.3167015039015853,6.969225522599369,True,6.969225522599369,True,6.969225522599369,True,6.2,False,6.2,False,6.2,False,6.2,False,6.776919141949527,6.532912158281836,True,True,0.75,0.4327887576543985,6.969225522599369,wind_stuck_7_days,2013
1625,MB_Pch,MB_Pch,2013-07-15,9.21814281,5.3,5.3,0.027958134547371737,0.027958134547371737,0.12103689255060437,0.4375995526847321,0.009849324185059165,0.007683692306366268,0.017561511013689256,0.027958134547371838,1.321478737358074,0.3167015039015853,5.327958134547371,True,5.327958134547371,True,5.327958134547371,True,5.327958134547371,True,5.327958134547371,True,5.327958134547371,True,5.327958134547371,True,5.320968600910529,5.327958134547371,True,True,0.75,1.0,5.327958134547371,wind_stuck_7_days,2013
1626,MB_Pch,MB_Pch,2013-07-23,8.08286491,6.0,6.0,0.3413042769389195,0.3413042769389195,0.21839850770711863,0.6377718473156978,0.04130899914338488,0.04654109961161608,0.010261777178538899,0.3413042769389194,1.321478737358074,0.3167015039015853,6.34130427693892,True,6.34130427693892,True,6.34130427693892,True,6.34130427693892,True,6.34130427693892,True,6.34130427693892,True,6.34130427693892,True,6.25597820770419,6.279092684663374,True,True,0.75,0.817723959296652,6.34130427693892,wind_stuck_7_days,2013
1627,MB_Pch,MB_Pch,2013-07-31,8.15646224,5.8,5.8,-0.45939796303175323,0.45939796303175323,0.23165693384269193,0.4827755340207974,0.0840938634315203,0.08239963505489127,0.017561511013689256,-0.45939796303175306,1.321478737358074,0.3167015039015853,5.340602036968247,True,5.340602036968247,True,5.340602036968247,True,5.340602036968247,True,5.340602036968247,True,5.340602036968247,True,5.340602036968247,True,5.455451527726185,5.340602036968247,True,True,0.75,1.0,5.340602036968247,wind_stuck_7_days,2013
1628,MB_Pch,MB_Pch,2013-08-08,5.82819353,5.2,5.2,-0.6227349274575686,0.6227349274575686,0.3122442393105013,0.4600276189777457,0.06476732225664032,0.04790075429783796,0.017353599315975327,-0.6227349274575686,1.321478737358074,0.3167015039015853,4.577265072542431,True,4.577265072542431,True,4.577265072542431,True,4.577265072542431,True,4.577265072542431,True,4.577265072542431,True,4.577265072542431,True,4.732948804406823,4.727010173162493,True,True,0.75,0.7595363709059582,4.577265072542431,wind_stuck_7_days,2013
1629,MB_Pch,MB_Pch,2013-08-16,5.24765546,5.3,5.3,-0.5911679846190728,0.5911679846190728,0.10998380506041244,0.5564150570500418,0.0840938634315203,0.10595357031530199,-0.04601244492733928,-0.48647890461907284,1.321478737358074,0.3167015039015853,4.708832015380927,True,4.708832015380927,True,4.708832015380927,True,4.708832015380927,True,4.708832015380927,True,4.708832015380927,True,5.3,False,4.856624011535695,4.898814821284489,True,True,0.75,0.6786314366702724,4.708832015380927,wind_stuck_7_days,2013
1630,MB_Pch,MB_Pch,2013-08-24,5.02249637,4.6,4.6,-0.8960319852654702,0.8960319852654702,0.17566151457892246,0.37003888990518674,0.039488393162236984,0.07988982875096524,0.017353599315975327,-0.8960319852654703,1.321478737358074,0.3167015039015853,3.7039680147345293,True,3.7039680147345293,True,3.7039680147345293,True,3.7039680147345293,True,3.7039680147345293,True,3.7039680147345293,True,3.7039680147345293,True,3.927976011050897,4.214858964147483,True,True,0.75,0.42982956209806417,3.7039680147345293,wind_stuck_7_days,2013
1631,MB_Pch,MB_Pch,2013-09-01,6.0740407,5.6,5.6,0.3356317391327363,0.3356317391327363,0.2323268838133466,0.7317384925371269,0.06224186590253433,0.05208335891742241,0.010261777178538899,0.3356317391327363,1.321478737358074,0.3167015039015853,5.935631739132736,True,5.935631739132736,True,5.935631739132736,True,5.935631739132736,True,5.935631739132736,True,5.935631739132736,True,5.935631739132736,True,5.851723804349552,5.874454114589242,True,True,0.75,0.817723959296652,5.935631739132736,wind_stuck_7_days,2013
1632,MB_Pch,MB_Pch,2013-09-09,5.0764444,4.7,4.7,-0.08468342641545389,0.08468342641545389,0.18485550360071737,0.6236375160974443,0.007672034229034829,0.004392307241403947,0.017561511013689256,-0.0846834264154539,1.321478737358074,0.3167015039015853,4.615316573584546,True,4.615316573584546,True,4.615316573584546,True,4.615316573584546,True,4.615316573584546,True,4.615316573584546,True,4.615316573584546,True,4.63648743018841,4.615316573584546,True,True,0.75,1.0,4.615316573584546,wind_stuck_7_days,2013
1633,MB_Pch,MB_Pch,2013-09-17,4.83843367,4.0,4.0,-0.5187337460856141,0.5187337460856141,0.18642435534523627,0.35645668737829245,0.1125990107866719,0.11980718057854872,0.011189443256399999,-0.5187337460856141,1.321478737358074,0.3167015039015853,3.481266253914386,True,3.481266253914386,True,3.481266253914386,True,3.481266253914386,True,3.481266253914386,True,3.481266253914386,True,3.481266253914386,True,3.6109496904357896,3.571962736754802,True,True,0.75,0.8251579282728077,3.481266253914386,wind_stuck_7_days,2013
1634,MB_Pch,MB_Pch,2013-09-25,4.86297884,3.6,3.6,-0.22411982282491785,0.22411982282491785,0.15535712900388227,0.37392928592853897,0.03541644296220624,0.03711442623576915,0.017561511013689256,-0.22411982282491794,1.321478737358074,0.3167015039015853,3.375880177175082,True,3.375880177175082,True,3.375880177175082,True,3.375880177175082,True,3.375880177175082,True,3.375880177175082,True,3.375880177175082,True,3.4319101328813115,3.4243308042933487,True,True,0.75,0.7838181981960772,3.375880177175082,wind_stuck_7_days,2013
1635,MB_Pch,MB_Pch,2013-10-03,4.13988198,3.2,3.2,-0.7368301521354492,0.7368301521354492,0.10769838006527097,0.44615893589645184,0.12585644403374768,0.13600634138218398,0.03664172552183452,-0.7368301521354492,1.321478737358074,0.3167015039015853,2.4631698478645507,True,2.4631698478645507,True,2.4631698478645507,True,2.4631698478645507,True,2.4631698478645507,True,2.4631698478645507,True,2.4631698478645507,True,2.6473773858984133,2.751935388001971,True,True,0.75,0.6080975523320644,2.4631698478645507,wind_stuck_7_days,2013
1636,MB_Pch,MB_Pch,2013-10-11,3.24807337,2.7,2.7,-0.8321260451801846,0.8321260451801846,0.21031056358503405,0.7009553797000313,0.16861756989821036,0.1396243325586454,0.04293286227510228,-0.8321260451801846,1.321478737358074,0.3167015039015853,1.8678739548198156,True,1.8678739548198156,True,1.8678739548198156,True,1.8678739548198156,True,1.8678739548198156,True,1.8678739548198156,True,1.8678739548198156,True,2.075905466114862,2.180645802134673,True,True,0.75,0.6241292420463401,1.9504621858186606,wind_stuck_7_days,2013
1637,MB_Pch,MB_Pch,2013-10-19,3.17147782,2.4,2.4,-0.7697309909592044,0.7697309909592044,0.143192794558084,0.3956906791247451,0.0962614443150955,0.1396243325586454,0.019907886729137483,-0.7697309909592045,1.321478737358074,0.3167015039015853,1.6302690090407954,True,1.6302690090407954,True,1.6302690090407954,True,1.6302690090407954,True,1.6302690090407954,True,1.6302690090407954,True,1.6302690090407954,True,1.8227017567805968,2.0246172800374174,True,True,0.75,0.48768040311693484,1.6302690090407954,wind_stuck_7_days,2013
1638,MB_Pch,MB_Pch,2013-10-27,3.12215813,2.2,2.2,-0.7248690665484903,0.7248690665484903,0.11298845427707421,0.5960024875320993,0.14081884218490742,0.1396243325586454,0.04293286227510228,-0.7248690665484903,1.321478737358074,0.3167015039015853,1.47513093345151,True,1.47513093345151,True,1.47513093345151,True,1.47513093345151,True,1.47513093345151,True,1.47513093345151,True,1.47513093345151,True,1.6563482000886325,1.6816424805663048,True,True,0.75,0.7151050353160845,1.47513093345151,wind_stuck_7_days,2013
1639,MB_Pch,MB_Pch,2013-11-04,1.85094127,1.7,1.7,-0.5536952319361721,0.5536952319361721,0.11817131045914046,0.3660232896849447,0.12417751626074773,0.13442058390424827,0.019907886729137483,-0.5536952319361721,1.321478737358074,0.3167015039015853,1.1463047680638279,True,1.1463047680638279,True,1.1463047680638279,True,1.1463047680638279,True,1.1463047680638279,True,1.1463047680638279,True,1.1463047680638279,True,1.2847285760478708,1.2578369293325102,True,True,0.75,0.7985675966927246,1.1463047680638279,wind_stuck_7_days,2013
1640,MB_Pch,MB_Pch,2013-11-20,0.67037187,0.7,0.7,0.06833731152860603,0.06833731152860603,0.09494939673030484,0.42916013368632744,0.016926450365128246,0.013057952574841797,0.0008276722209922128,-0.06833731152860603,1.321478737358074,0.3167015039015853,0.768337311528606,True,0.768337311528606,True,0.768337311528606,True,0.768337311528606,True,0.768337311528606,True,0.768337311528606,True,0.768337311528606,True,0.7512529836464544,0.768337311528606,True,True,0.75,1.0,0.768337311528606,wind_stuck_7_days,2013
1641,MB_Pch,MB_Pch,2013-12-06,0.40371852,0.5,0.5,-0.11056440188601355,0.11056440188601355,0.14077198985656397,0.5043596119873058,0.016926450365128246,0.013057952574841797,0.0008276722209922128,0.0819985581139864,1.321478737358074,0.3167015039015853,0.3894355981139864,True,0.3894355981139864,True,0.3894355981139864,True,0.3894355981139864,True,0.3894355981139864,True,0.3894355981139864,True,0.3894355981139864,True,0.41707669858548985,0.3894355981139864,True,True,0.75,1.0,0.39180242065988674,wind_stuck_7_days,2013
1642,MB_Pch,MB_Pch,2013-12-14,0.2348947,0.6,0.6,-0.11871400502522263,0.11871400502522263,0.15488843930184254,0.3694993405182091,0.016926450365128246,0.013057952574841797,0.0008276722209922128,0.11871400502522261,1.321478737358074,0.3167015039015853,0.48128599497477736,True,0.48128599497477736,True,0.48128599497477736,True,0.48128599497477736,True,0.48128599497477736,True,0.48128599497477736,True,0.48128599497477736,True,0.510964496231083,0.48128599497477736,True,True,0.75,1.0,0.49486650797211296,wind_stuck_7_days,2013
1643,MB_Pch,MB_Pch,2013-12-22,-0.01999756,0.5,0.5,-0.07896588770565251,0.07896588770565251,0.15130553711650535,0.45073056033893544,0.016926450365128246,0.013057952574841797,0.0008276722209922128,0.0789658877056525,1.321478737358074,0.3167015039015853,0.4210341122943475,True,0.4210341122943475,True,0.4210341122943475,True,0.4210341122943475,True,0.4210341122943475,True,0.4210341122943475,True,0.4210341122943475,True,0.44077558422076063,0.4210341122943475,True,True,0.75,1.0,0.44374459232486474,wind_stuck_7_days,2013
1644,MB_Pch,MB_Pch,2013-12-30,0.21234927,0.7,0.7,-0.15055759823969558,0.15055759823969558,0.13309591589650455,0.38726878929296304,0.016926450365128246,0.013057952574841797,0.0008276722209922128,0.1505575982396956,1.321478737358074,0.3167015039015853,0.5494424017603043,True,0.5494424017603043,True,0.5494424017603043,True,0.5494424017603043,True,0.5494424017603043,True,0.5494424017603043,True,0.5494424017603043,True,0.5870818013202282,0.5494424017603043,True,True,0.75,1.0,0.5506143766883568,wind_stuck_7_days,2013
2000,SLM001,SLM001,2013-04-08,4.08583885,3.1,3.1,-0.22830216571326067,0.22830216571326067,0.19074013475491178,0.6607363117173571,0.04620210689811228,0.03239084775277326,0.0008276722209922128,-0.22830216571326067,1.321478737358074,0.3167015039015853,2.8716978342867394,True,2.8716978342867394,True,2.8716978342867394,True,2.8716978342867394,True,2.8716978342867394,True,2.8716978342867394,True,2.8716978342867394,True,2.9287733757150547,2.9315850735257754,True,True,0.75,0.7376843138919148,2.8716978342867394,wind_stuck_7_days,2013
2001,SLM001,SLM001,2013-04-09,3.50503992,3.4,3.4,-0.4797694183268705,0.4797694183268705,0.1810708974199323,0.5188756305560952,0.11608959536983957,0.11980718057854872,0.017561511013689256,-0.4797694183268705,1.321478737358074,0.3167015039015853,2.9202305816731293,True,2.9202305816731293,True,2.9202305816731293,True,2.9202305816731293,True,2.9202305816731293,True,2.9202305816731293,True,2.9202305816731293,True,3.040172936254847,2.9361417642841037,True,True,0.75,0.9668357715119438,2.9202305816731293,wind_stuck_7_days,2013
2002,SLM001,SLM001,2013-04-16,2.52891631,3.1,3.1,-0.16972078793153472,0.16972078793153472,0.12867733794947894,0.42967966852496947,0.034213850202890056,0.036656870444491924,0.017561511013689256,0.16972078793153472,1.321478737358074,0.3167015039015853,2.9302792120684655,True,2.9302792120684655,True,2.9302792120684655,True,2.9302792120684655,True,2.9302792120684655,True,2.9302792120684655,True,2.9302792120684655,True,2.9727094090513493,2.9302792120684655,True,True,0.75,1.0,2.9302792120684655,wind_stuck_7_days,2013
2003,SLM001,SLM001,2013-04-17,2.17236908,3.3,3.3,-0.4847545304757692,0.4847545304757692,0.15969265865146262,0.37938185895624976,0.12297492350143156,0.13080259272778685,0.017561511013689256,0.4847545304757692,1.321478737358074,0.3167015039015853,2.8152454695242306,True,2.8152454695242306,True,2.8152454695242306,True,2.8152454695242306,True,2.8152454695242306,True,2.8152454695242306,True,2.8152454695242306,True,2.936434102143173,2.838082792978406,True,True,0.75,0.9528888911429845,2.8152454695242306,wind_stuck_7_days,2013
2004,SLM001,SLM001,2013-04-24,2.68325982,3.9,3.9,-0.5142193322767339,0.5142193322767339,0.1945217614943143,0.5796197733310751,0.11608959536983957,0.11980718057854872,0.034214418802364796,0.5142193322767339,1.321478737358074,0.3167015039015853,3.385780667723266,True,3.385780667723266,True,3.385780667723266,True,3.385780667723266,True,3.385780667723266,True,3.385780667723266,True,3.385780667723266,True,3.5143355007924493,3.4640008113409757,True,True,0.75,0.8478856419664623,3.385780667723266,wind_stuck_7_days,2013
2005,SLM001,SLM001,2013-04-25,2.06475261,3.4,3.4,-0.3781062108943526,0.3781062108943526,0.1269174029361851,0.3541171996721292,0.08932876192491956,0.08699555706949089,0.017561511013689256,0.3781062108943526,1.321478737358074,0.3167015039015853,3.0218937891056474,True,3.0218937891056474,True,3.0218937891056474,True,3.0218937891056474,True,3.0218937891056474,True,3.0218937891056474,True,3.0218937891056474,True,3.1164203418292353,3.1098675842105457,True,True,0.75,0.7673304680798297,3.0218937891056474,wind_stuck_7_days,2013
2006,SLM001,SLM001,2013-05-03,4.43541607,4.6,4.6,-0.6458431946347567,0.6458431946347567,0.1802396413723472,0.5144952885329032,0.08208174334868777,0.08431199864432608,0.017353599315975327,-0.3166753346347566,1.321478737358074,0.3167015039015853,3.954156805365243,True,3.954156805365243,True,3.954156805365243,True,3.954156805365243,True,3.954156805365243,True,3.954156805365243,True,3.954156805365243,True,4.1156176040239325,4.143055823086181,True,True,0.75,0.7075156643436242,3.954156805365243,wind_stuck_7_days,2013
2007,SLM001,SLM001,2013-06-12,5.5482513,4.9,4.9,-1.0664299378643922,1.0664299378643922,0.23058971029617895,0.5678657715485023,-0.02145650370671363,-0.21216785622551224,-0.04619417816440778,-1.0664299378643922,1.321478737358074,0.3167015039015853,3.833570062135608,True,3.833570062135608,True,3.833570062135608,True,4.9,False,4.9,False,4.9,False,4.9,False,4.1001775466017065,4.478051584606703,True,True,0.75,0.3956644505294756,3.833570062135608,wind_stuck_7_days,2013
2008,SLM001,SLM001,2013-06-19,4.92256718,4.9,4.9,-1.3868069080453664,1.3868069080453664,0.32682546199356377,0.4921349395537729,-0.3496651425954839,-0.2617684259095019,0.017171866078906833,-1.3868069080453664,1.321478737358074,0.3167015039015853,3.513193091954634,True,3.513193091954634,True,3.513193091954634,True,4.9,False,4.9,False,4.9,False,3.513193091954634,True,3.8598948189659756,4.613378580312398,True,True,0.75,0.20667723676945088,3.513193091954634,wind_stuck_7_days,2013
2009,SLM001,SLM001,2013-06-20,5.1041624,4.8,4.8,-0.9574658842559716,0.9574658842559716,0.3221013988470677,0.6461603172683957,-0.18014863000801692,-0.07668455259276102,-0.04619417816440778,-0.9574658842559716,1.321478737358074,0.3167015039015853,3.8425341157440283,True,3.8425341157440283,True,3.8425341157440283,True,4.8,False,4.8,False,4.8,False,4.8,False,4.081900586808021,4.41664451686524,True,True,0.75,0.40038552750384176,3.8425341157440283,wind_stuck_7_days,2013
2010,SLM001,SLM001,2013-06-27,6.43215473,5.2,5.2,-0.8727148710176312,0.8727148710176312,0.24596924060489547,0.6419083776410361,0.07887237914760493,0.08760338370928838,0.017353599315975327,-0.8727148710176311,1.321478737358074,0.3167015039015853,4.327285128982369,True,4.327285128982369,True,4.327285128982369,True,4.327285128982369,True,4.327285128982369,True,4.327285128982369,True,4.327285128982369,True,4.5454638467367765,4.78354994654913,True,True,0.75,0.47718913390953005,4.327285128982369,wind_stuck_7_days,2013
2011,SLM001,SLM001,2013-06-28,6.90516721,5.6,5.6,-0.7492120469066446,0.7492120469066446,0.22339525848964475,0.6120719415749241,0.1005354139433396,0.1343894090952996,-0.04601244492733928,-0.7492120469066448,1.321478737358074,0.3167015039015853,4.850787953093355,True,4.850787953093355,True,4.850787953093355,True,4.850787953093355,True,4.850787953093355,True,4.850787953093355,True,5.6,False,5.038090964820016,5.096768437317191,True,True,0.75,0.6716810878316185,4.850787953093355,wind_stuck_7_days,2013
2012,SLM001,SLM001,2013-07-05,5.7526202,4.6,4.6,-1.4606101301955867,1.4606101301955867,0.23685757972007626,0.5856886594820815,-0.10507209329448527,-0.07138338131309666,-0.04619417816440778,-1.4606101301955867,1.321478737358074,0.3167015039015853,3.139389869804413,True,3.139389869804413,True,3.139389869804413,True,4.6,False,4.6,False,4.6,False,4.6,False,3.5045424023533096,4.6,True,False,0.75,0.0,3.139389869804413,wind_stuck_7_days,2013
2013,SLM001,SLM001,2013-07-06,5.17291498,4.7,4.7,-1.520158338203109,1.520158338203109,0.21129878215412615,0.4032460397674928,-0.10618796964323453,-0.14437692524219323,0.017171866078906833,-1.520158338203109,1.321478737358074,0.3167015039015853,3.179841661796891,True,3.179841661796891,True,3.179841661796891,True,4.7,False,4.7,False,4.7,False,3.179841661796891,True,3.5598812463476683,4.331084021869311,True,True,0.75,0.24268260013411713,3.179841661796891,wind_stuck_7_days,2013
2014,SLM001,SLM001,2013-07-13,6.0040595,4.6,4.6,-1.0769722512104531,1.0769722512104531,0.2883711891685212,0.41856365606076257,-0.2816388050849663,-0.29083697245907775,0.017171866078906833,-1.076972251210453,1.321478737358074,0.3167015039015853,3.5230277487895467,True,3.5230277487895467,True,3.5230277487895467,True,4.6,False,4.6,False,4.6,False,3.5230277487895467,True,3.79227081159216,4.176855465488545,True,True,0.75,0.3929019842766286,3.5230277487895467,wind_stuck_7_days,2013
2015,SLM001,SLM001,2013-07-14,5.75287785,4.8,4.8,-0.5220569998625711,0.5220569998625711,0.2558612537861948,0.5806248031176162,0.06046562405844988,0.08517055190370844,-0.04599379604401873,-0.522056999862571,1.321478737358074,0.3167015039015853,4.277943000137428,True,4.277943000137428,True,4.277943000137428,True,4.277943000137428,True,4.277943000137428,True,4.277943000137428,True,4.8,False,4.408457250103071,4.353545952208884,True,True,0.75,0.8551825718430031,4.277943000137428,wind_stuck_7_days,2013
2016,SLM001,SLM001,2013-07-21,6.26834298,5.1,5.1,-0.0074519437267681786,0.0074519437267681786,0.26449606754786453,0.635759387793272,0.010516913864943744,0.013872879880610277,-0.04580453322962536,-0.007451943726768162,1.321478737358074,0.3167015039015853,5.092548056273231,True,5.092548056273231,True,5.092548056273231,True,5.092548056273231,True,5.092548056273231,True,5.092548056273231,True,5.1,False,5.094411042204923,5.092548056273231,True,True,0.75,1.0,5.092548056273231,wind_stuck_7_days,2013
2017,SLM001,SLM001,2013-07-29,4.297472,4.9,4.9,-1.0319012804229,1.0319012804229,0.25103287987006045,0.5291088997255358,0.040652159995293646,-0.07724718499655928,-0.04619417816440778,0.17315471957710082,1.321478737358074,0.3167015039015853,3.8680987195771004,True,3.8680987195771004,True,3.8680987195771004,True,3.8680987195771004,True,3.8680987195771004,True,4.9,False,4.9,False,4.126074039682825,4.596003783570617,True,True,0.75,0.2945981579796062,3.8680987195771004,wind_stuck_7_days,2013
2018,SLM001,SLM001,2013-07-30,4.71380627,4.7,4.7,-1.3638646166164317,1.3638646166164317,0.20459583052583485,0.4631424096168839,-0.047153813491330555,-0.0734433012034647,0.017171866078906833,-1.3638646166164317,1.321478737358074,0.3167015039015853,3.3361353833835685,True,3.3361353833835685,True,3.3361353833835685,True,4.7,False,4.7,False,4.7,False,3.3361353833835685,True,3.6771015375376765,4.1131182307896506,True,True,0.75,0.4303079367703859,3.3361353833835685,wind_stuck_7_days,2013
2019,SLM001,SLM001,2013-08-06,4.49291852,4.2,4.2,-1.6060287602651395,1.6060287602651395,0.11515393956148381,0.48332342289002844,0.2515367473884278,0.3849998223611876,0.017171866078906833,-1.6060287602651395,1.321478737358074,0.3167015039015853,2.5939712397348607,True,2.5939712397348607,True,2.5939712397348607,True,2.5939712397348607,True,2.5939712397348607,True,2.5939712397348607,True,2.5939712397348607,True,2.9954784298011456,3.2505752959209344,True,True,0.75,0.5911629527246605,2.5939712397348607,wind_stuck_7_days,2013
2020,SLM001,SLM001,2013-08-14,5.51873852,4.4,4.4,-1.022049699307477,1.022049699307477,0.1692889661482074,0.3983641930445773,0.08296970784363517,0.09867608118283173,0.017171866078906833,-1.0220496993074768,1.321478737358074,0.3167015039015853,3.3779503006925236,True,3.3779503006925236,True,3.3779503006925236,True,3.3779503006925236,True,3.3779503006925236,True,3.3779503006925236,True,3.3779503006925236,True,3.6334627255193928,3.707574929286752,True,True,0.75,0.6774866928510653,3.3779503006925236,wind_stuck_7_days,2013
2021,SLM001,SLM001,2013-08-15,4.57537426,4.6,4.6,-1.055226157342045,1.055226157342045,0.14314368555989299,0.47701303449717586,0.018383208976254804,-0.03536264428788432,0.017171866078906833,-1.0059746773420462,1.321478737358074,0.3167015039015853,3.5447738426579547,True,3.5447738426579547,True,3.5447738426579547,True,3.5447738426579547,True,3.5447738426579547,True,4.6,False,3.5447738426579547,True,3.808580381993466,3.9219176004004472,True,True,0.75,0.6425943811964816,3.5447738426579547,wind_stuck_7_days,2013
2022,SLM001,SLM001,2013-08-22,4.22401151,4.2,4.2,-1.2011871598038666,1.2011871598038666,0.15374235057659622,0.4173606339252684,0.2400960839666254,0.2477534493683042,0.017171866078906833,-1.2011871598038666,1.321478737358074,0.3167015039015853,2.9988128401961336,True,2.9988128401961336,True,2.9988128401961336,True,2.9988128401961336,True,2.9988128401961336,True,2.9988128401961336,True,2.9988128401961336,True,3.2991096301471003,3.5942723820899474,True,True,0.75,0.5042741366041222,2.9988128401961336,wind_stuck_7_days,2013
2023,SLM001,SLM001,2013-08-30,4.70767614,4.2,4.2,-0.788700588334307,0.788700588334307,0.13706898772785583,0.45806245380701993,0.11201878696391271,0.13306006378725505,0.017353599315975327,-0.788700588334307,1.321478737358074,0.3167015039015853,3.411299411665693,True,3.411299411665693,True,3.411299411665693,True,3.411299411665693,True,3.411299411665693,True,3.411299411665693,True,3.411299411665693,True,3.60847455874927,3.770282104949147,True,True,0.75,0.544842873717635,3.411299411665693,wind_stuck_7_days,2013
2024,SLM001,SLM001,2013-08-31,5.34089134,4.4,4.4,-0.7787828359586854,0.7787828359586854,0.14216746676194916,0.3411397907343094,0.04424106024712153,0.1022352792497633,0.017353599315975327,-0.7787828359586855,1.321478737358074,0.3167015039015853,3.621217164041315,True,3.621217164041315,True,3.621217164041315,True,3.621217164041315,True,3.621217164041315,True,3.621217164041315,True,3.621217164041315,True,3.815912873030986,3.9925565792237903,True,True,0.75,0.5231797645805139,3.621217164041315,wind_stuck_7_days,2013
2025,SLM001,SLM001,2013-09-07,3.19639308,3.1,3.1,0.06356149363992665,0.06356149363992665,0.19395768953760067,0.7118233426955087,0.018969002467169833,0.01847611138257079,0.017561511013689256,0.06356149363992665,1.321478737358074,0.3167015039015853,3.163561493639927,True,3.163561493639927,True,3.163561493639927,True,3.163561493639927,True,3.163561493639927,True,3.163561493639927,True,3.163561493639927,True,3.147671120229945,3.163561493639927,True,True,0.75,1.0,3.163561493639927,wind_stuck_7_days,2013
2026,SLM001,SLM001,2013-09-08,4.42542965,3.6,3.6,-0.33156342697926117,0.33156342697926117,0.20017836634057068,0.4325555076459767,0.07673604544904349,0.06939355076627238,0.017561511013689256,-0.3315634269792611,1.321478737358074,0.3167015039015853,3.2684365730207388,True,3.2684365730207388,True,3.2684365730207388,True,3.2684365730207388,True,3.2684365730207388,True,3.2684365730207388,True,3.2684365730207388,True,3.351327429765554,3.3146504216479844,True,True,0.75,0.8606183768569382,3.2684365730207388,wind_stuck_7_days,2013
2027,SLM001,SLM001,2013-09-24,2.90368147,3.3,3.3,-0.36859223117440054,0.36859223117440054,0.13516968853922753,0.36844388995762667,0.09493296803277274,0.09342081749386574,0.017561511013689256,0.36859223117440054,1.321478737358074,0.3167015039015853,2.9314077688255993,True,2.9314077688255993,True,2.9314077688255993,True,2.9314077688255993,True,2.9314077688255993,True,2.9314077688255993,True,2.9314077688255993,True,3.0235558266191993,3.0083493683006663,True,True,0.75,0.7912555041382255,2.9314077688255993,wind_stuck_7_days,2013
2028,SLM001,SLM001,2013-10-01,2.46723468,2.6,2.6,-0.30721275108217433,0.30721275108217433,0.11577397844399771,0.424750838208237,0.05086939359060328,0.053548105241532085,0.0008276722209922128,-0.041682111082173734,1.321478737358074,0.3167015039015853,2.2927872489178256,True,2.2927872489178256,True,2.2927872489178256,True,2.2927872489178256,True,2.2927872489178256,True,2.2927872489178256,True,2.2927872489178256,True,2.3695904366883696,2.3441136810053185,True,True,0.75,0.8329287052484238,2.2927872489178256,wind_stuck_7_days,2013
2029,SLM001,SLM001,2013-10-02,2.21141082,2.9,2.9,-0.7529272511969207,0.7529272511969207,0.13106126503903268,0.34456869334120094,0.0962614443150955,0.1396243325586454,0.03664172552183452,0.6242511088030787,1.321478737358074,0.3167015039015853,2.147072748803079,True,2.147072748803079,True,2.147072748803079,True,2.147072748803079,True,2.147072748803079,True,2.147072748803079,True,2.147072748803079,True,2.3353045616023094,2.512893392083805,True,True,0.75,0.5141354723192918,2.147072748803079,wind_stuck_7_days,2013
2030,SLM001,SLM001,2013-10-09,0.95938562,2.1,2.1,-0.5229889139681372,0.5229889139681372,0.15431004186759634,0.3870534978758483,0.12417751626074773,0.13442058390424827,-0.005544395536297044,0.5229889139681372,1.321478737358074,0.3167015039015853,1.577011086031863,True,1.577011086031863,True,1.577011086031863,True,1.577011086031863,True,1.577011086031863,True,1.577011086031863,True,2.1,False,1.7077583145238973,1.6527489955073495,True,True,0.75,0.8551825718430031,1.577011086031863,wind_stuck_7_days,2013
2031,SLM001,SLM001,2013-11-10,0.21524788,0.7,0.7,-0.2346198939938481,0.2346198939938481,0.0844005624963525,0.3865793764868838,0.0510742629537043,0.055208239654250486,0.0008276722209922128,0.23461989399384814,1.321478737358074,0.3167015039015853,0.4653801060061519,True,0.4653801060061519,True,0.4653801060061519,True,0.4653801060061519,True,0.4653801060061519,True,0.4653801060061519,True,0.4653801060061519,True,0.5240350795046138,0.4653801060061519,True,True,0.75,1.0,0.46970155996271834,wind_stuck_7_days,2013
2032,SLM001,SLM001,2013-12-12,0.18412447,0.4,0.4,0.043757070549280144,0.043757070549280144,0.13613876331907512,0.2987512675443273,0.016926450365128246,0.013057952574841797,0.0008276722209922128,-0.04375707054928016,1.321478737358074,0.3167015039015853,0.44375707054928015,True,0.44375707054928015,True,0.44375707054928015,True,0.44375707054928015,True,0.44375707054928015,True,0.44375707054928015,True,0.44375707054928015,True,0.43281780291196015,0.44375707054928015,True,True,0.75,1.0,0.44375707054928015,wind_stuck_7_days,2013
2033,SLM001,SLM001,2013-12-20,0.3298988,0.5,0.5,0.028221862219725447,0.028221862219725447,0.08067099011419204,0.3053205253097164,0.01917387183027085,0.020136245795289196,0.0008276722209922128,-0.028221862219725447,1.321478737358074,0.3167015039015853,0.5282218622197254,True,0.5282218622197254,True,0.5282218622197254,True,0.5282218622197254,True,0.5282218622197254,True,0.5282218622197254,True,0.5282218622197254,True,0.5211663966647941,0.5282218622197254,True,True,0.75,1.0,0.5282218622197254,wind_stuck_7_days,2013
2034,SLM001,SLM001,2013-12-21,0.29887974,0.5,0.5,-0.05684651810055047,0.05684651810055047,0.09022608135215404,0.3829315289045987,0.021480718832312562,0.020136245795289196,0.0008276722209922128,0.05684651810055047,1.321478737358074,0.3167015039015853,0.44315348189944953,True,0.44315348189944953,True,0.44315348189944953,True,0.44315348189944953,True,0.44315348189944953,True,0.44315348189944953,True,0.44315348189944953,True,0.45736511142458713,0.44315348189944953,True,True,0.75,1.0,0.44315348189944953,wind_stuck_7_days,2013
2035,SLM001,SLM001,2013-12-29,0.36675677,0.4,0.4,0.05317619936110725,0.05317619936110725,0.08019173186449725,0.3652979975078558,0.019608820766868214,0.020136245795289196,0.0008276722209922128,-0.05317619936110725,1.321478737358074,0.3167015039015853,0.45317619936110726,True,0.45317619936110726,True,0.45317619936110726,True,0.45317619936110726,True,0.45317619936110726,True,0.45317619936110726,True,0.45317619936110726,True,0.4398821495208305,0.45317619936110726,True,True,0.75,1.0,0.45317619936110726,wind_stuck_7_days,2013
2774,US-ADR,US-ADR,2013-01-13,0.07304679,0.2,0.2,0.034511371111907184,0.034511371111907184,0.16183708136698596,0.35313193955186106,0.016926450365128246,0.013057952574841797,0.0008276722209922128,-0.03451137111190719,1.321478737358074,0.3167015039015853,0.2345113711119072,True,0.2345113711119072,True,0.2345113711119072,True,0.2345113711119072,True,0.2345113711119072,True,0.2345113711119072,True,0.2345113711119072,True,0.22588352833393038,0.2345113711119072,True,True,0.75,1.0,0.2345113711119072,wind_stuck_7_days,2013
2775,US-ADR,US-ADR,2013-01-22,0.07134731,0.3,0.3,-0.17059615810509682,0.17059615810509682,0.10046695629455717,0.4092707560999673,0.008208817532907822,0.01686944148141065,0.0008276722209922128,0.17059615810509682,1.321478737358074,0.3167015039015853,0.12940384189490317,True,0.12940384189490317,True,0.12940384189490317,True,0.12940384189490317,True,0.12940384189490317,True,0.12940384189490317,True,0.12940384189490317,True,0.17205288142117736,0.12940384189490317,True,True,0.75,1.0,0.12940384189490317,wind_stuck_7_days,2013
2776,US-ADR,US-ADR,2013-01-29,0.3937941,0.2,0.2,-0.06513123809526637,0.06513123809526637,0.08962905147358362,0.3476412901034481,0.019608820766868214,0.020136245795289196,0.0008276722209922128,-0.06513123809526639,1.321478737358074,0.3167015039015853,0.13486876190473363,True,0.13486876190473363,True,0.13486876190473363,True,0.13486876190473363,True,0.13486876190473363,True,0.13486876190473363,True,0.13486876190473363,True,0.15115157142855024,0.13486876190473363,True,True,0.75,1.0,0.13486876190473363,wind_stuck_7_days,2013
2777,US-ADR,US-ADR,2013-02-07,0.21684855,0.4,0.4,-0.18163920486566446,0.18163920486566446,0.12491108527872853,0.4744278346790753,0.033749414259862914,0.040274861620953326,0.0008276722209922128,0.18163920486566446,1.321478737358074,0.3167015039015853,0.21836079513433557,True,0.21836079513433557,True,0.21836079513433557,True,0.21836079513433557,True,0.21836079513433557,True,0.21836079513433557,True,0.21836079513433557,True,0.2637705963507517,0.21836079513433557,True,True,0.75,1.0,0.21836079513433557,wind_stuck_7_days,2013
2778,US-ADR,US-ADR,2013-02-14,0.09225026,0.8,0.8,-0.28063560495143647,0.28063560495143647,0.13153021969535678,0.28425406077344545,0.0510742629537043,0.053548105241532085,0.0008276722209922128,0.28063560495143647,1.321478737358074,0.3167015039015853,0.5193643950485636,True,0.5193643950485636,True,0.5193643950485636,True,0.5193643950485636,True,0.5193643950485636,True,0.5193643950485636,True,0.5193643950485636,True,0.5895232962864227,0.5251451804879341,True,True,0.75,0.9794010975892712,0.5193643950485636,wind_stuck_7_days,2013
2779,US-ADR,US-ADR,2013-02-23,0.0756176,0.4,0.4,0.030423549725669692,0.030423549725669692,0.08872556657334595,0.5279537593788145,0.019608820766868214,0.01847611138257079,0.0008276722209922128,-0.030423549725669685,1.321478737358074,0.3167015039015853,0.4304235497256697,True,0.4304235497256697,True,0.4304235497256697,True,0.4304235497256697,True,0.4304235497256697,True,0.4304235497256697,True,0.4304235497256697,True,0.42281766229425227,0.4304235497256697,True,True,0.75,1.0,0.4304235497256697,wind_stuck_7_days,2013
2780,US-ADR,US-ADR,2013-03-11,0.57734448,0.3,0.3,0.08881615940555661,0.08881615940555661,0.14035640979353284,0.540904614114606,0.019608820766868214,0.01847611138257079,0.0008276722209922128,0.0888161594055566,1.321478737358074,0.3167015039015853,0.3888161594055566,True,0.3888161594055566,True,0.3888161594055566,True,0.3888161594055566,True,0.3888161594055566,True,0.3888161594055566,True,0.3888161594055566,True,0.36661211955416745,0.3888161594055566,True,True,0.75,1.0,0.3888161594055566,wind_stuck_7_days,2013
2781,US-ADR,US-ADR,2013-03-18,0.36667612,0.2,0.2,0.2621201983383152,0.2621201983383152,0.10216958015202943,0.5490837054877916,0.04253675069753498,0.038226890168833336,0.017561511013689256,0.07123204166168479,1.321478737358074,0.3167015039015853,0.4621201983383152,True,0.4621201983383152,True,0.4621201983383152,True,0.4621201983383152,True,0.4621201983383152,True,0.4621201983383152,True,0.4621201983383152,True,0.3965901487537364,0.4621201983383152,True,True,0.75,1.0,0.4621201983383152,wind_stuck_7_days,2013
2782,US-ADR,US-ADR,2013-04-01,0.21171255,0.3,0.3,0.45714837116460105,0.45714837116460105,0.1072857972897503,0.28320197676822756,0.1558540299710965,0.15413186916957755,0.010261777178538899,-0.4571483711646011,1.321478737358074,0.3167015039015853,0.757148371164601,True,0.757148371164601,True,0.757148371164601,True,0.757148371164601,True,0.757148371164601,True,0.757148371164601,True,0.757148371164601,True,0.6428612783734509,0.757148371164601,True,True,0.75,1.0,0.757148371164601,wind_stuck_7_days,2013
2783,US-ADR,US-ADR,2013-04-03,0.20329458,2.1,2.1,-0.23321010429829378,0.23321010429829378,0.2182107852400352,0.8014765694526342,0.06165505752650932,0.05203198045652957,-0.005461378377217999,0.2332101042982937,1.321478737358074,0.3167015039015853,1.8667898957017064,True,1.8667898957017064,True,1.8667898957017064,True,1.8667898957017064,True,1.8667898957017064,True,1.8667898957017064,True,2.1,False,1.9250924217762797,1.8667898957017064,True,True,0.75,1.0,1.8667898957017064,wind_stuck_7_days,2013
2784,US-ADR,US-ADR,2013-04-12,0.29236921,0.6,0.6,0.17368933813998297,0.17368933813998297,0.09601293321679115,0.4479012902377958,0.01917387183027085,0.01847611138257079,0.017561511013689256,-0.17368933813998294,1.321478737358074,0.3167015039015853,0.773689338139983,True,0.773689338139983,True,0.773689338139983,True,0.773689338139983,True,0.773689338139983,True,0.773689338139983,True,0.773689338139983,True,0.7302670036049872,0.773689338139983,True,True,0.75,1.0,0.773689338139983,wind_stuck_7_days,2013
2785,US-ADR,US-ADR,2013-04-19,0.12091686,0.0,0.0,0.6188796299085435,0.6188796299085435,0.3295823504522728,0.7205131054894114,0.17165170520640338,0.18827715601948122,0.010261777178538899,-0.3770459099085435,1.321478737358074,0.3167015039015853,0.6188796299085435,True,0.6188796299085435,True,0.6188796299085435,True,0.6188796299085435,True,0.6188796299085435,True,0.6188796299085435,True,0.6188796299085435,True,0.46415972243140763,0.4939516652041564,True,True,0.75,0.7981385092237586,0.6188796299085435,wind_stuck_7_days,2013
2786,US-ADR,US-ADR,2013-04-20,0.13402272,0.4,0.4,0.2667496212213277,0.2667496212213277,0.10570747300500145,0.35874834734697714,0.04253675069753498,0.038226890168833336,0.017561511013689256,-0.2667496212213277,1.321478737358074,0.3167015039015853,0.6667496212213277,True,0.6667496212213277,True,0.6667496212213277,True,0.6667496212213277,True,0.6667496212213277,True,0.6667496212213277,True,0.6667496212213277,True,0.6000622159159958,0.6667496212213277,True,True,0.75,1.0,0.6667496212213277,wind_stuck_7_days,2013
2787,US-ADR,US-ADR,2013-04-27,0.20891528,0.0,0.0,0.28817519649670986,0.28817519649670986,0.1223831044991063,0.7396513354419367,0.05389652751388554,0.050069308490445,0.017561511013689256,0.12965536350329016,1.321478737358074,0.3167015039015853,0.28817519649670986,True,0.28817519649670986,True,0.28817519649670986,True,0.28817519649670986,True,0.28817519649670986,True,0.28817519649670986,True,0.28817519649670986,True,0.2161313973725324,0.2618634812368616,True,True,0.75,0.908695420078776,0.28817519649670986,wind_stuck_7_days,2013
2788,US-ADR,US-ADR,2013-04-28,0.04215634,0.0,0.0,0.23470793493708353,0.23470793493708353,0.20717678642262363,0.9293898043195931,0.016611916175684614,0.036197570224566655,-0.005461378377217999,-0.1503952549370835,1.321478737358074,0.3167015039015853,0.23470793493708353,True,0.23470793493708353,True,0.23470793493708353,True,0.23470793493708353,True,0.23470793493708353,True,0.23470793493708353,True,0.0,False,0.17603095120281265,0.12741883003577653,True,True,0.75,0.5428824980711998,0.23470793493708353,wind_stuck_7_days,2013
2789,US-ADR,US-ADR,2013-05-13,0.71408158,0.1,0.1,0.0855948133956442,0.0855948133956442,0.21115300294137654,0.6490228372715806,0.019608820766868214,0.02133584918872712,0.017561511013689256,0.08559481339564423,1.321478737358074,0.3167015039015853,0.1855948133956442,True,0.1855948133956442,True,0.1855948133956442,True,0.1855948133956442,True,0.1855948133956442,True,0.1855948133956442,True,0.1855948133956442,True,0.16419611004673315,0.1855948133956442,True,True,0.75,1.0,0.1855948133956442,wind_stuck_7_days,2013
2790,US-ADR,US-ADR,2013-05-14,0.54313928,0.2,0.2,-0.1388902884676614,0.1388902884676614,0.2247208008001348,0.49692230063954435,0.020276410446752793,0.02752503676297113,-0.04580453322962536,-0.13889028846766144,1.321478737358074,0.3167015039015853,0.0611097115323386,True,0.0611097115323386,True,0.0611097115323386,True,0.0611097115323386,True,0.0611097115323386,True,0.0611097115323386,True,0.2,False,0.09583228364925395,0.0611097115323386,True,True,0.75,1.0,0.0611097115323386,wind_stuck_7_days,2013
2791,US-ADR,US-ADR,2013-05-22,0.40557987,0.1,0.1,0.014951764234240304,0.014951764234240304,0.12012151227134202,0.5003706513897427,0.020276410446752793,0.02752503676297113,-0.04580453322962536,0.014951764234240328,1.321478737358074,0.3167015039015853,0.1149517642342403,True,0.1149517642342403,True,0.1149517642342403,True,0.1149517642342403,True,0.1149517642342403,True,0.1149517642342403,True,0.1,False,0.11121382317568024,0.1149517642342403,True,True,0.75,1.0,0.1149517642342403,wind_stuck_7_days,2013
2792,US-ADR,US-ADR,2013-05-29,0.28598509,0.1,0.1,0.25411652355074715,0.25411652355074715,0.09708761415291924,0.282042811610662,0.04253675069753498,0.041086627974989666,0.017561511013689256,0.11785365644925283,1.321478737358074,0.3167015039015853,0.3541165235507472,True,0.3541165235507472,True,0.3541165235507472,True,0.3541165235507472,True,0.3541165235507472,True,0.3541165235507472,True,0.3541165235507472,True,0.29058739266306033,0.3541165235507472,True,True,0.75,1.0,0.3541165235507472,wind_stuck_7_days,2013
2793,US-ADR,US-ADR,2013-05-30,0.34261682,0.0,0.0,0.23474199900584916,0.23474199900584916,0.09859416541669028,0.6243281717605818,0.05389652751388554,0.06907430534528482,0.017561511013689256,0.23474199900584916,1.321478737358074,0.3167015039015853,0.23474199900584916,True,0.23474199900584916,True,0.23474199900584916,True,0.23474199900584916,True,0.23474199900584916,True,0.23474199900584916,True,0.23474199900584916,True,0.17605649925438688,0.23474199900584916,True,True,0.75,1.0,0.23474199900584916,wind_stuck_7_days,2013
2794,US-ADR,US-ADR,2013-06-06,0.29494334,0.0,0.0,0.3835611419097268,0.3835611419097268,0.46030068915479583,0.8752067141428661,-0.0031666711680804803,0.04658676317010092,-0.06818555071359698,0.2063255380902732,1.321478737358074,0.3167015039015853,0.3835611419097268,True,0.0,False,0.3835611419097268,True,0.0,False,0.0,False,0.3835611419097268,True,0.0,False,0.28767085643229506,0.0,True,False,0.75,0.0,0.43555535813105906,wind_stuck_7_days,2013
2795,US-ADR,US-ADR,2013-06-07,0.20483341,0.0,0.0,0.23531478268464118,0.23531478268464118,0.25267310539760585,1.1377930347845202,0.016611916175684614,0.05179917143582589,-0.005461378377217999,0.1743520373153588,1.321478737358074,0.3167015039015853,0.23531478268464118,True,0.23531478268464118,True,0.0,False,0.23531478268464118,True,0.0,False,0.23531478268464118,True,0.0,False,0.1764860870134809,0.14920955076456988,True,True,0.75,0.6340849013490757,0.16243455616734487,wind_stuck_7_days,2013
2796,US-ADR,US-ADR,2013-06-14,0.27550241,0.0,0.0,0.2633831873187919,0.2633831873187919,0.11845790451159113,0.431272192931229,0.05389652751388554,0.07087692026882704,-0.04580453322962536,0.2633831873187919,1.321478737358074,0.3167015039015853,0.2633831873187919,True,0.2633831873187919,True,0.2633831873187919,True,0.2633831873187919,True,0.2633831873187919,True,0.2633831873187919,True,0.0,False,0.1975373904890939,0.2633831873187919,True,True,0.75,1.0,0.2633831873187919,wind_stuck_7_days,2013
2797,US-ADR,US-ADR,2013-06-15,0.13552533,0.1,0.1,0.21838157069715822,0.21838157069715822,0.1459590849877073,0.4328370715735289,0.020276410446752793,0.02752503676297113,-0.04580453322962536,-0.14733091069715823,1.321478737358074,0.3167015039015853,0.3183815706971582,True,0.3183815706971582,True,0.3183815706971582,True,0.3183815706971582,True,0.3183815706971582,True,0.3183815706971582,True,0.1,False,0.26378617802286863,0.2751451845283489,True,True,0.75,0.8020144921992178,0.3183815706971582,wind_stuck_7_days,2013
2798,US-ADR,US-ADR,2013-06-22,0.1921183,0.0,0.0,0.38561864962823705,0.38561864962823705,0.08773246843430091,0.41539683287461393,0.10964133260399644,0.1292455275945558,-0.04580453322962536,-0.0013820496282370698,1.321478737358074,0.3167015039015853,0.38561864962823705,True,0.38561864962823705,True,0.38561864962823705,True,0.38561864962823705,True,0.38561864962823705,True,0.38561864962823705,True,0.0,False,0.2892139872211778,0.2761690883195457,True,True,0.75,0.7161715041162862,0.38561864962823705,wind_stuck_7_days,2013
2799,US-ADR,US-ADR,2013-06-23,0.04522866,0.0,0.0,0.2517147761703936,0.2517147761703936,0.09799641597213703,0.3971917610728222,0.05389652751388554,0.07087692026882704,-0.04580453322962536,-0.1612574561703936,1.321478737358074,0.3167015039015853,0.2517147761703936,True,0.2517147761703936,True,0.2517147761703936,True,0.2517147761703936,True,0.2517147761703936,True,0.2517147761703936,True,0.0,False,0.1887860821277952,0.2517147761703936,True,True,0.75,1.0,0.2517147761703936,wind_stuck_7_days,2013
2800,US-ADR,US-ADR,2013-06-30,0.24623645,0.0,0.0,0.36888469702507576,0.36888469702507576,0.24701257446240762,1.2331653224235148,0.06648270961430057,0.0793065424748647,-0.09523228540516696,0.12358820297492423,1.321478737358074,0.3167015039015853,0.36888469702507576,True,0.36888469702507576,True,0.0,False,0.36888469702507576,True,0.0,False,0.36888469702507576,True,0.0,False,0.2766635227688068,0.36888469702507576,True,True,0.75,1.0,-0.3669871241784507,wind_stuck_7_days,2013
2801,US-ADR,US-ADR,2013-07-08,0.20131526,0.0,0.0,0.0868469627431778,0.0868469627431778,0.14528396541555946,0.5672557181192951,0.031636187263103355,0.04989614957449184,-0.04580453322962536,0.0868469627431778,1.321478737358074,0.3167015039015853,0.0868469627431778,True,0.0868469627431778,True,0.0868469627431778,True,0.0868469627431778,True,0.0868469627431778,True,0.0868469627431778,True,0.0,False,0.06513522205738334,0.0868469627431778,True,True,0.75,1.0,-0.08974376043232069,wind_stuck_7_days,2013
2802,US-ADR,US-ADR,2013-07-09,0.05501242,0.1,0.1,0.2218183601790607,0.2218183601790607,0.1386288050139137,0.6360047162872979,0.020276410446752793,0.02752503676297113,-0.04580453322962536,-0.22181836017906073,1.321478737358074,0.3167015039015853,0.32181836017906074,True,0.32181836017906074,True,0.32181836017906074,True,0.32181836017906074,True,0.32181836017906074,True,0.32181836017906074,True,0.1,False,0.2663637701342956,0.29575483414437537,True,True,0.75,0.882500591864236,-0.030764429681769095,wind_stuck_7_days,2013
2803,US-ADR,US-ADR,2013-07-16,0.09551081,0.5,0.5,-0.08715591713212163,0.08715591713212163,0.16587416827175147,0.46701875761210765,0.02214830851219714,0.02752503676297113,-0.04580453322962536,0.08715591713212162,1.321478737358074,0.3167015039015853,0.4128440828678784,True,0.4128440828678784,True,0.4128440828678784,True,0.4128440828678784,True,0.4128440828678784,True,0.4128440828678784,True,0.5,False,0.4346330621509088,0.4128440828678784,True,True,0.75,1.0,0.4128440828678784,wind_stuck_7_days,2013
2804,US-ADR,US-ADR,2013-07-17,0.09001017,0.1,0.1,0.3160583182544862,0.3160583182544862,0.06521130551929642,0.441261850107843,0.08121802362487324,0.09808489004129466,-0.04580453322962536,-0.31605831825448627,1.321478737358074,0.3167015039015853,0.41605831825448625,True,0.41605831825448625,True,0.41605831825448625,True,0.41605831825448625,True,0.41605831825448625,True,0.41605831825448625,True,0.1,False,0.3370437386908647,0.41605831825448625,True,True,0.75,1.0,0.28882789025996797,wind_stuck_7_days,2013
2805,US-ADR,US-ADR,2013-07-24,0.26021448,0.0,0.0,0.2201028449694394,0.2201028449694394,0.2969203002110619,0.5560684164262468,0.01930101328706645,0.031836418478117336,0.017561511013689256,0.2201028449694394,1.321478737358074,0.3167015039015853,0.2201028449694394,True,0.2201028449694394,True,0.2201028449694394,True,0.2201028449694394,True,0.2201028449694394,True,0.2201028449694394,True,0.2201028449694394,True,0.16507713372707955,0.16510764212734405,True,True,0.75,0.7501386097497682,0.2201028449694394,wind_stuck_7_days,2013
2806,US-ADR,US-ADR,2013-07-25,0.16408146,0.0,0.0,0.1852178055361004,0.1852178055361004,0.2827503209822096,0.43526016719111765,-0.020525349160564803,0.03460733532693451,-0.04580453322962536,0.14294511446389963,1.321478737358074,0.3167015039015853,0.1852178055361004,True,0.1852178055361004,True,0.1852178055361004,True,0.0,False,0.0,False,0.1852178055361004,True,0.0,False,0.13891335415207529,0.1852178055361004,True,True,0.75,1.0,0.10773972807245683,wind_stuck_7_days,2013
2807,US-ADR,US-ADR,2013-08-01,0.23775735,0.1,0.1,0.28551459454743444,0.28551459454743444,0.15359903979530717,0.49509138459079516,0.04320434037741956,0.04727581554923367,-0.04580453322962536,-0.00999989454743444,1.321478737358074,0.3167015039015853,0.3855145945474344,True,0.3855145945474344,True,0.3855145945474344,True,0.3855145945474344,True,0.3855145945474344,True,0.3855145945474344,True,0.1,False,0.3141359459105758,0.3855145945474344,True,True,0.75,1.0,0.3855145945474344,wind_stuck_7_days,2013
2808,US-ADR,US-ADR,2013-08-02,0.17138694,0.1,0.1,0.5102971748054739,0.5102971748054739,0.12357885858607054,0.4288144588892641,0.17510250260936117,0.16564059566222347,-0.04580453322962536,-0.36752329480547385,1.321478737358074,0.3167015039015853,0.6102971748054739,True,0.6102971748054739,True,0.6102971748054739,True,0.6102971748054739,True,0.6102971748054739,True,0.6102971748054739,True,0.1,False,0.48272288110410544,0.5326736476536112,True,True,0.75,0.8478856419664623,0.6102971748054739,wind_stuck_7_days,2013
2809,US-ADR,US-ADR,2013-08-09,0.12644637,0.0,0.0,0.6483241502432966,0.6483241502432966,0.14539085028856075,0.5677800515884627,0.235030899288252,0.2513879359389643,-0.02045434057211385,-0.39543141024329653,1.321478737358074,0.3167015039015853,0.6483241502432966,True,0.6483241502432966,True,0.6483241502432966,True,0.6483241502432966,True,0.6483241502432966,True,0.6483241502432966,True,0.0,False,0.48624311268247244,0.4990404529797345,True,True,0.75,0.7697391078096653,0.6483241502432966,wind_stuck_7_days,2013
2810,US-ADR,US-ADR,2013-08-10,0.03349171,0.2,0.2,0.4048028902744837,0.4048028902744837,0.12115873405665485,0.48790359165034436,0.1395451089614894,0.1266116446411373,-0.04580453322962536,-0.4048028902744837,1.321478737358074,0.3167015039015853,0.6048028902744838,True,0.6048028902744838,True,0.6048028902744838,True,0.6048028902744838,True,0.6048028902744838,True,0.6048028902744838,True,0.2,False,0.5036021677058629,0.5643477611898843,True,True,0.75,0.9000621535652373,0.6048028902744838,wind_stuck_7_days,2013
2811,US-ADR,US-ADR,2013-08-17,0.14095043,0.1,0.1,0.11079202221825271,0.11079202221825271,0.16273708910188178,0.559300856394406,0.019608820766868214,0.023138464112269344,-0.04580453322962536,-0.028891162218252747,1.321478737358074,0.3167015039015853,0.21079202221825272,True,0.21079202221825272,True,0.21079202221825272,True,0.21079202221825272,True,0.21079202221825272,True,0.21079202221825272,True,0.1,False,0.18309401666368955,0.21079202221825272,True,True,0.75,1.0,0.1193211320517861,wind_stuck_7_days,2013
2812,US-ADR,US-ADR,2013-08-18,0.45112819,0.0,0.0,0.29917572031752265,0.29917572031752265,0.16702275201894898,0.3652057798821186,0.05389652751388554,0.071845222194102,-0.04580453322962536,0.29917572031752265,1.321478737358074,0.3167015039015853,0.29917572031752265,True,0.29917572031752265,True,0.29917572031752265,True,0.29917572031752265,True,0.29917572031752265,True,0.29917572031752265,True,0.0,False,0.22438179023814198,0.2511603094797389,True,True,0.75,0.8395076619625956,0.2810632958769481,wind_stuck_7_days,2013
2813,US-ADR,US-ADR,2013-08-25,-0.04412546,0.1,0.1,0.21728291845855585,0.21728291845855585,0.13838538752780258,0.49535949084895414,0.019608820766868214,0.024106766037544296,-0.04580453322962536,-0.21728291845855588,1.321478737358074,0.3167015039015853,0.31728291845855583,True,0.31728291845855583,True,0.31728291845855583,True,0.31728291845855583,True,0.31728291845855583,True,0.31728291845855583,True,0.1,False,0.26296218884391687,0.27591960726061643,True,True,0.75,0.8096338566723137,0.31728291845855583,wind_stuck_7_days,2013
2814,US-ADR,US-ADR,2013-09-02,0.46734323,0.2,0.2,1.1901935930871963,1.1901935930871963,0.27514594820405724,0.5853033280138881,0.2579835234023104,0.23266792838805161,-0.3176096326937249,-0.6555071330871962,1.321478737358074,0.3167015039015853,1.3901935930871963,True,1.3901935930871963,True,1.3901935930871963,True,1.3901935930871963,True,1.3901935930871963,True,1.3901935930871963,True,0.2,False,1.0926451948153972,1.0701771605921775,True,True,0.75,0.7311223700465899,1.3901935930871963,wind_stuck_7_days,2013
2815,US-ADR,US-ADR,2013-09-10,0.16752006,0.0,0.0,0.7370933237220914,0.7370933237220914,0.1988402112598213,0.5255846969492537,0.21619193030707,0.22427760823505916,0.03561196983605042,-0.4020532037220914,1.321478737358074,0.3167015039015853,0.7370933237220914,True,0.7370933237220914,True,0.7370933237220914,True,0.7370933237220914,True,0.7370933237220914,True,0.7370933237220914,True,0.7370933237220914,True,0.5528199927915685,0.5047918169211906,True,True,0.75,0.6848411194014746,0.7370933237220914,wind_stuck_7_days,2013
2816,US-ADR,US-ADR,2013-09-11,1.27978302,0.5,0.5,0.48007031642876663,0.48007031642876663,0.3699021098213112,0.5047978376255282,0.06742735563153143,0.07018080366504895,0.010261777178538899,0.48007031642876663,1.321478737358074,0.3167015039015853,0.9800703164287666,True,0.5,False,0.9800703164287666,True,0.9800703164287666,True,0.9800703164287666,True,0.9800703164287666,True,0.9800703164287666,True,0.860052737321575,0.7689618668911251,True,True,0.75,0.5602551494787827,0.9800703164287666,wind_stuck_7_days,2013
2817,US-ADR,US-ADR,2013-09-18,0.04761398,0.5,0.5,-0.06129068275901093,0.06129068275901093,0.11686929105525139,0.4050519807005135,0.021480718832312562,0.01847611138257079,0.017561511013689256,0.06129068275901095,1.321478737358074,0.3167015039015853,0.43870931724098905,True,0.43870931724098905,True,0.43870931724098905,True,0.43870931724098905,True,0.43870931724098905,True,0.43870931724098905,True,0.43870931724098905,True,0.4540319879307418,0.43870931724098905,True,True,0.75,1.0,0.43870931724098905,wind_stuck_7_days,2013
2818,US-ADR,US-ADR,2013-09-19,0.08449346,0.0,0.0,0.3349862570762228,0.3349862570762228,0.175000518381915,0.4645181595961844,0.0919102107613392,0.10142204081993028,0.010261777178538899,-0.16599933707622277,1.321478737358074,0.3167015039015853,0.3349862570762228,True,0.3349862570762228,True,0.3349862570762228,True,0.3349862570762228,True,0.3349862570762228,True,0.3349862570762228,True,0.3349862570762228,True,0.2512396928071671,0.2882953288343199,True,True,0.75,0.8606183768569382,0.3349862570762228,wind_stuck_7_days,2013
2819,US-ADR,US-ADR,2013-09-26,0.01901589,0.1,0.1,0.37102310697520446,0.37102310697520446,0.15469446806171275,0.44263002409609487,0.0982815557876459,0.09670820344214724,0.010261777178538899,-0.37102310697520446,1.321478737358074,0.3167015039015853,0.47102310697520444,True,0.47102310697520444,True,0.47102310697520444,True,0.47102310697520444,True,0.47102310697520444,True,0.47102310697520444,True,0.47102310697520444,True,0.37826733023140335,0.3935740755565962,True,True,0.75,0.7912555041382255,0.47102310697520444,wind_stuck_7_days,2013
2820,US-ADR,US-ADR,2013-09-27,0.01681852,0.1,0.1,0.3432150540552563,0.3432150540552563,0.09287973348146766,0.42915454577657225,0.08055043394498866,0.08903596466089432,0.010261777178538899,-0.3432150540552563,1.321478737358074,0.3167015039015853,0.4432150540552563,True,0.4432150540552563,True,0.4432150540552563,True,0.4432150540552563,True,0.4432150540552563,True,0.4432150540552563,True,0.4432150540552563,True,0.3574112905414423,0.3806551728922787,True,True,0.75,0.817723959296652,0.4432150540552563,wind_stuck_7_days,2013
2821,US-ADR,US-ADR,2013-10-04,0.01750451,0.3,0.3,0.1979193706945225,0.1979193706945225,0.08301967772905071,0.43368938187365336,0.019608820766868214,0.01847611138257079,0.017561511013689256,-0.19791937069452248,1.321478737358074,0.3167015039015853,0.4979193706945225,True,0.4979193706945225,True,0.4979193706945225,True,0.4979193706945225,True,0.4979193706945225,True,0.4979193706945225,True,0.4979193706945225,True,0.4484395280208919,0.49149311313009614,True,True,0.75,0.9675309317027644,0.4979193706945225,wind_stuck_7_days,2013
2822,US-ADR,US-ADR,2013-10-05,0.14075411,0.0,0.0,0.3133147278347635,0.3133147278347635,0.13415643200705485,0.47449107683627617,0.0919102107613392,0.10142204081993028,0.010261777178538899,-0.03180650783476352,1.321478737358074,0.3167015039015853,0.3133147278347635,True,0.3133147278347635,True,0.3133147278347635,True,0.3133147278347635,True,0.3133147278347635,True,0.3133147278347635,True,0.3133147278347635,True,0.23498604587607264,0.30030920559451724,True,True,0.75,0.9584905493267935,0.3133147278347635,wind_stuck_7_days,2013
2823,US-ADR,US-ADR,2013-10-12,0.40010296,0.0,0.0,0.0828907065712891,0.0828907065712891,0.10467383920016263,0.4144041356502012,0.03096859758321877,0.03086218754160673,0.0008276722209922128,0.08289070657128911,1.321478737358074,0.3167015039015853,0.0828907065712891,True,0.0828907065712891,True,0.0828907065712891,True,0.0828907065712891,True,0.0828907065712891,True,0.0828907065712891,True,0.0828907065712891,True,0.06216802992846682,0.0828907065712891,True,True,0.75,1.0,0.0828907065712891,wind_stuck_7_days,2013
2824,US-ADR,US-ADR,2013-10-13,0.27639188,0.1,0.1,0.08898491085945741,0.08898491085945741,0.11922745219708417,0.41525933004620724,0.019608820766868214,0.01847611138257079,0.0008276722209922128,0.08898491085945741,1.321478737358074,0.3167015039015853,0.1889849108594574,True,0.1889849108594574,True,0.1889849108594574,True,0.1889849108594574,True,0.1889849108594574,True,0.1889849108594574,True,0.1889849108594574,True,0.16673868314459306,0.1889849108594574,True,True,0.75,1.0,0.1889849108594574,wind_stuck_7_days,2013
2825,US-ADR,US-ADR,2013-10-20,0.09896101,0.3,0.3,-0.07694357260939254,0.07694357260939254,0.16459435844559317,0.44530566336036126,0.019608820766868214,0.01847611138257079,0.0008276722209922128,0.07694357260939254,1.321478737358074,0.3167015039015853,0.22305642739060744,True,0.22305642739060744,True,0.22305642739060744,True,0.22305642739060744,True,0.22305642739060744,True,0.22305642739060744,True,0.22305642739060744,True,0.24229232054295557,0.22305642739060744,True,True,0.75,1.0,0.22305642739060744,wind_stuck_7_days,2013
2826,US-ADR,US-ADR,2013-10-21,0.12529721,0.0,0.0,0.1355891412659485,0.1355891412659485,0.13275044302756991,0.3471863972630198,0.03096859758321877,0.03086218754160673,0.0008276722209922128,0.11500527873405147,1.321478737358074,0.3167015039015853,0.1355891412659485,True,0.1355891412659485,True,0.1355891412659485,True,0.1355891412659485,True,0.1355891412659485,True,0.1355891412659485,True,0.1355891412659485,True,0.10169185594946138,0.1355891412659485,True,True,0.75,1.0,0.1355891412659485,wind_stuck_7_days,2013
2827,US-ADR,US-ADR,2013-10-28,0.09770255,0.0,0.0,0.3021658109231876,0.3021658109231876,0.12283166185108436,0.7358341985497949,0.05389652751388554,0.050069308490445,0.017561511013689256,-0.10676071092318762,1.321478737358074,0.3167015039015853,0.3021658109231876,True,0.3021658109231876,True,0.3021658109231876,True,0.3021658109231876,True,0.3021658109231876,True,0.3021658109231876,True,0.3021658109231876,True,0.2266243581923907,0.253670513453157,True,True,0.75,0.8395076619625956,0.3021658109231876,wind_stuck_7_days,2013
2828,US-ADR,US-ADR,2013-11-05,0.04345791,0.2,0.2,0.11651139834897258,0.11651139834897258,0.0993241494115582,0.251408020372969,0.019608820766868214,0.01847611138257079,0.0008276722209922128,-0.11651139834897256,1.321478737358074,0.3167015039015853,0.3165113983489726,True,0.3165113983489726,True,0.3165113983489726,True,0.3165113983489726,True,0.3165113983489726,True,0.3165113983489726,True,0.3165113983489726,True,0.28738354876172945,0.3165113983489726,True,True,0.75,1.0,0.3165113983489726,wind_stuck_7_days,2013
2829,US-ADR,US-ADR,2013-11-06,0.05879996,0.2,0.2,-0.006784170361118005,0.006784170361118005,0.08576015986427876,0.3523229347346495,0.019608820766868214,0.01847611138257079,0.0008276722209922128,0.006784170361118003,1.321478737358074,0.3167015039015853,0.193215829638882,True,0.193215829638882,True,0.193215829638882,True,0.193215829638882,True,0.193215829638882,True,0.193215829638882,True,0.193215829638882,True,0.1949118722291615,0.193215829638882,True,True,0.75,1.0,0.193215829638882,wind_stuck_7_days,2013
2830,US-ADR,US-ADR,2013-11-13,0.09507647,0.1,0.1,-0.07575014189372267,0.07575014189372267,0.14444556449725002,0.4920910623473076,0.019608820766868214,0.01847611138257079,0.0008276722209922128,-0.06590308189372265,1.321478737358074,0.3167015039015853,0.024249858106277333,True,0.024249858106277333,True,0.024249858106277333,True,0.024249858106277333,True,0.024249858106277333,True,0.024249858106277333,True,0.024249858106277333,True,0.043187393579708,0.024249858106277333,True,True,0.75,1.0,0.024249858106277333,wind_stuck_7_days,2013
2831,US-ADR,US-ADR,2013-11-29,0.37251458,0.1,0.1,0.16499377074425464,0.16499377074425464,0.09522650595469934,0.3348760747971565,0.019608820766868214,0.020136245795289196,0.0008276722209922128,0.16499377074425464,1.321478737358074,0.3167015039015853,0.2649937707442547,True,0.2649937707442547,True,0.2649937707442547,True,0.2649937707442547,True,0.2649937707442547,True,0.2649937707442547,True,0.2649937707442547,True,0.22374532805819097,0.2649937707442547,True,True,0.75,1.0,0.2649937707442547,wind_stuck_7_days,2013
2832,US-ADR,US-ADR,2013-11-30,0.11117008,0.2,0.2,0.08262468744463383,0.08262468744463383,0.08132017281391035,0.3639234201384628,0.019608820766868214,0.020136245795289196,0.0008276722209922128,-0.08262468744463383,1.321478737358074,0.3167015039015853,0.28262468744463387,True,0.28262468744463387,True,0.28262468744463387,True,0.28262468744463387,True,0.28262468744463387,True,0.28262468744463387,True,0.28262468744463387,True,0.2619685155834754,0.28262468744463387,True,True,0.75,1.0,0.28262468744463387,wind_stuck_7_days,2013
2833,US-ADR,US-ADR,2013-12-07,0.14204555,0.1,0.1,0.20404855955240803,0.20404855955240803,0.09016646191430053,0.23120426081726309,0.019608820766868214,0.020136245795289196,0.0008276722209922128,-0.11995745955240805,1.321478737358074,0.3167015039015853,0.30404855955240806,True,0.30404855955240806,True,0.30404855955240806,True,0.30404855955240806,True,0.30404855955240806,True,0.30404855955240806,True,0.30404855955240806,True,0.253036419664306,0.28720432606506946,True,True,0.75,0.9174498779884193,0.30404855955240806,wind_stuck_7_days,2013
2834,US-ADR,US-ADR,2013-12-08,0.01429337,0.4,0.4,-0.002855595844573078,0.002855595844573078,0.09564391257789752,0.2584605071296969,0.019608820766868214,0.020136245795289196,0.0008276722209922128,0.0028555958445730667,1.321478737358074,0.3167015039015853,0.39714440415542696,True,0.39714440415542696,True,0.39714440415542696,True,0.39714440415542696,True,0.39714440415542696,True,0.39714440415542696,True,0.39714440415542696,True,0.3978583031165702,0.39714440415542696,True,True,0.75,1.0,0.39714440415542696,wind_stuck_7_days,2013
2835,US-ADR,US-ADR,2013-12-15,0.11356026,0.1,0.1,0.09022848876300633,0.09022848876300633,0.09850990800729226,0.37681344304585374,0.019608820766868214,0.020136245795289196,0.0008276722209922128,-0.06310796876300635,1.321478737358074,0.3167015039015853,0.19022848876300635,True,0.19022848876300635,True,0.19022848876300635,True,0.19022848876300635,True,0.19022848876300635,True,0.19022848876300635,True,0.19022848876300635,True,0.16767136657225476,0.19022848876300635,True,True,0.75,1.0,0.19022848876300635,wind_stuck_7_days,2013
2836,US-ADR,US-ADR,2013-12-16,-0.01545202,0.1,0.1,0.06091075668963142,0.06091075668963142,0.10919218096630957,0.4441429948676898,0.019608820766868214,0.020136245795289196,0.0008276722209922128,-0.060910756689631404,1.321478737358074,0.3167015039015853,0.16091075668963142,True,0.16091075668963142,True,0.16091075668963142,True,0.16091075668963142,True,0.16091075668963142,True,0.16091075668963142,True,0.16091075668963142,True,0.14568306751722357,0.16091075668963142,True,True,0.75,1.0,0.16091075668963142,wind_stuck_7_days,2013
2837,US-ADR,US-ADR,2013-12-23,0.26872347,0.0,0.0,0.25450548769249465,0.25450548769249465,0.13308368707802215,0.3080756874449566,0.05389652751388554,0.050612966327869255,0.0008276722209922128,0.25450548769249465,1.321478737358074,0.3167015039015853,0.25450548769249465,True,0.25450548769249465,True,0.25450548769249465,True,0.25450548769249465,True,0.25450548769249465,True,0.25450548769249465,True,0.25450548769249465,True,0.190879115769371,0.25450548769249465,True,True,0.75,1.0,0.25450548769249465,wind_stuck_7_days,2013
2838,US-ADR,US-ADR,2013-12-24,0.08676083,0.6,0.6,-0.020770956777614605,0.020770956777614605,0.10792607276121215,0.3205549916526144,0.01917387183027085,0.020136245795289196,0.0008276722209922128,0.02077095677761459,1.321478737358074,0.3167015039015853,0.5792290432223853,True,0.5792290432223853,True,0.5792290432223853,True,0.5792290432223853,True,0.5792290432223853,True,0.5792290432223853,True,0.5792290432223853,True,0.584421782416789,0.5792290432223853,True,True,0.75,1.0,0.5792290432223853,wind_stuck_7_days,2013
3272,US-ARM,US-A32,2013-01-02,0.94562579,0.4,0.4,-0.019179246618449643,0.019179246618449643,0.1342398477729405,0.24406488058604986,0.019608820766868214,0.020136245795289196,0.0008276722209922128,-0.019179246618449608,1.321478737358074,0.3167015039015853,0.38082075338155036,True,0.38082075338155036,True,0.38082075338155036,True,0.38082075338155036,True,0.38082075338155036,True,0.38082075338155036,True,0.38082075338155036,True,0.3856155650361628,0.38082075338155036,True,True,0.75,1.0,0.38082075338155036,wind_stuck_7_days,2013
3273,US-ARM,US-A32,2013-01-18,0.53050319,0.8,0.8,-0.0747991679807925,0.0747991679807925,0.16498208022687413,0.4124396382545773,0.021480718832312562,0.01847611138257079,0.0008276722209922128,0.0747991679807925,1.321478737358074,0.3167015039015853,0.7252008320192076,True,0.7252008320192076,True,0.7252008320192076,True,0.7252008320192076,True,0.7252008320192076,True,0.7252008320192076,True,0.7252008320192076,True,0.7439006240144057,0.7252008320192076,True,True,0.75,1.0,0.7252008320192076,wind_stuck_7_days,2013
3274,US-ARM,US-A32,2013-02-03,0.73965853,0.8,0.8,-0.19998787090785955,0.19998787090785955,0.12279585293105771,0.3671633457729163,0.035621312325307256,0.040274861620953326,0.0008276722209922128,-0.07930493090785953,1.321478737358074,0.3167015039015853,0.6000121290921405,True,0.6000121290921405,True,0.6000121290921405,True,0.6000121290921405,True,0.6000121290921405,True,0.6000121290921405,True,0.6000121290921405,True,0.6500090968191053,0.6065055489312665,True,True,0.75,0.9675309317027644,0.6000121290921405,wind_stuck_7_days,2013
3275,US-ARM,US-A32,2013-02-19,0.84661596,0.8,0.8,-0.12389629537047193,0.12389629537047193,0.0917314247661071,0.2993374624973182,0.021480718832312562,0.01847611138257079,0.0008276722209922128,-0.12389629537047192,1.321478737358074,0.3167015039015853,0.6761037046295281,True,0.6761037046295281,True,0.6761037046295281,True,0.6761037046295281,True,0.6761037046295281,True,0.6761037046295281,True,0.6761037046295281,True,0.707077778472146,0.6761037046295281,True,True,0.75,1.0,0.6761037046295281,wind_stuck_7_days,2013
3276,US-ARM,US-A32,2013-03-07,2.13178644,1.9,1.9,-0.6536554223913834,0.6536554223913834,0.1153141780565884,0.5489748527546109,0.14081884218490742,0.1396243325586454,0.05966670106779932,-0.6536554223913834,1.321478737358074,0.3167015039015853,1.2463445776086166,True,1.2463445776086166,True,1.2463445776086166,True,1.2463445776086166,True,1.2463445776086166,True,1.2463445776086166,True,1.2463445776086166,True,1.4097584332064623,1.4194672450508685,True,True,0.75,0.735146896190524,1.2463445776086166,wind_stuck_7_days,2013
3277,US-ARM,US-A32,2013-04-24,4.08316914,3.1,3.1,-1.0563473384137314,1.0563473384137314,0.12056350924326037,0.46264481997529555,0.19552095841728903,0.15712927588420852,0.01972615349206899,-1.0563473384137314,1.321478737358074,0.3167015039015853,2.0436526615862687,True,2.0436526615862687,True,2.0436526615862687,True,2.0436526615862687,True,2.0436526615862687,True,2.0436526615862687,True,2.0436526615862687,True,2.3077394961897015,2.394968100872992,True,True,0.75,0.6674243153636589,2.0436526615862687,wind_stuck_7_days,2013
3278,US-ARM,US-A32,2013-06-03,4.96368312,4.6,4.6,-0.11878794597303151,0.11878794597303151,0.11075959695770943,0.5226149822857039,0.007672034229034829,-0.0029081399485327993,0.017561511013689256,-0.1187879459730315,1.321478737358074,0.3167015039015853,4.481212054026968,True,4.481212054026968,True,4.481212054026968,True,4.481212054026968,True,4.481212054026968,True,4.6,False,4.481212054026968,True,4.510909040520226,4.481212054026968,True,True,0.75,1.0,4.481212054026968,wind_stuck_7_days,2013
3279,US-ARM,US-A32,2013-06-11,3.67089174,4.2,4.2,-0.7455070450189845,0.7455070450189845,0.26240304943630416,0.6850308952968779,0.073461625662131,0.14192206349622213,-0.04601244492733928,0.31270947498101576,1.321478737358074,0.3167015039015853,3.4544929549810157,True,3.4544929549810157,True,3.4544929549810157,True,3.4544929549810157,True,3.4544929549810157,True,3.4544929549810157,True,4.2,False,3.6408697162357617,4.003936055744796,True,True,0.75,0.2629940864612637,3.4544929549810157,wind_stuck_7_days,2013
3280,US-ARM,US-A32,2013-07-13,3.35189948,3.6,3.6,-1.2254897750611675,1.2254897750611675,0.17988690041645847,0.6759326556757946,-0.018022054062859255,0.09711262616934534,-0.04619417816440778,-0.7292887350611676,1.321478737358074,0.3167015039015853,2.374510224938833,True,2.374510224938833,True,2.374510224938833,True,3.6,False,3.6,False,2.374510224938833,True,3.6,False,2.6808826687041245,3.1142754261430405,True,True,0.75,0.39635138843383316,2.436980729164294,wind_stuck_7_days,2013
3281,US-ARM,US-A32,2013-08-06,7.5977242,6.5,6.5,-1.03998794855761,1.03998794855761,0.22464311164404616,0.5807034974982825,0.02496158012589681,-0.031084161607498807,-0.04619417816440778,-1.0399879485576102,1.321478737358074,0.3167015039015853,5.46001205144239,True,5.46001205144239,True,5.46001205144239,True,5.46001205144239,True,5.46001205144239,True,6.5,False,6.5,False,5.720009038581793,6.020601019477284,True,True,0.75,0.46096589983336667,5.612048883123032,wind_stuck_7_days,2013
3282,US-ARM,US-A32,2013-08-14,5.62781195,3.6,3.6,0.07028600492976347,0.07028600492976347,0.2378036606145176,0.4039982525655854,0.018969002467169833,0.01847611138257079,0.017561511013689256,0.07028600492976356,1.321478737358074,0.3167015039015853,3.6702860049297636,True,3.6702860049297636,True,3.6702860049297636,True,3.6702860049297636,True,3.6702860049297636,True,3.6702860049297636,True,3.6702860049297636,True,3.6527145036973225,3.6702860049297636,True,True,0.75,1.0,3.6702860049297636,wind_stuck_7_days,2013
3283,US-ARM,US-A32,2013-08-30,2.39736468,2.9,2.9,-0.712501708243509,0.712501708243509,0.24358233521069375,0.6644255604311563,0.12035198273705265,0.12490565680915212,-0.04601244492733928,0.292768931756491,1.321478737358074,0.3167015039015853,2.1874982917564907,True,2.1874982917564907,True,2.1874982917564907,True,2.1874982917564907,True,2.1874982917564907,True,2.1874982917564907,True,2.9,False,2.365623718817368,2.489503765239645,True,True,0.75,0.5761336850297926,2.1874982917564907,wind_stuck_7_days,2013
3284,US-ARM,US-A32,2013-09-07,1.28890919,2.6,2.6,-0.13698067740260494,0.13698067740260494,0.18155811361989452,0.693002361080435,0.021275849469211544,0.02133584918872712,0.017561511013689256,0.136980677402605,1.321478737358074,0.3167015039015853,2.463019322597395,True,2.463019322597395,True,2.463019322597395,True,2.463019322597395,True,2.463019322597395,True,2.463019322597395,True,2.463019322597395,True,2.4972644919480462,2.463019322597395,True,True,0.75,1.0,2.5902162869991145,wind_stuck_7_days,2013
3285,US-ARM,US-A32,2013-09-23,2.44174799,1.8,1.8,-0.21606862427248247,0.21606862427248247,0.16656243837445633,0.4918962317182555,0.023269411573192716,0.019692918864236564,0.017561511013689256,-0.21606862427248252,1.321478737358074,0.3167015039015853,1.5839313757275175,True,1.5839313757275175,True,1.5839313757275175,True,1.5839313757275175,True,1.5839313757275175,True,1.5839313757275175,True,1.5839313757275175,True,1.6379485317956382,1.625063526424389,True,True,0.75,0.8096338566723137,1.5839313757275175,wind_stuck_7_days,2013
3286,US-ARM,US-A32,2013-10-01,3.27200809,2.5,2.5,-0.6068307608748682,0.6068307608748682,0.20619612497239093,0.4760649490156485,0.1107868971452057,0.1095847296143193,0.03664172552183452,-0.6068307608748682,1.321478737358074,0.3167015039015853,1.8931692391251318,True,1.8931692391251318,True,1.8931692391251318,True,1.8931692391251318,True,1.8931692391251318,True,1.8931692391251318,True,1.8931692391251318,True,2.044876929343849,2.111287377995003,True,True,0.75,0.64056182887728,1.8931692391251318,wind_stuck_7_days,2013
3287,US-ARM,US-A32,2013-10-09,1.18649069,1.0,1.0,-0.313729263470207,0.313729263470207,0.11347678374303627,0.4818199961937782,0.0769409148121445,0.06939355076627238,0.017561511013689256,-0.313729263470207,1.321478737358074,0.3167015039015853,0.686270736529793,True,0.686270736529793,True,0.686270736529793,True,0.686270736529793,True,0.686270736529793,True,0.686270736529793,True,0.686270736529793,True,0.7647030523973447,0.699293465916551,True,True,0.75,0.9584905493267935,0.686270736529793,wind_stuck_7_days,2013
3288,US-ARM,US-A32,2013-10-17,2.7797207,1.6,1.6,-0.3839568326392122,0.3839568326392122,0.12371154815728105,0.360964194511842,0.09493296803277274,0.10130483136204582,0.0008276722209922128,-0.3839568326392122,1.321478737358074,0.3167015039015853,1.2160431673607879,True,1.2160431673607879,True,1.2160431673607879,True,1.2160431673607879,True,1.2160431673607879,True,1.2160431673607879,True,1.2160431673607879,True,1.312032375520591,1.3250210576530503,True,True,0.75,0.7161715041162862,1.2160431673607879,wind_stuck_7_days,2013
3289,US-ARM,US-A32,2013-11-02,2.8651592,1.3,1.3,-0.2969767066778763,0.2969767066778763,0.0874021399195162,0.26726933801513975,0.0510742629537043,0.053548105241532085,0.0008276722209922128,-0.29697670667787635,1.321478737358074,0.3167015039015853,1.0030232933221237,True,1.0030232933221237,True,1.0030232933221237,True,1.0030232933221237,True,1.0030232933221237,True,1.0030232933221237,True,1.0030232933221237,True,1.0772674699915927,1.0506857793195046,True,True,0.75,0.8395076619625956,1.0030232933221237,wind_stuck_7_days,2013
3290,US-ARM,US-A32,2013-11-18,0.7188354,0.9,0.9,-0.2837778766209611,0.2837778766209611,0.08973543354399917,0.347089281256223,0.0510742629537043,0.053548105241532085,0.0008276722209922128,0.07855132337903892,1.321478737358074,0.3167015039015853,0.6162221233790389,True,0.6162221233790389,True,0.6162221233790389,True,0.6162221233790389,True,0.6162221233790389,True,0.6162221233790389,True,0.6162221233790389,True,0.6871665925342791,0.6393663484394391,True,True,0.75,0.9184424616323645,0.6162221233790389,wind_stuck_7_days,2013
3291,US-ARM,US-A32,2013-11-26,1.58872213,0.9,0.9,-0.10644674195803008,0.10644674195803008,0.10945644212915374,0.3519584230554968,0.021480718832312562,0.020136245795289196,0.0008276722209922128,-0.10644674195803006,1.321478737358074,0.3167015039015853,0.79355325804197,True,0.79355325804197,True,0.79355325804197,True,0.79355325804197,True,0.79355325804197,True,0.79355325804197,True,0.79355325804197,True,0.8201649435314775,0.79355325804197,True,True,0.75,1.0,0.79355325804197,wind_stuck_7_days,2013
3292,US-ARM,US-A32,2013-12-12,0.4325922,0.5,0.5,-0.07223814644433979,0.07223814644433979,0.1093101831757903,0.3599975799111323,0.021480718832312562,0.020136245795289196,0.0008276722209922128,0.06257745355566025,1.321478737358074,0.3167015039015853,0.4277618535556602,True,0.4277618535556602,True,0.4277618535556602,True,0.4277618535556602,True,0.4277618535556602,True,0.4277618535556602,True,0.4277618535556602,True,0.44582139016674516,0.4277618535556602,True,True,0.75,1.0,0.4277618535556602,wind_stuck_7_days,2013
3293,US-ARM,US-A32,2013-12-28,1.41471654,1.2,1.2,-0.17291025429933224,0.17291025429933224,0.11382419279086688,0.40877493275002613,0.035621312325307256,0.04193499603367173,0.0008276722209922128,-0.17291025429933227,1.321478737358074,0.3167015039015853,1.0270897457006678,True,1.0270897457006678,True,1.0270897457006678,True,1.0270897457006678,True,1.0270897457006678,True,1.0270897457006678,True,1.0270897457006678,True,1.0703173092755007,1.0270897457006678,True,True,0.75,1.0,1.0270897457006678,wind_stuck_7_days,2013
5370,US-CMW,US-CMW,2013-01-03,0.21413671,1.1,1.1,-0.4773205933257881,0.4773205933257881,0.16270898626321983,0.3806442344576777,0.12438238562384875,0.13442058390424827,0.0008276722209922128,0.4773205933257881,1.321478737358074,0.3167015039015853,0.6226794066742121,True,0.6226794066742121,True,0.6226794066742121,True,0.6226794066742121,True,0.6226794066742121,True,0.6226794066742121,True,0.6226794066742121,True,0.742009555005659,0.638509375893323,True,True,0.75,0.9668357715119438,0.6226794066742121,wind_stuck_7_days,2013
5371,US-CMW,US-CMW,2013-01-19,0.085754,1.0,1.0,-0.5839000869160502,0.5839000869160502,0.15187216412873175,0.5416139534481847,0.138551694672775,0.13442058390424827,0.04293286227510228,0.5839000869160502,1.321478737358074,0.3167015039015853,0.4160999130839498,True,0.4160999130839498,True,0.4160999130839498,True,0.4160999130839498,True,0.4160999130839498,True,0.4160999130839498,True,0.4160999130839498,True,0.5620749348129623,0.5689524163205391,True,True,0.75,0.7382214754515602,0.4160999130839498,wind_stuck_7_days,2013
5372,US-CMW,US-CMW,2013-03-24,0.29634824,1.8,1.8,-1.1584014150435937,1.1584014150435937,0.20925394766580632,0.5346568872736762,0.0540039347808595,0.0736044827768722,0.017171866078906833,1.1584014150435937,1.321478737358074,0.3167015039015853,0.6415985849564063,True,0.6415985849564063,True,0.6415985849564063,True,0.6415985849564063,True,0.6415985849564063,True,0.6415985849564063,True,0.6415985849564063,True,0.9311989387173047,1.1851794027676346,True,True,0.75,0.5307491766221887,0.6415985849564063,wind_stuck_7_days,2013
5373,US-CMW,US-CMW,2013-04-17,0.33603025,1.4,1.4,-0.1856126569905051,0.1856126569905051,0.2669098588707913,0.6689953558732136,0.023474280936293734,0.019692918864236564,0.017561511013689256,0.1856126569905051,1.321478737358074,0.3167015039015853,1.214387343009495,True,1.214387343009495,True,1.214387343009495,True,1.214387343009495,True,1.214387343009495,True,1.214387343009495,True,1.214387343009495,True,1.260790507257121,1.214387343009495,True,True,0.75,1.0,1.214387343009495,wind_stuck_7_days,2013
5374,US-CMW,US-CMW,2013-04-25,0.12994435,1.0,1.0,-0.5916231832259959,0.5916231832259959,0.23483558683558542,0.6843971951903385,0.11875242490480475,0.1271321164875487,-0.04601244492733928,0.5916231832259959,1.321478737358074,0.3167015039015853,0.40837681677400406,True,0.40837681677400406,True,0.40837681677400406,True,0.40837681677400406,True,0.40837681677400406,True,0.40837681677400406,True,1.0,False,0.556282612580503,0.46345119592599204,True,True,0.75,0.906909700780015,0.40837681677400406,wind_stuck_7_days,2013
5375,US-CMW,US-CMW,2013-05-03,0.18747105,2.2,2.2,-1.3039276617667006,1.3039276617667006,0.24787524572864528,0.8333704075552475,-0.10648403291956389,0.0594756027050809,-0.10358220438592969,1.3039276617667006,1.321478737358074,0.3167015039015853,0.8960723382332996,True,0.8960723382332996,True,0.8960723382332996,True,2.2,False,2.2,False,0.8960723382332996,True,2.2,False,1.2220542536749748,1.9390064910281601,True,True,0.75,0.20015950011998218,0.8960723382332996,wind_stuck_7_days,2013
5376,US-CMW,US-CMW,2013-05-11,0.2449212,2.6,2.6,-0.35975256943483935,0.35975256943483935,0.17193344921827666,0.5197421501326878,0.08278593664375922,0.07992552735368162,0.017561511013689256,0.35975256943483935,1.321478737358074,0.3167015039015853,2.2402474305651605,True,2.2402474305651605,True,2.2402474305651605,True,2.2402474305651605,True,2.2402474305651605,True,2.2402474305651605,True,2.2402474305651605,True,2.3301855729238707,2.2936118959092955,True,True,0.75,0.8516634212565349,2.2402474305651605,wind_stuck_7_days,2013
5377,US-CMW,US-CMW,2013-05-19,0.90478568,3.8,3.8,-0.9449170926545574,0.9449170926545574,0.13809249572235907,0.45932932331802495,0.12035198273705265,0.13434089305336566,-0.04619417816440778,0.9449170926545574,1.321478737358074,0.3167015039015853,2.8550829073454427,True,2.8550829073454427,True,2.8550829073454427,True,2.8550829073454427,True,2.8550829073454427,True,2.8550829073454427,True,3.8,False,3.0913121805090817,3.2198858155971934,True,True,0.75,0.6139313056271322,2.8550829073454427,wind_stuck_7_days,2013
5378,US-CMW,US-CMW,2013-05-27,1.94349993,4.1,4.1,-0.522492386030787,0.522492386030787,0.13328136186851244,0.5238561412092985,0.11854755554170374,0.122758105576664,-0.04599379604401873,0.5224923860307871,1.321478737358074,0.3167015039015853,3.5775076139692126,True,3.5775076139692126,True,3.5775076139692126,True,3.5775076139692126,True,3.5775076139692126,True,3.5775076139692126,True,4.1,False,3.7081307104769095,3.6277988782377735,True,True,0.75,0.9037473739079572,3.5775076139692126,wind_stuck_7_days,2013
5379,US-CMW,US-CMW,2013-06-04,3.0268641,5.4,5.4,-0.5945096824867939,0.5945096824867939,0.16572323258310825,0.4931438609227284,0.08849861119797076,0.09414225507313925,-0.04601244492733928,0.5945096824867939,1.321478737358074,0.3167015039015853,4.805490317513207,True,4.805490317513207,True,4.805490317513207,True,4.805490317513207,True,4.805490317513207,True,4.805490317513207,True,5.4,False,4.954117738134905,5.111722722297494,True,True,0.75,0.4848992139146701,4.805490317513207,wind_stuck_7_days,2013
5380,US-CMW,US-CMW,2013-06-12,3.90481808,5.8,5.8,0.426208237942424,0.426208237942424,0.36593903755674445,0.8084543756068259,-0.3294168248491062,-0.3450393290556478,-0.09523228540516696,-0.4262082379424239,1.321478737358074,0.3167015039015853,6.226208237942424,True,5.8,False,6.226208237942424,True,5.8,False,5.8,False,5.8,False,5.8,False,6.119656178456818,5.8,True,False,0.75,0.0,5.649352774226697,wind_stuck_7_days,2013
5381,US-CMW,US-CMW,2013-06-20,4.20440827,6.4,6.4,0.14606870837802624,0.14606870837802624,0.42562039658006323,0.8792107760669696,-0.22054597613923171,-0.2152989744429589,-0.10245484747564826,-0.1460687083780261,1.321478737358074,0.3167015039015853,6.5460687083780265,True,6.4,False,6.5460687083780265,True,6.4,False,6.4,False,6.4,False,6.4,False,6.50955153128352,6.4,True,False,0.75,0.0,6.90671722820905,wind_stuck_7_days,2013
5382,US-CMW,US-CMW,2013-07-06,4.89830452,5.8,5.8,-0.24442533809159364,0.24442533809159364,0.1557801392667321,0.584803609988805,0.02020521023809943,0.013824542625139692,0.017561511013689256,0.2444253380915936,1.321478737358074,0.3167015039015853,5.555574661908406,True,5.555574661908406,True,5.555574661908406,True,5.555574661908406,True,5.555574661908406,True,5.555574661908406,True,5.555574661908406,True,5.616680996431304,5.555574661908406,True,True,0.75,1.0,5.555574661908406,wind_stuck_7_days,2013
5383,US-CMW,US-CMW,2013-07-22,4.83158459,3.4,3.4,1.4237552158165228,1.4237552158165228,0.26652476659874513,0.5878648936901821,0.392889687300968,0.45614815572728906,-0.42642150258096134,1.4237552158165228,1.321478737358074,0.3167015039015853,4.823755215816522,True,4.823755215816522,True,4.823755215816522,True,4.823755215816522,True,4.823755215816522,True,4.823755215816522,True,3.4,False,4.467816411862392,4.136332279910463,True,True,0.75,0.5171761772884375,4.823755215816522,wind_stuck_7_days,2013
5384,US-CMW,US-CMW,2013-08-31,5.47471879,4.4,4.4,0.08671587915084616,0.08671587915084616,0.14499990217078826,0.42049793001866237,0.015222563027610523,0.0039613875206744595,0.017561511013689256,0.08671587915084622,1.321478737358074,0.3167015039015853,4.486715879150847,True,4.486715879150847,True,4.486715879150847,True,4.486715879150847,True,4.486715879150847,True,4.486715879150847,True,4.486715879150847,True,4.465036909363135,4.486715879150847,True,True,0.75,1.0,4.486715879150847,wind_stuck_7_days,2013
5385,US-CMW,US-CMW,2013-09-16,3.90652093,4.7,4.7,-0.578217176887792,0.578217176887792,0.2009925275339662,0.5053430063479892,0.07485705938856976,0.06781756913243223,0.017353599315975327,0.578217176887792,1.321478737358074,0.3167015039015853,4.121782823112208,True,4.121782823112208,True,4.121782823112208,True,4.121782823112208,True,4.121782823112208,True,4.121782823112208,True,4.121782823112208,True,4.266337117334157,4.284253903043962,True,True,0.75,0.7190137435794602,4.121782823112208,wind_stuck_7_days,2013
5386,US-CMW,US-CMW,2013-09-24,4.0210781,4.1,4.1,-0.43584607663236224,0.43584607663236224,0.1694720902350412,0.4093498346835928,0.1007075174974209,0.1059901871374236,0.017561511013689256,-0.2780022766323638,1.321478737358074,0.3167015039015853,3.6641539233676372,True,3.6641539233676372,True,3.6641539233676372,True,3.6641539233676372,True,3.6641539233676372,True,3.6641539233676372,True,3.6641539233676372,True,3.773115442525728,3.7665710556810668,True,True,0.75,0.7650153625225393,3.6641539233676372,wind_stuck_7_days,2013
5387,US-CMW,US-CMW,2013-10-02,3.12280594,3.2,3.2,-0.8356353532408052,0.8356353532408052,0.19681200121132272,0.47736905430764853,0.11856161224507306,0.12501092923294582,0.03664172552183452,-0.681247233240805,1.321478737358074,0.3167015039015853,2.3643646467591948,True,2.3643646467591948,True,2.3643646467591948,True,2.3643646467591948,True,2.3643646467591948,True,2.3643646467591948,True,2.3643646467591948,True,2.5732734850693966,2.7219931413302625,True,True,0.75,0.5720280464629771,2.3643646467591948,wind_stuck_7_days,2013
5388,US-CMW,US-CMW,2013-10-10,2.48441564,2.5,2.5,-0.4681998513031919,0.4681998513031919,0.11905954012554487,0.6706392266349676,0.14414570087309653,0.13442058390424827,0.017561511013689256,-0.43703113130319177,1.321478737358074,0.3167015039015853,2.0318001486968083,True,2.0318001486968083,True,2.0318001486968083,True,2.0318001486968083,True,2.0318001486968083,True,2.0318001486968083,True,2.0318001486968083,True,2.148850111522606,2.0318001486968083,True,True,0.75,1.0,2.0318001486968083,wind_stuck_7_days,2013
5389,US-CMW,US-CMW,2013-10-18,1.7948935,2.7,2.7,-0.9905935705355192,0.9905935705355192,0.15024001448271626,0.5405169923947896,0.1763709717205983,0.15325160679272468,0.059484967830730824,0.8196194294644813,1.321478737358074,0.3167015039015853,1.7094064294644808,True,1.7094064294644808,True,1.7094064294644808,True,1.7094064294644808,True,1.7094064294644808,True,1.7094064294644808,True,1.7094064294644808,True,1.9570548220983608,1.828000756718159,True,True,0.75,0.8802795305954132,1.7094064294644808,wind_stuck_7_days,2013
5390,US-CMW,US-CMW,2013-10-26,1.78066358,2.3,2.3,-0.8712581658847146,0.8712581658847146,0.20983929343678637,0.43346209273792907,0.12705903679306385,0.1396243325586454,0.03664172552183452,0.1674146741152852,1.321478737358074,0.3167015039015853,1.4287418341152853,True,1.4287418341152853,True,1.4287418341152853,True,1.4287418341152853,True,1.4287418341152853,True,1.4287418341152853,True,1.4287418341152853,True,1.6465563755864638,1.8562159661205544,True,True,0.75,0.50935997073704,1.4287418341152853,wind_stuck_7_days,2013
5391,US-CMW,US-CMW,2013-11-11,1.07806685,2.0,2.0,-0.7182991587755155,0.7182991587755155,0.19154708588662242,0.4332581588169207,0.12705903679306385,0.1396243325586454,0.019907886729137483,0.7182991587755155,1.321478737358074,0.3167015039015853,1.2817008412244846,True,1.2817008412244846,True,1.2817008412244846,True,1.2817008412244846,True,1.2817008412244846,True,1.2817008412244846,True,1.2817008412244846,True,1.4612756309183634,1.5685586894311918,True,True,0.75,0.6006429289215459,1.2817008412244846,wind_stuck_7_days,2013
5392,US-CMW,US-CMW,2013-11-19,0.88300328,1.7,1.7,-0.4510224323920563,0.4510224323920563,0.1655647525149614,0.4769696345631062,0.13834682530967396,0.13442058390424827,0.0008276722209922128,0.4510224323920563,1.321478737358074,0.3167015039015853,1.2489775676079438,True,1.2489775676079438,True,1.2489775676079438,True,1.2489775676079438,True,1.2489775676079438,True,1.2489775676079438,True,1.2489775676079438,True,1.3617331757059579,1.2489775676079438,True,True,0.75,1.0,1.2489775676079438,wind_stuck_7_days,2013
5393,US-CMW,US-CMW,2013-12-13,0.46232264,1.1,1.1,0.026891849833507696,0.026891849833507696,0.14057118415973366,0.3913764805489728,0.01917387183027085,0.020136245795289196,0.0008276722209922128,-0.026891849833507675,1.321478737358074,0.3167015039015853,1.1268918498335079,True,1.1268918498335079,True,1.1268918498335079,True,1.1268918498335079,True,1.1268918498335079,True,1.1268918498335079,True,1.1268918498335079,True,1.1201688873751308,1.1268918498335079,True,True,0.75,1.0,1.1268918498335079,wind_stuck_7_days,2013
5394,US-CMW,US-CMW,2013-12-29,0.23998121,1.2,1.2,-0.3740063914294821,0.3740063914294821,0.13766817462099307,0.4728287064957291,0.09513783739587375,0.10296496577476423,0.0008276722209922128,0.3740063914294821,1.321478737358074,0.3167015039015853,0.8259936085705178,True,0.8259936085705178,True,0.8259936085705178,True,0.8259936085705178,True,0.8259936085705178,True,0.8259936085705178,True,0.8259936085705178,True,0.9194952064278884,0.9130135005995674,True,True,0.75,0.7673304680798297,0.8259936085705178,wind_stuck_7_days,2013
5576,US-CRT,US-CRT,2013-08-14,2.53758859,3.1,3.1,0.32405031108112514,0.32405031108112514,0.15577319880657117,0.49289324244280913,0.07243563634302055,0.07183384234241035,0.010261777178538899,-0.32405031108112514,1.321478737358074,0.3167015039015853,3.424050311081125,True,3.424050311081125,True,3.424050311081125,True,3.424050311081125,True,3.424050311081125,True,3.424050311081125,True,3.424050311081125,True,3.343037733310844,3.3935775725305355,True,True,0.75,0.9059629399863126,3.424050311081125,wind_stuck_7_days,2013
5577,US-CRT,US-CRT,2013-11-19,2.29351374,0.2,0.2,0.4385844763583364,0.4385844763583364,0.15606122822190688,0.4514931167664405,0.15626353362817919,0.15579200358229595,-0.025343252212233235,0.4385844763583364,1.321478737358074,0.3167015039015853,0.6385844763583364,True,0.6385844763583364,True,0.6385844763583364,True,0.6385844763583364,True,0.6385844763583364,True,0.6385844763583364,True,0.2,False,0.5289383572687523,0.6385844763583364,True,True,0.75,1.0,0.6385844763583364,wind_stuck_7_days,2013
5578,US-CRT,US-CRT,2013-11-27,0.85872466,0.1,0.1,0.5046484794071073,0.5046484794071073,0.22007329186175295,0.7170232633967021,0.0919038198192164,0.05710868669875377,-0.025343252212233235,0.5046484794071073,1.321478737358074,0.3167015039015853,0.6046484794071073,True,0.6046484794071073,True,0.6046484794071073,True,0.6046484794071073,True,0.6046484794071073,True,0.6046484794071073,True,0.1,False,0.4784863595553305,0.5352428185763706,True,True,0.75,0.862467314055362,0.6046484794071073,wind_stuck_7_days,2013
5579,US-CRT,US-CRT,2013-12-28,0.65095814,0.7,0.7,0.2546764492044912,0.2546764492044912,0.12447282013370484,0.47876709227640823,0.03462682245866788,0.03340948941586794,0.0008276722209922128,-0.2546764492044912,1.321478737358074,0.3167015039015853,0.9546764492044911,True,0.9546764492044911,True,0.9546764492044911,True,0.9546764492044911,True,0.9546764492044911,True,0.9546764492044911,True,0.9546764492044911,True,0.8910073369033683,0.9546764492044911,True,True,0.75,1.0,0.9546764492044911,wind_stuck_7_days,2013
5812,US-Ced,US-Ced,2013-02-17,0.81174883,0.9,0.9,-0.3763432986105214,0.3763432986105214,0.27458597740174023,0.9700165226282674,0.03553996152384394,0.061028074930835396,-0.03300515021199835,-0.1998409586105213,1.321478737358074,0.3167015039015853,0.5236567013894786,True,0.5236567013894786,True,0.9,False,0.5236567013894786,True,0.9,False,0.5236567013894786,True,0.9,False,0.617742526042109,0.7332319132726857,True,True,0.75,0.44312755758646577,0.35528015308940153,wind_stuck_7_days,2013
5813,US-Ced,US-Ced,2013-03-05,0.40992196,1.9,1.9,-0.4556891461445736,0.4556891461445736,0.2800940904640899,1.083965382321432,0.07376216106516076,0.0896108531396067,-0.03300515021199835,0.45568914614457356,1.321478737358074,0.3167015039015853,1.4443108538554263,True,1.4443108538554263,True,1.9,False,1.4443108538554263,True,1.9,False,1.4443108538554263,True,1.9,False,1.5582331403915697,1.5218669125956736,True,True,0.75,0.8298049023189995,1.086334308990268,wind_stuck_7_days,2013
5814,US-Ced,US-Ced,2013-05-01,3.06130187,3.2,3.2,-0.20092281437390286,0.20092281437390286,0.16534046667648045,0.39587818502562255,0.034213850202890056,0.036656870444491924,0.017561511013689256,0.07647344562609776,1.321478737358074,0.3167015039015853,2.9990771856260974,True,2.9990771856260974,True,2.9990771856260974,True,2.9990771856260974,True,2.9990771856260974,True,2.9990771856260974,True,2.9990771856260974,True,3.049307889219573,3.015663388467573,True,True,0.75,0.9174498779884193,2.9990771856260974,wind_stuck_7_days,2013
5815,US-Ced,US-Ced,2013-08-05,4.6454849,5.5,5.5,-0.39373822267340597,0.39373822267340597,0.1561420447068222,0.46962373014192116,0.06834075324125878,0.0722808451485779,0.017561511013689256,0.39373822267340597,1.321478737358074,0.3167015039015853,5.106261777326594,True,5.106261777326594,True,5.106261777326594,True,5.106261777326594,True,5.106261777326594,True,5.106261777326594,True,5.106261777326594,True,5.204696332994946,5.118250940025055,True,True,0.75,0.9695504220620069,5.106261777326594,wind_stuck_7_days,2013
5816,US-Ced,US-Ced,2013-08-20,3.16128296,5.5,5.5,0.15956684283244627,0.15956684283244627,0.22141732820022486,0.5261794169048802,0.005365187226993121,0.0015325694352476152,0.017561511013689256,-0.15956684283244638,1.321478737358074,0.3167015039015853,5.659566842832446,True,5.659566842832446,True,5.659566842832446,True,5.659566842832446,True,5.659566842832446,True,5.659566842832446,True,5.659566842832446,True,5.619675132124335,5.659566842832446,True,True,0.75,1.0,5.659566842832446,wind_stuck_7_days,2013
5817,US-Ced,US-Ced,2013-09-06,2.66655388,3.8,3.8,0.02152756149691267,0.02152756149691267,0.18958895768404885,0.42801963844743157,0.018969002467169833,0.01847611138257079,0.017561511013689256,-0.021527561496912595,1.321478737358074,0.3167015039015853,3.8215275614969126,True,3.8215275614969126,True,3.8215275614969126,True,3.8215275614969126,True,3.8215275614969126,True,3.8215275614969126,True,3.8215275614969126,True,3.816145671122684,3.8215275614969126,True,True,0.75,1.0,3.8215275614969126,wind_stuck_7_days,2013
5818,US-Ced,US-Ced,2013-09-29,2.03561124,2.6,2.6,-0.38646522551245077,0.38646522551245077,0.08104053358275712,0.3662304230014458,0.09493296803277274,0.10130483136204582,0.017561511013689256,0.38646522551245077,1.321478737358074,0.3167015039015853,2.2135347744875493,True,2.2135347744875493,True,2.2135347744875493,True,2.2135347744875493,True,2.2135347744875493,True,2.2135347744875493,True,2.2135347744875493,True,2.310151080865662,2.3232246181561083,True,True,0.75,0.7161715041162862,2.2135347744875493,wind_stuck_7_days,2013
5819,US-Ced,US-Ced,2013-09-30,2.24955005,3.0,3.0,-0.6181210841285187,0.6181210841285187,0.14360427859772049,0.27389744432268254,0.12417751626074773,0.13442058390424827,0.019907886729137483,0.6181210841285187,1.321478737358074,0.3167015039015853,2.3818789158714813,True,2.3818789158714813,True,2.3818789158714813,True,2.3818789158714813,True,2.3818789158714813,True,2.3818789158714813,True,2.3818789158714813,True,2.5364091869036107,2.523610451274169,True,True,0.75,0.7707058713221003,2.3818789158714813,wind_stuck_7_days,2013
5820,US-Ced,US-Ced,2013-10-15,1.88489688,2.5,2.5,-0.3068674583361934,0.3068674583361934,0.20138578934377083,0.4471770156519262,0.05086939359060328,0.053548105241532085,0.0008276722209922128,0.3068674583361934,1.321478737358074,0.3167015039015853,2.1931325416638066,True,2.1931325416638066,True,2.1931325416638066,True,2.1931325416638066,True,2.1931325416638066,True,2.1931325416638066,True,2.1931325416638066,True,2.269849406247855,2.24440128524516,True,True,0.75,0.8329287052484238,2.1931325416638066,wind_stuck_7_days,2013
5821,US-Ced,US-Ced,2013-11-08,1.3696756,1.0,1.0,0.22779701041721306,0.22779701041721306,0.21469172816658888,0.6528782067699421,0.01917387183027085,0.01847611138257079,0.0008276722209922128,0.22779701041721306,1.321478737358074,0.3167015039015853,1.2277970104172131,True,1.2277970104172131,True,1.2277970104172131,True,1.2277970104172131,True,1.2277970104172131,True,1.2277970104172131,True,1.2277970104172131,True,1.1708477578129097,1.1680422813362512,True,True,0.75,0.7376843138919148,1.1154113943517152,wind_stuck_7_days,2013
5822,US-Ced,US-Ced,2013-11-24,0.46377059,0.5,0.5,-0.1844329018579221,0.1844329018579221,0.31031056393630296,1.7139049682060112,0.044899607326073454,0.025117572555963384,-0.03300515021199835,-0.11197408185792207,1.321478737358074,0.3167015039015853,0.3155670981420779,True,0.3155670981420779,True,0.5,False,0.3155670981420779,True,0.5,False,0.3155670981420779,True,0.5,False,0.3616753236065584,0.3966695166272886,True,True,0.75,0.5602605735299444,0.4458175640819159,wind_stuck_7_days,2013
5823,US-Ced,US-Ced,2013-12-18,0.31058556,0.6,0.6,0.2265689601218718,0.2265689601218718,0.19185610920513949,0.4323806073899375,0.016926450365128246,0.013057952574841797,0.0008276722209922128,-0.22656896012187183,1.321478737358074,0.3167015039015853,0.8265689601218718,True,0.8265689601218718,True,0.8265689601218718,True,0.8265689601218718,True,0.8265689601218718,True,0.8265689601218718,True,0.8265689601218718,True,0.7699267200914038,0.7775888740898844,True,True,0.75,0.7838181981960772,0.8265689601218718,wind_stuck_7_days,2013
5824,US-Ced,US-Ced,2013-12-27,0.25373076,0.5,0.5,0.19158050040059565,0.19158050040059565,0.14823142473253584,0.4071119618865942,0.01917387183027085,0.020136245795289196,0.0008276722209922128,-0.19158050040059565,1.321478737358074,0.3167015039015853,0.6915805004005957,True,0.6915805004005957,True,0.6915805004005957,True,0.6915805004005957,True,0.6915805004005957,True,0.6915805004005957,True,0.6915805004005957,True,0.6436853753004468,0.6915805004005957,True,True,0.75,1.0,0.6915805004005957,wind_stuck_7_days,2013
6783,US-GLE,US-GLE,2013-06-12,3.0231198,6.1,6.1,-2.2623908126173182,2.2623908126173182,0.1836723998280638,0.5221563358540766,-0.791077027071919,-0.67114669584435,-0.8667344903545692,2.2623908126173182,1.321478737358074,0.3167015039015853,3.8376091873826814,True,3.8376091873826814,True,3.8376091873826814,True,6.1,False,6.1,False,6.1,False,6.1,False,4.403206890537011,5.652813549869519,True,True,0.75,0.19766100871543887,3.8376091873826814,wind_stuck_7_days,2013
6784,US-GLE,US-GLE,2013-06-20,3.51645273,3.9,3.9,-1.01740817306207,1.01740817306207,0.16406808987718066,0.5790398722890052,0.12802063766670504,0.14017743546245962,0.059484967830730824,-0.25031363306207055,1.321478737358074,0.3167015039015853,2.88259182693793,True,2.88259182693793,True,2.88259182693793,True,2.88259182693793,True,2.88259182693793,True,2.88259182693793,True,2.88259182693793,True,3.1369438702034476,3.1628392474788116,True,True,0.75,0.7245477007547249,2.88259182693793,wind_stuck_7_days,2013
6785,US-GLE,US-GLE,2013-06-21,3.3045369,4.5,4.5,-1.433412666269217,1.433412666269217,0.16007432659538945,0.36820165929521553,0.2906021973895568,0.3659100248912482,0.03645999228476603,0.957513533730783,1.321478737358074,0.3167015039015853,3.0665873337307827,True,3.0665873337307827,True,3.0665873337307827,True,3.0665873337307827,True,3.0665873337307827,True,3.0665873337307827,True,3.0665873337307827,True,3.4249405002980873,3.0665873337307827,True,True,0.75,1.0,3.0665873337307827,wind_stuck_7_days,2013
6786,US-GLE,US-GLE,2013-06-28,3.43154662,4.8,4.8,-1.153209514903147,1.153209514903147,0.18976104123728885,0.42846965278239557,-0.009524981888295843,0.03461944529374546,0.017171866078906833,1.153209514903147,1.321478737358074,0.3167015039015853,3.6467904850968527,True,3.6467904850968527,True,3.6467904850968527,True,4.8,False,4.8,False,3.6467904850968527,True,3.6467904850968527,True,3.9350928638226397,4.156680435251782,True,True,0.75,0.5578514193947205,3.6467904850968527,wind_stuck_7_days,2013
6787,US-GLE,US-GLE,2013-07-06,4.32250514,4.6,4.6,-0.7782751768833138,0.7782751768833138,0.09558600191800551,0.37717854891034547,0.061661386977912944,0.09221119249584205,0.03664172552183452,-0.2232854568833138,1.321478737358074,0.3167015039015853,3.8217248231166856,True,3.8217248231166856,True,3.8217248231166856,True,3.8217248231166856,True,3.8217248231166856,True,3.8217248231166856,True,3.8217248231166856,True,4.0162936173375146,4.228280852834549,True,True,0.75,0.47761917404849086,3.8217248231166856,wind_stuck_7_days,2013
6788,US-GLE,US-GLE,2013-07-22,4.75802363,6.2,6.2,-0.9057418042943851,0.9057418042943851,0.3606951164759987,0.673834217219896,-0.1604685286107068,-0.0463353469843403,0.017171866078906833,0.9057418042943851,1.321478737358074,0.3167015039015853,5.294258195705615,True,6.2,False,5.294258195705615,True,6.2,False,6.2,False,6.2,False,5.294258195705615,True,5.520693646779211,5.87390601127535,True,True,0.75,0.36002974266898574,5.294258195705615,wind_stuck_7_days,2013
6789,US-GLE,US-GLE,2013-07-23,3.98459794,5.0,5.0,-1.5211957146308315,1.5211957146308315,0.26377814248186154,0.4779314831863726,0.11878695126618825,0.004794072511155137,0.017171866078906833,0.5096084053691685,1.321478737358074,0.3167015039015853,3.4788042853691685,True,3.4788042853691685,True,3.4788042853691685,True,3.4788042853691685,True,3.4788042853691685,True,3.4788042853691685,True,3.4788042853691685,True,3.8591032140268764,4.4606842458465925,True,True,0.75,0.3545341003568961,3.4788042853691685,wind_stuck_7_days,2013
6790,US-GLE,US-GLE,2013-07-30,3.18362999,4.6,4.6,-0.8214086636505369,0.8214086636505369,0.20687254864396923,0.5338683918905125,0.20737562071866403,0.18184514709143776,0.05966670106779932,0.8214086636505369,1.321478737358074,0.3167015039015853,3.7785913363494625,True,3.7785913363494625,True,3.7785913363494625,True,3.7785913363494625,True,3.7785913363494625,True,3.7785913363494625,True,3.7785913363494625,True,3.983943502262097,4.074628522839884,True,True,0.75,0.639598168864252,3.7785913363494625,wind_stuck_7_days,2013
6791,US-GLE,US-GLE,2013-08-15,3.83601741,5.0,5.0,-1.362360947208458,1.362360947208458,0.29158816840473445,0.49074318758645835,0.6312027029205937,0.7090922282008622,0.03645999228476603,0.9656042327915417,1.321478737358074,0.3167015039015853,3.637639052791542,True,3.637639052791542,True,3.637639052791542,True,3.637639052791542,True,3.637639052791542,True,3.637639052791542,True,3.637639052791542,True,3.9782292895936564,3.637639052791542,True,True,0.75,1.0,3.637639052791542,wind_stuck_7_days,2013
6792,US-GLE,US-GLE,2013-09-08,2.71507843,2.9,2.9,-0.718348573402934,0.718348573402934,0.19638803616212114,0.43804845241692114,0.12705903679306385,0.1396243325586454,0.019907886729137483,-0.3485054334029345,1.321478737358074,0.3167015039015853,2.1816514265970657,True,2.1816514265970657,True,2.1816514265970657,True,2.1816514265970657,True,2.1816514265970657,True,2.1816514265970657,True,2.1816514265970657,True,2.3612385699477993,2.4685290088846474,True,True,0.75,0.6006429289215459,2.1816514265970657,wind_stuck_7_days,2013
6793,US-GLE,US-GLE,2013-09-17,2.20273121,2.8,2.8,-0.5930660623098039,0.5930660623098039,0.2364189730202328,0.3356957931627886,0.12417751626074773,0.13442058390424827,0.019907886729137483,0.5930660623098039,1.321478737358074,0.3167015039015853,2.206933937690196,True,2.206933937690196,True,2.206933937690196,True,2.206933937690196,True,2.206933937690196,True,2.206933937690196,True,2.206933937690196,True,2.355200453267647,2.3847488378359163,True,True,0.75,0.7001769087018945,2.206933937690196,wind_stuck_7_days,2013
6794,US-GLE,US-GLE,2013-09-24,2.60768589,3.0,3.0,-1.142814441242288,1.142814441242288,0.1380147125993743,0.5174961707308536,0.1602020922933147,0.1415062581873336,0.01972615349206899,-0.35818622124228794,1.321478737358074,0.3167015039015853,1.857185558757712,True,1.857185558757712,True,1.857185558757712,True,1.857185558757712,True,1.857185558757712,True,1.857185558757712,True,1.857185558757712,True,2.142889169068284,2.098522788136914,True,True,0.75,0.7888220338580441,1.857185558757712,wind_stuck_7_days,2013
6795,US-GLE,US-GLE,2013-09-25,1.68111269,2.0,2.0,-0.530527244705589,0.530527244705589,0.24197909723739225,0.6259544713658265,0.13834682530967396,0.13442058390424827,0.01748058000966776,0.10724737529441108,1.321478737358074,0.3167015039015853,1.4694727552944111,True,1.4694727552944111,True,1.4694727552944111,True,1.4694727552944111,True,1.4694727552944111,True,1.4694727552944111,True,1.4694727552944111,True,1.6021045664708082,1.5543694804377612,True,True,0.75,0.8399766911302305,1.4694727552944111,wind_stuck_7_days,2013
6796,US-GLE,US-GLE,2013-10-02,1.52919797,1.9,1.9,-0.5660642255796176,0.5660642255796176,0.07991519993137516,0.4078086749905422,0.1245870199178304,0.13442058390424827,0.019907886729137483,0.17553983442038223,1.321478737358074,0.3167015039015853,1.3339357744203824,True,1.3339357744203824,True,1.3339357744203824,True,1.3339357744203824,True,1.3339357744203824,True,1.3339357744203824,True,1.3339357744203824,True,1.4754518308152869,1.469663328479572,True,True,0.75,0.7602258755705462,1.3339357744203824,wind_stuck_7_days,2013
7098,US-IB1,US-IB1,2013-04-05,1.6925046,1.4,1.4,0.3453082524506117,0.3453082524506117,0.1720626318881387,0.3595804805763224,0.07264050570612157,0.07183384234241035,-0.025343252212233235,0.2397009475493883,1.321478737358074,0.3167015039015853,1.7453082524506116,True,1.7453082524506116,True,1.7453082524506116,True,1.7453082524506116,True,1.7453082524506116,True,1.7453082524506116,True,1.4,False,1.6589811893379587,1.682366831371722,True,True,0.75,0.817723959296652,1.7453082524506116,wind_stuck_7_days,2013
7099,US-IB1,US-IB1,2013-05-07,2.52340672,1.6,1.6,0.3351630364228862,0.3351630364228862,0.09459209791996027,0.4823145252243529,0.07243563634302055,0.07183384234241035,0.010261777178538899,0.33516303642288614,1.321478737358074,0.3167015039015853,1.9351630364228862,True,1.9351630364228862,True,1.9351630364228862,True,1.9351630364228862,True,1.9351630364228862,True,1.9351630364228862,True,1.9351630364228862,True,1.8513722773171648,1.8884474683887071,True,True,0.75,0.8606183768569382,1.9351630364228862,wind_stuck_7_days,2013
7100,US-IB1,US-IB1,2013-09-12,4.64154543,4.3,4.3,0.2757331234757681,0.2757331234757681,0.16688772569592486,0.4859723791462772,0.0068409065001459775,0.0055507239059244574,0.017561511013689256,0.2757331234757681,1.321478737358074,0.3167015039015853,4.575733123475768,True,4.575733123475768,True,4.575733123475768,True,4.575733123475768,True,4.575733123475768,True,4.575733123475768,True,4.575733123475768,True,4.506799842606826,4.573906401401493,True,True,0.75,0.9933750357909581,4.575733123475768,wind_stuck_7_days,2013
7101,US-IB1,US-IB1,2013-11-23,0.82136621,0.4,0.4,0.26444873341593433,0.26444873341593433,0.19157325376900206,0.6771269212707374,0.02017432411102706,0.032808731361104335,0.0008276722209922128,0.26444873341593433,1.321478737358074,0.3167015039015853,0.6644487334159344,True,0.6644487334159344,True,0.6644487334159344,True,0.6644487334159344,True,0.6644487334159344,True,0.6644487334159344,True,0.6644487334159344,True,0.5983365500619507,0.6644487334159344,True,True,0.75,1.0,0.6700692815486924,wind_stuck_7_days,2013
7211,US-IB2,US-IB1,2013-04-05,1.18729468,0.3,0.3,1.2390904242938574,1.2390904242938574,0.14651085903892824,0.23729386969526994,0.5297759254067955,0.5555364529851518,-0.501621456650828,0.5354989357061424,1.321478737358074,0.3167015039015853,1.5390904242938575,True,1.5390904242938575,True,1.5390904242938575,True,1.5390904242938575,True,1.5390904242938575,True,1.5390904242938575,True,0.3,False,1.229317818220393,1.3742478855625315,True,True,0.75,0.8669648836764534,1.5390904242938575,wind_stuck_7_days,2013
7212,US-IB2,US-IB1,2013-04-21,3.09686453,0.5,0.5,1.2491410334364752,1.2491410334364752,0.20640493479066843,0.593926487629994,0.41100430153027284,0.4242729936243649,-0.501621456650828,1.2491410334364752,1.321478737358074,0.3167015039015853,1.7491410334364752,True,1.7491410334364752,True,1.7491410334364752,True,1.7491410334364752,True,1.7491410334364752,True,1.7491410334364752,True,0.5,False,1.4368557750773565,1.6282394053148261,True,True,0.75,0.9032121875069302,1.7491410334364752,wind_stuck_7_days,2013
7213,US-IB2,US-IB1,2013-08-03,5.65900581,5.1,5.1,0.17551095103757547,0.17551095103757547,0.16480192398312385,0.4039691155224334,0.005365187226993121,-0.0029081399485327993,0.017561511013689256,0.17551095103757547,1.321478737358074,0.3167015039015853,5.2755109510375755,True,5.2755109510375755,True,5.2755109510375755,True,5.2755109510375755,True,5.2755109510375755,True,5.1,False,5.2755109510375755,True,5.231633213278181,5.2755109510375755,True,True,0.75,1.0,5.2755109510375755,wind_stuck_7_days,2013
7214,US-IB2,US-IB1,2013-10-06,2.73533397,2.2,2.2,-0.002385507568633183,0.002385507568633183,0.1881831747165648,0.6130766224798847,0.018969002467169833,0.01847611138257079,0.0008276722209922128,-0.002385507568633205,1.321478737358074,0.3167015039015853,2.197614492431367,True,2.197614492431367,True,2.197614492431367,True,2.197614492431367,True,2.197614492431367,True,2.197614492431367,True,2.197614492431367,True,2.198210869323525,2.197614492431367,True,True,0.75,1.0,2.197614492431367,wind_stuck_7_days,2013
7215,US-IB2,US-IB1,2013-11-07,0.67465296,0.8,0.8,0.18208042115813505,0.18208042115813505,0.12412895019376319,0.34447652692438846,0.01917387183027085,0.020136245795289196,0.0008276722209922128,-0.18208042115813505,1.321478737358074,0.3167015039015853,0.9820804211581351,True,0.9820804211581351,True,0.9820804211581351,True,0.9820804211581351,True,0.9820804211581351,True,0.9820804211581351,True,0.9820804211581351,True,0.9365603158686013,0.9820804211581351,True,True,0.75,1.0,0.9820804211581351,wind_stuck_7_days,2013
7216,US-IB2,US-IB1,2013-11-23,0.6843501,0.1,0.1,0.46923893770021097,0.46923893770021097,0.21597089517496193,0.6667792428271302,0.0919038198192164,0.05765234453617803,-0.025343252212233235,0.46923893770021097,1.321478737358074,0.3167015039015853,0.569238937700211,True,0.569238937700211,True,0.569238937700211,True,0.569238937700211,True,0.569238937700211,True,0.569238937700211,True,0.1,False,0.4519292032751582,0.569238937700211,True,True,0.75,1.0,0.5774343585626973,wind_stuck_7_days,2013
7294,US-Jo2,US-Jo2,2013-02-22,0.02219126,0.3,0.3,0.21520545028493973,0.21520545028493973,0.07750096776608556,0.35402612922707843,0.019608820766868214,0.01847611138257079,0.0008276722209922128,-0.21520545028493976,1.321478737358074,0.3167015039015853,0.5152054502849397,True,0.5152054502849397,True,0.5152054502849397,True,0.5152054502849397,True,0.5152054502849397,True,0.5152054502849397,True,0.5152054502849397,True,0.4614040877137048,0.48209591630348403,True,True,0.75,0.8461491847087634,0.5152054502849397,wind_stuck_7_days,2013
7295,US-Jo2,US-Jo2,2013-04-11,0.29434564,0.2,0.2,0.2873665609609133,0.2873665609609133,0.16433230448362657,0.4032873682013743,0.04253675069753498,0.038226890168833336,0.017561511013689256,-0.09867528096091327,1.321478737358074,0.3167015039015853,0.4873665609609133,True,0.4873665609609133,True,0.4873665609609133,True,0.4873665609609133,True,0.4873665609609133,True,0.4873665609609133,True,0.4873665609609133,True,0.415524920720685,0.4639296516397682,True,True,0.75,0.9184424616323645,0.4873665609609133,wind_stuck_7_days,2013
7296,US-Jo2,US-Jo2,2013-04-27,0.2065118,0.1,0.1,0.45586479013373876,0.45586479013373876,0.14056822660241625,0.6772834911856145,0.13044487739186653,0.12871471991480854,0.010261777178538899,-0.24284119013373878,1.321478737358074,0.3167015039015853,0.5558647901337388,True,0.5558647901337388,True,0.5558647901337388,True,0.5558647901337388,True,0.5558647901337388,True,0.5558647901337388,True,0.5558647901337388,True,0.44189859260030406,0.5558647901337388,True,True,0.75,1.0,0.5558647901337388,wind_stuck_7_days,2013
7297,US-Jo2,US-Jo2,2013-05-21,0.21056493,0.0,0.0,0.3234015589410752,0.3234015589410752,0.11415924364007349,0.3373482037182343,0.0919102107613392,0.122654296686163,-0.04580453322962536,0.09772830105892483,1.321478737358074,0.3167015039015853,0.3234015589410752,True,0.3234015589410752,True,0.3234015589410752,True,0.3234015589410752,True,0.3234015589410752,True,0.3234015589410752,True,0.0,False,0.24255116920580638,0.29298982713441324,True,True,0.75,0.9059629399863126,0.3234015589410752,wind_stuck_7_days,2013
7298,US-Jo2,US-Jo2,2013-05-29,0.13427722,0.1,0.1,0.31285135445676276,0.31285135445676276,0.09368452614547446,0.36510161199490193,0.08121802362487324,0.09808489004129466,-0.04580453322962536,-0.24429691445676277,1.321478737358074,0.3167015039015853,0.4128513544567628,True,0.4128513544567628,True,0.4128513544567628,True,0.4128513544567628,True,0.4128513544567628,True,0.4128513544567628,True,0.1,False,0.3346385158425721,0.4128513544567628,True,True,0.75,1.0,0.4128513544567628,wind_stuck_7_days,2013
7299,US-Jo2,US-Jo2,2013-06-06,-0.03908716,0.0,0.0,0.29516634257034235,0.29516634257034235,0.10944804836479127,0.3111620484658155,0.05389652751388554,0.071845222194102,-0.04580453322962536,-0.29516634257034235,1.321478737358074,0.3167015039015853,0.29516634257034235,True,0.29516634257034235,True,0.29516634257034235,True,0.29516634257034235,True,0.29516634257034235,True,0.29516634257034235,True,0.0,False,0.22137475692775677,0.26456374581772435,True,True,0.75,0.8963208457775805,0.29516634257034235,wind_stuck_7_days,2013
7300,US-Jo2,US-Jo2,2013-06-14,2.6595952,0.1,0.1,0.34247595437349654,0.34247595437349654,0.22426105902336385,0.4636419273675423,0.08055043394498866,0.09189570246705064,0.010261777178538899,0.34247595437349654,1.321478737358074,0.3167015039015853,0.4424759543734965,True,0.4424759543734965,True,0.4424759543734965,True,0.4424759543734965,True,0.4424759543734965,True,0.4424759543734965,True,0.4424759543734965,True,0.3568569657801224,0.3800507933741951,True,True,0.75,0.817723959296652,0.4424759543734965,wind_stuck_7_days,2013
7301,US-Jo2,US-Jo2,2013-06-22,0.22687666,0.2,0.2,0.29513003607825555,0.29513003607825555,0.19567116454796213,0.37494241229423897,0.043188901448568906,0.060838020127359435,-0.04580453322962536,-0.24137671607825556,1.321478737358074,0.3167015039015853,0.49513003607825556,True,0.49513003607825556,True,0.49513003607825556,True,0.49513003607825556,True,0.49513003607825556,True,0.49513003607825556,True,0.2,False,0.42134752705869166,0.2,True,False,0.75,0.0,0.49513003607825556,wind_stuck_7_days,2013
7302,US-Jo2,US-Jo2,2013-06-30,1.63753172,0.1,0.1,0.36683101209544444,0.36683101209544444,0.29246025741215076,0.544846859287994,0.08487668547427074,0.08701450412619062,0.010261777178538899,0.36683101209544433,1.321478737358074,0.3167015039015853,0.4668310120954444,True,0.4668310120954444,True,0.4668310120954444,True,0.4668310120954444,True,0.4668310120954444,True,0.4668310120954444,True,0.4668310120954444,True,0.3751232590715833,0.38418300021993723,True,True,0.75,0.7746973152476995,0.4668310120954444,wind_stuck_7_days,2013
7303,US-Jo2,US-Jo2,2013-09-26,2.39338543,1.2,1.2,-0.20587183533077033,0.20587183533077033,0.16205584961843741,0.5532836125889851,0.02471440799282022,0.02366754273119197,0.017561511013689256,-0.20587183533077025,1.321478737358074,0.3167015039015853,0.9941281646692296,True,0.9941281646692296,True,0.9941281646692296,True,0.9941281646692296,True,0.9941281646692296,True,0.9941281646692296,True,0.9941281646692296,True,1.0455961235019222,1.011122909794533,True,True,0.75,0.9174498779884193,0.9941281646692296,wind_stuck_7_days,2013
7304,US-Jo2,US-Jo2,2013-10-04,1.28198097,0.6,0.6,-0.13618184564250538,0.13618184564250538,0.10321841096573917,0.38281251049466325,0.021480718832312562,0.01847611138257079,0.017561511013689256,-0.13618184564250535,1.321478737358074,0.3167015039015853,0.4638181543574946,True,0.4638181543574946,True,0.4638181543574946,True,0.4638181543574946,True,0.4638181543574946,True,0.4638181543574946,True,0.4638181543574946,True,0.49786361576812094,0.4638181543574946,True,True,0.75,1.0,0.4638181543574946,wind_stuck_7_days,2013
7305,US-Jo2,US-Jo2,2013-10-12,0.81153986,0.6,0.6,-0.24617875206759243,0.24617875206759243,0.06312449276848378,0.2956986621382404,0.0510742629537043,0.053548105241532085,0.017561511013689256,-0.24617875206759243,1.321478737358074,0.3167015039015853,0.35382124793240755,True,0.35382124793240755,True,0.35382124793240755,True,0.35382124793240755,True,0.35382124793240755,True,0.35382124793240755,True,0.35382124793240755,True,0.41536593594930565,0.35382124793240755,True,True,0.75,1.0,0.35382124793240755,wind_stuck_7_days,2013
7306,US-Jo2,US-Jo2,2013-10-20,0.66340844,0.2,0.2,-0.029259772417183926,0.029259772417183926,0.07474926435954651,0.3614465152212177,0.019608820766868214,0.01847611138257079,0.0008276722209922128,-0.029259772417183916,1.321478737358074,0.3167015039015853,0.1707402275828161,True,0.1707402275828161,True,0.1707402275828161,True,0.1707402275828161,True,0.1707402275828161,True,0.1707402275828161,True,0.1707402275828161,True,0.17805517068711207,0.1707402275828161,True,True,0.75,1.0,0.1707402275828161,wind_stuck_7_days,2013
7307,US-Jo2,US-Jo2,2013-10-28,0.72648311,0.9,0.9,-0.3041286173363149,0.3041286173363149,0.038950765541044895,0.3559963224921353,0.0510742629537043,0.053548105241532085,0.0008276722209922128,0.04290516266368516,1.321478737358074,0.3167015039015853,0.5958713826636851,True,0.5958713826636851,True,0.5958713826636851,True,0.5958713826636851,True,0.5958713826636851,True,0.5958713826636851,True,0.5958713826636851,True,0.6719035369977638,0.64668254453307,True,True,0.75,0.8329287052484238,0.5958713826636851,wind_stuck_7_days,2013
7308,US-Jo2,US-Jo2,2013-11-21,0.23203414,0.8,0.8,-0.11130271581551958,0.11130271581551958,0.08350036337798568,0.43853200705826206,0.021480718832312562,0.01847611138257079,0.0008276722209922128,0.11130271581551959,1.321478737358074,0.3167015039015853,0.6886972841844805,True,0.6886972841844805,True,0.6886972841844805,True,0.6886972841844805,True,0.6886972841844805,True,0.6886972841844805,True,0.6886972841844805,True,0.7165229631383604,0.6886972841844805,True,True,0.75,1.0,0.6886972841844805,wind_stuck_7_days,2013
7309,US-Jo2,US-Jo2,2013-11-29,0.38476295,0.0,0.0,0.1851716606298232,0.1851716606298232,0.11221116923455722,0.4100135234825865,0.03096859758321877,0.03086218754160673,0.0008276722209922128,0.1851716606298232,1.321478737358074,0.3167015039015853,0.1851716606298232,True,0.1851716606298232,True,0.1851716606298232,True,0.1851716606298232,True,0.1851716606298232,True,0.1851716606298232,True,0.1851716606298232,True,0.1388787454723674,0.1851716606298232,True,True,0.75,1.0,0.1851716606298232,wind_stuck_7_days,2013
7310,US-Jo2,US-Jo2,2013-12-15,0.44170638,0.4,0.4,-0.04552660483575866,0.04552660483575866,0.08606824202897978,0.32630028265571437,0.019608820766868214,0.020136245795289196,0.0008276722209922128,-0.045526604835758655,1.321478737358074,0.3167015039015853,0.35447339516424137,True,0.35447339516424137,True,0.35447339516424137,True,0.35447339516424137,True,0.35447339516424137,True,0.35447339516424137,True,0.35447339516424137,True,0.365855046373181,0.35447339516424137,True,True,0.75,1.0,0.35447339516424137,wind_stuck_7_days,2013
7311,US-Jo2,US-Jo2,2013-12-23,0.70304822,0.7,0.7,-0.19406575462175207,0.19406575462175207,0.10969450325420854,0.29982068489315206,0.035621312325307256,0.04193499603367173,0.0008276722209922128,-0.19406575462175207,1.321478737358074,0.3167015039015853,0.5059342453782478,True,0.5059342453782478,True,0.5059342453782478,True,0.5059342453782478,True,0.5059342453782478,True,0.5059342453782478,True,0.5059342453782478,True,0.5544506840336859,0.5060178266271427,True,True,0.75,0.9995693147971534,0.5059342453782478,wind_stuck_7_days,2013
7312,US-Jo2,US-Jo2,2013-12-31,0.29879377,0.4,0.4,-0.08524973524289237,0.08524973524289237,0.11293236191191974,0.34561721373145393,0.019608820766868214,0.020136245795289196,0.0008276722209922128,0.08524973524289237,1.321478737358074,0.3167015039015853,0.31475026475710766,True,0.31475026475710766,True,0.31475026475710766,True,0.31475026475710766,True,0.31475026475710766,True,0.31475026475710766,True,0.31475026475710766,True,0.3360626985678308,0.31475026475710766,True,True,0.75,1.0,0.32007643372971667,wind_stuck_7_days,2013
7485,US-KLS,US-KLS,2013-02-03,0.97775177,1.1,1.1,-0.3483195800314554,0.3483195800314554,0.14184467195165631,0.3674944062917786,0.09513783739587375,0.10296496577476423,0.0008276722209922128,-0.10382312003145527,1.321478737358074,0.3167015039015853,0.7516804199685447,True,0.7516804199685447,True,0.7516804199685447,True,0.7516804199685447,True,0.7516804199685447,True,0.7516804199685447,True,0.7516804199685447,True,0.8387603149764085,0.8006667223754296,True,True,0.75,0.8593639140169462,0.7516804199685447,wind_stuck_7_days,2013
7486,US-KLS,US-KLS,2013-02-10,1.69106194,0.6,0.6,0.4107637085864243,0.4107637085864243,0.1544589206496686,0.4294916850009825,0.09843915779271031,0.09666090943085098,-0.025343252212233235,0.4107637085864243,1.321478737358074,0.3167015039015853,1.0107637085864243,True,1.0107637085864243,True,1.0107637085864243,True,1.0107637085864243,True,1.0107637085864243,True,1.0107637085864243,True,0.6,False,0.9080727814398182,0.9680480582099118,True,True,0.75,0.8960091909689115,1.0107637085864243,wind_stuck_7_days,2013
7487,US-KLS,US-KLS,2013-02-19,0.62594113,1.1,1.1,-0.27695529980621303,0.27695529980621303,0.08762185056692928,0.25953059290448816,0.0510742629537043,0.055208239654250486,0.0008276722209922128,0.27695529980621303,1.321478737358074,0.3167015039015853,0.8230447001937871,True,0.8230447001937871,True,0.8230447001937871,True,0.8230447001937871,True,0.8230447001937871,True,0.8230447001937871,True,0.8230447001937871,True,0.8922835251453403,0.8287496753866294,True,True,0.75,0.9794010975892712,0.8230447001937871,wind_stuck_7_days,2013
7488,US-KLS,US-KLS,2013-03-07,1.56197837,0.9,0.9,0.08096689804201346,0.08096689804201346,0.08355045779487089,0.28723148801518766,0.01917387183027085,0.01847611138257079,0.0008276722209922128,0.0809668980420134,1.321478737358074,0.3167015039015853,0.9809668980420134,True,0.9809668980420134,True,0.9809668980420134,True,0.9809668980420134,True,0.9809668980420134,True,0.9809668980420134,True,0.9809668980420134,True,0.9607251735315101,0.9809668980420134,True,True,0.75,1.0,0.9809668980420134,wind_stuck_7_days,2013
7489,US-KLS,US-KLS,2013-04-04,2.31773732,2.4,2.4,-0.4733209276011032,0.4733209276011032,0.24803056568159906,0.5436474588390906,0.13834682530967396,0.13442058390424827,0.0008276722209922128,-0.3087955676011034,1.321478737358074,0.3167015039015853,1.9266790723988967,True,1.9266790723988967,True,1.9266790723988967,True,1.9266790723988967,True,1.9266790723988967,True,1.9266790723988967,True,1.9266790723988967,True,2.0450093042991724,1.9423763957900384,True,True,0.75,0.9668357715119438,1.9266790723988967,wind_stuck_7_days,2013
7490,US-KLS,US-KLS,2013-04-24,4.06521461,2.8,2.8,-0.8134143168025799,0.8134143168025799,0.13620159865532677,0.4514303660593068,0.13583205381242394,0.1396243325586454,0.019907886729137483,-0.81341431680258,1.321478737358074,0.3167015039015853,1.9865856831974198,True,1.9865856831974198,True,1.9865856831974198,True,1.9865856831974198,True,1.9865856831974198,True,1.9865856831974198,True,1.9865856831974198,True,2.189939262398065,2.3719879855974217,True,True,0.75,0.5261918871615571,1.9865856831974198,wind_stuck_7_days,2013
7491,US-KLS,US-KLS,2013-05-17,4.27705965,5.5,5.5,-1.1824450619179245,1.1824450619179245,0.15222239533744053,0.3845726108219444,-0.04428458406377704,0.0720903771783879,0.017171866078906833,1.1824450619179245,1.321478737358074,0.3167015039015853,4.3175549380820755,True,4.3175549380820755,True,4.3175549380820755,True,5.5,False,5.5,False,4.3175549380820755,True,4.3175549380820755,True,4.613166203561557,4.650769110276703,True,True,0.75,0.7181990242708152,4.3175549380820755,wind_stuck_7_days,2013
7492,US-KLS,US-KLS,2013-06-10,7.95493425,6.3,6.3,-0.4226800826989221,0.4226800826989221,0.3432798844758064,0.5921306323521092,-0.08528223500543693,-0.014390402099505536,0.017561511013689256,-0.4226800826989221,1.321478737358074,0.3167015039015853,5.877319917301078,True,6.3,False,5.877319917301078,True,6.3,False,6.3,False,6.3,False,5.877319917301078,True,5.982989937975808,6.00314415095073,True,True,0.75,0.7023180443085187,5.877319917301078,wind_stuck_7_days,2013
7493,US-KLS,US-KLS,2013-06-11,12.78431877,7.3,7.3,-0.9938594254239363,0.9938594254239363,0.28204065193190675,0.9380392886449659,-0.34487315345859865,-0.3790444864893981,-0.10358220438592969,-0.9938594254239366,1.321478737358074,0.3167015039015853,6.306140574576063,True,6.306140574576063,True,7.3,False,7.3,False,7.3,False,7.3,False,7.3,False,6.554605430932048,6.986361654553421,True,True,0.75,0.31557616441861974,6.562649891710545,wind_stuck_7_days,2013
7494,US-KLS,US-KLS,2013-07-04,6.60662111,6.6,6.6,-0.33820539993481763,0.33820539993481763,0.1432601393811092,0.5740971222217339,0.08499671590670742,0.10380811493514303,-0.04580453322962536,-0.33820539993481763,1.321478737358074,0.3167015039015853,6.261794600065182,True,6.261794600065182,True,6.261794600065182,True,6.261794600065182,True,6.261794600065182,True,6.261794600065182,True,6.6,False,6.346345950048886,6.261794600065182,True,True,0.75,1.0,6.261794600065182,wind_stuck_7_days,2013
7495,US-KLS,US-KLS,2013-07-05,5.71908126,7.2,7.2,-0.21235831393992616,0.21235831393992616,0.2142054738927724,0.8812786479268044,-0.012645655220390625,0.054928028428432765,-0.09523228540516696,0.2123583139399261,1.321478737358074,0.3167015039015853,6.987641686060074,True,6.987641686060074,True,6.987641686060074,True,7.2,False,7.2,False,6.987641686060074,True,7.2,False,7.040731264545055,6.987641686060074,True,True,0.75,1.0,7.227470687402718,wind_stuck_7_days,2013
7496,US-KLS,US-KLS,2013-07-12,2.59119953,6.3,6.3,-0.9576064118197681,0.9576064118197681,0.2556029060682675,0.5847695948829573,0.08460067572941805,0.1343894090952996,-0.04619417816440778,0.9576064118197682,1.321478737358074,0.3167015039015853,5.342393588180232,True,5.342393588180232,True,5.342393588180232,True,5.342393588180232,True,5.342393588180232,True,5.342393588180232,True,6.3,False,5.581795191135174,5.967238277531654,True,True,0.75,0.3474932063539438,5.342393588180232,wind_stuck_7_days,2013
7497,US-KLS,US-KLS,2013-07-20,2.07020997,4.4,4.4,-0.0868087108999052,0.0868087108999052,0.2467472627590071,0.6372413175003095,0.007672034229034829,0.0015325694352476152,0.017561511013689256,0.08680871089990516,1.321478737358074,0.3167015039015853,4.313191289100095,True,4.313191289100095,True,4.313191289100095,True,4.313191289100095,True,4.313191289100095,True,4.313191289100095,True,4.313191289100095,True,4.334893466825071,4.313191289100095,True,True,0.75,1.0,4.313191289100095,wind_stuck_7_days,2013
7498,US-KLS,US-KLS,2013-08-06,3.3736444,4.5,4.5,0.2517701840486078,0.2517701840486078,0.21380594467386813,0.4153768753437975,0.021278039974627908,0.0088854303577821,0.017561511013689256,-0.25177018404860774,1.321478737358074,0.3167015039015853,4.751770184048608,True,4.751770184048608,True,4.751770184048608,True,4.751770184048608,True,4.751770184048608,True,4.751770184048608,True,4.751770184048608,True,4.6888276380364555,4.751770184048608,True,True,0.75,1.0,4.751770184048608,wind_stuck_7_days,2013
7499,US-KLS,US-KLS,2013-08-21,3.33791624,4.1,4.1,-0.7947325953785441,0.7947325953785441,0.26643045810583726,0.634940784523514,0.11201878696391271,0.13591980159341138,0.017353599315975327,0.7294349246214548,1.321478737358074,0.3167015039015853,3.3052674046214556,True,3.3052674046214556,True,3.3052674046214556,True,3.3052674046214556,True,3.3052674046214556,True,3.3052674046214556,True,3.3052674046214556,True,3.5039505534660913,3.676410242431216,True,True,0.75,0.5329965827902414,3.3052674046214556,wind_stuck_7_days,2013
7500,US-KLS,US-KLS,2013-08-29,4.80686305,4.4,4.4,-1.1098116511973362,1.1098116511973362,0.2681005058554217,0.44964630961221735,-0.002779680937595418,-0.08111246529344,0.017171866078906833,-1.1098116511973362,1.321478737358074,0.3167015039015853,3.290188348802664,True,3.290188348802664,True,3.290188348802664,True,4.4,False,4.4,False,4.4,False,3.290188348802664,True,3.5676412616019983,3.980005970118236,True,True,0.75,0.3784372144846809,3.290188348802664,wind_stuck_7_days,2013
7501,US-KLS,US-KLS,2013-08-30,5.2578445,4.7,4.7,-0.8782163955119741,0.8782163955119741,0.2645932818834943,0.5682244146553815,0.06293764093368338,0.08760338370928838,0.017353599315975327,-0.878216395511974,1.321478737358074,0.3167015039015853,3.8217836044880262,True,3.8217836044880262,True,3.8217836044880262,True,3.8217836044880262,True,3.8217836044880262,True,3.8217836044880262,True,3.8217836044880262,True,4.04133770336602,4.35712039336883,True,True,0.75,0.3904272436536342,3.8217836044880262,wind_stuck_7_days,2013
7502,US-KLS,US-KLS,2013-09-06,4.0457865,4.1,4.1,-0.265905162497026,0.265905162497026,0.28663608505938115,0.7470529844569578,-0.012771584542193794,0.019377371957582143,-0.005461378377217999,-0.15747816249702706,1.321478737358074,0.3167015039015853,3.8340948375029735,True,3.8340948375029735,True,3.8340948375029735,True,4.1,False,4.1,False,3.8340948375029735,True,4.1,False,3.90057112812723,3.841269676199165,True,True,0.75,0.973017302000401,3.8340948375029735,wind_stuck_7_days,2013
7503,US-KLS,US-KLS,2013-09-07,3.75438308,4.5,4.5,0.2106002494366158,0.2106002494366158,0.32603025471485836,0.9793637639937118,-0.0626520975987292,-0.021565199122939423,-0.09523228540516696,-0.21060024943661582,1.321478737358074,0.3167015039015853,4.710600249436616,True,4.710600249436616,True,4.5,False,4.5,False,4.5,False,4.5,False,4.5,False,4.657950187077462,4.5,True,False,0.75,0.0,4.886081964593396,wind_stuck_7_days,2013
7504,US-KLS,US-KLS,2013-09-22,5.07108616,3.6,3.6,-0.40109771419441265,0.40109771419441265,0.19186955968704963,0.47600942097307214,0.1007075174974209,0.09789111268852382,0.017561511013689256,-0.40109771419441254,1.321478737358074,0.3167015039015853,3.1989022858055876,True,3.1989022858055876,True,3.1989022858055876,True,3.1989022858055876,True,3.1989022858055876,True,3.1989022858055876,True,3.1989022858055876,True,3.2991767143541906,3.235147965410767,True,True,0.75,0.9096337916610233,3.1989022858055876,wind_stuck_7_days,2013
7505,US-KLS,US-KLS,2013-09-23,4.98652975,3.7,3.7,-0.5393763839186456,0.5393763839186456,0.22920401666971377,0.6223756521153281,0.10954677008867922,0.10561010574736389,0.017353599315975327,-0.5393763839186456,1.321478737358074,0.3167015039015853,3.1606236160813546,True,3.1606236160813546,True,3.1606236160813546,True,3.1606236160813546,True,3.1606236160813546,True,3.1606236160813546,True,3.1606236160813546,True,3.295467712061016,3.254251008423357,True,True,0.75,0.8264154769591759,3.1606236160813546,wind_stuck_7_days,2013
7506,US-KLS,US-KLS,2013-09-30,5.27380788,3.7,3.7,-0.46258295100316615,0.46258295100316615,0.16756205496676407,0.5307802294360779,0.1107868971452057,0.1095847296143193,0.017561511013689256,-0.46258295100316627,1.321478737358074,0.3167015039015853,3.237417048996834,True,3.237417048996834,True,3.237417048996834,True,3.237417048996834,True,3.237417048996834,True,3.237417048996834,True,3.237417048996834,True,3.3530627867476257,3.237417048996834,True,True,0.75,1.0,3.237417048996834,wind_stuck_7_days,2013
7507,US-KLS,US-KLS,2013-10-08,5.84332434,3.9,3.9,-0.7200673781517811,0.7200673781517811,0.31345144407513675,0.8013351916667416,0.09884329420779057,0.07038556876006703,-0.005669290074931929,-0.7200673781517812,1.321478737358074,0.3167015039015853,3.1799326218482187,True,3.1799326218482187,True,3.1799326218482187,True,3.1799326218482187,True,3.1799326218482187,True,3.1799326218482187,True,3.9,False,3.359949466386164,3.4559769109397735,True,True,0.75,0.6166410290657991,3.1799326218482187,wind_stuck_7_days,2013
7508,US-KLS,US-KLS,2013-10-09,6.22555558,3.7,3.7,-0.7689116218486868,0.7689116218486868,0.3358983249712905,0.8056113642844261,0.09884329420779057,0.07038556876006703,-0.005669290074931929,-0.7689116218486869,1.321478737358074,0.3167015039015853,2.9310883781513133,True,3.7,False,2.9310883781513133,True,2.9310883781513133,True,2.9310883781513133,True,2.9310883781513133,True,3.7,False,3.123316283613485,3.2816272003054965,True,True,0.75,0.5441103864298654,2.9310883781513133,wind_stuck_7_days,2013
7509,US-KLS,US-KLS,2013-10-16,2.54608118,1.7,1.7,-0.3397491041626587,0.3397491041626587,0.06601280646159557,0.3438868580001955,0.088883076838057,0.09363259258079287,0.0008276722209922128,-0.3397491041626586,1.321478737358074,0.3167015039015853,1.3602508958373414,True,1.3602508958373414,True,1.3602508958373414,True,1.3602508958373414,True,1.3602508958373414,True,1.3602508958373414,True,1.3602508958373414,True,1.445188171878006,1.42217901737662,True,True,0.75,0.817723959296652,1.3602508958373414,wind_stuck_7_days,2013
7510,US-KLS,US-KLS,2013-10-25,1.73756982,1.8,1.8,-0.5647849160339238,0.5647849160339238,0.07014318942908447,0.38162332701061935,0.12417751626074773,0.13442058390424827,0.019907886729137483,-0.4399245560339238,1.321478737358074,0.3167015039015853,1.2352150839660763,True,1.2352150839660763,True,1.2352150839660763,True,1.2352150839660763,True,1.2352150839660763,True,1.2352150839660763,True,1.2352150839660763,True,1.3764113129745572,1.370635892699073,True,True,0.75,0.7602258755705462,1.2352150839660763,wind_stuck_7_days,2013
7511,US-KLS,US-KLS,2013-11-01,1.56986662,1.6,1.6,-0.26820457949634474,0.26820457949634474,0.13309693440065512,0.3846848952678148,0.05086939359060328,0.053548105241532085,0.0008276722209922128,-0.20793781949634454,1.321478737358074,0.3167015039015853,1.3317954205036553,True,1.3317954205036553,True,1.3317954205036553,True,1.3317954205036553,True,1.3317954205036553,True,1.3317954205036553,True,1.3317954205036553,True,1.3988465653777415,1.3317954205036553,True,True,0.75,1.0,1.3317954205036553,wind_stuck_7_days,2013
7512,US-KLS,US-KLS,2013-11-02,1.4892595,1.3,1.3,-0.24178545199476803,0.24178545199476803,0.090485698264269,0.32300795690606865,0.0510742629537043,0.053548105241532085,0.0008276722209922128,-0.24178545199476803,1.321478737358074,0.3167015039015853,1.058214548005232,True,1.058214548005232,True,1.058214548005232,True,1.058214548005232,True,1.058214548005232,True,1.058214548005232,True,1.058214548005232,True,1.118660911003924,1.058214548005232,True,True,0.75,1.0,1.058214548005232,wind_stuck_7_days,2013
7513,US-KLS,US-KLS,2013-11-09,0.86679081,1.2,1.2,-0.32111591629044256,0.32111591629044256,0.08545173141426787,0.2355576665271794,0.08908794620115802,0.09363259258079287,0.0008276722209922128,0.32111591629044256,1.321478737358074,0.3167015039015853,0.8788840837095574,True,0.8788840837095574,True,0.8788840837095574,True,0.8788840837095574,True,0.8788840837095574,True,0.8788840837095574,True,0.8788840837095574,True,0.959163062782168,0.9090808804011119,True,True,0.75,0.9059629399863126,0.8788840837095574,wind_stuck_7_days,2013
7514,US-KLS,US-KLS,2013-11-10,1.25942825,0.4,0.4,0.18182160504487815,0.18182160504487815,0.09535344096666845,0.3259898267234416,0.019608820766868214,0.020136245795289196,0.0008276722209922128,0.1818216050448781,1.321478737358074,0.3167015039015853,0.5818216050448781,True,0.5818216050448781,True,0.5818216050448781,True,0.5818216050448781,True,0.5818216050448781,True,0.5818216050448781,True,0.5818216050448781,True,0.5363662037836586,0.5818216050448781,True,True,0.75,1.0,0.5818216050448781,wind_stuck_7_days,2013
7515,US-KLS,US-KLS,2013-11-17,1.40582521,1.2,1.2,-0.07563286241809217,0.07563286241809217,0.19213851191755368,0.5922949577550949,0.021480718832312562,0.01847611138257079,0.0008276722209922128,-0.0756328624180922,1.321478737358074,0.3167015039015853,1.1243671375819078,True,1.1243671375819078,True,1.1243671375819078,True,1.1243671375819078,True,1.1243671375819078,True,1.1243671375819078,True,1.1243671375819078,True,1.1432753531864308,1.1243671375819078,True,True,0.75,1.0,1.1243671375819078,wind_stuck_7_days,2013
7516,US-KLS,US-KLS,2013-11-18,0.94489864,1.0,1.0,-0.2759278081514503,0.2759278081514503,0.09828592259801183,0.2572540080337441,0.0510742629537043,0.053548105241532085,0.0008276722209922128,-0.16572508815145032,1.321478737358074,0.3167015039015853,0.7240721918485498,True,0.7240721918485498,True,0.7240721918485498,True,0.7240721918485498,True,0.7240721918485498,True,0.7240721918485498,True,0.7240721918485498,True,0.7930541438864123,0.7259002037018325,True,True,0.75,0.9933750357909581,0.7240721918485498,wind_stuck_7_days,2013
7517,US-KLS,US-KLS,2013-12-11,0.27746994,0.2,0.2,0.14764154170260305,0.14764154170260305,0.17398515605879974,0.3129314565571174,0.016926450365128246,0.013057952574841797,0.0008276722209922128,0.0072983382973969835,1.321478737358074,0.3167015039015853,0.3476415417026031,True,0.3476415417026031,True,0.3476415417026031,True,0.3476415417026031,True,0.3476415417026031,True,0.3476415417026031,True,0.3476415417026031,True,0.3107311562769523,0.3476415417026031,True,True,0.75,1.0,0.32214515887873674,wind_stuck_7_days,2013
7518,US-KLS,US-KLS,2013-12-12,0.26661816,0.6,0.6,-0.17114347299500696,0.17114347299500696,0.12583567443124438,0.40403504781354044,0.035621312325307256,0.04193499603367173,0.0008276722209922128,0.17114347299500696,1.321478737358074,0.3167015039015853,0.428856527004993,True,0.428856527004993,True,0.428856527004993,True,0.428856527004993,True,0.428856527004993,True,0.428856527004993,True,0.428856527004993,True,0.47164239525374474,0.428856527004993,True,True,0.75,1.0,0.428856527004993,wind_stuck_7_days,2013
7657,US-KM4,US-KM4,2013-05-01,4.04931881,2.5,2.5,0.2661081392301021,0.2661081392301021,0.17256565073548727,0.5395251522307899,0.034421953095566865,0.028092255945345784,0.017561511013689256,0.2661081392301021,1.321478737358074,0.3167015039015853,2.766108139230102,True,2.766108139230102,True,2.766108139230102,True,2.766108139230102,True,2.766108139230102,True,2.766108139230102,True,2.766108139230102,True,2.6995811044225766,2.766108139230102,True,True,0.75,1.0,2.766108139230102,wind_stuck_7_days,2013
7658,US-KM4,US-KM4,2013-06-18,5.62889816,5.7,5.7,-0.7969593219879301,0.7969593219879301,0.3153974578311665,0.5885603279314345,0.2714604980916675,0.24133254835047235,0.05966670106779932,-0.6547556419879303,1.321478737358074,0.3167015039015853,4.90304067801207,True,4.90304067801207,True,4.90304067801207,True,4.90304067801207,True,4.90304067801207,True,4.90304067801207,True,4.90304067801207,True,5.102280508509052,4.9878186163035,True,True,0.75,0.8936232553501472,4.90304067801207,wind_stuck_7_days,2013
7659,US-KM4,US-KM4,2013-08-13,3.82566303,4.1,4.1,0.7363102538101707,0.7363102538101707,0.16810778670815502,0.605949316515354,0.12584169182947386,0.14007179170575687,0.010999672280635989,-0.7363102538101707,1.321478737358074,0.3167015039015853,4.83631025381017,True,4.83631025381017,True,4.83631025381017,True,4.83631025381017,True,4.83631025381017,True,4.83631025381017,True,4.83631025381017,True,4.652232690357628,4.667080847676951,True,True,0.75,0.7701656261643635,4.83631025381017,wind_stuck_7_days,2013
7965,US-MMS,US-MMS,2013-03-22,0.52946164,1.5,1.5,-0.35212351949750204,0.35212351949750204,0.20485471931117777,0.6992019178060054,0.10592350133177979,0.10296496577476423,0.0008276722209922128,0.352123519497502,1.321478737358074,0.3167015039015853,1.147876480502498,True,1.147876480502498,True,1.147876480502498,True,1.147876480502498,True,1.147876480502498,True,1.147876480502498,True,1.147876480502498,True,1.2359073603768735,1.1973977540672043,True,True,0.75,0.8593639140169462,1.147876480502498,wind_stuck_7_days,2013
7966,US-MMS,US-MMS,2013-04-07,1.08318802,2.2,2.2,0.48349667007418756,0.48349667007418756,0.18701429697000674,0.4944994986885966,0.10524636098265629,0.10866060557491734,0.010261777178538899,-0.4834966700741876,1.321478737358074,0.3167015039015853,2.6834966700741876,True,2.6834966700741876,True,2.6834966700741876,True,2.6834966700741876,True,2.6834966700741876,True,2.6834966700741876,True,2.6834966700741876,True,2.562622502555641,2.6607186058183183,True,True,0.75,0.9528888911429845,2.6834966700741876,wind_stuck_7_days,2013
7967,US-MMS,US-MMS,2013-05-01,2.0349995,4.6,4.6,-0.7949119095247298,0.7949119095247298,0.18735600455154167,0.41795778243301357,0.09642098915339417,0.09221119249584205,0.03664172552183452,0.7949119095247297,1.321478737358074,0.3167015039015853,3.80508809047527,True,3.80508809047527,True,3.80508809047527,True,3.80508809047527,True,3.80508809047527,True,3.80508809047527,True,3.80508809047527,True,4.0038160678564525,4.176863775993536,True,True,0.75,0.5323058051293411,3.80508809047527,wind_stuck_7_days,2013
7968,US-MMS,US-MMS,2013-06-18,4.42481719,6.1,6.1,-0.3898735889509234,0.3898735889509234,0.18859832116634154,0.41941098558317425,0.07383229325979948,0.061833587826917,0.017561511013689256,0.3898735889509233,1.321478737358074,0.3167015039015853,5.710126411049076,True,5.710126411049076,True,5.710126411049076,True,5.710126411049076,True,5.710126411049076,True,5.710126411049076,True,5.710126411049076,True,5.807594808286807,5.880827251876348,True,True,0.75,0.5621636200425981,5.710126411049076,wind_stuck_7_days,2013
7969,US-MMS,US-MMS,2013-07-28,4.10281192,4.5,4.5,0.5117778427556534,0.5117778427556534,0.30736415959869573,0.6310589814490537,0.1431469005791645,0.10979879902526933,0.010261777178538899,-0.5117778427556534,1.321478737358074,0.3167015039015853,5.011777842755653,True,5.011777842755653,True,5.011777842755653,True,5.011777842755653,True,5.011777842755653,True,5.011777842755653,True,5.011777842755653,True,4.88383338206674,4.925450962913077,True,True,0.75,0.8313196222451674,5.011777842755653,wind_stuck_7_days,2013
7970,US-MMS,US-MMS,2013-08-05,5.44508849,4.7,4.7,0.8247606741790646,0.8247606741790646,0.18453350073552885,0.49480405248465226,0.020895435501056145,0.004184993946128318,-0.06534434817407292,0.6654163058209347,1.321478737358074,0.3167015039015853,5.524760674179065,True,5.524760674179065,True,5.524760674179065,True,5.524760674179065,True,5.524760674179065,True,5.524760674179065,True,4.7,False,5.318570505634298,5.1933722855207805,True,True,0.75,0.5982005458878897,5.524760674179065,wind_stuck_7_days,2013
7971,US-MMS,US-MMS,2013-09-06,3.4526745,5.0,5.0,-0.15597263313002557,0.15597263313002557,0.175777195053079,0.39306668435201275,0.007672034229034829,-0.0029081399485327993,0.017561511013689256,0.15597263313002552,1.321478737358074,0.3167015039015853,4.844027366869974,True,4.844027366869974,True,4.844027366869974,True,4.844027366869974,True,4.844027366869974,True,5.0,False,4.844027366869974,True,4.883020525152481,4.844027366869974,True,True,0.75,1.0,4.844027366869974,wind_stuck_7_days,2013
7972,US-MMS,US-MMS,2013-10-08,3.34279336,2.7,2.7,-0.592245814165385,0.592245814165385,0.11300280455693135,0.401068402510017,0.1245870199178304,0.13442058390424827,0.019907886729137483,-0.592245814165385,1.321478737358074,0.3167015039015853,2.107754185834615,True,2.107754185834615,True,2.107754185834615,True,2.107754185834615,True,2.107754185834615,True,2.107754185834615,True,2.107754185834615,True,2.255815639375961,2.285323156646044,True,True,0.75,0.7001769087018945,2.107754185834615,wind_stuck_7_days,2013
7973,US-MMS,US-MMS,2013-12-27,0.203525,0.4,0.4,0.08979817961215174,0.08979817961215174,0.11250467937650062,0.24050587261709405,0.019608820766868214,0.020136245795289196,0.0008276722209922128,-0.08979817961215175,1.321478737358074,0.3167015039015853,0.4897981796121518,True,0.4897981796121518,True,0.4897981796121518,True,0.4897981796121518,True,0.4897981796121518,True,0.4897981796121518,True,0.4897981796121518,True,0.4673486347091138,0.4897981796121518,True,True,0.75,1.0,0.4897981796121518,wind_stuck_7_days,2013
8168,US-MOz,US-MOz,2013-02-14,0.40412331,1.1,1.1,0.007782024891975857,0.007782024891975857,0.10835258861128075,0.4424771305149341,0.01917387183027085,0.01847611138257079,0.0008276722209922128,-0.0077820248919758805,1.321478737358074,0.3167015039015853,1.1077820248919759,True,1.1077820248919759,True,1.1077820248919759,True,1.1077820248919759,True,1.1077820248919759,True,1.1077820248919759,True,1.1077820248919759,True,1.105836518668982,1.1077820248919759,True,True,0.75,1.0,1.1077820248919759,wind_stuck_7_days,2013
8169,US-MOz,US-MOz,2013-04-01,0.97534488,1.8,1.8,-0.05399983858587578,0.05399983858587578,0.14637774815343393,0.3707175346022199,0.021275849469211544,0.01847611138257079,0.0008276722209922128,0.05399983858587576,1.321478737358074,0.3167015039015853,1.7460001614141243,True,1.7460001614141243,True,1.7460001614141243,True,1.7460001614141243,True,1.7460001614141243,True,1.7460001614141243,True,1.7460001614141243,True,1.7595001210605932,1.7460001614141243,True,True,0.75,1.0,1.7460001614141243,wind_stuck_7_days,2013
8170,US-MOz,US-MOz,2013-04-03,0.93747947,2.0,2.0,-0.363516219148171,0.363516219148171,0.1755953224679626,0.39898122990840107,0.09493296803277274,0.10130483136204582,0.0008276722209922128,0.363516219148171,1.321478737358074,0.3167015039015853,1.636483780851829,True,1.636483780851829,True,1.636483780851829,True,1.636483780851829,True,1.636483780851829,True,1.636483780851829,True,1.636483780851829,True,1.7273628356388717,1.7110453174105724,True,True,0.75,0.7948880060057187,1.636483780851829,wind_stuck_7_days,2013
8171,US-MOz,US-MOz,2013-05-13,1.89388046,4.3,4.3,-1.1853838635402911,1.1853838635402911,0.2410519529784786,0.37159682119887905,0.1543838209026194,0.33727287770206593,0.03645999228476603,1.1853838635402911,1.321478737358074,0.3167015039015853,3.1146161364597087,True,3.1146161364597087,True,3.1146161364597087,True,3.1146161364597087,True,3.1146161364597087,True,3.1146161364597087,True,3.1146161364597087,True,3.4109621023447816,3.1146161364597087,True,True,0.75,1.0,3.1146161364597087,wind_stuck_7_days,2013
8172,US-MOz,US-MOz,2013-05-29,4.80901498,6.3,6.3,-0.547292474521061,0.547292474521061,0.1889986627505517,0.5694227585524889,0.051228820015499346,0.06159182690306369,0.017353599315975327,0.547292474521061,1.321478737358074,0.3167015039015853,5.752707525478939,True,5.752707525478939,True,5.752707525478939,True,5.752707525478939,True,5.752707525478939,True,5.752707525478939,True,5.752707525478939,True,5.889530644109204,5.912843586569451,True,True,0.75,0.7074031371788025,5.752707525478939,wind_stuck_7_days,2013
8173,US-MOz,US-MOz,2013-06-06,4.92217706,4.1,4.1,-0.003886550802358474,0.003886550802358474,0.19321722698694024,0.5621671569031361,0.018969002467169833,0.02657518583147057,0.0008276722209922128,-0.003886550802358446,1.321478737358074,0.3167015039015853,4.096113449197641,True,4.096113449197641,True,4.096113449197641,True,4.096113449197641,True,4.096113449197641,True,4.096113449197641,True,4.096113449197641,True,4.097085086898231,4.096113449197641,True,True,0.75,1.0,4.096113449197641,wind_stuck_7_days,2013
8174,US-MOz,US-MOz,2013-06-22,6.05001623,5.9,5.9,-0.030849120870570467,0.030849120870570467,0.1928266762636308,0.4659466789615697,0.007672034229034829,-0.0029081399485327993,0.017561511013689256,-0.030849120870570457,1.321478737358074,0.3167015039015853,5.86915087912943,True,5.86915087912943,True,5.86915087912943,True,5.86915087912943,True,5.86915087912943,True,5.9,False,5.86915087912943,True,5.876863159347073,5.86915087912943,True,True,0.75,1.0,5.86915087912943,wind_stuck_7_days,2013
8175,US-MOz,US-MOz,2013-06-30,4.76455668,4.1,4.1,1.1643616504666343,1.1643616504666343,0.2559515272009109,0.8022010995796174,0.14101189374534767,0.143328449820178,-0.5066893050923577,0.1647517095333666,1.321478737358074,0.3167015039015853,5.264361650466634,True,5.264361650466634,True,5.264361650466634,True,5.264361650466634,True,5.264361650466634,True,5.264361650466634,True,4.1,False,4.973271237849976,5.150787001499459,True,True,0.75,0.9024575835852557,5.264361650466634,wind_stuck_7_days,2013
8176,US-MOz,US-MOz,2013-07-24,5.15457897,5.8,5.8,0.6716709849934663,0.6716709849934663,0.1611296098753764,0.43549471876068757,0.09088045299084477,0.07392550795371639,0.010999672280635989,-0.6716709849934663,1.321478737358074,0.3167015039015853,6.471670984993466,True,6.471670984993466,True,6.471670984993466,True,6.471670984993466,True,6.471670984993466,True,6.471670984993466,True,6.471670984993466,True,6.3037532387451,6.232262085724954,True,True,0.75,0.6435622430960878,6.471670984993466,wind_stuck_7_days,2013
8177,US-MOz,US-MOz,2013-08-25,2.48860162,5.3,5.3,-0.49516982193299963,0.49516982193299963,0.20630222480919855,0.5188937871164454,0.07485705938856976,0.06159182690306369,0.017561511013689256,0.49516982193299963,1.321478737358074,0.3167015039015853,4.804830178067,True,4.804830178067,True,4.804830178067,True,4.804830178067,True,4.804830178067,True,4.804830178067,True,4.804830178067,True,4.92862263355025,4.855443063437182,True,True,0.75,0.8977868134762252,4.804830178067,wind_stuck_7_days,2013
8178,US-MOz,US-MOz,2013-09-02,2.56816496,4.2,4.2,-0.38703075174952095,0.38703075174952095,0.22817515706289088,0.4291126984264677,0.08278593664375922,0.08516486399642507,0.017561511013689256,0.38703075174952106,1.321478737358074,0.3167015039015853,3.812969248250479,True,3.812969248250479,True,3.812969248250479,True,3.812969248250479,True,3.812969248250479,True,3.812969248250479,True,3.812969248250479,True,3.9097269361878597,3.922819604380289,True,True,0.75,0.7161715041162862,3.812969248250479,wind_stuck_7_days,2013
8179,US-MOz,US-MOz,2013-09-10,3.14034577,4.9,4.9,-0.6363346290502994,0.6363346290502994,0.36456080119189455,0.49237253695468103,-0.09589251810527138,-0.017156845916763093,0.017353599315975327,0.6363346290502994,1.321478737358074,0.3167015039015853,4.263665370949701,True,4.9,False,4.263665370949701,True,4.9,False,4.9,False,4.9,False,4.263665370949701,True,4.422749028212276,4.4333897799598185,True,True,0.75,0.7332780564474013,4.263665370949701,wind_stuck_7_days,2013
8180,US-MOz,US-MOz,2013-10-04,1.91847576,3.3,3.3,-0.8287862309951579,0.8287862309951579,0.2798848164122361,0.8178905873157511,0.15069887077520008,0.07519219732647735,-0.013629564120912237,0.8287862309951579,1.321478737358074,0.3167015039015853,2.4712137690048417,True,2.4712137690048417,True,2.4712137690048417,True,2.4712137690048417,True,2.4712137690048417,True,2.4712137690048417,True,3.3,False,2.6784103267536317,2.842878789288065,True,True,0.75,0.5515550254292357,2.4712137690048417,wind_stuck_7_days,2013
8181,US-MOz,US-MOz,2013-10-20,1.43337618,1.8,1.8,-0.7974421128328985,0.7974421128328985,0.13239702152889057,0.5582657064916124,0.14081884218490742,0.1396243325586454,0.05966670106779932,-0.06419447283289836,1.321478737358074,0.3167015039015853,1.0025578871671015,True,1.0025578871671015,True,1.0025578871671015,True,1.0025578871671015,True,1.0025578871671015,True,1.0025578871671015,True,1.0025578871671015,True,1.2019184153753262,1.3175983272915937,True,True,0.75,0.6049362893498104,1.0025578871671015,wind_stuck_7_days,2013
8182,US-MOz,US-MOz,2013-10-28,0.31233689,1.7,1.7,-0.6325832618562321,0.6325832618562321,0.09975115254703512,0.34904966527095993,0.11229006976726243,0.1396243325586454,0.019907886729137483,0.6325832618562321,1.321478737358074,0.3167015039015853,1.0674167381437678,True,1.0674167381437678,True,1.0674167381437678,True,1.0674167381437678,True,1.0674167381437678,True,1.0674167381437678,True,1.0674167381437678,True,1.2255625536078258,1.2291890692367828,True,True,0.75,0.7442671331228154,1.0674167381437678,wind_stuck_7_days,2013
8183,US-MOz,US-MOz,2013-11-29,0.14891114,0.5,0.5,-0.06369178405474997,0.06369178405474997,0.08491343166146988,0.24743159486190008,0.021480718832312562,0.020136245795289196,0.0008276722209922128,0.06369178405474996,1.321478737358074,0.3167015039015853,0.43630821594525004,True,0.43630821594525004,True,0.43630821594525004,True,0.43630821594525004,True,0.43630821594525004,True,0.43630821594525004,True,0.43630821594525004,True,0.45223116195893753,0.43630821594525004,True,True,0.75,1.0,0.43630821594525004,wind_stuck_7_days,2013
8184,US-MOz,US-MOz,2013-12-07,0.22297566,0.4,0.4,0.08270025139197115,0.08270025139197115,0.1562001370466372,0.4385626940353907,0.016926450365128246,0.013057952574841797,0.0008276722209922128,-0.08270025139197115,1.321478737358074,0.3167015039015853,0.48270025139197115,True,0.48270025139197115,True,0.48270025139197115,True,0.48270025139197115,True,0.48270025139197115,True,0.48270025139197115,True,0.48270025139197115,True,0.4620251885439784,0.48270025139197115,True,True,0.75,1.0,0.49604208418027906,wind_stuck_7_days,2013
8185,US-MOz,US-MOz,2013-12-31,0.13065813,0.2,0.2,0.25090800026929055,0.25090800026929055,0.1650018929716329,0.3152259512984061,0.039854380295795015,0.032808731361104335,0.0008276722209922128,-0.2509080002692905,1.321478737358074,0.3167015039015853,0.45090800026929057,True,0.45090800026929057,True,0.45090800026929057,True,0.45090800026929057,True,0.45090800026929057,True,0.45090800026929057,True,0.45090800026929057,True,0.38818100020196794,0.45090800026929057,True,True,0.75,1.0,0.4568060896701888,wind_stuck_7_days,2013
8385,US-Me2,US-Me1,2013-03-30,1.69986704,3.2,3.2,-0.8871062135286595,0.8871062135286595,0.15238853661322382,0.47605419304142194,0.13583205381242394,0.13174031869046535,0.019907886729137483,0.8871062135286595,1.321478737358074,0.3167015039015853,2.312893786471341,True,2.312893786471341,True,2.312893786471341,True,2.312893786471341,True,2.312893786471341,True,2.312893786471341,True,2.312893786471341,True,2.5346703398535055,2.7179633144267683,True,True,0.75,0.5433810272344113,2.312893786471341,wind_stuck_7_days,2013
8386,US-Me2,US-Me1,2013-04-23,1.38515428,4.0,4.0,-1.9768852374215222,1.9768852374215222,0.1475589094370484,0.4969692201637222,-0.435339803449034,-0.24614365803132046,-0.4737553098241619,1.9768852374215222,1.321478737358074,0.3167015039015853,2.0231147625784778,True,2.0231147625784778,True,2.0231147625784778,True,4.0,False,4.0,False,4.0,False,4.0,False,2.517336071933858,2.9592974634696034,True,True,0.75,0.5264354838765446,2.0231147625784778,wind_stuck_7_days,2013
8387,US-Me2,US-Me1,2013-05-01,1.35503494,4.5,4.5,-2.4471510122869518,2.4471510122869518,0.17796473361540177,0.5819735523648883,-0.6170209029182019,-0.38548476525837005,-0.8244213886027452,2.4471510122869518,1.321478737358074,0.3167015039015853,2.0528489877130482,True,2.0528489877130482,True,2.0528489877130482,True,4.5,False,4.5,False,4.5,False,4.5,False,2.664636740784786,3.085510955594137,True,True,0.75,0.5780146126266117,2.0528489877130482,wind_stuck_7_days,2013
8388,US-Me2,US-Me1,2013-05-25,2.43701897,4.6,4.6,-2.182159021888675,2.182159021888675,0.26387833590753096,0.6201609595507287,-0.5628022582741282,-0.3662893470311309,-0.4159348785928709,2.1438030381113244,1.321478737358074,0.3167015039015853,2.417840978111325,True,2.417840978111325,True,2.417840978111325,True,4.6,False,4.6,False,4.6,False,4.6,False,2.9633807335834934,3.395395657010223,True,True,0.75,0.552024087569559,2.417840978111325,wind_stuck_7_days,2013
8389,US-Me2,US-Me1,2013-06-10,3.44186174,5.3,5.3,-1.8914440931304621,1.8914440931304621,0.18569056024423772,0.4881885335103737,0.575745606091265,0.7603596733077405,-0.14415115439275647,1.824832426869538,1.321478737358074,0.3167015039015853,3.4085559068695375,True,3.4085559068695375,True,3.4085559068695375,True,3.4085559068695375,True,3.4085559068695375,True,3.4085559068695375,True,5.3,False,3.8814169301521533,4.13031817096036,True,True,0.75,0.6184067682929721,3.4085559068695375,wind_stuck_7_days,2013
8390,US-Me2,US-Me1,2013-07-04,4.19224529,5.6,5.6,-1.0532886906713037,1.0532886906713037,0.23248236024711183,0.41644935353957074,0.08296970784363517,0.09581634337667541,0.017171866078906833,1.0532886906713037,1.321478737358074,0.3167015039015853,4.546711309328696,True,4.546711309328696,True,4.546711309328696,True,4.546711309328696,True,4.546711309328696,True,4.546711309328696,True,4.546711309328696,True,4.810033481996522,5.072695367775761,True,True,0.75,0.5006268812097143,4.546711309328696,wind_stuck_7_days,2013
8391,US-Me2,US-Me1,2013-07-12,3.36209739,5.1,5.1,-1.7676416261161532,1.7676416261161532,0.17901444301706895,0.3585252707227456,0.5522643863584176,0.7603596733077405,-0.02321514728565789,1.7081635938838458,1.321478737358074,0.3167015039015853,3.3323583738838467,True,3.3323583738838467,True,3.3323583738838467,True,3.3323583738838467,True,3.3323583738838467,True,3.3323583738838467,True,5.1,False,3.7742687804128847,3.7374519327056888,True,True,0.75,0.7708282307698817,3.3323583738838467,wind_stuck_7_days,2013
8392,US-Me2,US-Me1,2013-07-20,2.26243924,4.8,4.8,-0.8478374448254185,0.8478374448254185,0.2697051402838215,0.5240257240250059,0.08656588030675379,0.08760338370928838,0.017353599315975327,0.8478374448254185,1.321478737358074,0.3167015039015853,3.9521625551745814,True,3.9521625551745814,True,3.9521625551745814,True,3.9521625551745814,True,3.9521625551745814,True,3.9521625551745814,True,3.9521625551745814,True,4.164121916380936,4.392054040160421,True,True,0.75,0.4811605837055009,3.9521625551745814,wind_stuck_7_days,2013
8393,US-Me2,US-Me1,2013-07-28,2.13510412,4.9,4.9,-1.5589306751760392,1.5589306751760392,0.2499312053049777,0.3586226638215224,0.26156353767319745,0.24906885964108103,0.017171866078906833,1.5589306751760392,1.321478737358074,0.3167015039015853,3.341069324823961,True,3.341069324823961,True,3.341069324823961,True,3.341069324823961,True,3.341069324823961,True,3.341069324823961,True,3.341069324823961,True,3.730801993617971,3.8188577007026723,True,True,0.75,0.6935153156667743,3.341069324823961,wind_stuck_7_days,2013
8394,US-Me2,US-Me1,2013-08-05,2.17564012,4.9,4.9,-1.1375831602895006,1.1375831602895006,0.17764092477598975,0.4284704533568734,0.030780672608161922,0.05812647685880044,0.017171866078906833,1.1375831602895006,1.321478737358074,0.3167015039015853,3.7624168397105,True,3.7624168397105,True,3.7624168397105,True,3.7624168397105,True,3.7624168397105,True,3.7624168397105,True,3.7624168397105,True,4.046812629782875,4.222896258591981,True,True,0.75,0.5952125216372798,3.7624168397105,wind_stuck_7_days,2013
8395,US-Me2,US-Me1,2013-08-13,1.30385979,4.4,4.4,-1.166072883639235,1.166072883639235,0.18539469202960257,0.47491560680772116,0.0929192181938794,0.20705377667370276,0.03645999228476603,1.166072883639235,1.321478737358074,0.3167015039015853,3.2339271163607655,True,3.2339271163607655,True,3.2339271163607655,True,3.2339271163607655,True,3.2339271163607655,True,3.2339271163607655,True,3.2339271163607655,True,3.525445337270574,3.6326587880855294,True,True,0.75,0.6580559608929852,3.2339271163607655,wind_stuck_7_days,2013
8396,US-Me2,US-Me1,2013-09-14,0.65115288,2.5,2.5,-0.6315056088202152,0.6315056088202152,0.13243106758056322,0.3910093476765771,0.11229006976726243,0.1396243325586454,0.03664172552183452,0.6315056088202153,1.321478737358074,0.3167015039015853,1.8684943911797847,True,1.8684943911797847,True,1.8684943911797847,True,1.8684943911797847,True,1.8684943911797847,True,1.8684943911797847,True,1.8684943911797847,True,2.0263707933848387,2.0299911309724004,True,True,0.75,0.7442671331228154,1.8684943911797847,wind_stuck_7_days,2013
8397,US-Me2,US-Me1,2013-10-16,0.61734958,1.8,1.8,-0.5016687962517123,0.5016687962517123,0.04532503725818696,0.20966259447451807,0.12417751626074773,0.13442058390424827,0.0008276722209922128,0.5016687962517123,1.321478737358074,0.3167015039015853,1.2983312037482877,True,1.2983312037482877,True,1.2983312037482877,True,1.2983312037482877,True,1.2983312037482877,True,1.2983312037482877,True,1.2983312037482877,True,1.4237484028112157,1.362160374487688,True,True,0.75,0.8727663127220415,1.2983312037482877,wind_stuck_7_days,2013
8398,US-Me2,US-Me1,2013-10-24,0.69249194,1.3,1.3,-0.2180002341194426,0.2180002341194426,0.09885058755005266,0.37195043341521855,0.035621312325307256,0.04193499603367173,0.0008276722209922128,0.21800023411944258,1.321478737358074,0.3167015039015853,1.0819997658805574,True,1.0819997658805574,True,1.0819997658805574,True,1.0819997658805574,True,1.0819997658805574,True,1.0819997658805574,True,1.0819997658805574,True,1.136499824410418,1.1251606529333846,True,True,0.75,0.8020144921992178,1.0819997658805574,wind_stuck_7_days,2013
8399,US-Me2,US-Me1,2013-11-01,1.11115991,0.8,0.8,0.15045979975266283,0.15045979975266283,0.11849189533984683,0.48907723572325523,0.016926450365128246,0.013057952574841797,0.0008276722209922128,0.15045979975266283,1.321478737358074,0.3167015039015853,0.9504597997526629,True,0.9504597997526629,True,0.9504597997526629,True,0.9504597997526629,True,0.9504597997526629,True,0.9504597997526629,True,0.9504597997526629,True,0.9128448498144972,0.9504597997526629,True,True,0.75,1.0,0.9504597997526629,wind_stuck_7_days,2013
8400,US-Me2,US-Me1,2013-11-25,0.08346416,0.6,0.6,-0.10958824766485276,0.10958824766485276,0.09972202608955069,0.37061730730514575,0.016926450365128246,0.013057952574841797,0.0008276722209922128,0.10958824766485276,1.321478737358074,0.3167015039015853,0.4904117523351472,True,0.4904117523351472,True,0.4904117523351472,True,0.4904117523351472,True,0.4904117523351472,True,0.4904117523351472,True,0.4904117523351472,True,0.5178088142513604,0.4904117523351472,True,True,0.75,1.0,0.4904117523351472,wind_stuck_7_days,2013
8401,US-Me2,US-Me1,2013-12-19,0.51748606,0.1,0.1,0.3273531386684032,0.3273531386684032,0.15098017967159272,0.47070866303049924,0.07786806354324868,0.08361780585316535,-0.01704881695285944,0.3273531386684032,1.321478737358074,0.3167015039015853,0.4273531386684032,True,0.4273531386684032,True,0.4273531386684032,True,0.4273531386684032,True,0.4273531386684032,True,0.4273531386684032,True,0.1,False,0.34551485400130244,0.38450801872141016,True,True,0.75,0.8691165139846311,0.38228544824720223,wind_stuck_7_days,2013
8580,US-Me6,US-Me1,2013-02-10,0.46588734,1.0,1.0,-0.25397645053040085,0.25397645053040085,0.08507478257235562,0.39239067088369,0.04651999448651999,0.048129946433803084,0.0008276722209922128,0.25397645053040085,1.321478737358074,0.3167015039015853,0.7460235494695991,True,0.7460235494695991,True,0.7460235494695991,True,0.7460235494695991,True,0.7460235494695991,True,0.7460235494695991,True,0.7460235494695991,True,0.8095176621021993,0.7460235494695991,True,True,0.75,1.0,0.7460235494695991,wind_stuck_7_days,2013
8581,US-Me6,US-Me1,2013-04-23,1.19908532,2.4,2.4,-0.4153021292217858,0.4153021292217858,0.17360251943999644,0.46874105775397173,0.11468172892464573,0.11845965966923352,0.017561511013689256,0.4153021292217858,1.321478737358074,0.3167015039015853,1.9846978707782141,True,1.9846978707782141,True,1.9846978707782141,True,1.9846978707782141,True,1.9846978707782141,True,1.9846978707782141,True,1.9846978707782141,True,2.0885234030836606,2.0496950354085746,True,True,0.75,0.8434942658441084,1.9846978707782141,wind_stuck_7_days,2013
8582,US-Me6,US-Me1,2013-05-01,1.12348242,2.6,2.6,-0.61416948812616,0.61416948812616,0.2456563428481984,0.5359603308416301,0.13834682530967396,0.13442058390424827,0.05966670106779932,0.61416948812616,1.321478737358074,0.3167015039015853,1.9858305118738402,True,1.9858305118738402,True,1.9858305118738402,True,1.9858305118738402,True,1.9858305118738402,True,1.9858305118738402,True,1.9858305118738402,True,2.13937288390538,2.1951107328280424,True,True,0.75,0.6592467958759738,1.9858305118738402,wind_stuck_7_days,2013
8583,US-Me6,US-Me1,2013-06-02,2.94833899,2.3,2.3,-0.03955634335224245,0.03955634335224245,0.18582491244387617,0.4761902704183257,0.021275849469211544,0.01847611138257079,0.017561511013689256,-0.03955634335224245,1.321478737358074,0.3167015039015853,2.2604436566477575,True,2.2604436566477575,True,2.2604436566477575,True,2.2604436566477575,True,2.2604436566477575,True,2.2604436566477575,True,2.2604436566477575,True,2.270332742485818,2.2604436566477575,True,True,0.75,1.0,2.2604436566477575,wind_stuck_7_days,2013
8584,US-Me6,US-Me1,2013-06-10,2.64527311,1.8,1.8,0.09332729777400484,0.09332729777400484,0.22670165473011622,0.39050702491659206,0.018969002467169833,0.01847611138257079,0.017561511013689256,0.09332729777400484,1.321478737358074,0.3167015039015853,1.8933272977740048,True,1.8933272977740048,True,1.8933272977740048,True,1.8933272977740048,True,1.8933272977740048,True,1.8933272977740048,True,1.8933272977740048,True,1.8699954733305038,1.8933272977740048,True,True,0.75,1.0,1.8933272977740048,wind_stuck_7_days,2013
8585,US-Me6,US-Me1,2013-07-04,2.93622705,2.4,2.4,-0.3236998587653882,0.3236998587653882,0.23709508225700582,0.4878459832393949,0.07673604544904349,0.0722532885724287,0.017561511013689256,-0.3236998587653882,1.321478737358074,0.3167015039015853,2.076300141234612,True,2.076300141234612,True,2.076300141234612,True,2.076300141234612,True,2.076300141234612,True,2.076300141234612,True,2.076300141234612,True,2.1572251059259586,2.1067399242797546,True,True,0.75,0.9059629399863126,2.076300141234612,wind_stuck_7_days,2013
8586,US-Me6,US-Me1,2013-07-12,2.19703894,2.2,2.2,-0.083238531409068,0.083238531409068,0.3171392481689109,0.6415142599480337,0.01644061746524168,0.011014499219080457,0.017561511013689256,-0.07731641140906786,1.321478737358074,0.3167015039015853,2.116761468590932,True,2.116761468590932,True,2.116761468590932,True,2.116761468590932,True,2.116761468590932,True,2.116761468590932,True,2.116761468590932,True,2.137571101443199,2.116761468590932,True,True,0.75,1.0,2.116761468590932,wind_stuck_7_days,2013
8587,US-Me6,US-Me1,2013-07-20,1.51950658,1.6,1.6,0.4483954181537727,0.4483954181537727,0.23301325093933506,0.5056138493476932,0.11357955675579624,0.10905565099539663,-0.04580453322962536,-0.4483954181537727,1.321478737358074,0.3167015039015853,2.0483954181537727,True,2.0483954181537727,True,2.0483954181537727,True,2.0483954181537727,True,2.0483954181537727,True,2.0483954181537727,True,1.6,False,1.9362965636153295,2.0483954181537727,True,True,0.75,1.0,2.0483954181537727,wind_stuck_7_days,2013
8588,US-Me6,US-Me1,2013-07-28,1.22296192,1.9,1.9,0.1569771964399816,0.1569771964399816,0.14542625124841654,0.5906811687683804,0.018969002467169833,0.02133584918872712,0.017561511013689256,-0.15697719643998154,1.321478737358074,0.3167015039015853,2.0569771964399814,True,2.0569771964399814,True,2.0569771964399814,True,2.0569771964399814,True,2.0569771964399814,True,2.0569771964399814,True,2.0569771964399814,True,2.017732897329986,2.0569771964399814,True,True,0.75,1.0,2.0569771964399814,wind_stuck_7_days,2013
8589,US-Me6,US-Me1,2013-08-05,1.50512263,2.4,2.4,-1.093968678729104,1.093968678729104,0.2559376977911428,0.5196434240441248,0.09430958927731731,0.10070806045250993,0.017171866078906833,0.6957860612708957,1.321478737358074,0.3167015039015853,1.3060313212708958,True,1.3060313212708958,True,1.3060313212708958,True,1.3060313212708958,True,1.3060313212708958,True,1.3060313212708958,True,1.3060313212708958,True,1.579523490953172,1.9981619435274196,True,True,0.75,0.3673213541537657,1.3060313212708958,wind_stuck_7_days,2013
8590,US-Me6,US-Me1,2013-08-13,0.7206048,1.9,1.9,-0.49866809019447456,0.49866809019447456,0.1523369588976276,0.5418523404770906,0.1107868971452057,0.1095847296143193,0.017561511013689256,0.49866809019447456,1.321478737358074,0.3167015039015853,1.4013319098055255,True,1.4013319098055255,True,1.4013319098055255,True,1.4013319098055255,True,1.4013319098055255,True,1.4013319098055255,True,1.4013319098055255,True,1.525998932354144,1.4647792896488259,True,True,0.75,0.8727663127220415,1.4013319098055255,wind_stuck_7_days,2013
8591,US-Me6,US-Me1,2013-08-29,1.52288796,2.5,2.5,-0.3661465360503143,0.3661465360503143,0.20071464298425096,0.37515786848880256,0.09373037527345657,0.09768684018558442,0.017561511013689256,0.3661465360503142,1.321478737358074,0.3167015039015853,2.1338534639496856,True,2.1338534639496856,True,2.1338534639496856,True,2.1338534639496856,True,2.1338534639496856,True,2.1338534639496856,True,2.1338534639496856,True,2.225390097962264,2.2089545100530645,True,True,0.75,0.7948880060057187,2.1338534639496856,wind_stuck_7_days,2013
8592,US-Me6,US-Me1,2013-10-16,0.60628615,1.2,1.2,-0.26032415348734145,0.26032415348734145,0.07531391362589895,0.3326694565658669,0.0510742629537043,0.053548105241532085,0.0008276722209922128,0.26032415348734145,1.321478737358074,0.3167015039015853,0.9396758465126585,True,0.9396758465126585,True,0.9396758465126585,True,0.9396758465126585,True,0.9396758465126585,True,0.9396758465126585,True,0.9396758465126585,True,1.0047568848844939,0.9396758465126585,True,True,0.75,1.0,0.9396758465126585,wind_stuck_7_days,2013
8593,US-Me6,US-Me1,2013-11-17,0.96742712,0.6,0.6,0.07056496752363688,0.07056496752363688,0.12968462143228293,0.3871941788561052,0.016926450365128246,0.013057952574841797,0.0008276722209922128,0.07056496752363689,1.321478737358074,0.3167015039015853,0.6705649675236368,True,0.6705649675236368,True,0.6705649675236368,True,0.6705649675236368,True,0.6705649675236368,True,0.6705649675236368,True,0.6705649675236368,True,0.6529237256427276,0.6705649675236368,True,True,0.75,1.0,0.6681941250151117,wind_stuck_7_days,2013
8594,US-Me6,US-Me1,2013-12-19,0.36036466,0.2,0.2,0.2583607766979855,0.2583607766979855,0.14820850815041703,0.40020730463017673,0.039854380295795015,0.032808731361104335,0.0008276722209922128,0.06236854330201447,1.321478737358074,0.3167015039015853,0.45836077669798553,True,0.45836077669798553,True,0.45836077669798553,True,0.45836077669798553,True,0.45836077669798553,True,0.45836077669798553,True,0.45836077669798553,True,0.3937705825234892,0.45836077669798553,True,True,0.75,1.0,0.4356903320835417,wind_stuck_7_days,2013
8701,US-Mj1,US-Mj1,2013-06-01,4.40686741,2.9,2.9,-0.0726210188566359,0.0726210188566359,0.2375594390574064,0.5571527308983464,0.021275849469211544,0.01847611138257079,0.0008276722209922128,-0.07262101885663585,1.321478737358074,0.3167015039015853,2.827378981143364,True,2.827378981143364,True,2.827378981143364,True,2.827378981143364,True,2.827378981143364,True,2.827378981143364,True,2.827378981143364,True,2.845534235857523,2.827378981143364,True,True,0.75,1.0,2.827378981143364,wind_stuck_7_days,2013
8702,US-Mj1,US-Mj1,2013-06-09,6.95441245,5.0,5.0,-0.6685540769142699,0.6685540769142699,0.17184406469722455,0.4889246438223994,0.09950207007947917,0.07911693930233758,0.03664172552183452,-0.6685540769142699,1.321478737358074,0.3167015039015853,4.33144592308573,True,4.33144592308573,True,4.33144592308573,True,4.33144592308573,True,4.33144592308573,True,4.33144592308573,True,4.33144592308573,True,4.498584442314297,4.558081772884694,True,True,0.75,0.6610059565487836,4.33144592308573,wind_stuck_7_days,2013
8703,US-Mj1,US-Mj1,2013-08-04,1.74916204,3.4,3.4,-0.5615873527600044,0.5615873527600044,0.18344342686419346,0.45872958105225337,0.13215744417787428,0.13080259272778685,0.03664172552183452,0.5615873527600044,1.321478737358074,0.3167015039015853,2.8384126472399958,True,2.8384126472399958,True,2.8384126472399958,True,2.8384126472399958,True,2.8384126472399958,True,2.8384126472399958,True,2.8384126472399958,True,2.9788094854299967,2.9730667630386804,True,True,0.75,0.7602258755705462,2.8384126472399958,wind_stuck_7_days,2013
8704,US-Mj1,US-Mj1,2013-08-12,1.50896433,2.1,2.1,0.3737515935244863,0.3737515935244863,0.16538438037389816,0.4419488222572558,0.0784855275377363,0.07950608112366327,0.010261777178538899,-0.3737515935244863,1.321478737358074,0.3167015039015853,2.4737515935244865,True,2.4737515935244865,True,2.4737515935244865,True,2.4737515935244865,True,2.4737515935244865,True,2.4737515935244865,True,2.4737515935244865,True,2.3803136951433648,2.386790985204726,True,True,0.75,0.7673304680798297,2.4737515935244865,wind_stuck_7_days,2013
8705,US-Mj1,US-Mj1,2013-08-20,0.89414736,1.9,1.9,0.7315403538730653,0.7315403538730653,0.17686072891167262,0.5343736584159678,0.11417545636997607,0.11245678472625154,0.010999672280635989,-0.7315403538730654,1.321478737358074,0.3167015039015853,2.6315403538730653,True,2.6315403538730653,True,2.6315403538730653,True,2.6315403538730653,True,2.6315403538730653,True,2.6315403538730653,True,2.6315403538730653,True,2.448655265404799,2.3676609514872977,True,True,0.75,0.6392825071252938,2.6315403538730653,wind_stuck_7_days,2013
8706,US-Mj1,US-Mj1,2013-08-28,0.68647775,1.8,1.8,0.3453104130010091,0.3453104130010091,0.16832128223619316,0.510494837902131,0.07243563634302055,0.06817674328460659,0.010261777178538899,-0.3453104130010092,1.321478737358074,0.3167015039015853,2.145310413001009,True,2.145310413001009,True,2.145310413001009,True,2.145310413001009,True,2.145310413001009,True,2.145310413001009,True,2.145310413001009,True,2.058982809750757,2.082368598105547,True,True,0.75,0.817723959296652,2.145310413001009,wind_stuck_7_days,2013
8720,US-NC2,US-NC2,2013-04-06,3.05753413,3.4,3.4,-0.8658846783035873,0.8658846783035873,0.15719447592658112,0.46131679319796726,0.13583205381242394,0.13174031869046535,0.03664172552183452,-0.1809529383035876,1.321478737358074,0.3167015039015853,2.5341153216964125,True,2.5341153216964125,True,2.5341153216964125,True,2.5341153216964125,True,2.5341153216964125,True,2.5341153216964125,True,2.5341153216964125,True,2.7505864912723093,2.9977227568846003,True,True,0.75,0.46458524234835497,2.5341153216964125,wind_stuck_7_days,2013
8721,US-NC2,US-NC2,2013-05-16,5.92940492,6.4,6.4,-1.3692114908714128,1.3692114908714128,0.32494971033017134,0.827069987127081,-0.7275926589154723,-0.7258400712071326,-0.10358220438592969,-0.42802133087141137,1.321478737358074,0.3167015039015853,5.0307885091285875,True,5.0307885091285875,True,5.0307885091285875,True,6.4,False,6.4,False,6.4,False,6.4,False,5.373091381846441,6.4,True,False,0.75,0.0,5.0307885091285875,wind_stuck_7_days,2013
8722,US-NC2,US-NC2,2013-06-01,4.80942288,6.8,6.8,-1.084918243093817,1.084918243093817,0.25143323921581034,0.5766610246585231,0.024493627559045543,-0.0669408746981074,0.017171866078906833,1.084918243093817,1.321478737358074,0.3167015039015853,5.715081756906183,True,5.715081756906183,True,5.715081756906183,True,5.715081756906183,True,5.715081756906183,True,6.8,False,5.715081756906183,True,5.986311317679637,6.355729042462683,True,True,0.75,0.40949717673693764,5.715081756906183,wind_stuck_7_days,2013
8723,US-NC2,US-NC2,2013-07-19,5.95566082,6.9,6.9,0.13196144931739362,0.13196144931739362,0.24932462213761122,0.5307941547148955,0.056266735096704476,0.09547116242317794,0.017561511013689256,-0.1319614493173935,1.321478737358074,0.3167015039015853,7.031961449317394,True,7.031961449317394,True,7.031961449317394,True,7.031961449317394,True,7.031961449317394,True,7.031961449317394,True,7.031961449317394,True,6.998971086988045,7.031961449317394,True,True,0.75,1.0,7.031961449317394,wind_stuck_7_days,2013
8724,US-NC2,US-NC2,2013-08-12,3.1482101,5.2,5.2,0.33663492266211137,0.33663492266211137,0.2425383173331035,0.5436873743394632,0.09526113723458149,0.06952904121798843,0.010261777178538899,-0.33663492266211126,1.321478737358074,0.3167015039015853,5.536634922662111,True,5.536634922662111,True,5.536634922662111,True,5.536634922662111,True,5.536634922662111,True,5.536634922662111,True,5.536634922662111,True,5.452476191996584,5.475274441796784,True,True,0.75,0.817723959296652,5.536634922662111,wind_stuck_7_days,2013
8725,US-NC2,US-NC2,2013-11-08,2.43742954,1.6,1.6,-0.14683096998222483,0.14683096998222483,0.09950288081710482,0.45814519557763633,0.021275849469211544,0.020136245795289196,0.0008276722209922128,-0.14683096998222478,1.321478737358074,0.3167015039015853,1.4531690300177753,True,1.4531690300177753,True,1.4531690300177753,True,1.4531690300177753,True,1.4531690300177753,True,1.4531690300177753,True,1.4531690300177753,True,1.4898767725133315,1.4531690300177753,True,True,0.75,1.0,1.4531690300177753,wind_stuck_7_days,2013
8726,US-NC2,US-NC2,2013-11-24,1.27655701,1.0,1.0,-0.09911863031712381,0.09911863031712381,0.1234470579380084,0.47114694178697025,0.021480718832312562,0.020136245795289196,0.0008276722209922128,-0.09911863031712381,1.321478737358074,0.3167015039015853,0.9008813696828761,True,0.9008813696828761,True,0.9008813696828761,True,0.9008813696828761,True,0.9008813696828761,True,0.9008813696828761,True,0.9008813696828761,True,0.9256610272621572,0.9008813696828761,True,True,0.75,1.0,0.9008813696828761,wind_stuck_7_days,2013
8772,US-NC3,US-NC2,2013-05-16,2.20090595,1.5,1.5,0.3752475954554621,0.3752475954554621,0.17798415163934683,0.7164909569027349,0.07869039690083732,0.07807624107725242,-0.04580453322962536,0.3752475954554621,1.321478737358074,0.3167015039015853,1.8752475954554622,True,1.8752475954554622,True,1.8752475954554622,True,1.8752475954554622,True,1.8752475954554622,True,1.8752475954554622,True,1.5,False,1.7814356965915965,1.7879389130666703,True,True,0.75,0.7673304680798297,1.8752475954554622,wind_stuck_7_days,2013
8773,US-NC3,US-NC2,2013-11-08,1.8997459,0.9,0.9,0.10111427079123118,0.10111427079123118,0.08706184197951268,0.39846165933813826,0.01917387183027085,0.020136245795289196,0.0008276722209922128,0.10111427079123114,1.321478737358074,0.3167015039015853,1.0011142707912313,True,1.0011142707912313,True,1.0011142707912313,True,1.0011142707912313,True,1.0011142707912313,True,1.0011142707912313,True,1.0011142707912313,True,0.9758357030934234,1.0011142707912313,True,True,0.75,1.0,1.0011142707912313,wind_stuck_7_days,2013
8774,US-NC3,US-NC2,2013-11-24,1.20544319,0.3,0.3,0.32838715655100476,0.32838715655100476,0.17500905547411005,0.36088564825477015,0.08055043394498866,0.09069609907361273,-0.01704881695285944,0.3283871565510048,1.321478737358074,0.3167015039015853,0.6283871565510047,True,0.6283871565510047,True,0.6283871565510047,True,0.6283871565510047,True,0.6283871565510047,True,0.6283871565510047,True,0.3,False,0.5462903674132535,0.5854067007389345,True,True,0.75,0.8691165139846311,0.6283871565510047,wind_stuck_7_days,2013
8880,US-NC4,US-NC4,2013-02-17,1.49457688,1.1,1.1,-0.1775880009488182,0.1775880009488182,0.16401743672829405,0.605076346498428,0.040608100697790715,0.04193499603367173,0.0008276722209922128,-0.17758800094881821,1.321478737358074,0.3167015039015853,0.9224119990511819,True,0.9224119990511819,True,0.9224119990511819,True,0.9224119990511819,True,0.9224119990511819,True,0.9224119990511819,True,0.9224119990511819,True,0.9668089992883865,0.9224119990511819,True,True,0.75,1.0,0.9224119990511819,wind_stuck_7_days,2013
8881,US-NC4,US-NC4,2013-06-01,3.93823776,7.1,7.1,-1.7327010831086391,1.7327010831086391,0.2411239317226605,0.5341969976067694,0.3503535385044678,0.2907320844197898,0.006289230037611743,1.7327010831086391,1.321478737358074,0.3167015039015853,5.367298916891361,True,5.367298916891361,True,5.367298916891361,True,5.367298916891361,True,5.367298916891361,True,5.367298916891361,True,5.367298916891361,True,5.80047418766852,6.460945314268387,True,True,0.75,0.36881992627665733,5.367298916891361,wind_stuck_7_days,2013
8882,US-NC4,US-NC4,2013-06-25,5.15125333,5.7,5.7,-0.10975365027798711,0.10975365027798711,0.10062887689774619,0.3231431450131838,0.007672034229034829,-0.0029081399485327993,0.017561511013689256,0.10975365027798711,1.321478737358074,0.3167015039015853,5.590246349722013,True,5.590246349722013,True,5.590246349722013,True,5.590246349722013,True,5.590246349722013,True,5.7,False,5.590246349722013,True,5.61768476229151,5.590246349722013,True,True,0.75,1.0,5.590246349722013,wind_stuck_7_days,2013
9067,US-NR1,US-NR1,2013-06-21,4.01101415,5.2,5.2,-1.7325930115455108,1.7325930115455108,0.2133190252080022,0.4511375443701974,0.39113253123406083,0.36335380944236306,0.006289230037611743,0.645378688454489,1.321478737358074,0.3167015039015853,3.4674069884544894,True,3.4674069884544894,True,3.4674069884544894,True,3.4674069884544894,True,3.4674069884544894,True,3.4674069884544894,True,3.4674069884544894,True,3.900555241340867,4.1908465839096465,True,True,0.75,0.5824526645124619,3.4674069884544894,wind_stuck_7_days,2013
9068,US-NR1,US-NR1,2013-07-07,4.32756957,4.5,4.5,-1.170069676687422,1.170069676687422,0.24218064424681848,0.459040265517241,0.23030766946539483,0.3468928201160063,0.03645999228476603,-0.8252088166874212,1.321478737358074,0.3167015039015853,3.329930323312578,True,3.329930323312578,True,3.329930323312578,True,3.329930323312578,True,3.329930323312578,True,3.329930323312578,True,3.329930323312578,True,3.6224477424844337,3.4447409757165324,True,True,0.75,0.9018770807487345,3.329930323312578,wind_stuck_7_days,2013
9069,US-NR1,US-NR1,2013-07-23,3.06828949,4.3,4.3,-1.21740285925689,1.21740285925689,0.2006394691726321,0.5571266551254177,0.011106372179639142,-0.14093355680787717,0.017171866078906833,1.21740285925689,1.321478737358074,0.3167015039015853,3.08259714074311,True,3.08259714074311,True,3.08259714074311,True,3.08259714074311,True,3.08259714074311,True,4.3,False,3.08259714074311,True,3.3869478555573322,3.7832374430910782,True,True,0.75,0.4244794999285252,3.08259714074311,wind_stuck_7_days,2013
9070,US-NR1,US-NR1,2013-08-16,3.8800595,4.1,4.1,-1.481399063597205,1.481399063597205,0.2205186693535483,0.42656209776633897,0.6625798158754913,0.6428182840010183,0.03645999228476603,-1.0415180635972061,1.321478737358074,0.3167015039015853,2.6186009364027947,True,2.6186009364027947,True,2.6186009364027947,True,2.6186009364027947,True,2.6186009364027947,True,2.6186009364027947,True,2.6186009364027947,True,2.988950702302096,2.6740543631160487,True,True,0.75,0.9625668544851113,2.6186009364027947,wind_stuck_7_days,2013
9071,US-NR1,US-NR1,2013-08-24,3.99759894,3.6,3.6,-0.19526683830166833,0.19526683830166833,0.14525677188763297,0.46044391744939306,0.03541644296220624,0.03711442623576915,0.0008276722209922128,-0.19526683830166836,1.321478737358074,0.3167015039015853,3.404733161698332,True,3.404733161698332,True,3.404733161698332,True,3.404733161698332,True,3.404733161698332,True,3.404733161698332,True,3.404733161698332,True,3.453549871273749,3.411073294007334,True,True,0.75,0.9675309317027644,3.404733161698332,wind_stuck_7_days,2013
9072,US-NR1,US-NR1,2013-09-17,2.82348103,4.0,4.0,-1.200986258426605,1.200986258426605,0.09792490333897903,0.43851279852070524,0.6001294904069157,0.58278617856276,0.01972615349206899,1.1520516815733952,1.321478737358074,0.3167015039015853,2.799013741573395,True,2.799013741573395,True,2.799013741573395,True,2.799013741573395,True,2.799013741573395,True,2.799013741573395,True,2.799013741573395,True,3.0992603061800463,2.799013741573395,True,True,0.75,1.0,2.799013741573395,wind_stuck_7_days,2013
9073,US-NR1,US-NR1,2013-09-25,3.51295939,2.4,2.4,-0.7540279223167322,0.7540279223167322,0.23627757167762284,0.5072295233404983,0.14081884218490742,0.1396243325586454,0.019907886729137483,-0.7540279223167321,1.321478737358074,0.3167015039015853,1.6459720776832678,True,1.6459720776832678,True,1.6459720776832678,True,1.6459720776832678,True,1.6459720776832678,True,1.6459720776832678,True,1.6459720776832678,True,1.8344790582624508,1.9014750234517335,True,True,0.75,0.6611492251063605,1.6459720776832678,wind_stuck_7_days,2013
9074,US-NR1,US-NR1,2013-10-27,0.89532406,2.3,2.3,-1.0414697786850955,1.0414697786850955,0.14949597532795456,0.4146831893622133,0.17340384455398825,0.16501328975238858,0.01972615349206899,1.0414697786850955,1.321478737358074,0.3167015039015853,1.2585302213149043,True,1.2585302213149043,True,1.2585302213149043,True,1.2585302213149043,True,1.2585302213149043,True,1.2585302213149043,True,1.2585302213149043,True,1.5188976659861781,1.5494568774886732,True,True,0.75,0.7206576108803873,1.2585302213149043,wind_stuck_7_days,2013
9075,US-NR1,US-NR1,2013-11-12,0.33706452,0.9,0.9,-0.3463544780590213,0.3463544780590213,0.1522477658373105,0.44693565510436095,0.08908794620115802,0.09529272699351128,0.0008276722209922128,0.3463544780590213,1.321478737358074,0.3167015039015853,0.5536455219409787,True,0.5536455219409787,True,0.5536455219409787,True,0.5536455219409787,True,0.5536455219409787,True,0.5536455219409787,True,0.5536455219409787,True,0.640234141455734,0.6167776448814517,True,True,0.75,0.817723959296652,0.5536455219409787,wind_stuck_7_days,2013
9365,US-Ne1,US-Ne1,2013-01-18,0.97576335,0.9,0.9,-0.12932557509033843,0.12932557509033843,0.2055397262040691,0.34223857374031935,0.021480718832312562,0.020136245795289196,0.0008276722209922128,-0.12932557509033843,1.321478737358074,0.3167015039015853,0.7706744249096615,True,0.7706744249096615,True,0.7706744249096615,True,0.7706744249096615,True,0.7706744249096615,True,0.7706744249096615,True,0.7706744249096615,True,0.8030058186822462,0.7706744249096615,True,True,0.75,1.0,0.7706744249096615,wind_stuck_7_days,2013
9366,US-Ne1,US-Ne1,2013-02-19,1.48404702,0.3,0.3,0.05195853097877701,0.05195853097877701,0.19728618564428096,0.48293120250218846,0.019608820766868214,0.020136245795289196,0.0008276722209922128,0.051958530978776896,1.321478737358074,0.3167015039015853,0.351958530978777,True,0.351958530978777,True,0.351958530978777,True,0.351958530978777,True,0.351958530978777,True,0.351958530978777,True,0.351958530978777,True,0.3389688982340827,0.351958530978777,True,True,0.75,1.0,0.380981704754798,wind_stuck_7_days,2013
9367,US-Ne1,US-Ne1,2013-03-07,2.65019266,0.6,0.6,0.39345130004712414,0.39345130004712414,0.15058632460032298,0.4461104824526118,0.09843915779271031,0.09666090943085098,-0.025343252212233235,0.39345130004712425,1.321478737358074,0.3167015039015853,0.9934513000471241,True,0.9934513000471241,True,0.9934513000471241,True,0.9934513000471241,True,0.9934513000471241,True,0.9934513000471241,True,0.6,False,0.8950884750353431,0.9814708740215345,True,True,0.75,0.9695504220620069,0.9934513000471241,wind_stuck_7_days,2013
9368,US-Ne1,US-Ne1,2013-04-16,1.57654556,1.2,1.2,0.5852743084013798,0.5852743084013798,0.17864025063748684,0.4490108585180761,0.11711746580525509,0.1126218336658657,-0.025343252212233235,0.16781681159862027,1.321478737358074,0.3167015039015853,1.7852743084013798,True,1.7852743084013798,True,1.7852743084013798,True,1.7852743084013798,True,1.7852743084013798,True,1.7852743084013798,True,1.2,False,1.6389557313010348,1.6312023889563958,True,True,0.75,0.7367526350749676,1.7852743084013798,wind_stuck_7_days,2013
9369,US-Ne1,US-Ne1,2013-04-24,3.13521402,1.5,1.5,-0.02009038924747855,0.02009038924747855,0.17269415133159285,0.4477063752202802,0.01917387183027085,0.01847611138257079,0.017561511013689256,-0.020090389247478635,1.321478737358074,0.3167015039015853,1.4799096107525214,True,1.4799096107525214,True,1.4799096107525214,True,1.4799096107525214,True,1.4799096107525214,True,1.4799096107525214,True,1.4799096107525214,True,1.4849322080643912,1.4799096107525214,True,True,0.75,1.0,1.4799096107525214,wind_stuck_7_days,2013
9370,US-Ne1,US-Ne1,2013-06-03,2.25698169,2.0,2.0,0.6759360294337455,0.6759360294337455,0.20831712636629882,0.5242300558795112,0.10771837785788978,0.10959704692009521,0.010999672280635989,-0.16197264943374567,1.321478737358074,0.3167015039015853,2.6759360294337453,True,2.6759360294337453,True,2.6759360294337453,True,2.6759360294337453,True,2.6759360294337453,True,2.6759360294337453,True,2.6759360294337453,True,2.506952022075309,2.4959699550654055,True,True,0.75,0.7337528012538352,2.6759360294337453,wind_stuck_7_days,2013
9371,US-Ne1,US-Ne1,2013-06-11,2.93685989,4.0,4.0,-0.48434200929890353,0.48434200929890353,0.22434223918156346,0.6643609952986387,0.10954677008867922,0.09903460730930667,0.017561511013689256,0.4843420092989035,1.321478737358074,0.3167015039015853,3.5156579907010963,True,3.5156579907010963,True,3.5156579907010963,True,3.5156579907010963,True,3.5156579907010963,True,3.5156579907010963,True,3.5156579907010963,True,3.6367434930258224,3.538475879825203,True,True,0.75,0.9528888911429845,3.5156579907010963,wind_stuck_7_days,2013
9372,US-Ne1,US-Ne1,2013-06-19,5.05779254,5.3,5.3,-0.13421495367784667,0.13421495367784667,0.22252066486012134,0.49438663433171026,0.007672034229034829,0.004392307241403947,0.017561511013689256,0.13421495367784667,1.321478737358074,0.3167015039015853,5.165785046322153,True,5.165785046322153,True,5.165785046322153,True,5.165785046322153,True,5.165785046322153,True,5.165785046322153,True,5.165785046322153,True,5.199338784741615,5.165785046322153,True,True,0.75,1.0,5.165785046322153,wind_stuck_7_days,2013
9373,US-Ne1,US-Ne1,2013-07-21,7.95417201,6.5,6.5,0.14435906926848213,0.14435906926848213,0.16641056604146767,0.4764723768990244,0.009453787915592806,0.017435581266757844,0.017561511013689256,0.1443590692684822,1.321478737358074,0.3167015039015853,6.644359069268482,True,6.644359069268482,True,6.644359069268482,True,6.644359069268482,True,6.644359069268482,True,6.644359069268482,True,6.644359069268482,True,6.608269301951362,6.644359069268482,True,True,0.75,1.0,6.644359069268482,wind_stuck_7_days,2013
9374,US-Ne1,US-Ne1,2013-08-30,6.74873561,5.6,5.6,-0.3871368934489404,0.3871368934489404,0.17878618382012057,0.666015664303815,0.051659299444123494,0.05828988368069111,0.017561511013689256,-0.38713689344894053,1.321478737358074,0.3167015039015853,5.212863106551059,True,5.212863106551059,True,5.212863106551059,True,5.212863106551059,True,5.212863106551059,True,5.212863106551059,True,5.212863106551059,True,5.309647329913294,5.322743588719765,True,True,0.75,0.7161715041162862,5.212863106551059,wind_stuck_7_days,2013
9375,US-Ne1,US-Ne1,2013-09-23,3.31151335,2.9,2.9,-0.6417011793374175,0.6417011793374175,0.11325094180162106,0.5107599109996327,0.1132589140204392,0.11478847826871641,0.03664172552183452,-0.6417011793374177,1.321478737358074,0.3167015039015853,2.2582988206625823,True,2.2582988206625823,True,2.2582988206625823,True,2.2582988206625823,True,2.2582988206625823,True,2.2582988206625823,True,2.2582988206625823,True,2.4187241154969366,2.4372930083972824,True,True,0.75,0.7210630220135817,2.2582988206625823,wind_stuck_7_days,2013
9376,US-Ne1,US-Ne1,2013-10-01,1.44457449,2.5,2.5,-0.6979395167019627,0.6979395167019627,0.12003544278621142,0.41385375960287585,0.12705903679306385,0.1396243325586454,0.03664172552183452,0.6979395167019627,1.321478737358074,0.3167015039015853,1.8020604832980371,True,1.8020604832980371,True,1.8020604832980371,True,1.8020604832980371,True,1.8020604832980371,True,1.8020604832980371,True,1.8020604832980371,True,1.9765453624735279,2.06555838263319,True,True,0.75,0.6224631317907273,1.8020604832980371,wind_stuck_7_days,2013
9377,US-Ne1,US-Ne1,2013-10-09,1.45763523,1.9,1.9,-0.5785137165975491,0.5785137165975491,0.15630635084325398,0.5276496980682304,0.10954677008867922,0.10561010574736389,0.017353599315975327,0.3062158234024508,1.321478737358074,0.3167015039015853,1.3214862834024508,True,1.3214862834024508,True,1.3214862834024508,True,1.3214862834024508,True,1.3214862834024508,True,1.3214862834024508,True,1.3214862834024508,True,1.4661147125518381,1.4868939566965045,True,True,0.75,0.7140816742135748,1.3214862834024508,wind_stuck_7_days,2013
9378,US-Ne1,US-Ne1,2013-10-17,1.2146806,1.2,1.2,-0.10255950992428035,0.10255950992428035,0.06277260929841548,0.3630399060753615,0.021480718832312562,0.01847611138257079,0.0008276722209922128,-0.10255950992428035,1.321478737358074,0.3167015039015853,1.0974404900757195,True,1.0974404900757195,True,1.0974404900757195,True,1.0974404900757195,True,1.0974404900757195,True,1.0974404900757195,True,1.0974404900757195,True,1.1230803675567897,1.0974404900757195,True,True,0.75,1.0,1.0974404900757195,wind_stuck_7_days,2013
9379,US-Ne1,US-Ne1,2013-10-25,0.91384339,0.8,0.8,-0.0819974602068166,0.0819974602068166,0.05442053973607125,0.24137727063094516,0.021480718832312562,0.01847611138257079,0.0008276722209922128,-0.08199746020681659,1.321478737358074,0.3167015039015853,0.7180025397931834,True,0.7180025397931834,True,0.7180025397931834,True,0.7180025397931834,True,0.7180025397931834,True,0.7180025397931834,True,0.7180025397931834,True,0.7385019048448875,0.7180025397931834,True,True,0.75,1.0,0.7180025397931834,wind_stuck_7_days,2013
9380,US-Ne1,US-Ne1,2013-11-02,0.67461186,0.6,0.6,0.1811057095859385,0.1811057095859385,0.056086209767570415,0.29816461718041515,0.01917387183027085,0.01847611138257079,0.0008276722209922128,-0.03188198958593855,1.321478737358074,0.3167015039015853,0.7811057095859385,True,0.7811057095859385,True,0.7811057095859385,True,0.7811057095859385,True,0.7811057095859385,True,0.7811057095859385,True,0.7811057095859385,True,0.7358292821894539,0.7811057095859385,True,True,0.75,1.0,0.7811057095859385,wind_stuck_7_days,2013
9381,US-Ne1,US-Ne1,2013-11-10,0.91638693,0.6,0.6,0.0442047609624988,0.0442047609624988,0.06279301029721696,0.2733740172559508,0.01917387183027085,0.020136245795289196,0.0008276722209922128,0.04420476096249881,1.321478737358074,0.3167015039015853,0.6442047609624988,True,0.6442047609624988,True,0.6442047609624988,True,0.6442047609624988,True,0.6442047609624988,True,0.6442047609624988,True,0.6442047609624988,True,0.6331535707218741,0.6442047609624988,True,True,0.75,1.0,0.6442047609624988,wind_stuck_7_days,2013
9382,US-Ne1,US-Ne1,2013-11-18,0.64591888,0.3,0.3,0.13927858889534434,0.13927858889534434,0.07723612579825784,0.314052748293287,0.019608820766868214,0.020136245795289196,0.0008276722209922128,0.13927858889534434,1.321478737358074,0.3167015039015853,0.4392785888953443,True,0.4392785888953443,True,0.4392785888953443,True,0.4392785888953443,True,0.4392785888953443,True,0.4392785888953443,True,0.4392785888953443,True,0.40445894167150825,0.4392785888953443,True,True,0.75,1.0,0.4392785888953443,wind_stuck_7_days,2013
9383,US-Ne1,US-Ne1,2013-11-26,0.88207516,0.3,0.3,0.31309148481962923,0.31309148481962923,0.17291182703843014,0.4579520085101131,0.07786806354324868,0.08361780585316535,-0.01704881695285944,0.31309148481962923,1.321478737358074,0.3167015039015853,0.6130914848196292,True,0.6130914848196292,True,0.6130914848196292,True,0.6130914848196292,True,0.6130914848196292,True,0.6130914848196292,True,0.3,False,0.5348186136147219,0.6000952292743078,True,True,0.75,0.9584905493267935,0.5963393816619633,wind_stuck_7_days,2013
9683,US-Ne2,US-Ne1,2013-01-18,1.12458874,0.7,0.7,-0.019320750718648874,0.019320750718648874,0.17875290566191335,0.2844805572071393,0.01917387183027085,0.020136245795289196,0.0008276722209922128,-0.01932075071864886,1.321478737358074,0.3167015039015853,0.680679249281351,True,0.680679249281351,True,0.680679249281351,True,0.680679249281351,True,0.680679249281351,True,0.680679249281351,True,0.680679249281351,True,0.6855094369610133,0.680679249281351,True,True,0.75,1.0,0.680679249281351,wind_stuck_7_days,2013
9684,US-Ne2,US-Ne1,2013-02-19,1.57101642,0.1,0.1,0.24023030101146753,0.24023030101146753,0.20025227686617025,0.5388082375394859,0.04253675069753498,0.03988702458155174,0.0008276722209922128,0.24023030101146747,1.321478737358074,0.3167015039015853,0.34023030101146756,True,0.34023030101146756,True,0.34023030101146756,True,0.34023030101146756,True,0.34023030101146756,True,0.34023030101146756,True,0.34023030101146756,True,0.28017272575860064,0.34023030101146756,True,True,0.75,1.0,0.3734817010807431,wind_stuck_7_days,2013
9685,US-Ne2,US-Ne1,2013-03-07,1.67193866,0.2,0.2,0.7708343161556064,0.7708343161556064,0.1459650811949356,0.4511334696174072,0.16817478549124856,0.16967184871313692,-0.07647027997563906,0.7708343161556064,1.321478737358074,0.3167015039015853,0.9708343161556063,True,0.9708343161556063,True,0.9708343161556063,True,0.9708343161556063,True,0.9708343161556063,True,0.9708343161556063,True,0.2,False,0.7781257371167047,0.7169706509449167,True,True,0.75,0.6706637731480513,0.9708343161556063,wind_stuck_7_days,2013
9686,US-Ne2,US-Ne1,2013-04-16,1.31636648,0.8,0.8,0.9017688139780347,0.9017688139780347,0.15417580819852772,0.39536217242315563,0.09307131406120993,0.1153336692825694,-0.23288067360167408,0.13096414602196504,1.321478737358074,0.3167015039015853,1.7017688139780347,True,1.7017688139780347,True,1.7017688139780347,True,1.7017688139780347,True,1.7017688139780347,True,1.7017688139780347,True,0.8,False,1.476326610483526,1.1676041333054994,True,True,0.75,0.40764786673411574,1.7017688139780347,wind_stuck_7_days,2013
9687,US-Ne2,US-Ne1,2013-04-24,2.2140498,1.1,1.1,0.16764397428851657,0.16764397428851657,0.13254386458268078,0.5075197970656015,0.01917387183027085,0.01847611138257079,0.017561511013689256,0.16764397428851652,1.321478737358074,0.3167015039015853,1.2676439742885166,True,1.2676439742885166,True,1.2676439742885166,True,1.2676439742885166,True,1.2676439742885166,True,1.2676439742885166,True,1.2676439742885166,True,1.2257329807163875,1.2676439742885166,True,True,0.75,1.0,1.2676439742885166,wind_stuck_7_days,2013
9688,US-Ne2,US-Ne1,2013-06-03,2.97277888,1.9,1.9,0.6923783384972404,0.6923783384972404,0.20842241628208963,0.5007874084449577,0.10771837785788978,0.10959704692009521,0.010999672280635989,0.6923783384972404,1.321478737358074,0.3167015039015853,2.59237833849724,True,2.59237833849724,True,2.59237833849724,True,2.59237833849724,True,2.59237833849724,True,2.59237833849724,True,2.59237833849724,True,2.4192837538729304,2.375899725756163,True,True,0.75,0.6873405756584916,2.59237833849724,wind_stuck_7_days,2013
9689,US-Ne2,US-Ne1,2013-06-11,3.14013768,4.4,4.4,-0.6331808078771906,0.6331808078771906,0.19243471828941883,0.7000490707879018,0.07887237914760493,0.07816814746507485,0.017353599315975327,0.6331808078771906,1.321478737358074,0.3167015039015853,3.76681919212281,True,3.76681919212281,True,3.76681919212281,True,3.76681919212281,True,3.76681919212281,True,3.76681919212281,True,3.76681919212281,True,3.9251143940921076,3.931345753495023,True,True,0.75,0.7401586413779551,3.76681919212281,wind_stuck_7_days,2013
9690,US-Ne2,US-Ne1,2013-06-19,5.50612654,5.7,5.7,-0.13711394491456938,0.13711394491456938,0.28417353835352027,0.5254998531199215,-0.05153801737217334,-0.004885074515492015,0.017561511013689256,0.13711394491456938,1.321478737358074,0.3167015039015853,5.562886055085431,True,5.562886055085431,True,5.562886055085431,True,5.7,False,5.7,False,5.7,False,5.562886055085431,True,5.597164541314073,5.562886055085431,True,True,0.75,1.0,5.562886055085431,wind_stuck_7_days,2013
9691,US-Ne2,US-Ne1,2013-07-21,7.03051886,6.6,6.6,0.19963304382085978,0.19963304382085978,0.17421625687612338,0.4761372610772792,0.044084905204408165,0.0513935897028648,0.017561511013689256,0.19963304382085978,1.321478737358074,0.3167015039015853,6.79963304382086,True,6.79963304382086,True,6.79963304382086,True,6.79963304382086,True,6.79963304382086,True,6.79963304382086,True,6.79963304382086,True,6.749724782865645,6.79963304382086,True,True,0.75,1.0,6.79963304382086,wind_stuck_7_days,2013
9692,US-Ne2,US-Ne1,2013-08-30,5.57276723,5.5,5.5,-0.41442325633847626,0.41442325633847626,0.17903145392767367,0.6555371200954052,0.06834075324125878,0.07514058295473422,0.017561511013689256,-0.41442325633847626,1.321478737358074,0.3167015039015853,5.085576743661524,True,5.085576743661524,True,5.085576743661524,True,5.085576743661524,True,5.085576743661524,True,5.085576743661524,True,5.085576743661524,True,5.189182557746143,5.12867295336946,True,True,0.75,0.8960091909689115,5.085576743661524,wind_stuck_7_days,2013
9693,US-Ne2,US-Ne1,2013-09-23,2.37446835,3.4,3.4,-0.7587486351849383,0.7587486351849383,0.14806785167137534,0.4859491550097075,0.1132589140204392,0.11478847826871641,0.03664172552183452,0.7587486351849383,1.321478737358074,0.3167015039015853,2.6412513648150617,True,2.6412513648150617,True,2.6412513648150617,True,2.6412513648150617,True,2.6412513648150617,True,2.6412513648150617,True,2.6412513648150617,True,2.8309385236112963,2.919604863205748,True,True,0.75,0.6331413521121657,2.6412513648150617,wind_stuck_7_days,2013
9694,US-Ne2,US-Ne1,2013-10-01,1.52071544,2.6,2.6,-0.6946781970623814,0.6946781970623814,0.12499805921932498,0.4043408611012575,0.12705903679306385,0.1396243325586454,0.03664172552183452,0.6946781970623814,1.321478737358074,0.3167015039015853,1.9053218029376187,True,1.9053218029376187,True,1.9053218029376187,True,1.9053218029376187,True,1.9053218029376187,True,1.9053218029376187,True,1.9053218029376187,True,2.078991352203214,2.1597616237846804,True,True,0.75,0.6337299458612301,1.9053218029376187,wind_stuck_7_days,2013
9695,US-Ne2,US-Ne1,2013-10-09,1.38552069,2.0,2.0,-0.6184022998502474,0.6184022998502474,0.1491550254082451,0.5271168231514536,0.10954677008867922,0.10561010574736389,0.017353599315975327,0.6105563201497524,1.321478737358074,0.3167015039015853,1.3815977001497526,True,1.3815977001497526,True,1.3815977001497526,True,1.3815977001497526,True,1.3815977001497526,True,1.3815977001497526,True,1.3815977001497526,True,1.5361982751123144,1.52478294506484,True,True,0.75,0.7684593913221843,1.3815977001497526,wind_stuck_7_days,2013
9696,US-Ne2,US-Ne1,2013-10-17,1.1311516,1.3,1.3,-0.15649496139067348,0.15649496139067348,0.06929775123801672,0.3422043459435174,0.021480718832312562,0.01847611138257079,0.0008276722209922128,0.15649496139067348,1.321478737358074,0.3167015039015853,1.1435050386093266,True,1.1435050386093266,True,1.1435050386093266,True,1.1435050386093266,True,1.1435050386093266,True,1.1435050386093266,True,1.1435050386093266,True,1.182628778956995,1.1435050386093266,True,True,0.75,1.0,1.1435050386093266,wind_stuck_7_days,2013
9697,US-Ne2,US-Ne1,2013-10-25,0.81074262,0.8,0.8,-0.0819974602068166,0.0819974602068166,0.05442053973607125,0.24137727063094516,0.021480718832312562,0.01847611138257079,0.0008276722209922128,-0.0819974602068166,1.321478737358074,0.3167015039015853,0.7180025397931834,True,0.7180025397931834,True,0.7180025397931834,True,0.7180025397931834,True,0.7180025397931834,True,0.7180025397931834,True,0.7180025397931834,True,0.7385019048448875,0.7180025397931834,True,True,0.75,1.0,0.7180025397931834,wind_stuck_7_days,2013
9698,US-Ne2,US-Ne1,2013-11-02,0.76313918,0.6,0.6,0.1811057095859385,0.1811057095859385,0.056086209767570415,0.29816461718041515,0.01917387183027085,0.01847611138257079,0.0008276722209922128,0.1451726504140616,1.321478737358074,0.3167015039015853,0.7811057095859385,True,0.7811057095859385,True,0.7811057095859385,True,0.7811057095859385,True,0.7811057095859385,True,0.7811057095859385,True,0.7811057095859385,True,0.7358292821894539,0.7811057095859385,True,True,0.75,1.0,0.7811057095859385,wind_stuck_7_days,2013
9699,US-Ne2,US-Ne1,2013-11-10,0.73315641,0.6,0.6,0.0442047609624988,0.0442047609624988,0.06279301029721696,0.2733740172559508,0.01917387183027085,0.020136245795289196,0.0008276722209922128,0.0442047609624988,1.321478737358074,0.3167015039015853,0.6442047609624988,True,0.6442047609624988,True,0.6442047609624988,True,0.6442047609624988,True,0.6442047609624988,True,0.6442047609624988,True,0.6442047609624988,True,0.6331535707218741,0.6442047609624988,True,True,0.75,1.0,0.6442047609624988,wind_stuck_7_days,2013
9700,US-Ne2,US-Ne1,2013-11-18,0.55883203,0.3,0.3,0.13927858889534434,0.13927858889534434,0.07723612579825784,0.314052748293287,0.019608820766868214,0.020136245795289196,0.0008276722209922128,0.13927858889534434,1.321478737358074,0.3167015039015853,0.4392785888953443,True,0.4392785888953443,True,0.4392785888953443,True,0.4392785888953443,True,0.4392785888953443,True,0.4392785888953443,True,0.4392785888953443,True,0.40445894167150825,0.4392785888953443,True,True,0.75,1.0,0.4392785888953443,wind_stuck_7_days,2013
9701,US-Ne2,US-Ne1,2013-11-26,0.58903067,0.2,0.2,0.3796569110591229,0.3796569110591229,0.18824117135929763,0.4587450903190845,0.08328654573115346,0.032052705478829865,-0.025343252212233235,0.3796569110591229,1.321478737358074,0.3167015039015853,0.579656911059123,True,0.579656911059123,True,0.579656911059123,True,0.579656911059123,True,0.579656911059123,True,0.579656911059123,True,0.2,False,0.48474268329434217,0.47189946104135516,True,True,0.75,0.7161715041162862,0.5603652492340028,wind_stuck_7_days,2013
10006,US-Ne3,US-Ne1,2013-01-18,1.02548458,0.4,0.4,0.15708769458113675,0.15708769458113675,0.14554215398155726,0.2986390189755932,0.019608820766868214,0.020136245795289196,0.0008276722209922128,0.15708769458113675,1.321478737358074,0.3167015039015853,0.5570876945811367,True,0.5570876945811367,True,0.5570876945811367,True,0.5570876945811367,True,0.5570876945811367,True,0.5570876945811367,True,0.5570876945811367,True,0.5178157709358526,0.5570876945811367,True,True,0.75,1.0,0.5570876945811367,wind_stuck_7_days,2013
10007,US-Ne3,US-Ne1,2013-02-19,0.76350163,0.2,0.2,0.13775122180308963,0.13775122180308963,0.20040050395623782,0.538406162476915,0.019608820766868214,0.020136245795289196,0.0008276722209922128,0.13775122180308963,1.321478737358074,0.3167015039015853,0.33775122180308964,True,0.33775122180308964,True,0.33775122180308964,True,0.33775122180308964,True,0.33775122180308964,True,0.33775122180308964,True,0.33775122180308964,True,0.30331341635231723,0.33775122180308964,True,True,0.75,1.0,0.37171733821646713,wind_stuck_7_days,2013
10008,US-Ne3,US-Ne1,2013-03-07,1.75603855,1.1,1.1,-0.06788785634188484,0.06788785634188484,0.15313001292705258,0.4150440012603947,0.021480718832312562,0.01847611138257079,0.0008276722209922128,-0.06788785634188488,1.321478737358074,0.3167015039015853,1.0321121436581153,True,1.0321121436581153,True,1.0321121436581153,True,1.0321121436581153,True,1.0321121436581153,True,1.0321121436581153,True,1.0321121436581153,True,1.0490841077435864,1.0321121436581153,True,True,0.75,1.0,1.0321121436581153,wind_stuck_7_days,2013
10009,US-Ne3,US-Ne1,2013-04-16,1.30187987,1.7,1.7,0.22022873870569404,0.22022873870569404,0.21920624112661463,0.4826826716142877,0.018969002467169833,0.01847611138257079,0.0008276722209922128,-0.22022873870569404,1.321478737358074,0.3167015039015853,1.920228738705694,True,1.920228738705694,True,1.920228738705694,True,1.920228738705694,True,1.920228738705694,True,1.920228738705694,True,1.920228738705694,True,1.8651715540292706,1.8766266400407214,True,True,0.75,0.8020144921992178,1.920228738705694,wind_stuck_7_days,2013
10010,US-Ne3,US-Ne1,2013-04-24,2.31780815,0.8,0.8,0.3633455910586663,0.3633455910586663,0.14679660154333599,0.5060699258839778,0.07869039690083732,0.07950608112366327,0.010261777178538899,0.36334559105866626,1.321478737358074,0.3167015039015853,1.1633455910586663,True,1.1633455910586663,True,1.1633455910586663,True,1.1633455910586663,True,1.1633455910586663,True,1.1633455910586663,True,1.1633455910586663,True,1.0725091932939999,1.0888190523675927,True,True,0.75,0.7948880060057187,1.1633455910586663,wind_stuck_7_days,2013
10011,US-Ne3,US-Ne1,2013-06-03,1.64633478,2.4,2.4,0.6436393702176686,0.6436393702176686,0.19494637462860237,0.5662654118796795,0.10771837785788978,0.10959704692009521,0.010999672280635989,-0.6436393702176686,1.321478737358074,0.3167015039015853,3.0436393702176687,True,3.0436393702176687,True,3.0436393702176687,True,3.0436393702176687,True,3.0436393702176687,True,3.0436393702176687,True,3.0436393702176687,True,2.882729527663251,2.8641045493760706,True,True,0.75,0.7210630220135817,3.0436393702176687,wind_stuck_7_days,2013
10012,US-Ne3,US-Ne1,2013-06-11,1.78394298,1.8,1.8,0.48770076655860467,0.48770076655860467,0.18970362807267385,0.6439973842589117,0.10524636098265629,0.10725303607185442,0.010261777178538899,-0.4877007665586046,1.321478737358074,0.3167015039015853,2.2877007665586047,True,2.2877007665586047,True,2.2877007665586047,True,2.2877007665586047,True,2.2877007665586047,True,2.2877007665586047,True,2.2877007665586047,True,2.1657755749189533,2.2490795103115935,True,True,0.75,0.9208095231846017,2.2877007665586047,wind_stuck_7_days,2013
10013,US-Ne3,US-Ne1,2013-07-21,5.48804201,6.6,6.6,0.38654845219815875,0.38654845219815875,0.17580407485165078,0.4913390971520645,0.08159447135744965,0.10078297359552384,0.010261777178538899,-0.3865484521981588,1.321478737358074,0.3167015039015853,6.986548452198158,True,6.986548452198158,True,6.986548452198158,True,6.986548452198158,True,6.986548452198158,True,6.986548452198158,True,6.986548452198158,True,6.889911339148619,6.986548452198158,True,True,0.75,1.0,6.986548452198158,wind_stuck_7_days,2013
10014,US-Ne3,US-Ne1,2013-08-30,4.66369704,4.9,4.9,-0.4980828724078675,0.4980828724078675,0.2282967905379321,0.668772825058906,0.07191622531430543,0.06967301374571543,0.017561511013689256,-0.025476952407866293,1.321478737358074,0.3167015039015853,4.4019171275921325,True,4.4019171275921325,True,4.4019171275921325,True,4.4019171275921325,True,4.4019171275921325,True,4.4019171275921325,True,4.4019171275921325,True,4.526437845694099,4.465290048018582,True,True,0.75,0.8727663127220415,4.4019171275921325,wind_stuck_7_days,2013
10015,US-Ne3,US-Ne1,2013-09-23,2.03140254,3.3,3.3,-0.6994630794601507,0.6994630794601507,0.12770630786339962,0.4649364038002547,0.1132589140204392,0.11478847826871641,0.03664172552183452,0.6994630794601507,1.321478737358074,0.3167015039015853,2.600536920539849,True,2.600536920539849,True,2.600536920539849,True,2.600536920539849,True,2.600536920539849,True,2.600536920539849,True,2.600536920539849,True,2.7754026904048867,2.8864493093294117,True,True,0.75,0.5912401995395794,2.600536920539849,wind_stuck_7_days,2013
10016,US-Ne3,US-Ne1,2013-10-01,1.23575326,2.2,2.2,-0.6878580605800154,0.6878580605800154,0.0980583903062481,0.41752919963352914,0.12705903679306385,0.1396243325586454,0.03664172552183452,0.6878580605800154,1.321478737358074,0.3167015039015853,1.5121419394199846,True,1.5121419394199846,True,1.5121419394199846,True,1.5121419394199846,True,1.5121419394199846,True,1.5121419394199846,True,1.5121419394199846,True,1.6841064545649886,1.7514149068240137,True,True,0.75,0.65214775966677,1.5121419394199846,wind_stuck_7_days,2013
10017,US-Ne3,US-Ne1,2013-10-09,1.00578728,2.2,2.2,-0.6996049181474111,0.6996049181474111,0.1431257848135939,0.5393086232970591,0.11201878696391271,0.110813854401761,0.017353599315975327,0.6996049181474111,1.321478737358074,0.3167015039015853,1.500395081852589,True,1.500395081852589,True,1.500395081852589,True,1.500395081852589,True,1.500395081852589,True,1.500395081852589,True,1.500395081852589,True,1.675296311389442,1.7857380695965825,True,True,0.75,0.5921369613872983,1.500395081852589,wind_stuck_7_days,2013
10018,US-Ne3,US-Ne1,2013-10-17,0.81758895,1.0,1.0,0.011201975229169613,0.011201975229169613,0.05663522637220351,0.3871323682455294,0.01917387183027085,0.01847611138257079,0.0008276722209922128,-0.011201975229169603,1.321478737358074,0.3167015039015853,1.0112019752291697,True,1.0112019752291697,True,1.0112019752291697,True,1.0112019752291697,True,1.0112019752291697,True,1.0112019752291697,True,1.0112019752291697,True,1.0084014814218771,1.0112019752291697,True,True,0.75,1.0,1.0112019752291697,wind_stuck_7_days,2013
10019,US-Ne3,US-Ne1,2013-10-25,0.71916459,0.6,0.6,0.03666963418996487,0.03666963418996487,0.06010744080860633,0.28359145808744246,0.01917387183027085,0.01847611138257079,0.0008276722209922128,0.03666963418996487,1.321478737358074,0.3167015039015853,0.6366696341899648,True,0.6366696341899648,True,0.6366696341899648,True,0.6366696341899648,True,0.6366696341899648,True,0.6366696341899648,True,0.6366696341899648,True,0.6275022256424736,0.6366696341899648,True,True,0.75,1.0,0.6366696341899648,wind_stuck_7_days,2013
10020,US-Ne3,US-Ne1,2013-11-02,0.55066579,0.4,0.4,0.2897473807990392,0.2897473807990392,0.08555015002075664,0.2843786974988506,0.04253675069753498,0.038226890168833336,0.0008276722209922128,0.01158419920096082,1.321478737358074,0.3167015039015853,0.6897473807990393,True,0.6897473807990393,True,0.6897473807990393,True,0.6897473807990393,True,0.6897473807990393,True,0.6897473807990393,True,0.6897473807990393,True,0.6173105355992794,0.663292117911908,True,True,0.75,0.908695420078776,0.6897473807990393,wind_stuck_7_days,2013
10021,US-Ne3,US-Ne1,2013-11-10,0.51124749,0.3,0.3,0.2115030171840294,0.2115030171840294,0.09108290896386649,0.25750073478444857,0.019608820766868214,0.020136245795289196,0.0008276722209922128,0.21099196281597069,1.321478737358074,0.3167015039015853,0.5115030171840294,True,0.5115030171840294,True,0.5115030171840294,True,0.5115030171840294,True,0.5115030171840294,True,0.5115030171840294,True,0.5115030171840294,True,0.458627262888022,0.48325234366962416,True,True,0.75,0.8664289810588176,0.5115030171840294,wind_stuck_7_days,2013
10022,US-Ne3,US-Ne1,2013-11-18,0.41644232,0.3,0.3,0.14185789481490396,0.14185789481490396,0.07703154905490267,0.3160920552445806,0.019608820766868214,0.020136245795289196,0.0008276722209922128,0.09102674518509601,1.321478737358074,0.3167015039015853,0.44185789481490395,True,0.44185789481490395,True,0.44185789481490395,True,0.44185789481490395,True,0.44185789481490395,True,0.44185789481490395,True,0.44185789481490395,True,0.40639342111117793,0.44185789481490395,True,True,0.75,1.0,0.44185789481490395,wind_stuck_7_days,2013
10023,US-Ne3,US-Ne1,2013-11-26,0.42825776,0.2,0.2,0.37442652346247873,0.37442652346247873,0.1904401918368916,0.47751062093549257,0.08328654573115346,0.032052705478829865,-0.025343252212233235,0.08208899653752122,1.321478737358074,0.3167015039015853,0.5744265234624788,True,0.5744265234624788,True,0.5744265234624788,True,0.5744265234624788,True,0.5744265234624788,True,0.5744265234624788,True,0.2,False,0.48081989259685903,0.48730887950996715,True,True,0.75,0.7673304680798297,0.56020636799634,wind_stuck_7_days,2013
10153,US-Oho,US-Oho,2013-06-03,5.1599941,5.4,5.4,-1.8237377385637035,1.8237377385637035,0.3517894038061035,0.6570283951343843,0.95980363820159,0.9748583013285425,-0.12112617884679165,-1.343725938563702,1.321478737358074,0.3167015039015853,3.576262261436297,True,5.4,False,3.576262261436297,True,3.576262261436297,True,3.576262261436297,True,3.576262261436297,True,5.4,False,4.032196696077223,3.7603891882345337,True,True,0.75,0.89903870337012,3.576262261436297,wind_stuck_7_days,2013
10154,US-Oho,US-Oho,2013-07-13,4.57890757,6.1,6.1,0.3062278477896329,0.3062278477896329,0.2112717365089757,0.4808146769477579,0.021278039974627908,0.0088854303577821,0.017561511013689256,-0.30622784778963297,1.321478737358074,0.3167015039015853,6.406227847789633,True,6.406227847789633,True,6.406227847789633,True,6.406227847789633,True,6.406227847789633,True,6.406227847789633,True,6.406227847789633,True,6.329670885842225,6.283844915123722,True,True,0.75,0.600353352742815,6.406227847789633,wind_stuck_7_days,2013
10155,US-Oho,US-Oho,2013-10-09,2.26260712,2.8,2.8,-0.6422270629834961,0.6422270629834961,0.08675383551575114,0.4157776208289623,0.12705903679306385,0.1396243325586454,0.019907886729137483,0.4325586970165032,1.321478737358074,0.3167015039015853,2.157772937016504,True,2.157772937016504,True,2.157772937016504,True,2.157772937016504,True,2.157772937016504,True,2.157772937016504,True,2.157772937016504,True,2.318329702762378,2.313043965589954,True,True,0.75,0.7582303245644438,2.157772937016504,wind_stuck_7_days,2013
10199,US-Ro1,US-Ro1,2013-04-26,4.1356754,1.0,1.0,0.31225156420196687,0.31225156420196687,0.11795473485060333,0.32699463245527866,0.07264050570612157,0.06817674328460659,0.010261777178538899,0.31225156420196676,1.321478737358074,0.3167015039015853,1.3122515642019668,True,1.3122515642019668,True,1.3122515642019668,True,1.3122515642019668,True,1.3122515642019668,True,1.3122515642019668,True,1.3122515642019668,True,1.234188673151475,1.2992901733000937,True,True,0.75,0.9584905493267935,1.3122515642019668,wind_stuck_7_days,2013
10200,US-Ro1,US-Ro1,2013-05-12,2.7315833,0.3,0.3,1.0881936092833007,1.0881936092833007,0.21395242062038522,0.6978999208599903,0.2936059191320636,0.2525748830453154,-0.28951947945496537,1.0881936092833007,1.321478737358074,0.3167015039015853,1.3881936092833007,True,1.3881936092833007,True,1.3881936092833007,True,1.3881936092833007,True,1.3881936092833007,True,1.3881936092833007,True,0.3,False,1.1161452069624755,1.2925646177326342,True,True,0.75,0.9121213442765493,1.3881936092833007,wind_stuck_7_days,2013
10201,US-Ro1,US-Ro1,2013-07-06,4.9648387,5.1,5.1,0.6660562398184403,0.6660562398184403,0.10457925660991865,0.49373538225360286,0.07302866715778034,0.08636178648738854,0.010999672280635989,-0.6660562398184403,1.321478737358074,0.3167015039015853,5.76605623981844,True,5.76605623981844,True,5.76605623981844,True,5.76605623981844,True,5.76605623981844,True,5.76605623981844,True,5.76605623981844,True,5.59954217986383,5.540267141916474,True,True,0.75,0.6610059565487836,5.76605623981844,wind_stuck_7_days,2013
10202,US-Ro1,US-Ro1,2013-07-23,6.70060888,4.4,4.4,1.0562791449711264,1.0562791449711264,0.2838182216336004,0.6158001317465294,-0.14824203735757938,-0.08192681555465242,-0.30399794028447374,1.0562791449711264,1.321478737358074,0.3167015039015853,5.456279144971127,True,5.456279144971127,True,5.456279144971127,True,4.4,False,4.4,False,4.4,False,4.4,False,5.192209358728345,5.098689849365918,True,True,0.75,0.6614632625214015,5.456279144971127,wind_stuck_7_days,2013
10203,US-Ro1,US-Ro1,2013-08-23,5.16804852,5.2,5.2,0.2648078269851754,0.2648078269851754,0.14439577975812695,0.4099882979992949,0.011420664174010517,0.0020159028885748365,0.017561511013689256,-0.2648078269851754,1.321478737358074,0.3167015039015853,5.464807826985176,True,5.464807826985176,True,5.464807826985176,True,5.464807826985176,True,5.464807826985176,True,5.464807826985176,True,5.464807826985176,True,5.398605870238882,5.464807826985176,True,True,0.75,1.0,5.464807826985176,wind_stuck_7_days,2013
10204,US-Ro1,US-Ro1,2013-08-24,6.12177372,5.1,5.1,0.31381310448664873,0.31381310448664873,0.27747598582344085,0.8464327883929077,-0.042133353234512456,0.012334506407696118,-0.012761112212368331,0.3138131044866488,1.321478737358074,0.3167015039015853,5.413813104486648,True,5.413813104486648,True,5.413813104486648,True,5.1,False,5.1,False,5.413813104486648,True,5.1,False,5.335359828364986,5.212675990172561,True,True,0.75,0.35905444534217856,5.413813104486648,wind_stuck_7_days,2013
10205,US-Ro1,US-Ro1,2013-09-16,1.65075744,2.9,2.9,-0.7340647792301664,0.7340647792301664,0.24123733961713803,0.3760402198753,0.0962614443150955,0.1396243325586454,0.019907886729137483,0.7340647792301664,1.321478737358074,0.3167015039015853,2.1659352207698337,True,2.1659352207698337,True,2.1659352207698337,True,2.1659352207698337,True,2.1659352207698337,True,2.1659352207698337,True,2.1659352207698337,True,2.3494514155773754,2.50958346090421,True,True,0.75,0.5318557028512254,2.1659352207698337,wind_stuck_7_days,2013
10929,US-SCg,US-SCg,2013-01-22,1.61980267,0.7,0.7,0.07604061926720204,0.07604061926720204,0.19238011415710293,0.6574356161025912,0.01917387183027085,0.01847611138257079,0.0008276722209922128,0.07604061926720207,1.321478737358074,0.3167015039015853,0.776040619267202,True,0.776040619267202,True,0.776040619267202,True,0.776040619267202,True,0.776040619267202,True,0.776040619267202,True,0.776040619267202,True,0.7570304644504015,0.776040619267202,True,True,0.75,1.0,0.776040619267202,wind_stuck_7_days,2013
10930,US-SCg,US-SCg,2013-02-07,0.29636391,0.7,0.7,0.2795710556560126,0.2795710556560126,0.09240615436507567,0.36199272515395264,0.03462682245866788,0.031749355003149536,0.0008276722209922128,-0.27957105565601253,1.321478737358074,0.3167015039015853,0.9795710556560125,True,0.9795710556560125,True,0.9795710556560125,True,0.9795710556560125,True,0.9795710556560125,True,0.9795710556560125,True,0.9795710556560125,True,0.9096782917420094,0.9738121987636899,True,True,0.75,0.9794010975892712,0.9795710556560125,wind_stuck_7_days,2013
10931,US-SCg,US-SCg,2013-02-14,1.74423632,0.5,0.5,0.24218148377703316,0.24218148377703316,0.12258909964197412,0.5574351148586043,0.03462682245866788,0.031749355003149536,0.0008276722209922128,0.24218148377703308,1.321478737358074,0.3167015039015853,0.7421814837770332,True,0.7421814837770332,True,0.7421814837770332,True,0.7421814837770332,True,0.7421814837770332,True,0.7421814837770332,True,0.7421814837770332,True,0.6816361128327748,0.7421814837770332,True,True,0.75,1.0,0.7421814837770332,wind_stuck_7_days,2013
10932,US-SCg,US-SCg,2013-02-23,1.06693617,0.5,0.5,0.2525366284662006,0.2525366284662006,0.09733875960675561,0.37356527305539383,0.03462682245866788,0.031749355003149536,0.0008276722209922128,0.2525366284662006,1.321478737358074,0.3167015039015853,0.7525366284662006,True,0.7525366284662006,True,0.7525366284662006,True,0.7525366284662006,True,0.7525366284662006,True,0.7525366284662006,True,0.7525366284662006,True,0.6894024713496505,0.7525366284662006,True,True,0.75,1.0,0.7525366284662006,wind_stuck_7_days,2013
10933,US-SCg,US-SCg,2013-03-02,0.86414854,0.5,0.5,0.24399218575468495,0.24399218575468495,0.11386527557271817,0.47167458723296163,0.03462682245866788,0.031749355003149536,0.017561511013689256,0.24399218575468495,1.321478737358074,0.3167015039015853,0.743992185754685,True,0.743992185754685,True,0.743992185754685,True,0.743992185754685,True,0.743992185754685,True,0.743992185754685,True,0.743992185754685,True,0.6829941393160137,0.743992185754685,True,True,0.75,1.0,0.743992185754685,wind_stuck_7_days,2013
10934,US-SCg,US-SCg,2013-04-01,0.69851072,1.1,1.1,0.7088943249904782,0.7088943249904782,0.11324819303016126,0.44885235705231696,0.11958948268048858,0.11782558232026281,-0.024605357110136145,-0.7088943249904782,1.321478737358074,0.3167015039015853,1.8088943249904783,True,1.8088943249904783,True,1.8088943249904783,True,1.8088943249904783,True,1.8088943249904783,True,1.8088943249904783,True,1.1,False,1.6316707437428588,1.540653285759691,True,True,0.75,0.6216064513785038,1.8088943249904783,wind_stuck_7_days,2013
10935,US-SCg,US-SCg,2013-04-12,0.8229982,0.4,0.4,0.687842309274963,0.687842309274963,0.1501524295736976,0.6072633189797212,0.1423561292549359,0.14425469945836794,0.03561196983605042,0.15815409072503694,1.321478737358074,0.3167015039015853,1.0878423092749632,True,1.0878423092749632,True,1.0878423092749632,True,1.0878423092749632,True,1.0878423092749632,True,1.0878423092749632,True,1.0878423092749632,True,0.9158817319562224,0.9097439055083888,True,True,0.75,0.7410766953921413,1.0878423092749632,wind_stuck_7_days,2013
10936,US-SCg,US-SCg,2013-04-19,0.71982531,0.3,0.3,0.30657113736911745,0.30657113736911745,0.1281733248500104,0.3423622123439685,0.04253675069753498,0.038226890168833336,0.017561511013689256,0.30657113736911745,1.321478737358074,0.3167015039015853,0.6065711373691174,True,0.6065711373691174,True,0.6065711373691174,True,0.6065711373691174,True,0.6065711373691174,True,0.6065711373691174,True,0.6065711373691174,True,0.529928353026838,0.5553519005153957,True,True,0.75,0.8329287052484238,0.6065711373691174,wind_stuck_7_days,2013
10937,US-SCg,US-SCg,2013-04-20,0.39641122,0.7,0.7,0.10441042776717255,0.10441042776717255,0.15158573507907006,0.3786633188619012,0.01917387183027085,0.01847611138257079,0.017561511013689256,-0.10441042776717252,1.321478737358074,0.3167015039015853,0.8044104277671725,True,0.8044104277671725,True,0.8044104277671725,True,0.8044104277671725,True,0.8044104277671725,True,0.8044104277671725,True,0.8044104277671725,True,0.7783078208253793,0.8044104277671725,True,True,0.75,1.0,0.8044104277671725,wind_stuck_7_days,2013
10938,US-SCg,US-SCg,2013-04-27,0.67979886,1.4,1.4,0.11286983835962491,0.11286983835962491,0.2110958814579783,0.4217178622967568,0.01917387183027085,0.01847611138257079,0.017561511013689256,-0.11286983835962494,1.321478737358074,0.3167015039015853,1.5128698383596249,True,1.5128698383596249,True,1.5128698383596249,True,1.5128698383596249,True,1.5128698383596249,True,1.5128698383596249,True,1.5128698383596249,True,1.4846523787697186,1.5128698383596249,True,True,0.75,1.0,1.5128698383596249,wind_stuck_7_days,2013
10939,US-SCg,US-SCg,2013-05-13,1.02830879,0.9,0.9,-0.4343996895058413,0.4343996895058413,0.25280661898780926,0.49479131603303583,0.09967225980399544,0.09954714347654191,-0.04580453322962536,-0.4343996895058413,1.321478737358074,0.3167015039015853,0.46560031049415873,True,0.46560031049415873,True,0.46560031049415873,True,0.46560031049415873,True,0.46560031049415873,True,0.46560031049415873,True,0.9,False,0.574200232870619,0.5676775640530103,True,True,0.75,0.7650153625225393,0.46560031049415873,wind_stuck_7_days,2013
10940,US-SCg,US-SCg,2013-05-14,0.73115196,0.2,0.2,0.4887931920370948,0.4887931920370948,0.24257535701701685,0.4483514217202802,0.16676930683622124,0.16383798073868125,0.010261777178538899,0.4887931920370948,1.321478737358074,0.3167015039015853,0.6887931920370949,True,0.6887931920370949,True,0.6887931920370949,True,0.6887931920370949,True,0.6887931920370949,True,0.6887931920370949,True,0.6887931920370949,True,0.5665948940278211,0.6500854260955568,True,True,0.75,0.9208095231846017,0.6887931920370949,wind_stuck_7_days,2013
10941,US-SCg,US-SCg,2013-05-22,0.36013842,2.1,2.1,-0.07928492283197024,0.07928492283197024,0.25112898011330204,0.4818154629030353,0.021275849469211544,0.01847611138257079,0.017561511013689256,0.0792849228319703,1.321478737358074,0.3167015039015853,2.02071507716803,True,2.02071507716803,True,2.02071507716803,True,2.02071507716803,True,2.02071507716803,True,2.02071507716803,True,2.02071507716803,True,2.0405363078760224,2.02071507716803,True,True,0.75,1.0,2.02071507716803,wind_stuck_7_days,2013
10942,US-SCg,US-SCg,2013-07-16,0.91145837,0.7,0.7,-0.2296972158636566,0.2296972158636566,0.19810863278588114,0.4130253247281116,0.032825174459881486,0.032168801233167885,0.017561511013689256,-0.2296972158636566,1.321478737358074,0.3167015039015853,0.47030278413634335,True,0.47030278413634335,True,0.47030278413634335,True,0.47030278413634335,True,0.47030278413634335,True,0.47030278413634335,True,0.47030278413634335,True,0.5277270881022575,0.47030278413634335,True,True,0.75,1.0,0.47030278413634335,wind_stuck_7_days,2013
10943,US-SCg,US-SCg,2013-07-17,0.93880983,0.7,0.7,-0.5152417339336746,0.5152417339336746,0.1688666243632585,0.3906638725801391,0.10626105486861256,0.11958352462568679,0.017372248199295885,-0.5152417339336746,1.321478737358074,0.3167015039015853,0.1847582660663254,True,0.1847582660663254,True,0.1847582660663254,True,0.1847582660663254,True,0.1847582660663254,True,0.1847582660663254,True,0.1847582660663254,True,0.31356869954974403,0.27484419826759987,True,True,0.75,0.8251579282728077,0.1847582660663254,wind_stuck_7_days,2013
10944,US-SCg,US-SCg,2013-07-24,0.56439563,0.4,0.4,0.18739811747073137,0.18739811747073137,0.24705192248842936,0.5367640192614103,0.019608820766868214,0.02133584918872712,0.017561511013689256,0.14139314252926866,1.321478737358074,0.3167015039015853,0.5873981174707315,True,0.5873981174707315,True,0.5873981174707315,True,0.5873981174707315,True,0.5873981174707315,True,0.5873981174707315,True,0.5873981174707315,True,0.5405485881030485,0.5873981174707315,True,True,0.75,1.0,0.5873981174707315,wind_stuck_7_days,2013
10945,US-SCg,US-SCg,2013-08-01,0.34145226,0.7,0.7,-0.1447426705911971,0.1447426705911971,0.1766985291154242,0.37974066521796396,0.021480718832312562,0.01847611138257079,0.017561511013689256,0.1447426705911971,1.321478737358074,0.3167015039015853,0.5552573294088028,True,0.5552573294088028,True,0.5552573294088028,True,0.5552573294088028,True,0.5552573294088028,True,0.5552573294088028,True,0.5552573294088028,True,0.5914429970566021,0.5552573294088028,True,True,0.75,1.0,0.5552573294088028,wind_stuck_7_days,2013
10946,US-SCg,US-SCg,2013-08-02,0.40431505,0.8,0.8,0.3864335014888451,0.3864335014888451,0.20144997856234537,0.4214157758869853,0.07869039690083732,0.07584898206585951,0.010261777178538899,-0.38643350148884503,1.321478737358074,0.3167015039015853,1.1864335014888452,True,1.1864335014888452,True,1.1864335014888452,True,1.1864335014888452,True,1.1864335014888452,True,1.1864335014888452,True,1.1864335014888452,True,1.0898251261166338,1.0767526620021894,True,True,0.75,0.7161715041162862,1.1864335014888452,wind_stuck_7_days,2013
10947,US-SCg,US-SCg,2013-08-17,1.92179271,0.6,0.6,-0.3626878836231809,0.3626878836231809,0.17329446455719016,0.38277077740509374,0.08299080600686023,0.0770657895475253,0.017561511013689256,-0.36268788362318083,1.321478737358074,0.3167015039015853,0.2373121163768191,True,0.2373121163768191,True,0.2373121163768191,True,0.2373121163768191,True,0.2373121163768191,True,0.2373121163768191,True,0.2373121163768191,True,0.3279840872826143,0.31170375138433554,True,True,0.75,0.7948880060057187,0.2373121163768191,wind_stuck_7_days,2013
10948,US-SCg,US-SCg,2013-09-02,0.40915363,0.4,0.4,0.2660177411167612,0.2660177411167612,0.2860234092479206,0.48389043783858376,-0.009862724559172937,0.030765278005343004,0.017561511013689256,-0.24771048111676125,1.321478737358074,0.3167015039015853,0.6660177411167612,True,0.6660177411167612,True,0.6660177411167612,True,0.4,False,0.4,False,0.6660177411167612,True,0.6660177411167612,True,0.5995133058375709,0.6534296580292531,True,True,0.75,0.952679535452551,0.6660177411167612,wind_stuck_7_days,2013
10949,US-SCg,US-SCg,2013-09-03,1.05463053,0.5,0.5,0.44071208672178985,0.44071208672178985,0.22665464283287315,0.4814979330691285,0.1054512303457573,0.11550697933786468,0.010261777178538899,0.44071208672178985,1.321478737358074,0.3167015039015853,0.9407120867217899,True,0.9407120867217899,True,0.9407120867217899,True,0.9407120867217899,True,0.9407120867217899,True,0.9407120867217899,True,0.9407120867217899,True,0.8305340650413424,0.9407120867217899,True,True,0.75,1.0,0.9407120867217899,wind_stuck_7_days,2013
10950,US-SCg,US-SCg,2013-09-19,0.65689228,0.7,0.7,-0.15788967899091527,0.15788967899091527,0.10393341286398967,0.4009762118961489,0.021480718832312562,0.01847611138257079,0.017561511013689256,-0.07167423899091535,1.321478737358074,0.3167015039015853,0.5421103210090847,True,0.5421103210090847,True,0.5421103210090847,True,0.5421103210090847,True,0.5421103210090847,True,0.5421103210090847,True,0.5421103210090847,True,0.5815827407568135,0.5421103210090847,True,True,0.75,1.0,0.5421103210090847,wind_stuck_7_days,2013
10951,US-SCg,US-SCg,2013-09-27,0.56106933,0.3,0.3,0.05444215283577747,0.05444215283577747,0.08923887262704597,0.4133254963016474,0.019608820766868214,0.01847611138257079,0.017561511013689256,0.05444215283577747,1.321478737358074,0.3167015039015853,0.35444215283577746,True,0.35444215283577746,True,0.35444215283577746,True,0.35444215283577746,True,0.35444215283577746,True,0.35444215283577746,True,0.35444215283577746,True,0.3408316146268331,0.35444215283577746,True,True,0.75,1.0,0.35444215283577746,wind_stuck_7_days,2013
10952,US-SCg,US-SCg,2013-10-05,0.2447372,0.3,0.3,-0.04621678816274649,0.04621678816274649,0.15656285844437667,0.4421475767818731,0.019608820766868214,0.01847611138257079,0.017561511013689256,0.04621678816274649,1.321478737358074,0.3167015039015853,0.2537832118372535,True,0.2537832118372535,True,0.2537832118372535,True,0.2537832118372535,True,0.2537832118372535,True,0.2537832118372535,True,0.2537832118372535,True,0.2653374088779401,0.2537832118372535,True,True,0.75,1.0,0.2537832118372535,wind_stuck_7_days,2013
10953,US-SCg,US-SCg,2013-10-21,0.44465421,0.1,0.1,0.037826355879277594,0.037826355879277594,0.12128891878390415,0.35795024760097527,0.019608820766868214,0.01847611138257079,0.0008276722209922128,0.03782635587927757,1.321478737358074,0.3167015039015853,0.1378263558792776,True,0.1378263558792776,True,0.1378263558792776,True,0.1378263558792776,True,0.1378263558792776,True,0.1378263558792776,True,0.1378263558792776,True,0.1283697669094582,0.1378263558792776,True,True,0.75,1.0,0.1378263558792776,wind_stuck_7_days,2013
10954,US-SCg,US-SCg,2013-11-13,0.33038484,0.0,0.0,0.5031861486414397,0.5031861486414397,0.23130337794592376,0.4759023091140362,0.2300993346803133,0.2341547779462688,-0.025343252212233235,0.1575835313585603,1.321478737358074,0.3167015039015853,0.5031861486414397,True,0.5031861486414397,True,0.5031861486414397,True,0.5031861486414397,True,0.5031861486414397,True,0.5031861486414397,True,0.0,False,0.3773896114810798,0.4391639195625945,True,True,0.75,0.8727663127220415,0.5031861486414397,wind_stuck_7_days,2013
10955,US-SCg,US-SCg,2013-11-14,0.13149127,0.1,0.1,0.532759479779623,0.532759479779623,0.16845019322952517,0.39992390813703393,0.15626353362817919,0.15413186916957755,0.010261777178538899,-0.4697769397796231,1.321478737358074,0.3167015039015853,0.632759479779623,True,0.632759479779623,True,0.632759479779623,True,0.632759479779623,True,0.632759479779623,True,0.632759479779623,True,0.632759479779623,True,0.4995696098347172,0.5594054705732919,True,True,0.75,0.8623130850028721,0.632759479779623,wind_stuck_7_days,2013
11270,US-SCs,US-SCg,2013-01-06,0.33069718,0.7,0.7,0.17697956018762528,0.17697956018762528,0.06562083718852367,0.37993283911214404,0.01917387183027085,0.020136245795289196,0.0008276722209922128,-0.17697956018762534,1.321478737358074,0.3167015039015853,0.8769795601876252,True,0.8769795601876252,True,0.8769795601876252,True,0.8769795601876252,True,0.8769795601876252,True,0.8769795601876252,True,0.8769795601876252,True,0.8327346701407189,0.8769795601876252,True,True,0.75,1.0,0.8769795601876252,wind_stuck_7_days,2013
11271,US-SCs,US-SCg,2013-01-13,0.63389827,0.7,0.7,-0.17150205511320732,0.17150205511320732,0.07433638370755943,0.30784568305592197,0.035621312325307256,0.04193499603367173,0.0008276722209922128,-0.03929859511320738,1.321478737358074,0.3167015039015853,0.5284979448867926,True,0.5284979448867926,True,0.5284979448867926,True,0.5284979448867926,True,0.5284979448867926,True,0.5284979448867926,True,0.5284979448867926,True,0.5713734586650945,0.5284979448867926,True,True,0.75,1.0,0.5284979448867926,wind_stuck_7_days,2013
11272,US-SCs,US-SCg,2013-01-22,1.33724089,0.7,0.7,0.07604061926720204,0.07604061926720204,0.19238011415710293,0.6574356161025912,0.01917387183027085,0.01847611138257079,0.0008276722209922128,0.07604061926720207,1.321478737358074,0.3167015039015853,0.776040619267202,True,0.776040619267202,True,0.776040619267202,True,0.776040619267202,True,0.776040619267202,True,0.776040619267202,True,0.776040619267202,True,0.7570304644504015,0.776040619267202,True,True,0.75,1.0,0.776040619267202,wind_stuck_7_days,2013
11273,US-SCs,US-SCg,2013-01-29,0.53329712,1.3,1.3,-0.08838507516703845,0.08838507516703845,0.09312782152519433,0.38954306656764326,0.021480718832312562,0.01847611138257079,0.0008276722209922128,0.08838507516703842,1.321478737358074,0.3167015039015853,1.2116149248329615,True,1.2116149248329615,True,1.2116149248329615,True,1.2116149248329615,True,1.2116149248329615,True,1.2116149248329615,True,1.2116149248329615,True,1.2337111936247211,1.2116149248329615,True,True,0.75,1.0,1.2116149248329615,wind_stuck_7_days,2013
11274,US-SCs,US-SCg,2013-02-14,0.89658166,1.3,1.3,-0.09743130079696041,0.09743130079696041,0.13090995688139592,0.4391169972853846,0.021480718832312562,0.01847611138257079,0.0008276722209922128,0.09743130079696039,1.321478737358074,0.3167015039015853,1.2025686992030395,True,1.2025686992030395,True,1.2025686992030395,True,1.2025686992030395,True,1.2025686992030395,True,1.2025686992030395,True,1.2025686992030395,True,1.2269265244022798,1.2025686992030395,True,True,0.75,1.0,1.2025686992030395,wind_stuck_7_days,2013
11275,US-SCs,US-SCg,2013-02-23,1.00893674,1.9,1.9,-0.24032140547190303,0.24032140547190303,0.1068666333443603,0.3015619272194072,0.05086939359060328,0.053548105241532085,0.0008276722209922128,0.24032140547190306,1.321478737358074,0.3167015039015853,1.659678594528097,True,1.659678594528097,True,1.659678594528097,True,1.659678594528097,True,1.659678594528097,True,1.659678594528097,True,1.659678594528097,True,1.7197589458960727,1.659678594528097,True,True,0.75,1.0,1.659678594528097,wind_stuck_7_days,2013
11276,US-SCs,US-SCg,2013-03-02,2.15374291,1.8,1.8,-0.32453213360689087,0.32453213360689087,0.23321730841466823,0.5950330979828771,0.0926672724512243,0.09001460140433148,0.017561511013689256,-0.3245321336068909,1.321478737358074,0.3167015039015853,1.4754678663931091,True,1.4754678663931091,True,1.4754678663931091,True,1.4754678663931091,True,1.4754678663931091,True,1.4754678663931091,True,1.4754678663931091,True,1.556600899794832,1.5059859141174705,True,True,0.75,0.9059629399863126,1.4754678663931091,wind_stuck_7_days,2013
11277,US-SCs,US-SCg,2013-03-11,2.56305814,2.4,2.4,-0.25122676990537196,0.25122676990537196,0.12712436959651635,0.5591191281238377,0.05585618196308674,0.053548105241532085,0.017561511013689256,-0.25122676990537196,1.321478737358074,0.3167015039015853,2.148773230094628,True,2.148773230094628,True,2.148773230094628,True,2.148773230094628,True,2.148773230094628,True,2.148773230094628,True,2.148773230094628,True,2.211579922570971,2.148773230094628,True,True,0.75,1.0,2.148773230094628,wind_stuck_7_days,2013
11278,US-SCs,US-SCg,2013-04-03,0.78084506,2.7,2.7,-0.26842933792286794,0.26842933792286794,0.22431388438229194,0.37796676305655824,0.05086939359060328,0.053548105241532085,0.017561511013689256,0.26842933792286794,1.321478737358074,0.3167015039015853,2.4315706620771325,True,2.4315706620771325,True,2.4315706620771325,True,2.4315706620771325,True,2.4315706620771325,True,2.4315706620771325,True,2.4315706620771325,True,2.4986779965578494,2.4315706620771325,True,True,0.75,1.0,2.4315706620771325,wind_stuck_7_days,2013
11279,US-SCs,US-SCg,2013-04-27,0.97151009,3.1,3.1,-0.3553691698781393,0.3553691698781393,0.1376577405980396,0.34548279660104464,0.08932876192491956,0.08699555706949089,0.017561511013689256,0.3553691698781394,1.321478737358074,0.3167015039015853,2.744630830121861,True,2.744630830121861,True,2.744630830121861,True,2.744630830121861,True,2.744630830121861,True,2.744630830121861,True,2.744630830121861,True,2.8334731225913954,2.7973450769724892,True,True,0.75,0.8516634212565349,2.744630830121861,wind_stuck_7_days,2013
11280,US-SCs,US-SCg,2013-04-28,1.12523853,3.7,3.7,-0.4841881669005651,0.4841881669005651,0.1292170489141602,0.36771133022344565,0.10729631256203803,0.1095847296143193,0.017561511013689256,0.484188166900565,1.321478737358074,0.3167015039015853,3.215811833099435,True,3.215811833099435,True,3.215811833099435,True,3.215811833099435,True,3.215811833099435,True,3.215811833099435,True,3.215811833099435,True,3.336858874824576,3.2386224745375665,True,True,0.75,0.9528888911429845,3.215811833099435,wind_stuck_7_days,2013
11281,US-SCs,US-SCg,2013-05-22,1.03847006,3.4,3.4,-0.5188449856083105,0.5188449856083105,0.19123106763571518,0.43437153945074314,0.1077058162191207,0.1095847296143193,0.011189443256399999,0.5188449856083106,1.321478737358074,0.3167015039015853,2.8811550143916893,True,2.8811550143916893,True,2.8811550143916893,True,2.8811550143916893,True,2.8811550143916893,True,2.8811550143916893,True,2.8811550143916893,True,3.010866260793767,2.9718709465807116,True,True,0.75,0.8251579282728077,2.8811550143916893,wind_stuck_7_days,2013
11282,US-SCs,US-SCg,2013-05-30,1.05576854,3.6,3.6,-0.6477403827845152,0.6477403827845152,0.20819118058085287,0.4083849520863292,0.10893770603782771,0.110813854401761,0.017353599315975327,0.6477403827845152,1.321478737358074,0.3167015039015853,2.9522596172154847,True,2.9522596172154847,True,2.9522596172154847,True,2.9522596172154847,True,2.9522596172154847,True,2.9522596172154847,True,2.9522596172154847,True,3.1141947129116136,3.1417135327520205,True,True,0.75,0.7075156643436242,2.9522596172154847,wind_stuck_7_days,2013
11283,US-SCs,US-SCg,2013-06-06,1.41955727,3.8,3.8,-1.2916741230986613,1.2916741230986613,0.18783062286976399,0.46165318584346116,0.24213927208321492,0.2541500374927606,0.017171866078906833,1.2916741230986613,1.321478737358074,0.3167015039015853,2.5083258769013383,True,2.5083258769013383,True,2.5083258769013383,True,2.5083258769013383,True,2.5083258769013383,True,2.5083258769013383,True,2.5083258769013383,True,2.831244407676004,2.9462358240717066,True,True,0.75,0.6609749012236583,2.5083258769013383,wind_stuck_7_days,2013
11284,US-SCs,US-SCg,2013-06-07,1.75095811,2.9,2.9,-1.0674669866609794,1.0674669866609794,0.1465637784587346,0.3649891693610624,0.06589768567099369,0.10183013035184543,0.017171866078906833,1.0674669866609794,1.321478737358074,0.3167015039015853,1.8325330133390205,True,1.8325330133390205,True,1.8325330133390205,True,1.8325330133390205,True,1.8325330133390205,True,1.8325330133390205,True,1.8325330133390205,True,2.0993997600042653,2.2491384697709482,True,True,0.75,0.6097252077695975,1.8325330133390205,wind_stuck_7_days,2013
11285,US-SCs,US-SCg,2013-06-14,1.32315374,2.7,2.7,-1.218738229338322,1.218738229338322,0.12106585038145183,0.3631156755043417,0.13267802147515032,0.1983972325277242,0.017171866078906833,1.218738229338322,1.321478737358074,0.3167015039015853,1.4812617706616782,True,1.4812617706616782,True,1.4812617706616782,True,1.4812617706616782,True,1.4812617706616782,True,1.4812617706616782,True,1.4812617706616782,True,1.7859463279962586,2.116365179926888,True,True,0.75,0.4788844774238185,1.4812617706616782,wind_stuck_7_days,2013
11286,US-SCs,US-SCg,2013-06-22,1.12116616,2.7,2.7,-0.6316160456839965,0.6316160456839965,0.2026023366646053,0.33035539356005666,0.09416873901202624,0.110813854401761,0.017353599315975327,0.6316160456839965,1.321478737358074,0.3167015039015853,2.068383954316004,True,2.068383954316004,True,2.068383954316004,True,2.068383954316004,True,2.068383954316004,True,2.068383954316004,True,2.068383954316004,True,2.226287965737003,2.2418594353265315,True,True,0.75,0.7253466212647183,2.068383954316004,wind_stuck_7_days,2013
11287,US-SCs,US-SCg,2013-06-23,0.90211722,2.8,2.8,-0.6470817785487728,0.6470817785487728,0.17662859362218747,0.29192687893238667,0.09416873901202624,0.110813854401761,0.017353599315975327,0.6470817785487728,1.321478737358074,0.3167015039015853,2.152918221451227,True,2.152918221451227,True,2.152918221451227,True,2.152918221451227,True,2.152918221451227,True,2.152918221451227,True,2.152918221451227,True,2.3146886660884203,2.3525137176976236,True,True,0.75,0.6915451757982821,2.152918221451227,wind_stuck_7_days,2013
11288,US-SCs,US-SCg,2013-07-16,1.55850108,2.0,2.0,-1.4021096771265669,1.4021096771265669,0.10249456138839101,0.28207211226339024,0.14311617488481476,0.2844138922462467,0.017171866078906833,-0.519111837126567,1.321478737358074,0.3167015039015853,0.5978903228734331,True,0.5978903228734331,True,0.5978903228734331,True,0.5978903228734331,True,0.5978903228734331,True,0.5978903228734331,True,0.5978903228734331,True,0.9484177421550748,1.0912463854508472,True,True,0.75,0.6481330450635785,0.5978903228734331,wind_stuck_7_days,2013
11289,US-SCs,US-SCg,2013-08-02,1.43914095,2.2,2.2,-0.6938133709036282,0.6938133709036282,0.16725168403631818,0.438512717570831,0.10893770603782771,0.110813854401761,0.017353599315975327,0.6938133709036282,1.321478737358074,0.3167015039015853,1.506186629096372,True,1.506186629096372,True,1.506186629096372,True,1.506186629096372,True,1.506186629096372,True,1.506186629096372,True,1.506186629096372,True,1.679639971822279,1.7817312370705087,True,True,0.75,0.6028548605005042,1.506186629096372,wind_stuck_7_days,2013
11290,US-SCs,US-SCg,2013-08-18,1.14312638,3.0,3.0,-1.5073589705750425,1.5073589705750425,0.11276534451646841,0.3905318039114992,0.13299257947367774,0.24092527276415904,0.017171866078906833,1.5073589705750425,1.321478737358074,0.3167015039015853,1.4926410294249575,True,1.4926410294249575,True,1.4926410294249575,True,1.4926410294249575,True,1.4926410294249575,True,1.4926410294249575,True,1.4926410294249575,True,1.869480772068718,2.176051788436156,True,True,0.75,0.5466171148664845,1.4926410294249575,wind_stuck_7_days,2013
11291,US-SCs,US-SCg,2013-08-25,0.82175344,1.7,1.7,-0.8692677685206105,0.8692677685206105,0.17003236524697107,0.4067006002604807,0.10893770603782771,0.110813854401761,0.017353599315975327,0.8692677685206105,1.321478737358074,0.3167015039015853,0.8307322314793895,True,0.8307322314793895,True,0.8307322314793895,True,0.8307322314793895,True,0.8307322314793895,True,0.8307322314793895,True,0.8307322314793895,True,1.048049173609542,1.2736341384350351,True,True,0.75,0.490488520344644,0.8307322314793895,wind_stuck_7_days,2013
11292,US-SCs,US-SCg,2013-09-10,0.66519521,1.7,1.7,-0.426329877245594,0.426329877245594,0.12419650857723323,0.28643996722937265,0.10601021572205477,0.103846256343534,0.017561511013689256,0.426329877245594,1.321478737358074,0.3167015039015853,1.2736701227544058,True,1.2736701227544058,True,1.2736701227544058,True,1.2736701227544058,True,1.2736701227544058,True,1.2736701227544058,True,1.2736701227544058,True,1.3802525920658044,1.3551468390454497,True,True,0.75,0.8088880919689617,1.2736701227544058,wind_stuck_7_days,2013
11293,US-SCs,US-SCg,2013-09-27,0.37632757,1.6,1.6,-0.6981504805927263,0.6981504805927263,0.10514395240403428,0.40429509664075625,0.11548053131898806,0.12501092923294582,0.03664172552183452,0.6981504805927263,1.321478737358074,0.3167015039015853,0.9018495194072738,True,0.9018495194072738,True,0.9018495194072738,True,0.9018495194072738,True,0.9018495194072738,True,0.9018495194072738,True,0.9018495194072738,True,1.0763871395554554,1.1654270653890504,True,True,0.75,0.6224631317907273,0.9018495194072738,wind_stuck_7_days,2013
11294,US-SCs,US-SCg,2013-10-21,0.44060487,1.1,1.1,-0.4156847150576096,0.4156847150576096,0.115741112208308,0.2896341496863431,0.11488659828774675,0.11845965966923352,0.0008276722209922128,0.4156847150576096,1.321478737358074,0.3167015039015853,0.6843152849423905,True,0.6843152849423905,True,0.6843152849423905,True,0.6843152849423905,True,0.6843152849423905,True,0.6843152849423905,True,0.6843152849423905,True,0.7882364637067929,0.7493723264498643,True,True,0.75,0.8434942658441084,0.6843152849423905,wind_stuck_7_days,2013
11295,US-SCs,US-SCg,2013-11-05,0.51113797,0.9,0.9,-0.3856002888634237,0.3856002888634237,0.054212981110969824,0.3526986739986689,0.09513783739587375,0.10130483136204582,0.0008276722209922128,0.3856002888634237,1.321478737358074,0.3167015039015853,0.5143997111365763,True,0.5143997111365763,True,0.5143997111365763,True,0.5143997111365763,True,0.5143997111365763,True,0.5143997111365763,True,0.5143997111365763,True,0.6107997833524322,0.6238440611370075,True,True,0.75,0.7161715041162862,0.5143997111365763,wind_stuck_7_days,2013
11296,US-SCs,US-SCg,2013-11-06,0.00143609,0.2,0.2,0.031123633470674917,0.031123633470674917,0.08744808475115706,0.4318441083828966,0.019608820766868214,0.01847611138257079,0.017561511013689256,-0.031123633470674927,1.321478737358074,0.3167015039015853,0.23112363347067494,True,0.23112363347067494,True,0.23112363347067494,True,0.23112363347067494,True,0.23112363347067494,True,0.23112363347067494,True,0.23112363347067494,True,0.2233427251030062,0.23112363347067494,True,True,0.75,1.0,0.23112363347067494,wind_stuck_7_days,2013
11297,US-SCs,US-SCg,2013-11-14,0.22257898,0.8,0.8,0.2128537857864498,0.2128537857864498,0.10301778547260391,0.438334116832818,0.01917387183027085,0.01847611138257079,0.017561511013689256,-0.21285378578644987,1.321478737358074,0.3167015039015853,1.01285378578645,True,1.01285378578645,True,1.01285378578645,True,1.01285378578645,True,1.01285378578645,True,1.01285378578645,True,1.01285378578645,True,0.9596403393398374,0.9801060573053784,True,True,0.75,0.8461491847087634,1.01285378578645,wind_stuck_7_days,2013
11298,US-SCs,US-SCg,2013-12-15,1.04381404,0.5,0.5,0.28797024752792433,0.28797024752792433,0.1181067657557283,0.4567753464399195,0.03462682245866788,0.031749355003149536,0.0008276722209922128,0.28797024752792433,1.321478737358074,0.3167015039015853,0.7879702475279243,True,0.7879702475279243,True,0.7879702475279243,True,0.7879702475279243,True,0.7879702475279243,True,0.7879702475279243,True,0.7879702475279243,True,0.7159776856459432,0.7616772450475764,True,True,0.75,0.908695420078776,0.7879702475279243,wind_stuck_7_days,2013
11299,US-SCs,US-SCg,2013-12-23,1.53102165,0.5,0.5,0.29368114076160323,0.29368114076160323,0.07059187382813374,0.3910709428264126,0.03462682245866788,0.031749355003149536,0.0008276722209922128,0.29368114076160323,1.321478737358074,0.3167015039015853,0.7936811407616032,True,0.7936811407616032,True,0.7936811407616032,True,0.7936811407616032,True,0.7936811407616032,True,0.7936811407616032,True,0.7936811407616032,True,0.7202608555712025,0.7632325284763649,True,True,0.75,0.8963208457775805,0.7936811407616032,wind_stuck_7_days,2013
11300,US-SCs,US-SCg,2013-12-24,0.39371036,0.2,0.2,0.5539124687646527,0.5539124687646527,0.12741676462928306,0.39680076498600164,0.15626353362817919,0.15413186916957755,-0.025343252212233235,-0.16649174876465278,1.321478737358074,0.3167015039015853,0.7539124687646528,True,0.7539124687646528,True,0.7539124687646528,True,0.7539124687646528,True,0.7539124687646528,True,0.7539124687646528,True,0.2,False,0.6154343515734895,0.6432184213169772,True,True,0.75,0.8001596755990207,0.7539124687646528,wind_stuck_7_days,2013
11301,US-SCs,US-SCg,2013-12-31,0.41967669,0.1,0.1,0.2730720612505056,0.2730720612505056,0.16957877672590904,0.533208623948777,0.04253675069753498,0.038226890168833336,0.0008276722209922128,0.2730720612505056,1.321478737358074,0.3167015039015853,0.3730720612505056,True,0.3730720612505056,True,0.3730720612505056,True,0.3730720612505056,True,0.3730720612505056,True,0.3730720612505056,True,0.3730720612505056,True,0.30480404593787924,0.3730720612505056,True,True,0.75,1.0,0.3730720612505056,wind_stuck_7_days,2013
11590,US-SCw,US-SCw,2013-03-11,0.64076714,0.3,0.3,0.11592212514689385,0.11592212514689385,0.17866059548177082,0.42747174103624036,0.019608820766868214,0.01847611138257079,0.017561511013689256,0.11592212514689385,1.321478737358074,0.3167015039015853,0.41592212514689386,True,0.41592212514689386,True,0.41592212514689386,True,0.41592212514689386,True,0.41592212514689386,True,0.41592212514689386,True,0.41592212514689386,True,0.38694159386017035,0.41592212514689386,True,True,0.75,1.0,0.41592212514689386,wind_stuck_7_days,2013
11591,US-SCw,US-SCw,2013-04-12,0.28850298,0.0,0.0,0.6632867355822453,0.6632867355822453,0.1657958333798377,0.45579157016540695,0.24201058654338267,0.24969475748982814,0.03561196983605042,-0.08628077558224523,1.321478737358074,0.3167015039015853,0.6632867355822453,True,0.6632867355822453,True,0.6632867355822453,True,0.6632867355822453,True,0.6632867355822453,True,0.6632867355822453,True,0.6632867355822453,True,0.497465051686684,0.461631793980734,True,True,0.75,0.6959762184532533,0.6632867355822453,wind_stuck_7_days,2013
11592,US-SCw,US-SCw,2013-04-20,0.19632045,0.3,0.3,0.2747129401110625,0.2747129401110625,0.11011655175754402,0.416434720316904,0.04253675069753498,0.038226890168833336,0.017561511013689256,-0.2747129401110625,1.321478737358074,0.3167015039015853,0.5747129401110624,True,0.5747129401110624,True,0.5747129401110624,True,0.5747129401110624,True,0.5747129401110624,True,0.5747129401110624,True,0.5747129401110624,True,0.5060347050832968,0.5728929767150661,True,True,0.75,0.9933750357909581,0.5747129401110624,wind_stuck_7_days,2013
11593,US-SCw,US-SCw,2013-04-28,0.27075088,0.5,0.5,-0.164202907942788,0.164202907942788,0.1261739695598133,0.2989899135456076,0.021480718832312562,0.02133584918872712,0.017561511013689256,0.164202907942788,1.321478737358074,0.3167015039015853,0.335797092057212,True,0.335797092057212,True,0.335797092057212,True,0.335797092057212,True,0.335797092057212,True,0.335797092057212,True,0.335797092057212,True,0.376847819042909,0.335797092057212,True,True,0.75,1.0,0.335797092057212,wind_stuck_7_days,2013
11594,US-SCw,US-SCw,2013-05-14,0.20831312,0.1,0.1,0.0561674724343035,0.0561674724343035,0.20274355295301674,0.4653130070632912,0.019608820766868214,0.023138464112269344,-0.04580453322962536,0.0561674724343035,1.321478737358074,0.3167015039015853,0.1561674724343035,True,0.1561674724343035,True,0.1561674724343035,True,0.1561674724343035,True,0.1561674724343035,True,0.1561674724343035,True,0.1,False,0.14212560432572763,0.1561674724343035,True,True,0.75,1.0,0.1561674724343035,wind_stuck_7_days,2013
11595,US-SCw,US-SCw,2013-05-22,0.36429403,0.8,0.8,0.06060226550753667,0.06060226550753667,0.1177227197634064,0.36281553063914285,0.01917387183027085,0.023138464112269344,-0.04580453322962536,-0.06060226550753667,1.321478737358074,0.3167015039015853,0.8606022655075367,True,0.8606022655075367,True,0.8606022655075367,True,0.8606022655075367,True,0.8606022655075367,True,0.8606022655075367,True,0.8,False,0.8454516991306525,0.8606022655075367,True,True,0.75,1.0,0.8606022655075367,wind_stuck_7_days,2013
11596,US-SCw,US-SCw,2013-05-30,0.2774304,0.3,0.3,0.15384098614526848,0.15384098614526848,0.1416605616291997,0.3700420296993772,0.019608820766868214,0.02133584918872712,0.017561511013689256,-0.15384098614526848,1.321478737358074,0.3167015039015853,0.45384098614526847,True,0.45384098614526847,True,0.45384098614526847,True,0.45384098614526847,True,0.45384098614526847,True,0.45384098614526847,True,0.45384098614526847,True,0.41538073960895133,0.45384098614526847,True,True,0.75,1.0,0.45384098614526847,wind_stuck_7_days,2013
11597,US-SCw,US-SCw,2013-06-15,0.19494441,0.0,0.0,0.38615001120251413,0.38615001120251413,0.15020945680668515,0.36897733906662794,0.11797452837713639,0.12827722566928082,-0.04580453322962536,0.003738808797485893,1.321478737358074,0.3167015039015853,0.38615001120251413,True,0.38615001120251413,True,0.38615001120251413,True,0.38615001120251413,True,0.38615001120251413,True,0.38615001120251413,True,0.0,False,0.28961250840188557,0.2765496343374253,True,True,0.75,0.7161715041162862,0.38615001120251413,wind_stuck_7_days,2013
11598,US-SCw,US-SCw,2013-06-23,0.27972716,0.2,0.2,0.42600953609740405,0.42600953609740405,0.18177850284496802,0.4843581316023139,0.14787830473462943,0.12564334271586236,-0.04580453322962536,-0.2665552160974041,1.321478737358074,0.3167015039015853,0.6260095360974041,True,0.6260095360974041,True,0.6260095360974041,True,0.6260095360974041,True,0.6260095360974041,True,0.6260095360974041,True,0.2,False,0.519507152073053,0.5445940408144117,True,True,0.75,0.8088880919689617,0.6260095360974041,wind_stuck_7_days,2013
11599,US-SCw,US-SCw,2013-07-09,1.09180259,0.2,0.2,0.6644314521664767,0.6644314521664767,0.19087587053603616,0.5103896708983573,0.17868055869929061,0.1793779602822406,0.03561196983605042,0.6644314521664767,1.321478737358074,0.3167015039015853,0.8644314521664767,True,0.8644314521664767,True,0.8644314521664767,True,0.8644314521664767,True,0.8644314521664767,True,0.8644314521664767,True,0.8644314521664767,True,0.6983235891248576,0.7476043587019268,True,True,0.75,0.8241698325935386,0.8644314521664767,wind_stuck_7_days,2013
11600,US-SCw,US-SCw,2013-07-17,-0.02100419,0.5,0.5,0.5154430521545723,0.5154430521545723,0.17985111418893224,0.4072613158387859,0.1023701494196723,0.12113763399283817,-0.04580453322962536,-0.5154430521545723,1.321478737358074,0.3167015039015853,1.0154430521545723,True,1.0154430521545723,True,1.0154430521545723,True,1.0154430521545723,True,1.0154430521545723,True,1.0154430521545723,True,0.5,False,0.8865822891159292,0.9253219210584797,True,True,0.75,0.8251579282728077,1.0154430521545723,wind_stuck_7_days,2013
11601,US-SCw,US-SCw,2013-08-02,0.64593465,0.5,0.5,0.4209005543127279,0.4209005543127279,0.16520961298082754,0.4024251350677738,0.09537185069797252,0.09555941914605895,0.010261777178538899,-0.12903125431272777,1.321478737358074,0.3167015039015853,0.9209005543127279,True,0.9209005543127279,True,0.9209005543127279,True,0.9209005543127279,True,0.9209005543127279,True,0.9209005543127279,True,0.9209005543127279,True,0.8156754157345459,0.8550272040533926,True,True,0.75,0.8434942658441084,0.9209005543127279,wind_stuck_7_days,2013
11602,US-SCw,US-SCw,2013-08-10,0.15483783,0.9,0.9,0.2211462166950092,0.2211462166950092,0.19139408251697151,0.3269235674368251,0.01917387183027085,0.02133584918872712,0.017561511013689256,-0.22114621669500922,1.321478737358074,0.3167015039015853,1.1211462166950092,True,1.1211462166950092,True,1.1211462166950092,True,1.1211462166950092,True,1.1211462166950092,True,1.1211462166950092,True,1.1211462166950092,True,1.0658596625212569,1.0733384291077614,True,True,0.75,0.7838181981960772,1.1211462166950092,wind_stuck_7_days,2013
11603,US-SCw,US-SCw,2013-09-03,1.69922972,1.9,1.9,0.48974049744605025,0.48974049744605025,0.32422786682724597,0.724522654855004,0.08428362320455685,0.09216136099384713,0.010261777178538899,-0.4897404974460502,1.321478737358074,0.3167015039015853,2.3897404974460503,True,2.3897404974460503,True,2.3897404974460503,True,2.3897404974460503,True,2.3897404974460503,True,2.3897404974460503,True,2.3897404974460503,True,2.267305373084538,2.342146886140908,True,True,0.75,0.9028187140876885,2.3897404974460503,wind_stuck_7_days,2013
11604,US-SCw,US-SCw,2013-09-19,0.77292199,0.5,0.5,0.02640978246953763,0.02640978246953763,0.1086109923836435,0.41380359820920454,0.01917387183027085,0.01847611138257079,0.017561511013689256,0.026409782469537624,1.321478737358074,0.3167015039015853,0.5264097824695376,True,0.5264097824695376,True,0.5264097824695376,True,0.5264097824695376,True,0.5264097824695376,True,0.5264097824695376,True,0.5264097824695376,True,0.5198073368521532,0.5264097824695376,True,True,0.75,1.0,0.5264097824695376,wind_stuck_7_days,2013
11605,US-SCw,US-SCw,2013-09-27,0.42508444,0.7,0.7,0.13899686389595103,0.13899686389595103,0.15409761290638072,0.38849513862042817,0.01917387183027085,0.01847611138257079,0.017561511013689256,-0.138996863895951,1.321478737358074,0.3167015039015853,0.838996863895951,True,0.838996863895951,True,0.838996863895951,True,0.838996863895951,True,0.838996863895951,True,0.838996863895951,True,0.838996863895951,True,0.8042476479219632,0.838996863895951,True,True,0.75,1.0,0.838996863895951,wind_stuck_7_days,2013
11606,US-SCw,US-SCw,2013-10-13,0.44229362,0.5,0.5,0.06832190305402387,0.06832190305402387,0.12015419305362314,0.41982244774933414,0.01917387183027085,0.01847611138257079,0.0008276722209922128,-0.06832190305402386,1.321478737358074,0.3167015039015853,0.5683219030540239,True,0.5683219030540239,True,0.5683219030540239,True,0.5683219030540239,True,0.5683219030540239,True,0.5683219030540239,True,0.5683219030540239,True,0.551241427290518,0.5683219030540239,True,True,0.75,1.0,0.5683219030540239,wind_stuck_7_days,2013
11607,US-SCw,US-SCw,2013-10-21,0.16698753,0.5,0.5,-0.14121305168857853,0.14121305168857853,0.0807274874917097,0.2404351435211683,0.021480718832312562,0.01847611138257079,0.017561511013689256,0.14121305168857853,1.321478737358074,0.3167015039015853,0.35878694831142144,True,0.35878694831142144,True,0.35878694831142144,True,0.35878694831142144,True,0.35878694831142144,True,0.35878694831142144,True,0.35878694831142144,True,0.39409021123356613,0.35878694831142144,True,True,0.75,1.0,0.35878694831142144,wind_stuck_7_days,2013
11608,US-SCw,US-SCw,2013-10-29,0.56179745,1.4,1.4,0.021983229143534965,0.021983229143534965,0.11849882616286117,0.4703123936645423,0.01917387183027085,0.020136245795289196,0.0008276722209922128,-0.02198322914353501,1.321478737358074,0.3167015039015853,1.4219832291435348,True,1.4219832291435348,True,1.4219832291435348,True,1.4219832291435348,True,1.4219832291435348,True,1.4219832291435348,True,1.4219832291435348,True,1.416487421857651,1.4219832291435348,True,True,0.75,1.0,1.4219832291435348,wind_stuck_7_days,2013
11609,US-SCw,US-SCw,2013-11-06,0.13307826,0.3,0.3,0.011017627847442809,0.011017627847442809,0.11830712355557234,0.3995850098759452,0.019608820766868214,0.01847611138257079,0.0008276722209922128,-0.011017627847442812,1.321478737358074,0.3167015039015853,0.3110176278474428,True,0.3110176278474428,True,0.3110176278474428,True,0.3110176278474428,True,0.3110176278474428,True,0.3110176278474428,True,0.3110176278474428,True,0.3082632208855821,0.3110176278474428,True,True,0.75,1.0,0.3110176278474428,wind_stuck_7_days,2013
11610,US-SCw,US-SCw,2013-11-14,0.1065955,0.3,0.3,-0.12166449592460775,0.12166449592460775,0.09697489156868161,0.30541426460735566,0.019608820766868214,0.01847611138257079,0.0008276722209922128,0.12166449592460775,1.321478737358074,0.3167015039015853,0.17833550407539223,True,0.17833550407539223,True,0.17833550407539223,True,0.17833550407539223,True,0.17833550407539223,True,0.17833550407539223,True,0.17833550407539223,True,0.20875162805654418,0.17833550407539223,True,True,0.75,1.0,0.17833550407539223,wind_stuck_7_days,2013
12140,US-SRC,US-SRC,2013-02-27,0.62691121,0.2,0.2,-0.05351638695566434,0.05351638695566434,0.17935448181971175,0.4394586809933223,0.019608820766868214,0.01847611138257079,0.0008276722209922128,-0.05351638695566435,1.321478737358074,0.3167015039015853,0.14648361304433566,True,0.14648361304433566,True,0.14648361304433566,True,0.14648361304433566,True,0.14648361304433566,True,0.14648361304433566,True,0.14648361304433566,True,0.15986270978325176,0.14648361304433566,True,True,0.75,1.0,0.14648361304433566,wind_stuck_7_days,2013
12141,US-SRC,US-SRC,2013-03-15,0.97933797,0.7,0.7,-0.2556278965067959,0.2556278965067959,0.17549313706806913,0.7375570609670452,0.04016735862121724,0.03274002945654271,0.017561511013689256,-0.25562789650679596,1.321478737358074,0.3167015039015853,0.44437210349320405,True,0.44437210349320405,True,0.44437210349320405,True,0.44437210349320405,True,0.44437210349320405,True,0.44437210349320405,True,0.44437210349320405,True,0.5082790776199031,0.44437210349320405,True,True,0.75,1.0,0.44437210349320405,wind_stuck_7_days,2013
12142,US-SRC,US-SRC,2013-10-17,0.22136727,0.4,0.4,-0.11476051339077964,0.11476051339077964,0.07928604815306282,0.3026549000391042,0.019608820766868214,0.01847611138257079,0.0008276722209922128,0.11476051339077964,1.321478737358074,0.3167015039015853,0.2852394866092204,True,0.2852394866092204,True,0.2852394866092204,True,0.2852394866092204,True,0.2852394866092204,True,0.2852394866092204,True,0.2852394866092204,True,0.3139296149569153,0.2852394866092204,True,True,0.75,1.0,0.2852394866092204,wind_stuck_7_days,2013
12143,US-SRC,US-SRC,2013-10-25,0.2254778,0.4,0.4,-0.09041493147103992,0.09041493147103992,0.1025141228106365,0.24489790573032527,0.019608820766868214,0.01847611138257079,0.0008276722209922128,0.09041493147103992,1.321478737358074,0.3167015039015853,0.3095850685289601,True,0.3095850685289601,True,0.3095850685289601,True,0.3095850685289601,True,0.3095850685289601,True,0.3095850685289601,True,0.3095850685289601,True,0.3321888013967201,0.3095850685289601,True,True,0.75,1.0,0.3095850685289601,wind_stuck_7_days,2013
12144,US-SRC,US-SRC,2013-11-02,0.22020015,0.5,0.5,-0.17126686662443644,0.17126686662443644,0.06976470037320653,0.4420781342054565,0.035621312325307256,0.040274861620953326,0.017561511013689256,0.17126686662443644,1.321478737358074,0.3167015039015853,0.32873313337556354,True,0.32873313337556354,True,0.32873313337556354,True,0.32873313337556354,True,0.32873313337556354,True,0.32873313337556354,True,0.32873313337556354,True,0.3715498500316727,0.32873313337556354,True,True,0.75,1.0,0.32873313337556354,wind_stuck_7_days,2013
12145,US-SRC,US-SRC,2013-11-10,0.17247217,0.4,0.4,-0.12699821125258845,0.12699821125258845,0.08989697781471487,0.40058893240104554,0.019608820766868214,0.01847611138257079,0.0008276722209922128,0.12699821125258845,1.321478737358074,0.3167015039015853,0.27300178874741154,True,0.27300178874741154,True,0.27300178874741154,True,0.27300178874741154,True,0.27300178874741154,True,0.27300178874741154,True,0.27300178874741154,True,0.3047513415605587,0.27300178874741154,True,True,0.75,1.0,0.27300178874741154,wind_stuck_7_days,2013
12146,US-SRC,US-SRC,2013-11-26,1.97293678,0.7,0.7,-0.10083458437829433,0.10083458437829433,0.08565675422032995,0.33331363601520664,0.021480718832312562,0.01847611138257079,0.0008276722209922128,-0.10083458437829429,1.321478737358074,0.3167015039015853,0.5991654156217057,True,0.5991654156217057,True,0.5991654156217057,True,0.5991654156217057,True,0.5991654156217057,True,0.5991654156217057,True,0.5991654156217057,True,0.6243740617162792,0.5991654156217057,True,True,0.75,1.0,0.5991654156217057,wind_stuck_7_days,2013
12147,US-SRC,US-SRC,2013-12-12,0.7335019,0.2,0.2,0.3121816763871614,0.3121816763871614,0.06518972952099472,0.513175627769057,0.08055043394498866,0.08903596466089432,-0.01704881695285944,0.3121816763871614,1.321478737358074,0.3167015039015853,0.5121816763871614,True,0.5121816763871614,True,0.5121816763871614,True,0.5121816763871614,True,0.5121816763871614,True,0.5121816763871614,True,0.2,False,0.43413625729037103,0.49922318649008957,True,True,0.75,0.9584905493267935,0.5121816763871614,wind_stuck_7_days,2013
12409,US-SRG,US-SRC,2013-01-03,0.36583591,0.4,0.4,-0.07554601302068069,0.07554601302068069,0.0940854347514348,0.3223335957077974,0.019608820766868214,0.020136245795289196,0.0008276722209922128,-0.007217833020680617,1.321478737358074,0.3167015039015853,0.3244539869793193,True,0.3244539869793193,True,0.3244539869793193,True,0.3244539869793193,True,0.3244539869793193,True,0.3244539869793193,True,0.3244539869793193,True,0.34334049023448954,0.3244539869793193,True,True,0.75,1.0,0.3244539869793193,wind_stuck_7_days,2013
12410,US-SRG,US-SRC,2013-01-19,0.37863291,0.1,0.1,0.11905903922052634,0.11905903922052634,0.1872013916163176,0.3082354251126085,0.019608820766868214,0.01847611138257079,0.0008276722209922128,0.11905903922052635,1.321478737358074,0.3167015039015853,0.21905903922052633,True,0.21905903922052633,True,0.21905903922052633,True,0.21905903922052633,True,0.21905903922052633,True,0.21905903922052633,True,0.21905903922052633,True,0.18929427941539476,0.21905903922052633,True,True,0.75,1.0,0.21905903922052633,wind_stuck_7_days,2013
12411,US-SRG,US-SRC,2013-03-15,1.76292003,0.6,0.6,-0.16434569527514967,0.16434569527514967,0.14566443791834124,0.493121464693965,0.021480718832312562,0.01847611138257079,0.017561511013689256,-0.16434569527514964,1.321478737358074,0.3167015039015853,0.43565430472485034,True,0.43565430472485034,True,0.43565430472485034,True,0.43565430472485034,True,0.43565430472485034,True,0.43565430472485034,True,0.43565430472485034,True,0.4767407285436377,0.43565430472485034,True,True,0.75,1.0,0.43565430472485034,wind_stuck_7_days,2013
12412,US-SRG,US-SRC,2013-03-31,1.25340487,0.7,0.7,-0.05274427706643636,0.05274427706643636,0.049303530924253755,0.3177795819459573,0.021480718832312562,0.01847611138257079,0.017561511013689256,-0.05274427706643636,1.321478737358074,0.3167015039015853,0.6472557229335636,True,0.6472557229335636,True,0.6472557229335636,True,0.6472557229335636,True,0.6472557229335636,True,0.6472557229335636,True,0.6472557229335636,True,0.6604417922001726,0.6472557229335636,True,True,0.75,1.0,0.6472557229335636,wind_stuck_7_days,2013
12413,US-SRG,US-SRC,2013-04-17,0.56341304,0.1,0.1,0.8507596401074169,0.8507596401074169,0.1401056060997486,0.4325768809490528,0.21105920846877424,0.2063633331439412,0.016291275842099842,0.07606643989258322,1.321478737358074,0.3167015039015853,0.9507596401074169,True,0.9507596401074169,True,0.9507596401074169,True,0.9507596401074169,True,0.9507596401074169,True,0.9507596401074169,True,0.9507596401074169,True,0.7380697300805626,0.5645488492718491,True,True,0.75,0.546040065103694,0.9507596401074169,wind_stuck_7_days,2013
12414,US-SRG,US-SRC,2013-04-25,0.37641929,0.4,0.4,0.2954621764574688,0.2954621764574688,0.12133506632914791,0.3920445576091224,0.04253675069753498,0.041086627974989666,0.017561511013689256,-0.2954621764574688,1.321478737358074,0.3167015039015853,0.6954621764574689,True,0.6954621764574689,True,0.6954621764574689,True,0.6954621764574689,True,0.6954621764574689,True,0.6954621764574689,True,0.6954621764574689,True,0.6215966323431017,0.6648289078976433,True,True,0.75,0.8963208457775805,0.6954621764574689,wind_stuck_7_days,2013
12415,US-SRG,US-SRC,2013-05-18,0.36672881,0.5,0.5,0.18990986218309996,0.18990986218309996,0.08035820587156375,0.3038653659047424,0.01917387183027085,0.02133584918872712,0.017561511013689256,-0.18990986218309996,1.321478737358074,0.3167015039015853,0.6899098621830999,True,0.6899098621830999,True,0.6899098621830999,True,0.6899098621830999,True,0.6899098621830999,True,0.6899098621830999,True,0.6899098621830999,True,0.642432396637325,0.6899098621830999,True,True,0.75,1.0,0.6899098621830999,wind_stuck_7_days,2013
12416,US-SRG,US-SRC,2013-05-19,0.36888626,0.5,0.5,0.2146483271177126,0.2146483271177126,0.10227120382830462,0.27674510896100096,0.01917387183027085,0.02133584918872712,0.017561511013689256,-0.2146483271177126,1.321478737358074,0.3167015039015853,0.7146483271177126,True,0.7146483271177126,True,0.7146483271177126,True,0.7146483271177126,True,0.7146483271177126,True,0.7146483271177126,True,0.7146483271177126,True,0.6609862453382844,0.6816245069897524,True,True,0.75,0.8461491847087634,0.7146483271177126,wind_stuck_7_days,2013
12417,US-SRG,US-SRC,2013-05-26,0.37248949,0.5,0.5,0.0010098241323832774,0.0010098241323832774,0.09779492252468748,0.2840685748151892,0.01917387183027085,0.024106766037544296,-0.04580453322962536,-0.0010098241323832635,1.321478737358074,0.3167015039015853,0.5010098241323833,True,0.5010098241323833,True,0.5010098241323833,True,0.5010098241323833,True,0.5010098241323833,True,0.5010098241323833,True,0.5,False,0.5007573680992875,0.5010098241323833,True,True,0.75,1.0,0.5010098241323833,wind_stuck_7_days,2013
12418,US-SRG,US-SRC,2013-05-27,0.33477818,0.2,0.2,0.32035300746873585,0.32035300746873585,0.09823180754823331,0.3216198798859817,0.08055043394498866,0.09189570246705064,0.010261777178538899,-0.05079664746873591,1.321478737358074,0.3167015039015853,0.5203530074687359,True,0.5203530074687359,True,0.5203530074687359,True,0.5203530074687359,True,0.5203530074687359,True,0.5203530074687359,True,0.5203530074687359,True,0.44026475560155187,0.4902279524798331,True,True,0.75,0.9059629399863126,0.5203530074687359,wind_stuck_7_days,2013
12419,US-SRG,US-SRC,2013-06-03,0.46235554,0.1,0.1,0.1552810159040524,0.1552810159040524,0.10382845475410422,0.35359847150023854,0.020276410446752793,0.02752503676297113,-0.04580453322962536,0.1552810159040524,1.321478737358074,0.3167015039015853,0.2552810159040524,True,0.2552810159040524,True,0.2552810159040524,True,0.2552810159040524,True,0.2552810159040524,True,0.2552810159040524,True,0.1,False,0.2164607619280393,0.2552810159040524,True,True,0.75,1.0,0.2552810159040524,wind_stuck_7_days,2013
12420,US-SRG,US-SRC,2013-06-04,0.4136396,0.8,0.8,-0.1717700276306508,0.1717700276306508,0.13154042205730523,0.37849421068833106,0.023474280936293734,0.02435527159393511,-0.04580453322962536,0.1717700276306508,1.321478737358074,0.3167015039015853,0.6282299723693492,True,0.6282299723693492,True,0.6282299723693492,True,0.6282299723693492,True,0.6282299723693492,True,0.6282299723693492,True,0.8,False,0.671172479277012,0.6282299723693492,True,True,0.75,1.0,0.6282299723693492,wind_stuck_7_days,2013
12421,US-SRG,US-SRC,2013-06-11,0.36233667,0.9,0.9,-0.33970801151359514,0.33970801151359514,0.11304028444255582,0.288347781860849,0.07760850449202908,0.07844247614667271,-0.04580453322962536,0.33970801151359514,1.321478737358074,0.3167015039015853,0.5602919884864048,True,0.5602919884864048,True,0.5602919884864048,True,0.5602919884864048,True,0.5602919884864048,True,0.5602919884864048,True,0.9,False,0.6452189913648037,0.5843201338691729,True,True,0.75,0.9292682404641893,0.5602919884864048,wind_stuck_7_days,2013
12422,US-SRG,US-SRC,2013-07-05,1.00865117,0.1,0.1,1.264700942684869,1.264700942684869,0.26759195140660524,0.5607820662000814,0.3327301881351023,0.23990499728634104,-0.3447858785647887,0.5526013973151311,1.321478737358074,0.3167015039015853,1.364700942684869,True,1.364700942684869,True,1.364700942684869,True,1.364700942684869,True,1.364700942684869,True,1.364700942684869,True,0.1,False,1.0485257070136518,0.6045497010052723,True,True,0.75,0.3989478334175585,1.364700942684869,wind_stuck_7_days,2013
12423,US-SRG,US-SRC,2013-07-29,1.30856305,1.0,1.0,0.9724334842213451,0.9724334842213451,0.2181815326224197,0.47811971758573507,0.049308597751105084,0.07025438001592621,-0.008541153732441725,-0.355307384221345,1.321478737358074,0.3167015039015853,1.9724334842213451,True,1.9724334842213451,True,1.9724334842213451,True,1.9724334842213451,True,1.9724334842213451,True,1.9724334842213451,True,1.0,False,1.7293251131660088,1.8206012895867938,True,True,0.75,0.8438636707824518,1.9724334842213451,wind_stuck_7_days,2013
12424,US-SRG,US-SRC,2013-08-07,4.01771724,3.2,3.2,0.49643089181306177,0.49643089181306177,0.25709156565064056,0.570003359304691,0.11691259644215407,0.1126218336658657,0.010261777178538899,0.49643089181306177,1.321478737358074,0.3167015039015853,3.696430891813062,True,3.696430891813062,True,3.696430891813062,True,3.696430891813062,True,3.696430891813062,True,3.696430891813062,True,3.696430891813062,True,3.5723231688597963,3.6456891084720096,True,True,0.75,0.8977868134762252,3.696430891813062,wind_stuck_7_days,2013
12425,US-SRG,US-SRC,2013-08-14,1.98340856,1.9,1.9,1.1185549335832579,1.1185549335832579,0.29316726402364335,0.49178518254194337,0.03907904136626886,0.051429598421028094,-0.30399794028447374,-0.9517378135832577,1.321478737358074,0.3167015039015853,3.0185549335832578,True,3.0185549335832578,True,3.0185549335832578,True,3.0185549335832578,True,3.0185549335832578,True,3.0185549335832578,True,1.9,False,2.738916200187443,2.548556387362638,True,True,0.75,0.579816303956576,3.0185549335832578,wind_stuck_7_days,2013
12426,US-SRG,US-SRC,2013-08-23,3.24833459,3.2,3.2,0.6251010781752643,0.6251010781752643,0.18735259404298954,0.4235315115849952,0.10813957942279397,0.1126218336658657,0.010261777178538899,-0.528431898175265,1.321478737358074,0.3167015039015853,3.8251010781752646,True,3.8251010781752646,True,3.8251010781752646,True,3.8251010781752646,True,3.8251010781752646,True,3.8251010781752646,True,3.8251010781752646,True,3.6688258086314485,3.703983151797886,True,True,0.75,0.8062426532186847,3.8251010781752646,wind_stuck_7_days,2013
12427,US-SRG,US-SRC,2013-08-31,4.2672156,3.4,3.4,0.6698426611555746,0.6698426611555746,0.24678299126480988,0.5119470053645945,0.11938461331738756,0.11782558232026281,0.010999672280635989,0.6698426611555746,1.321478737358074,0.3167015039015853,4.069842661155574,True,4.069842661155574,True,4.069842661155574,True,4.069842661155574,True,4.069842661155574,True,4.069842661155574,True,4.069842661155574,True,3.9023819958666808,3.9281679013078934,True,True,0.75,0.7884954660796434,4.069842661155574,wind_stuck_7_days,2013
12428,US-SRG,US-SRC,2013-09-15,2.45668524,2.2,2.2,-0.3815150379791762,0.3815150379791762,0.3000002531277975,0.44915399740222683,0.0826973410643955,0.08875139423993286,0.017561511013689256,-0.3815150379791762,1.321478737358074,0.3167015039015853,1.818484962020824,True,1.818484962020824,True,1.818484962020824,True,1.818484962020824,True,1.818484962020824,True,1.818484962020824,True,1.818484962020824,True,1.913863721515618,1.9375636718663989,True,True,0.75,0.6878793809116527,1.818484962020824,wind_stuck_7_days,2013
12429,US-SRG,US-SRC,2013-09-16,2.27296269,1.2,1.2,-0.0626007895694893,0.0626007895694893,0.18357568362402885,0.3636587456915115,0.021480718832312562,0.01847611138257079,0.017561511013689256,-0.06260078956948933,1.321478737358074,0.3167015039015853,1.1373992104305106,True,1.1373992104305106,True,1.1373992104305106,True,1.1373992104305106,True,1.1373992104305106,True,1.1373992104305106,True,1.1373992104305106,True,1.153049407822883,1.1373992104305106,True,True,0.75,1.0,1.1373992104305106,wind_stuck_7_days,2013
12430,US-SRG,US-SRC,2013-09-23,0.75680166,1.3,1.3,-0.506950394487826,0.506950394487826,0.12557204580517836,0.38497641088297735,0.12438238562384875,0.13442058390424827,0.011189443256399999,0.506950394487826,1.321478737358074,0.3167015039015853,0.7930496055121741,True,0.7930496055121741,True,0.7930496055121741,True,0.7930496055121741,True,0.7930496055121741,True,0.7930496055121741,True,0.7930496055121741,True,0.9197872041341306,0.8627718549067785,True,True,0.75,0.862467314055362,0.7930496055121741,wind_stuck_7_days,2013
12431,US-SRG,US-SRC,2013-09-24,0.7693546,1.2,1.2,-0.4726098053912325,0.4726098053912325,0.1118526807500444,0.3819811536110498,0.12438238562384875,0.13442058390424827,0.017561511013689256,0.3886809946087674,1.321478737358074,0.3167015039015853,0.7273901946087675,True,0.7273901946087675,True,0.7273901946087675,True,0.7273901946087675,True,0.7273901946087675,True,0.7273901946087675,True,0.7273901946087675,True,0.8455426459565756,0.7430639341804581,True,True,0.75,0.9668357715119438,0.7273901946087675,wind_stuck_7_days,2013
12432,US-SRG,US-SRC,2013-10-01,0.4177811,1.0,1.0,-0.381945281161297,0.381945281161297,0.1063914049328004,0.4302903587371921,0.09513783739587375,0.10130483136204582,0.017561511013689256,0.381945281161297,1.321478737358074,0.3167015039015853,0.618054718838703,True,0.618054718838703,True,0.618054718838703,True,0.618054718838703,True,0.618054718838703,True,0.618054718838703,True,0.618054718838703,True,0.7135410391290272,0.7264616735005961,True,True,0.75,0.7161715041162862,0.618054718838703,wind_stuck_7_days,2013
12433,US-SRG,US-SRC,2013-10-02,0.32430597,0.5,0.5,-0.12626299222274862,0.12626299222274862,0.09959907748181192,0.43400949060425537,0.021480718832312562,0.01847611138257079,0.017561511013689256,0.12626299222274862,1.321478737358074,0.3167015039015853,0.3737370077772514,True,0.3737370077772514,True,0.3737370077772514,True,0.3737370077772514,True,0.3737370077772514,True,0.3737370077772514,True,0.3737370077772514,True,0.4053027558329385,0.3737370077772514,True,True,0.75,1.0,0.3737370077772514,wind_stuck_7_days,2013
12434,US-SRG,US-SRC,2013-10-09,0.35031321,0.0,0.0,0.5419919694586113,0.5419919694586113,0.17730157799135665,0.4977501623115481,0.2300993346803133,0.2341547779462688,0.010261777178538899,0.1586344505413887,1.321478737358074,0.3167015039015853,0.5419919694586113,True,0.5419919694586113,True,0.5419919694586113,True,0.5419919694586113,True,0.5419919694586113,True,0.5419919694586113,True,0.5419919694586113,True,0.40649397709395846,0.45296775160244956,True,True,0.75,0.8357462418768181,0.5419919694586113,wind_stuck_7_days,2013
12435,US-SRG,US-SRC,2013-10-10,0.39663947,0.2,0.2,0.8103599970502102,0.8103599970502102,0.1013659383634206,0.5605676081493878,0.15096620151298826,0.14425469945836794,-0.13748378832330654,-0.4170810570502102,1.321478737358074,0.3167015039015853,1.0103599970502102,True,1.0103599970502102,True,1.0103599970502102,True,1.0103599970502102,True,1.0103599970502102,True,1.0103599970502102,True,0.2,False,0.8077699977876576,0.7395181900548364,True,True,0.75,0.665775941579959,1.0103599970502102,wind_stuck_7_days,2013
12436,US-SRG,US-SRC,2013-10-17,0.21085223,0.6,0.6,-0.19476278495176014,0.19476278495176014,0.07740394220104595,0.3576805956758084,0.035621312325307256,0.040274861620953326,0.0008276722209922128,0.19476278495176014,1.321478737358074,0.3167015039015853,0.40523721504823984,True,0.40523721504823984,True,0.40523721504823984,True,0.40523721504823984,True,0.40523721504823984,True,0.40523721504823984,True,0.40523721504823984,True,0.4539279112861799,0.4115609812145984,True,True,0.75,0.9675309317027644,0.40523721504823984,wind_stuck_7_days,2013
12437,US-SRG,US-SRC,2013-10-18,0.19396897,0.3,0.3,-0.08621878679685321,0.08621878679685321,0.07291985995372574,0.32672689869330795,0.019608820766868214,0.01847611138257079,0.0008276722209922128,0.08621878679685321,1.321478737358074,0.3167015039015853,0.21378121320314677,True,0.21378121320314677,True,0.21378121320314677,True,0.21378121320314677,True,0.21378121320314677,True,0.21378121320314677,True,0.21378121320314677,True,0.23533590990236009,0.21378121320314677,True,True,0.75,1.0,0.21378121320314677,wind_stuck_7_days,2013
12438,US-SRG,US-SRC,2013-10-25,0.16181185,0.5,0.5,-0.24563002630450223,0.24563002630450223,0.049839042256836844,0.3531848272196211,0.0510742629537043,0.053548105241532085,0.0008276722209922128,0.24563002630450223,1.321478737358074,0.3167015039015853,0.25436997369549774,True,0.25436997369549774,True,0.25436997369549774,True,0.25436997369549774,True,0.25436997369549774,True,0.25436997369549774,True,0.25436997369549774,True,0.31577748027162333,0.25436997369549774,True,True,0.75,1.0,0.25436997369549774,wind_stuck_7_days,2013
12439,US-SRG,US-SRC,2013-10-26,0.13370087,0.2,0.2,-0.07491439031617672,0.07491439031617672,0.09690822525062384,0.36485252654144834,0.019608820766868214,0.01847611138257079,0.0008276722209922128,0.0576838696838233,1.321478737358074,0.3167015039015853,0.1250856096838233,True,0.1250856096838233,True,0.1250856096838233,True,0.1250856096838233,True,0.1250856096838233,True,0.1250856096838233,True,0.1250856096838233,True,0.14381420726286748,0.1250856096838233,True,True,0.75,1.0,0.1250856096838233,wind_stuck_7_days,2013
12440,US-SRG,US-SRC,2013-11-02,0.13915454,0.4,0.4,-0.1930988637980388,0.1930988637980388,0.10267167363057045,0.2519572614530812,0.033749414259862914,0.040274861620953326,0.017561511013689256,0.1930988637980388,1.321478737358074,0.3167015039015853,0.2069011362019612,True,0.2069011362019612,True,0.2069011362019612,True,0.2069011362019612,True,0.2069011362019612,True,0.2069011362019612,True,0.2069011362019612,True,0.2551758521514709,0.20698430102528553,True,True,0.75,0.9995693147971534,0.2069011362019612,wind_stuck_7_days,2013
12441,US-SRG,US-SRC,2013-11-03,0.71947109,0.6,0.6,-0.22236924146426001,0.22236924146426001,0.05829629497507798,0.23072883625493623,0.035621312325307256,0.040274861620953326,0.0008276722209922128,-0.22236924146426001,1.321478737358074,0.3167015039015853,0.37763075853573996,True,0.37763075853573996,True,0.37763075853573996,True,0.37763075853573996,True,0.37763075853573996,True,0.37763075853573996,True,0.37763075853573996,True,0.43322306890180495,0.42570294182125523,True,True,0.75,0.7838181981960772,0.37763075853573996,wind_stuck_7_days,2013
12442,US-SRG,US-SRC,2013-11-10,0.14385363,0.2,0.2,-0.10196933643947519,0.10196933643947519,0.11974129727971344,0.4013782518038124,0.019608820766868214,0.01847611138257079,0.0008276722209922128,0.010323403560524816,1.321478737358074,0.3167015039015853,0.09803066356052482,True,0.09803066356052482,True,0.09803066356052482,True,0.09803066356052482,True,0.09803066356052482,True,0.09803066356052482,True,0.09803066356052482,True,0.12352299767039362,0.09803066356052482,True,True,0.75,1.0,0.09803066356052482,wind_stuck_7_days,2013
12443,US-SRG,US-SRC,2013-11-18,0.12307433,0.0,0.0,0.18432078384165188,0.18432078384165188,0.10177262882822279,0.33876767998153845,0.03096859758321877,0.03086218754160673,0.0008276722209922128,0.061827876158348116,1.321478737358074,0.3167015039015853,0.18432078384165188,True,0.18432078384165188,True,0.18432078384165188,True,0.18432078384165188,True,0.18432078384165188,True,0.18432078384165188,True,0.18432078384165188,True,0.1382405878812389,0.18432078384165188,True,True,0.75,1.0,0.18432078384165188,wind_stuck_7_days,2013
12444,US-SRG,US-SRC,2013-11-19,0.21826309,0.1,0.1,0.09200287686676467,0.09200287686676467,0.093443316218101,0.30681939640613476,0.019608820766868214,0.01847611138257079,0.0008276722209922128,0.09200287686676467,1.321478737358074,0.3167015039015853,0.19200287686676468,True,0.19200287686676468,True,0.19200287686676468,True,0.19200287686676468,True,0.19200287686676468,True,0.19200287686676468,True,0.19200287686676468,True,0.1690021576500735,0.19200287686676468,True,True,0.75,1.0,0.19200287686676468,wind_stuck_7_days,2013
12445,US-SRG,US-SRC,2013-12-12,0.52452618,0.0,0.0,0.382363179648981,0.382363179648981,0.09209686465445353,0.43110304489186924,0.10964133260399644,0.1080132717283231,-0.025343252212233235,0.382363179648981,1.321478737358074,0.3167015039015853,0.382363179648981,True,0.382363179648981,True,0.382363179648981,True,0.382363179648981,True,0.382363179648981,True,0.382363179648981,True,0.0,False,0.2867723847367357,0.2738376134878964,True,True,0.75,0.7161715041162862,0.382363179648981,wind_stuck_7_days,2013
12446,US-SRG,US-SRC,2013-12-13,0.43368797,0.1,0.1,0.3167070296168472,0.3167070296168472,0.09483812291628783,0.38398144259234024,0.08055043394498866,0.09069609907361273,-0.01704881695285944,0.3167070296168472,1.321478737358074,0.3167015039015853,0.41670702961684725,True,0.41670702961684725,True,0.41670702961684725,True,0.41670702961684725,True,0.41670702961684725,True,0.41670702961684725,True,0.1,False,0.33753027221263543,0.401062372478721,True,True,0.75,0.9506021159143414,0.41670702961684725,wind_stuck_7_days,2013
12447,US-SRG,US-SRC,2013-12-28,0.44630699,0.4,0.4,-0.005195463033317407,0.005195463033317407,0.07526538517555349,0.3547471036816824,0.019608820766868214,0.01847611138257079,0.0008276722209922128,-0.005195463033317409,1.321478737358074,0.3167015039015853,0.3948045369666826,True,0.3948045369666826,True,0.3948045369666826,True,0.3948045369666826,True,0.3948045369666826,True,0.3948045369666826,True,0.3948045369666826,True,0.396103402725012,0.3948045369666826,True,True,0.75,1.0,0.3948045369666826,wind_stuck_7_days,2013
12448,US-SRG,US-SRC,2013-12-29,0.39555221,0.3,0.3,0.06661655255740788,0.06661655255740788,0.10151723642519384,0.30876119074989694,0.019608820766868214,0.020136245795289196,0.0008276722209922128,0.06661655255740788,1.321478737358074,0.3167015039015853,0.3666165525574079,True,0.3666165525574079,True,0.3666165525574079,True,0.3666165525574079,True,0.3666165525574079,True,0.3666165525574079,True,0.3666165525574079,True,0.34996241441805587,0.3666165525574079,True,True,0.75,1.0,0.3666165525574079,wind_stuck_7_days,2013
13067,US-SRM,US-SRC,2013-03-15,0.94490614,0.5,0.5,-0.1024788795918123,0.1024788795918123,0.18173281047568052,0.6530997376430773,0.021480718832312562,0.01847611138257079,0.017561511013689256,-0.10247887959181234,1.321478737358074,0.3167015039015853,0.3975211204081877,True,0.3975211204081877,True,0.3975211204081877,True,0.3975211204081877,True,0.3975211204081877,True,0.3975211204081877,True,0.3975211204081877,True,0.42314084030614074,0.3975211204081877,True,True,0.75,1.0,0.3975211204081877,wind_stuck_7_days,2013
13068,US-SRM,US-SRC,2013-03-31,0.44236687,0.9,0.9,-0.1561072657526377,0.1561072657526377,0.13994585510521348,0.40637161998086446,0.021480718832312562,0.01847611138257079,0.017561511013689256,0.15610726575263772,1.321478737358074,0.3167015039015853,0.7438927342473624,True,0.7438927342473624,True,0.7438927342473624,True,0.7438927342473624,True,0.7438927342473624,True,0.7438927342473624,True,0.7438927342473624,True,0.7829195506855218,0.7438927342473624,True,True,0.75,1.0,0.7438927342473624,wind_stuck_7_days,2013
13069,US-SRM,US-SRC,2013-04-16,0.18890708,0.3,0.3,0.1308854810381948,0.1308854810381948,0.11368859714511792,0.3967440872735416,0.019608820766868214,0.02133584918872712,0.017561511013689256,-0.1308854810381948,1.321478737358074,0.3167015039015853,0.4308854810381948,True,0.4308854810381948,True,0.4308854810381948,True,0.4308854810381948,True,0.4308854810381948,True,0.4308854810381948,True,0.4308854810381948,True,0.3981641107786461,0.4308854810381948,True,True,0.75,1.0,0.4308854810381948,wind_stuck_7_days,2013
13070,US-SRM,US-SRC,2013-05-18,0.52500646,0.9,0.9,-0.22831451290345628,0.22831451290345628,0.14937618433934788,0.34124848386574225,0.023474280936293734,0.025323573519210062,-0.04580453322962536,0.22831451290345628,1.321478737358074,0.3167015039015853,0.6716854870965437,True,0.6716854870965437,True,0.6716854870965437,True,0.6716854870965437,True,0.6716854870965437,True,0.6716854870965437,True,0.9,False,0.7287641153224078,0.7315759651972471,True,True,0.75,0.7376843138919148,0.6716854870965437,wind_stuck_7_days,2013
13071,US-SRM,US-SRC,2013-05-26,0.47129343,0.2,0.2,-0.010757822196535627,0.010757822196535627,0.13335562785942348,0.33997377229587344,0.019608820766868214,0.023138464112269344,-0.04580453322962536,-0.010757822196535649,1.321478737358074,0.3167015039015853,0.1892421778034644,True,0.1892421778034644,True,0.1892421778034644,True,0.1892421778034644,True,0.1892421778034644,True,0.1892421778034644,True,0.2,False,0.1919316333525983,0.1892421778034644,True,True,0.75,1.0,0.1892421778034644,wind_stuck_7_days,2013
13072,US-SRM,US-SRC,2013-05-27,0.45790105,0.6,0.6,-0.18712679725243783,0.18712679725243783,0.125025250266597,0.32230432551348365,0.023474280936293734,0.025323573519210062,-0.04580453322962536,0.09707110274756217,1.321478737358074,0.3167015039015853,0.4128732027475621,True,0.4128732027475621,True,0.4128732027475621,True,0.4128732027475621,True,0.4128732027475621,True,0.4128732027475621,True,0.6,False,0.4596549020606716,0.4128732027475621,True,True,0.75,1.0,0.4128732027475621,wind_stuck_7_days,2013
13073,US-SRM,US-SRC,2013-06-03,0.48065376,0.6,0.6,-0.21915849577781446,0.21915849577781446,0.15764867015222644,0.2624429170159639,0.01954583292960426,0.023500636156809356,-0.04580453322962536,0.019533984222185524,1.321478737358074,0.3167015039015853,0.38084150422218555,True,0.38084150422218555,True,0.38084150422218555,True,0.38084150422218555,True,0.38084150422218555,True,0.38084150422218555,True,0.6,False,0.4356311281666391,0.40210255381883975,True,True,0.75,0.9029877919119824,0.38084150422218555,wind_stuck_7_days,2013
13074,US-SRM,US-SRC,2013-06-27,0.18820776,1.1,1.1,0.04121750051880642,0.04121750051880642,0.13155042906388462,0.4619412241219799,-0.010077598551936155,0.024036733760805565,-0.04580453322962536,-0.04121750051880646,1.321478737358074,0.3167015039015853,1.1412175005188065,True,1.1412175005188065,True,1.1412175005188065,True,1.1,False,1.1,False,1.1412175005188065,True,1.1,False,1.130913125389105,1.1,True,False,0.75,0.0,1.0483711771617727,wind_stuck_7_days,2013
13075,US-SRM,US-SRC,2013-07-29,1.86296112,1.6,1.6,0.21838315311523465,0.21838315311523465,0.18712966030146708,0.45447759634342305,0.018969002467169833,0.01847611138257079,0.017561511013689256,0.21838315311523465,1.321478737358074,0.3167015039015853,1.8183831531152348,True,1.8183831531152348,True,1.8183831531152348,True,1.8183831531152348,True,1.8183831531152348,True,1.8183831531152348,True,1.8183831531152348,True,1.7637873648364262,1.775146453650579,True,True,0.75,0.8020144921992178,1.8183831531152348,wind_stuck_7_days,2013
13076,US-SRM,US-SRC,2013-09-15,2.56722642,2.6,2.6,-0.4453776424711341,0.4453776424711341,0.194200286667153,0.44949913128098046,0.13215744417787428,0.13080259272778685,0.017561511013689256,-0.3798304824711337,1.321478737358074,0.3167015039015853,2.154622357528866,True,2.154622357528866,True,2.154622357528866,True,2.154622357528866,True,2.154622357528866,True,2.154622357528866,True,2.154622357528866,True,2.2659667681466495,2.154622357528866,True,True,0.75,1.0,2.154622357528866,wind_stuck_7_days,2013
13077,US-SRM,US-SRC,2013-09-23,0.98608309,1.5,1.5,-0.67719053662975,0.67719053662975,0.16136339550393675,0.353862228784885,0.11129234637104728,0.13600634138218398,0.03664172552183452,0.35064328337024986,1.321478737358074,0.3167015039015853,0.82280946337025,True,0.82280946337025,True,0.82280946337025,True,0.82280946337025,True,0.82280946337025,True,0.82280946337025,True,0.82280946337025,True,0.9921070975276874,1.1147115415401851,True,True,0.75,0.568951332925181,0.82280946337025,wind_stuck_7_days,2013
13078,US-SRM,US-SRC,2013-10-01,0.49285549,1.2,1.2,-0.4986095077916473,0.4986095077916473,0.08981335195527809,0.3742727283270534,0.11280388014977291,0.11980718057854872,0.017561511013689256,0.4986095077916473,1.321478737358074,0.3167015039015853,0.7013904922083527,True,0.7013904922083527,True,0.7013904922083527,True,0.7013904922083527,True,0.7013904922083527,True,0.7013904922083527,True,0.7013904922083527,True,0.8260428691562645,0.7648304183965319,True,True,0.75,0.8727663127220415,0.7013904922083527,wind_stuck_7_days,2013
13079,US-SRM,US-SRC,2013-10-09,0.39665338,0.6,0.6,0.11984953542617913,0.11984953542617913,0.13762804398275502,0.47038529318665656,0.01917387183027085,0.01847611138257079,0.017561511013689256,-0.1198495354261791,1.321478737358074,0.3167015039015853,0.7198495354261791,True,0.7198495354261791,True,0.7198495354261791,True,0.7198495354261791,True,0.7198495354261791,True,0.7198495354261791,True,0.7198495354261791,True,0.6898871515696343,0.7198495354261791,True,True,0.75,1.0,0.7198495354261791,wind_stuck_7_days,2013
13080,US-SRM,US-SRC,2013-10-17,0.26730398,0.8,0.8,-0.3228284627103584,0.3228284627103584,0.07946868718580784,0.3218128871012674,0.08908794620115802,0.09363259258079287,0.0008276722209922128,0.3228284627103584,1.321478737358074,0.3167015039015853,0.4771715372896416,True,0.4771715372896416,True,0.4771715372896416,True,0.4771715372896416,True,0.4771715372896416,True,0.4771715372896416,True,0.4771715372896416,True,0.5578786529672313,0.507529376811662,True,True,0.75,0.9059629399863126,0.4771715372896416,wind_stuck_7_days,2013
13081,US-SRM,US-SRC,2013-10-25,0.18101984,0.7,0.7,-0.30942321803509815,0.30942321803509815,0.11308980643856346,0.33599833283839087,0.0510742629537043,0.053548105241532085,0.0008276722209922128,0.30942321803509815,1.321478737358074,0.3167015039015853,0.3905767819649018,True,0.3905767819649018,True,0.3905767819649018,True,0.3905767819649018,True,0.3905767819649018,True,0.3905767819649018,True,0.3905767819649018,True,0.46793258647367636,0.4561412369391902,True,True,0.75,0.788107513745619,0.3905767819649018,wind_stuck_7_days,2013
13082,US-SRM,US-SRC,2013-11-02,0.19613215,0.8,0.8,-0.3616278090607648,0.3616278090607648,0.05731801632164627,0.33636664449776155,0.09513783739587375,0.10130483136204582,0.017561511013689256,0.3616278090607648,1.321478737358074,0.3167015039015853,0.43837219093923524,True,0.43837219093923524,True,0.43837219093923524,True,0.43837219093923524,True,0.43837219093923524,True,0.43837219093923524,True,0.43837219093923524,True,0.5287791432044264,0.5125463919394719,True,True,0.75,0.7948880060057187,0.43837219093923524,wind_stuck_7_days,2013
13083,US-SRM,US-SRC,2013-11-10,0.13894006,0.7,0.7,-0.28807055570680606,0.28807055570680606,0.09306737060437278,0.45001463547838744,0.0510742629537043,0.053548105241532085,0.0008276722209922128,0.28807055570680606,1.321478737358074,0.3167015039015853,0.4119294442931939,True,0.4119294442931939,True,0.4119294442931939,True,0.4119294442931939,True,0.4119294442931939,True,0.4119294442931939,True,0.4119294442931939,True,0.48394708321989544,0.43823160536967737,True,True,0.75,0.908695420078776,0.4119294442931939,wind_stuck_7_days,2013
13084,US-SRM,US-SRC,2013-11-26,1.33412485,0.6,0.6,-0.017912567927710732,0.017912567927710732,0.09261711580725064,0.3419424468517039,0.01917387183027085,0.01847611138257079,0.0008276722209922128,-0.017912567927710676,1.321478737358074,0.3167015039015853,0.5820874320722893,True,0.5820874320722893,True,0.5820874320722893,True,0.5820874320722893,True,0.5820874320722893,True,0.5820874320722893,True,0.5820874320722893,True,0.5865655740542169,0.5820874320722893,True,True,0.75,1.0,0.5820874320722893,wind_stuck_7_days,2013
13085,US-SRM,US-SRC,2013-12-12,0.50761517,0.1,0.1,0.3822584730168322,0.3822584730168322,0.09909502805152011,0.45955303995913066,0.0982815557876459,0.09670820344214724,-0.025343252212233235,0.3822584730168322,1.321478737358074,0.3167015039015853,0.4822584730168322,True,0.4822584730168322,True,0.4822584730168322,True,0.4822584730168322,True,0.4822584730168322,True,0.4822584730168322,True,0.1,False,0.3866938547626242,0.3737626255816595,True,True,0.75,0.7161715041162862,0.4822584730168322,wind_stuck_7_days,2013
13086,US-SRM,US-SRC,2013-12-28,0.41555642,0.9,0.9,-0.19222148429776043,0.19222148429776043,0.09943334748080275,0.32605135310238237,0.035621312325307256,0.040274861620953326,0.0008276722209922128,0.19222148429776043,1.321478737358074,0.3167015039015853,0.7077785157022396,True,0.7077785157022396,True,0.7077785157022396,True,0.7077785157022396,True,0.7077785157022396,True,0.7077785157022396,True,0.7077785157022396,True,0.7558338867766797,0.7077785157022396,True,True,0.75,1.0,0.7077785157022396,wind_stuck_7_days,2013
13364,US-SRS,US-SRC,2013-02-27,0.83337252,0.4,0.4,-0.22631334677890802,0.22631334677890802,0.15262283922443895,0.4040086086911513,0.033749414259862914,0.040274861620953326,0.0008276722209922128,-0.22631334677890802,1.321478737358074,0.3167015039015853,0.173686653221092,True,0.173686653221092,True,0.173686653221092,True,0.173686653221092,True,0.173686653221092,True,0.173686653221092,True,0.173686653221092,True,0.230264989915819,0.22261148030003233,True,True,0.75,0.7838181981960772,0.173686653221092,wind_stuck_7_days,2013
13365,US-SRS,US-SRC,2013-03-15,0.75149639,0.4,0.4,0.02309254700878453,0.02309254700878453,0.20489173758097076,0.6908406846744131,0.019608820766868214,0.01847611138257079,0.017561511013689256,0.023092547008784547,1.321478737358074,0.3167015039015853,0.42309254700878457,True,0.42309254700878457,True,0.42309254700878457,True,0.42309254700878457,True,0.42309254700878457,True,0.42309254700878457,True,0.42309254700878457,True,0.4173194102565884,0.42309254700878457,True,True,0.75,1.0,0.42309254700878457,wind_stuck_7_days,2013
13366,US-SRS,US-SRC,2013-03-31,0.41471667,0.7,0.7,-0.08763541641995477,0.08763541641995477,0.11392512750663536,0.346214214325968,0.021480718832312562,0.01847611138257079,0.017561511013689256,0.08763541641995476,1.321478737358074,0.3167015039015853,0.6123645835800452,True,0.6123645835800452,True,0.6123645835800452,True,0.6123645835800452,True,0.6123645835800452,True,0.6123645835800452,True,0.6123645835800452,True,0.6342734376850339,0.6123645835800452,True,True,0.75,1.0,0.6123645835800452,wind_stuck_7_days,2013
13367,US-SRS,US-SRC,2013-04-16,0.41040796,0.8,0.8,-0.20448813468356514,0.20448813468356514,0.06407461827855422,0.380542954837777,0.023474280936293734,0.022552656670392895,0.017561511013689256,0.20448813468356514,1.321478737358074,0.3167015039015853,0.5955118653164349,True,0.5955118653164349,True,0.5955118653164349,True,0.5955118653164349,True,0.5955118653164349,True,0.5955118653164349,True,0.5955118653164349,True,0.6466338989873262,0.6123923857844837,True,True,0.75,0.9174498779884193,0.5955118653164349,wind_stuck_7_days,2013
13368,US-SRS,US-SRC,2013-05-18,0.61114145,0.9,0.9,-0.22831451290345628,0.22831451290345628,0.14937618433934788,0.34124848386574225,0.023474280936293734,0.025323573519210062,-0.04580453322962536,0.22831451290345628,1.321478737358074,0.3167015039015853,0.6716854870965437,True,0.6716854870965437,True,0.6716854870965437,True,0.6716854870965437,True,0.6716854870965437,True,0.6716854870965437,True,0.9,False,0.7287641153224078,0.7315759651972471,True,True,0.75,0.7376843138919148,0.6716854870965437,wind_stuck_7_days,2013
13369,US-SRS,US-SRC,2013-05-19,0.57649405,0.8,0.8,-0.2245703336503852,0.2245703336503852,0.11275107650970984,0.3187038201288998,0.023474280936293734,0.022552656670392895,0.017561511013689256,0.22244156634961493,1.321478737358074,0.3167015039015853,0.5754296663496148,True,0.5754296663496148,True,0.5754296663496148,True,0.5754296663496148,True,0.5754296663496148,True,0.5754296663496148,True,0.5754296663496148,True,0.6315722497622112,0.6239776857098632,True,True,0.75,0.7838181981960772,0.5754296663496148,wind_stuck_7_days,2013
13370,US-SRS,US-SRC,2013-05-26,0.56808473,0.9,0.9,-0.3849255566749145,0.3849255566749145,0.12355200440215688,0.3777563553611214,0.09132400178000018,0.08172814227722383,-0.04580453322962536,0.27890498332508545,1.321478737358074,0.3167015039015853,0.5150744433250856,True,0.5150744433250856,True,0.5150744433250856,True,0.5150744433250856,True,0.5150744433250856,True,0.5150744433250856,True,0.9,False,0.6113058324938141,0.6243272851033277,True,True,0.75,0.7161715041162862,0.5150744433250856,wind_stuck_7_days,2013
13371,US-SRS,US-SRC,2013-05-27,0.56123071,0.1,0.1,0.14825871342552466,0.14825871342552466,0.12158031452263188,0.3258067806143806,0.019608820766868214,0.024106766037544296,-0.04580453322962536,0.14825871342552466,1.321478737358074,0.3167015039015853,0.24825871342552466,True,0.24825871342552466,True,0.24825871342552466,True,0.24825871342552466,True,0.24825871342552466,True,0.24825871342552466,True,0.1,False,0.2111940350691435,0.24825871342552466,True,True,0.75,1.0,0.24825871342552466,wind_stuck_7_days,2013
13372,US-SRS,US-SRC,2013-06-03,0.46546444,1.0,1.0,-0.26954106734560535,0.26954106734560535,0.1407167983893057,0.3523680699849471,0.03499878355800129,0.03311678071958436,-0.04580453322962536,0.26954106734560535,1.321478737358074,0.3167015039015853,0.7304589326543947,True,0.7304589326543947,True,0.7304589326543947,True,0.7304589326543947,True,0.7304589326543947,True,0.7304589326543947,True,1.0,False,0.797844199490796,0.7304589326543947,True,True,0.75,1.0,0.7304589326543947,wind_stuck_7_days,2013
13373,US-SRS,US-SRC,2013-06-04,0.52567011,0.8,0.8,-0.39261834520679684,0.39261834520679684,0.11876372354767564,0.3434154956795096,0.09199159145988475,0.08611471492792563,-0.04580453322962536,0.15604143479320332,1.321478737358074,0.3167015039015853,0.4073816547932032,True,0.4073816547932032,True,0.4073816547932032,True,0.4073816547932032,True,0.4073816547932032,True,0.4073816547932032,True,0.8,False,0.5055362410949025,0.48861768486903856,True,True,0.75,0.7930916090203393,0.4073816547932032,wind_stuck_7_days,2013
13374,US-SRS,US-SRC,2013-06-11,0.42308728,1.2,1.2,-0.14566527134483545,0.14566527134483545,0.08603524731907379,0.6478189158098343,0.02214830851219714,0.02752503676297113,-0.04580453322962536,0.14566527134483542,1.321478737358074,0.3167015039015853,1.0543347286551645,True,1.0543347286551645,True,1.0543347286551645,True,1.0543347286551645,True,1.0543347286551645,True,1.0543347286551645,True,1.2,False,1.0907510464913734,1.0543347286551645,True,True,0.75,1.0,0.5683408336168205,wind_stuck_7_days,2013
13375,US-SRS,US-SRC,2013-06-12,0.43239172,0.4,0.4,-0.14247453355945244,0.14247453355945244,0.15700285008703604,0.6956806869628769,-0.009642649615338793,0.024036733760805565,-0.04580453322962536,-0.14247453355945244,1.321478737358074,0.3167015039015853,0.2575254664405476,True,0.2575254664405476,True,0.2575254664405476,True,0.4,False,0.4,False,0.2575254664405476,True,0.4,False,0.2931440998304107,0.4,True,False,0.75,0.0,0.12176189691775319,wind_stuck_7_days,2013
13376,US-SRS,US-SRC,2013-06-19,0.44222663,0.9,0.9,-0.23191829168628803,0.23191829168628803,0.1644972768418097,0.3463053921794348,0.03349276413976607,0.03835798880741189,-0.04580453322962536,0.23191829168628803,1.321478737358074,0.3167015039015853,0.668081708313712,True,0.668081708313712,True,0.668081708313712,True,0.668081708313712,True,0.668081708313712,True,0.668081708313712,True,0.9,False,0.726061281235284,0.668081708313712,True,True,0.75,1.0,0.6394045454620192,wind_stuck_7_days,2013
13377,US-SRS,US-SRC,2013-06-27,0.22162609,1.3,1.3,0.1311408700996905,0.1311408700996905,0.11905826751372331,0.5147340356367887,-0.010077598551936155,0.024036733760805565,-0.04580453322962536,-0.13114087009969055,1.321478737358074,0.3167015039015853,1.4311408700996906,True,1.4311408700996906,True,1.4311408700996906,True,1.3,False,1.3,False,1.4311408700996906,True,1.3,False,1.398355652574768,1.3,True,False,0.75,0.0,1.3344441386241692,wind_stuck_7_days,2013
13378,US-SRS,US-SRC,2013-07-05,1.27106329,0.4,0.4,0.9349321248849076,0.9349321248849076,0.29260910918846156,0.45369684814501576,0.23653862558501274,0.16311073929736963,-0.024256552089156266,0.8071944551150925,1.321478737358074,0.3167015039015853,1.3349321248849075,True,1.3349321248849075,True,1.3349321248849075,True,1.3349321248849075,True,1.3349321248849075,True,1.3349321248849075,True,0.4,False,1.1011990936636806,0.867017802773085,True,True,0.75,0.49952054308816907,1.3349321248849075,wind_stuck_7_days,2013
13379,US-SRS,US-SRC,2013-07-14,2.37956397,1.8,1.8,0.12000133726777099,0.12000133726777099,0.20856927602932304,0.4113272786853509,0.018969002467169833,0.024106766037544296,-0.04580453322962536,0.12000133726777096,1.321478737358074,0.3167015039015853,1.9200013372677711,True,1.9200013372677711,True,1.9200013372677711,True,1.9200013372677711,True,1.9200013372677711,True,1.9200013372677711,True,1.8,False,1.8900010029508283,1.9200013372677711,True,True,0.75,1.0,1.9200013372677711,wind_stuck_7_days,2013
13380,US-SRS,US-SRC,2013-07-29,2.40331472,1.9,1.9,0.09577463232060765,0.09577463232060765,0.2016189332718041,0.4274169963841457,0.018969002467169833,0.01847611138257079,0.017561511013689256,0.09577463232060768,1.321478737358074,0.3167015039015853,1.9957746323206076,True,1.9957746323206076,True,1.9957746323206076,True,1.9957746323206076,True,1.9957746323206076,True,1.9957746323206076,True,1.9957746323206076,True,1.9718309742404556,1.9957746323206076,True,True,0.75,1.0,1.9957746323206076,wind_stuck_7_days,2013
13381,US-SRS,US-SRC,2013-08-14,2.39738957,2.1,2.1,1.1142027066518367,1.1142027066518367,0.17601507406589184,0.47626102057738906,0.07611164344030155,0.10802382088188017,-0.30399794028447374,-0.5194235666518368,1.321478737358074,0.3167015039015853,3.214202706651837,True,3.214202706651837,True,3.214202706651837,True,3.214202706651837,True,3.214202706651837,True,3.214202706651837,True,2.1,False,2.9356520299888778,2.8425925410590605,True,True,0.75,0.6664788522104206,3.214202706651837,wind_stuck_7_days,2013
13382,US-SRS,US-SRC,2013-08-22,2.56971009,2.6,2.6,0.41975176278130333,0.41975176278130333,0.1970219573222516,0.4118505346871464,0.0982342884296093,0.09666090943085098,0.010261777178538899,-0.41975176278130333,1.321478737358074,0.3167015039015853,3.0197517627813033,True,3.0197517627813033,True,3.0197517627813033,True,3.0197517627813033,True,3.0197517627813033,True,3.0197517627813033,True,3.0197517627813033,True,2.9148138220859776,2.954058204983986,True,True,0.75,0.8434942658441084,3.0197517627813033,wind_stuck_7_days,2013
13383,US-SRS,US-SRC,2013-09-15,2.12245119,2.5,2.5,-0.42717501295015214,0.42717501295015214,0.18979865435639595,0.43728876138999456,0.11347913616532956,0.11484166849277212,0.017561511013689256,0.32792260704984777,1.321478737358074,0.3167015039015853,2.072824987049848,True,2.072824987049848,True,2.072824987049848,True,2.072824987049848,True,2.072824987049848,True,2.072824987049848,True,2.072824987049848,True,2.1796187402873857,2.154463218837935,True,True,0.75,0.8088880919689617,2.072824987049848,wind_stuck_7_days,2013
13384,US-SRS,US-SRC,2013-10-17,1.25691423,0.8,0.8,-0.3228284627103584,0.3228284627103584,0.07946868718580784,0.3218128871012674,0.08908794620115802,0.09363259258079287,0.0008276722209922128,-0.32282846271035837,1.321478737358074,0.3167015039015853,0.4771715372896416,True,0.4771715372896416,True,0.4771715372896416,True,0.4771715372896416,True,0.4771715372896416,True,0.4771715372896416,True,0.4771715372896416,True,0.5578786529672313,0.507529376811662,True,True,0.75,0.9059629399863126,0.4771715372896416,wind_stuck_7_days,2013
13385,US-SRS,US-SRC,2013-10-25,1.10425225,0.9,0.9,-0.3972735185623669,0.3972735185623669,0.11415713813589161,0.35055230322994924,0.11488659828774675,0.11845965966923352,0.0008276722209922128,-0.3972735185623669,1.321478737358074,0.3167015039015853,0.5027264814376331,True,0.5027264814376331,True,0.5027264814376331,True,0.5027264814376331,True,0.5027264814376331,True,0.5027264814376331,True,0.5027264814376331,True,0.6020448610782249,0.5148232924037986,True,True,0.75,0.9695504220620069,0.5027264814376331,wind_stuck_7_days,2013
13386,US-SRS,US-SRC,2013-11-02,1.35736409,0.7,0.7,-0.29877219538122274,0.29877219538122274,0.054483226817042846,0.3477968597292037,0.0510742629537043,0.053548105241532085,0.017561511013689256,-0.2987721953812228,1.321478737358074,0.3167015039015853,0.4012278046187772,True,0.4012278046187772,True,0.4012278046187772,True,0.4012278046187772,True,0.4012278046187772,True,0.4012278046187772,True,0.4012278046187772,True,0.4759208534640829,0.4491784527960778,True,True,0.75,0.8395076619625956,0.4012278046187772,wind_stuck_7_days,2013
13387,US-SRS,US-SRC,2013-12-12,0.74294181,0.1,0.1,0.3822584730168322,0.3822584730168322,0.09909502805152011,0.45955303995913066,0.0982815557876459,0.09670820344214724,-0.025343252212233235,0.3822584730168322,1.321478737358074,0.3167015039015853,0.4822584730168322,True,0.4822584730168322,True,0.4822584730168322,True,0.4822584730168322,True,0.4822584730168322,True,0.4822584730168322,True,0.1,False,0.3866938547626242,0.3737626255816595,True,True,0.75,0.7161715041162862,0.4822584730168322,wind_stuck_7_days,2013
13923,US-Slt,US-Ced,2013-02-17,0.73590224,0.6,0.6,-0.13488046555415062,0.13488046555415062,0.19049144712844124,0.6019301136482735,0.021480718832312562,0.020136245795289196,0.0008276722209922128,-0.13488046555415062,1.321478737358074,0.3167015039015853,0.46511953444584936,True,0.46511953444584936,True,0.46511953444584936,True,0.46511953444584936,True,0.46511953444584936,True,0.46511953444584936,True,0.46511953444584936,True,0.498839650834387,0.46511953444584936,True,True,0.75,1.0,0.4310343793836986,wind_stuck_7_days,2013
13924,US-Slt,US-Ced,2013-03-05,0.36372839,1.3,1.3,-0.31421676062961545,0.31421676062961545,0.1272067465710728,0.37423013621583473,0.08908794620115802,0.09363259258079287,0.0008276722209922128,0.31421676062961545,1.321478737358074,0.3167015039015853,0.9857832393703846,True,0.9857832393703846,True,0.9857832393703846,True,0.9857832393703846,True,0.9857832393703846,True,0.9857832393703846,True,0.9857832393703846,True,1.0643374295277885,1.0013048824897375,True,True,0.75,0.9506021159143414,0.9857832393703846,wind_stuck_7_days,2013
13925,US-Slt,US-Ced,2013-04-06,1.1776873,2.2,2.2,-0.33415420947677604,0.33415420947677604,0.1519759400421384,0.40049890863934784,0.088883076838057,0.09363259258079287,0.0008276722209922128,0.334154209476776,1.321478737358074,0.3167015039015853,1.8658457905232242,True,1.8658457905232242,True,1.8658457905232242,True,1.8658457905232242,True,1.8658457905232242,True,1.8658457905232242,True,1.8658457905232242,True,1.9493843428924182,1.912420746620184,True,True,0.75,0.8606183768569382,1.8658457905232242,wind_stuck_7_days,2013
13926,US-Slt,US-Ced,2013-05-01,1.77600484,2.6,2.6,-0.05301373538183303,0.05301373538183303,0.12809154050110866,0.34185235771861777,0.021275849469211544,0.01847611138257079,0.017561511013689256,0.05301373538183307,1.321478737358074,0.3167015039015853,2.546986264618167,True,2.546986264618167,True,2.546986264618167,True,2.546986264618167,True,2.546986264618167,True,2.546986264618167,True,2.546986264618167,True,2.5602396984636253,2.546986264618167,True,True,0.75,1.0,2.546986264618167,wind_stuck_7_days,2013
13927,US-Slt,US-Ced,2013-07-19,5.1811235,6.7,6.7,-0.3041168082423736,0.3041168082423736,0.22635919870124777,0.5344528009290263,0.05444079125744842,0.057534440021638225,0.017561511013689256,0.3041168082423735,1.321478737358074,0.3167015039015853,6.395883191757626,True,6.395883191757626,True,6.395883191757626,True,6.395883191757626,True,6.395883191757626,True,6.395883191757626,True,6.395883191757626,True,6.47191239381822,6.395883191757626,True,True,0.75,1.0,6.395883191757626,wind_stuck_7_days,2013
13928,US-Slt,US-Ced,2013-08-05,4.23214741,5.7,5.7,-0.08977970056104106,0.08977970056104106,0.32972457678343553,0.5172290565464331,0.0042865832799812605,-0.010369752112023133,0.017561511013689256,0.08977970056104101,1.321478737358074,0.3167015039015853,5.610220299438959,True,5.7,False,5.610220299438959,True,5.610220299438959,True,5.610220299438959,True,5.7,False,5.610220299438959,True,5.6326652245792195,5.610220299438959,True,True,0.75,1.0,5.610220299438959,wind_stuck_7_days,2013
13929,US-Slt,US-Ced,2013-08-20,4.08225611,5.2,5.2,-0.09701339833479863,0.09701339833479863,0.20438624626824534,0.3765751985125033,0.007672034229034829,-0.0029081399485327993,0.017561511013689256,0.09701339833479872,1.321478737358074,0.3167015039015853,5.102986601665202,True,5.102986601665202,True,5.102986601665202,True,5.102986601665202,True,5.102986601665202,True,5.2,False,5.102986601665202,True,5.127239951248901,5.102986601665202,True,True,0.75,1.0,5.102986601665202,wind_stuck_7_days,2013
13930,US-Slt,US-Ced,2013-09-30,1.66912574,2.7,2.7,-0.6399187877449442,0.6399187877449442,0.16863866196096414,0.32043513950220864,0.11229006976726243,0.1396243325586454,0.019907886729137483,0.6399187877449442,1.321478737358074,0.3167015039015853,2.060081212255056,True,2.060081212255056,True,2.060081212255056,True,2.060081212255056,True,2.060081212255056,True,2.060081212255056,True,2.060081212255056,True,2.220060909191292,2.237229325174722,True,True,0.75,0.7231709455758736,2.060081212255056,wind_stuck_7_days,2013
13931,US-Slt,US-Ced,2013-11-25,0.09096157,0.4,0.4,0.12417316244536492,0.12417316244536492,0.1289622833684275,0.5430193637468234,0.019608820766868214,0.020136245795289196,0.0008276722209922128,-0.12417316244536492,1.321478737358074,0.3167015039015853,0.5241731624453649,True,0.5241731624453649,True,0.5241731624453649,True,0.5241731624453649,True,0.5241731624453649,True,0.5241731624453649,True,0.5241731624453649,True,0.4931298718340237,0.5241731624453649,True,True,0.75,1.0,0.5241731624453649,wind_stuck_7_days,2013
13932,US-Slt,US-Ced,2013-12-18,0.08641717,0.5,0.5,0.12442096558258968,0.12442096558258968,0.14929836649175363,0.32090945346257305,0.016926450365128246,0.013057952574841797,0.0008276722209922128,-0.1244209655825897,1.321478737358074,0.3167015039015853,0.6244209655825896,True,0.6244209655825896,True,0.6244209655825896,True,0.6244209655825896,True,0.6244209655825896,True,0.6244209655825896,True,0.6244209655825896,True,0.5933157241869422,0.6244209655825896,True,True,0.75,1.0,0.6244209655825896,wind_stuck_7_days,2013
14168,US-Tw2,US-Bi1,2013-03-23,2.51768274,2.6,2.6,-0.3692028418957606,0.3692028418957606,0.12771188288328755,0.38493097187608144,0.09493296803277274,0.10130483136204582,0.0008276722209922128,-0.20456832189576069,1.321478737358074,0.3167015039015853,2.2307971581042394,True,2.2307971581042394,True,2.2307971581042394,True,2.2307971581042394,True,2.2307971581042394,True,2.2307971581042394,True,2.2307971581042394,True,2.32309786857818,2.3078662192065043,True,True,0.75,0.7912555041382255,2.2307971581042394,wind_stuck_7_days,2013
14169,US-Tw2,US-Bi1,2013-04-08,6.12932442,3.8,3.8,-1.1825384457499992,1.1825384457499992,0.12632167280150775,0.4267857158975147,0.4304165624029441,0.5233411114835581,0.03645999228476603,-1.1825384457499992,1.321478737358074,0.3167015039015853,2.6174615542500006,True,2.6174615542500006,True,2.6174615542500006,True,2.6174615542500006,True,2.6174615542500006,True,2.6174615542500006,True,2.6174615542500006,True,2.9130961656875005,2.7272883327053323,True,True,0.75,0.9071262512859137,2.6174615542500006,wind_stuck_7_days,2013
14170,US-Tw2,US-Bi1,2013-04-09,4.91573792,4.7,4.7,-1.2867032612615759,1.2867032612615759,0.2900864007330083,0.5817514320499586,0.3802210934178443,0.3814798027568274,0.059484967830730824,-1.2867032612615759,1.321478737358074,0.3167015039015853,3.413296738738424,True,3.413296738738424,True,3.413296738738424,True,3.413296738738424,True,3.413296738738424,True,3.413296738738424,True,3.413296738738424,True,3.7349725540538183,3.7066839732885857,True,True,0.75,0.7719853183067995,3.413296738738424,wind_stuck_7_days,2013
14171,US-Tw2,US-Bi1,2013-04-16,4.33501127,4.5,4.5,-1.2451833674524662,1.2451833674524662,0.22953746327752833,0.5550228833348037,0.40653930705670416,0.39049940451015663,0.059484967830730824,-0.9152059074524659,1.321478737358074,0.3167015039015853,3.254816632547534,True,3.254816632547534,True,3.254816632547534,True,3.254816632547534,True,3.254816632547534,True,3.254816632547534,True,3.254816632547534,True,3.5661124744106503,3.254816632547534,True,True,0.75,1.0,3.254816632547534,wind_stuck_7_days,2013
14172,US-Tw3,US-Bi1,2013-05-26,5.0508718,6.6,6.6,-1.6845331734780697,1.6845331734780697,0.1810310046074153,0.7488051828395882,0.06446800134304685,0.003174304515321717,-0.02469393339927578,1.4137232265219288,1.321478737358074,0.3167015039015853,4.91546682652193,True,4.91546682652193,True,4.91546682652193,True,4.91546682652193,True,4.91546682652193,True,4.91546682652193,True,6.6,False,5.336600119891447,5.676299258907713,True,True,0.75,0.5483422681342118,4.91546682652193,wind_stuck_7_days,2013
14173,US-Tw3,US-Bi1,2013-06-03,6.10919346,6.7,6.7,-0.9058888745404513,0.9058888745404513,0.2801422769946027,0.6908160525182789,0.12144115594009389,0.14254534570702174,-0.04619417816440778,0.2757242054595487,1.321478737358074,0.3167015039015853,5.7941111254595485,True,5.7941111254595485,True,5.7941111254595485,True,5.7941111254595485,True,5.7941111254595485,True,5.7941111254595485,True,6.7,False,6.0205833440946614,6.267494663014517,True,True,0.75,0.477437519259621,5.7941111254595485,wind_stuck_7_days,2013
14174,US-Tw3,US-Bi1,2013-06-11,6.06253084,6.2,6.2,-0.6687604042695139,0.6687604042695139,0.3668752334333429,0.6129656853603421,-0.10358601926442024,-0.017156845916763093,0.017353599315975327,-0.3938220842695135,1.321478737358074,0.3167015039015853,5.5312395957304865,True,6.2,False,5.5312395957304865,True,6.2,False,6.2,False,6.2,False,5.5312395957304865,True,5.698429696797865,5.860914662505876,True,True,0.75,0.5070356069667525,5.5312395957304865,wind_stuck_7_days,2013
14175,US-Tw3,US-Bi1,2013-06-19,7.10171768,6.6,6.6,-1.3537917313078136,1.3537917313078136,0.30802201551951985,0.8480208489797049,-0.5589745765919294,-0.6078244577571006,-0.013811297357980729,-1.3537917313078136,1.321478737358074,0.3167015039015853,5.246208268692186,True,5.246208268692186,True,5.246208268692186,True,6.6,False,6.6,False,6.6,False,6.6,False,5.58465620151914,6.512459910291008,True,True,0.75,0.06466289288414058,5.246208268692186,wind_stuck_7_days,2013
14176,US-Tw3,US-Bi1,2013-06-27,4.1947472,3.1,3.1,-1.1874918270199768,1.1874918270199768,0.22875930771079225,0.5461916922446266,0.05242375845698978,0.027848298216808884,-0.04619417816440778,-1.187491827019977,1.321478737358074,0.3167015039015853,1.9125081729800233,True,1.9125081729800233,True,1.9125081729800233,True,1.9125081729800233,True,1.9125081729800233,True,1.9125081729800233,True,3.1,False,2.2093811297350174,2.66833566911535,True,True,0.75,0.3635093068117497,1.9125081729800233,wind_stuck_7_days,2013
14177,US-Tw3,US-Bi1,2013-07-05,6.14578241,6.1,6.1,-0.5991193605467835,0.5991193605467835,0.265041740216434,0.7114003577590629,0.08540114772539596,0.08994822691675325,-0.04601244492733928,-0.5991193605467835,1.321478737358074,0.3167015039015853,5.500880639453216,True,5.500880639453216,True,5.500880639453216,True,5.500880639453216,True,5.500880639453216,True,5.500880639453216,True,6.1,False,5.650660479589912,5.67675525148893,True,True,0.75,0.7064447861020506,5.500880639453216,wind_stuck_7_days,2013
14178,US-Tw3,US-Bi1,2013-07-13,6.02460781,5.2,5.2,-1.0502938917818423,1.0502938917818423,0.24289423394014245,0.5663399466213613,0.02535711639536317,0.01980152402849603,-0.04619417816440778,-1.0502938917818423,1.321478737358074,0.3167015039015853,4.149706108218158,True,4.149706108218158,True,4.149706108218158,True,4.149706108218158,True,4.149706108218158,True,4.149706108218158,True,5.2,False,4.412279581163618,4.718015516422919,True,True,0.75,0.4589043955681641,4.149706108218158,wind_stuck_7_days,2013
14179,US-Tw3,US-Bi1,2013-07-21,7.02654495,6.9,6.9,-0.4603003707404817,0.4603003707404817,0.4019090138406481,0.8048386199149288,-0.1731889901941213,-0.0765654052513251,-0.10245484747564826,-0.4603003707404817,1.321478737358074,0.3167015039015853,6.439699629259518,True,6.9,False,6.439699629259518,True,6.9,False,6.9,False,6.9,False,6.9,False,6.554774721944639,6.9,True,False,0.75,0.0,6.826061871896516,wind_stuck_7_days,2013
14180,US-Tw3,US-Bi1,2013-07-29,5.09390182,6.1,6.1,-0.11765488063717866,0.11765488063717866,0.19614165883868565,0.57951335667397,0.012156171187100873,0.009486307229908491,-0.04580453322962536,0.11765488063717866,1.321478737358074,0.3167015039015853,5.9823451193628205,True,5.9823451193628205,True,5.9823451193628205,True,5.9823451193628205,True,5.9823451193628205,True,5.9823451193628205,True,6.1,False,6.011758839522115,5.985792204311172,True,True,0.75,0.9707017258469551,5.9823451193628205,wind_stuck_7_days,2013
14181,US-Tw3,US-Bi1,2013-08-14,2.62519481,3.1,3.1,-0.39345342365459507,0.39345342365459507,0.29873295601636496,0.639251758536999,0.08812981928458968,0.06863653079925802,-0.04580453322962536,0.39345342365459507,1.321478737358074,0.3167015039015853,2.706546576345405,True,2.706546576345405,True,2.706546576345405,True,2.706546576345405,True,2.706546576345405,True,2.706546576345405,True,3.1,False,2.804909932259054,2.7255693901631988,True,True,0.75,0.9516516754611003,2.706546576345405,wind_stuck_7_days,2013
14182,US-Tw3,US-Bi1,2013-08-22,2.72167946,3.9,3.9,-1.1466461604243219,1.1466461604243219,0.2477601807802222,0.5381026692872231,0.0540039347808595,0.02139648459595993,0.017171866078906833,1.1466461604243219,1.321478737358074,0.3167015039015853,2.753353839575678,True,2.753353839575678,True,2.753353839575678,True,2.753353839575678,True,2.753353839575678,True,2.753353839575678,True,2.753353839575678,True,3.0400153796817584,3.4427468446878247,True,True,0.75,0.3987744180322958,2.753353839575678,wind_stuck_7_days,2013
14183,US-Tw3,US-Bi1,2013-08-30,5.07465983,3.7,3.7,-1.090408824887563,1.090408824887563,0.23760930453021983,0.53387736932464,0.09430958927731731,0.047763253967171265,0.017171866078906833,-1.0904088248875627,1.321478737358074,0.3167015039015853,2.6095911751124374,True,2.6095911751124374,True,2.6095911751124374,True,2.6095911751124374,True,2.6095911751124374,True,2.6095911751124374,True,2.6095911751124374,True,2.8821933813343277,3.2215235779575027,True,True,0.75,0.4388046126569413,2.6095911751124374,wind_stuck_7_days,2013
14184,US-Tw3,US-Bi1,2013-09-07,4.70870943,4.4,4.4,-0.263428799065686,0.263428799065686,0.15303744476351253,0.5041552106042321,0.015721073280033398,0.0032327103702406127,0.017561511013689256,-0.26342879906568606,1.321478737358074,0.3167015039015853,4.1365712009343145,True,4.1365712009343145,True,4.1365712009343145,True,4.1365712009343145,True,4.1365712009343145,True,4.1365712009343145,True,4.1365712009343145,True,4.202428400700736,4.1365712009343145,True,True,0.75,1.0,4.1365712009343145,wind_stuck_7_days,2013
14185,US-Tw3,US-Bi1,2013-09-15,4.47629781,4.2,4.2,-0.09556340665666692,0.09556340665666692,0.23201542552717924,0.5257407850968173,0.021275849469211544,0.02657518583147057,0.017561511013689256,-0.0955634066566669,1.321478737358074,0.3167015039015853,4.104436593343333,True,4.104436593343333,True,4.104436593343333,True,4.104436593343333,True,4.104436593343333,True,4.104436593343333,True,4.104436593343333,True,4.1283274450075,4.104436593343333,True,True,0.75,1.0,4.104436593343333,wind_stuck_7_days,2013
14186,US-Tw3,US-Bi1,2013-09-23,3.69405141,3.4,3.4,-0.5807368802326075,0.5807368802326075,0.1152373145516653,0.4584428215002399,0.13336003693719048,0.12653657003606822,0.03664172552183452,-0.5807368802326075,1.321478737358074,0.3167015039015853,2.8192631197673923,True,2.8192631197673923,True,2.8192631197673923,True,2.8192631197673923,True,2.8192631197673923,True,2.8192631197673923,True,2.8192631197673923,True,2.9644473398255444,2.9721405732034105,True,True,0.75,0.7367526350749676,2.8192631197673923,wind_stuck_7_days,2013
14187,US-Tw3,US-Bi1,2013-10-01,1.63386866,1.5,1.5,0.06914684501844978,0.06914684501844978,0.13397170366127503,0.4065565141593665,0.01917387183027085,0.01847611138257079,0.0008276722209922128,0.06914684501844978,1.321478737358074,0.3167015039015853,1.5691468450184498,True,1.5691468450184498,True,1.5691468450184498,True,1.5691468450184498,True,1.5691468450184498,True,1.5691468450184498,True,1.5691468450184498,True,1.5518601337638374,1.5691468450184498,True,True,0.75,1.0,1.5691468450184498,wind_stuck_7_days,2013
14188,US-Tw3,US-Bi1,2013-10-09,1.87943915,1.6,1.6,-0.40818592325456915,0.40818592325456915,0.08498079701390791,0.3712388732243105,0.11468172892464573,0.11845965966923352,0.0008276722209922128,-0.40818592325456915,1.321478737358074,0.3167015039015853,1.1918140767454308,True,1.1918140767454308,True,1.1918140767454308,True,1.1918140767454308,True,1.1918140767454308,True,1.1918140767454308,True,1.1918140767454308,True,1.2938605575590731,1.2342616611397754,True,True,0.75,0.8960091909689115,1.1918140767454308,wind_stuck_7_days,2013
14189,US-Tw3,US-Bi1,2013-10-17,2.3257315,2.1,2.1,-0.7090692464641266,0.7090692464641266,0.11186138788977737,0.40080856547165605,0.12705903679306385,0.1396243325586454,0.019907886729137483,-0.7090692464641266,1.321478737358074,0.3167015039015853,1.3909307535358735,True,1.3909307535358735,True,1.3909307535358735,True,1.3909307535358735,True,1.3909307535358735,True,1.3909307535358735,True,1.3909307535358735,True,1.5681980651519052,1.6678754173980859,True,True,0.75,0.6094250804935684,1.3909307535358735,wind_stuck_7_days,2013
14190,US-Tw3,US-Bi1,2013-10-25,1.65332999,1.7,1.7,-0.643350101497752,0.643350101497752,0.11155025012160923,0.41058649832897426,0.12705903679306385,0.1396243325586454,0.019907886729137483,-0.5500100814977521,1.321478737358074,0.3167015039015853,1.0566498985022479,True,1.0566498985022479,True,1.0566498985022479,True,1.0566498985022479,True,1.0566498985022479,True,1.0566498985022479,True,1.0566498985022479,True,1.217487423876686,1.2121924437327916,True,True,0.75,0.7582303245644438,1.0566498985022479,wind_stuck_7_days,2013
14191,US-Tw3,US-Bi1,2013-11-02,2.07125365,1.5,1.5,-0.5424686198286931,0.5424686198286931,0.10823257580752663,0.5048100565906807,0.138551694672775,0.13442058390424827,0.019907886729137483,-0.5424686198286932,1.321478737358074,0.3167015039015853,0.9575313801713069,True,0.9575313801713069,True,0.9575313801713069,True,0.9575313801713069,True,0.9575313801713069,True,0.9575313801713069,True,0.9575313801713069,True,1.0931485351284802,1.0475359528716202,True,True,0.75,0.8340833563262409,0.9575313801713069,wind_stuck_7_days,2013
14192,US-Tw3,US-Bi1,2013-11-10,0.88700582,0.8,0.8,-0.21718260326814084,0.21718260326814084,0.08261966874802708,0.35912547055623756,0.035621312325307256,0.040274861620953326,0.0008276722209922128,-0.21718260326814087,1.321478737358074,0.3167015039015853,0.5828173967318592,True,0.5828173967318592,True,0.5828173967318592,True,0.5828173967318592,True,0.5828173967318592,True,0.5828173967318592,True,0.5828173967318592,True,0.6371130475488944,0.6241616113138821,True,True,0.75,0.8096338566723137,0.5828173967318592,wind_stuck_7_days,2013
14193,US-Tw3,US-Bi1,2013-12-04,0.60124679,0.6,0.6,0.009853649924599446,0.009853649924599446,0.09352284799416556,0.27150721769076613,0.01917387183027085,0.020136245795289196,0.0008276722209922128,-0.00736006992459934,1.321478737358074,0.3167015039015853,0.6098536499245995,True,0.6098536499245995,True,0.6098536499245995,True,0.6098536499245995,True,0.6098536499245995,True,0.6098536499245995,True,0.6098536499245995,True,0.6073902374434496,0.6098536499245995,True,True,0.75,1.0,0.6098536499245995,wind_stuck_7_days,2013
14194,US-Tw3,US-Bi1,2013-12-12,0.28174794,0.4,0.4,0.04665323927221248,0.04665323927221248,0.12735717014442943,0.3103207143119892,0.016926450365128246,0.013057952574841797,0.0008276722209922128,-0.04665323927221249,1.321478737358074,0.3167015039015853,0.4466532392722125,True,0.4466532392722125,True,0.4466532392722125,True,0.4466532392722125,True,0.4466532392722125,True,0.4466532392722125,True,0.4466532392722125,True,0.4349899294541594,0.4466532392722125,True,True,0.75,1.0,0.4466532392722125,wind_stuck_7_days,2013
14195,US-Tw3,US-Bi1,2013-12-20,0.42057472,0.5,0.5,-0.020976535944216355,0.020976535944216355,0.0798199335854636,0.2892339710613912,0.01917387183027085,0.020136245795289196,0.0008276722209922128,0.020976535944216355,1.321478737358074,0.3167015039015853,0.47902346405578367,True,0.47902346405578367,True,0.47902346405578367,True,0.47902346405578367,True,0.47902346405578367,True,0.47902346405578367,True,0.47902346405578367,True,0.4842675980418377,0.47902346405578367,True,True,0.75,1.0,0.47902346405578367,wind_stuck_7_days,2013
14196,US-Tw3,US-Bi1,2013-12-28,0.51536049,0.7,0.7,-0.06842111535582925,0.06842111535582925,0.11546167124456298,0.2968077871540462,0.016926450365128246,0.013057952574841797,0.0008276722209922128,0.06842111535582925,1.321478737358074,0.3167015039015853,0.6315788846441707,True,0.6315788846441707,True,0.6315788846441707,True,0.6315788846441707,True,0.6315788846441707,True,0.6315788846441707,True,0.6315788846441707,True,0.648684163483128,0.6315788846441707,True,True,0.75,1.0,0.6315788846441707,wind_stuck_7_days,2013
14434,US-Twt,US-Bi1,2013-01-02,0.55911522,1.0,1.0,-0.23085181371776065,0.23085181371776065,0.08211868624428545,0.43827292170455917,0.04041793738171071,0.048129946433803084,0.0008276722209922128,0.23085181371776065,1.321478737358074,0.3167015039015853,0.7691481862822394,True,0.7691481862822394,True,0.7691481862822394,True,0.7691481862822394,True,0.7691481862822394,True,0.7691481862822394,True,0.7691481862822394,True,0.8268611397116795,0.7691481862822394,True,True,0.75,1.0,0.7691481862822394,wind_stuck_7_days,2013
14435,US-Twt,US-Bi1,2013-01-18,0.66699904,1.4,1.4,-0.448639733006857,0.448639733006857,0.1450132513701352,0.45026392541790583,0.13356490630029152,0.13608071831696666,0.0008276722209922128,0.448639733006857,1.321478737358074,0.3167015039015853,0.9513602669931429,True,0.9513602669931429,True,0.9513602669931429,True,0.9513602669931429,True,0.9513602669931429,True,0.9513602669931429,True,0.9513602669931429,True,1.0635202002448572,0.9513602669931429,True,True,0.75,1.0,0.9513602669931429,wind_stuck_7_days,2013
14436,US-Twt,US-Bi1,2013-02-03,0.97625986,1.7,1.7,-0.3501894838700388,0.3501894838700388,0.18510015089520948,0.5376048904400604,0.0999197564052562,0.10296496577476423,0.0008276722209922128,0.3501894838700388,1.321478737358074,0.3167015039015853,1.3498105161299612,True,1.3498105161299612,True,1.3498105161299612,True,1.3498105161299612,True,1.3498105161299612,True,1.3498105161299612,True,1.3498105161299612,True,1.4373578870974708,1.3990597944938692,True,True,0.75,0.8593639140169462,1.3498105161299612,wind_stuck_7_days,2013
14437,US-Twt,US-Bi1,2013-03-07,1.30894318,0.9,0.9,0.29756983058249475,0.29756983058249475,0.1423280250706523,0.4726409907699405,0.03462682245866788,0.031749355003149536,0.0008276722209922128,0.29756983058249475,1.321478737358074,0.3167015039015853,1.1975698305824949,True,1.1975698305824949,True,1.1975698305824949,True,1.1975698305824949,True,1.1975698305824949,True,1.1975698305824949,True,1.1975698305824949,True,1.123177372936871,1.149812152742916,True,True,0.75,0.8395076619625956,1.1975698305824949,wind_stuck_7_days,2013
14438,US-Twt,US-Bi1,2013-03-23,1.13040936,0.9,0.9,0.28826448744248395,0.28826448744248395,0.10645766142229461,0.33788937746163583,0.03462682245866788,0.031749355003149536,0.0008276722209922128,0.17255423255751606,1.321478737358074,0.3167015039015853,1.188264487442484,True,1.188264487442484,True,1.188264487442484,True,1.188264487442484,True,1.188264487442484,True,1.188264487442484,True,1.188264487442484,True,1.116198365581863,1.161944619510341,True,True,0.75,0.908695420078776,1.188264487442484,wind_stuck_7_days,2013
14439,US-Twt,US-Bi1,2013-04-08,4.19086887,4.6,4.6,-1.3643394851817272,1.3643394851817272,0.22112459133639312,0.7626564186744724,0.564362635732636,0.6169811762570833,0.028501804393843262,-0.5460772251817281,1.321478737358074,0.3167015039015853,3.2356605148182727,True,3.2356605148182727,True,3.2356605148182727,True,3.2356605148182727,True,3.2356605148182727,True,3.2356605148182727,True,3.2356605148182727,True,3.5767453861137044,3.2708059929381292,True,True,0.75,0.9742399318486514,3.2356605148182727,wind_stuck_7_days,2013
14440,US-Twt,US-Bi1,2013-04-09,2.36980076,3.7,3.7,-0.5182034581815398,0.5182034581815398,0.17379263129200154,0.4797875295774069,0.11608959536983957,0.11980718057854872,0.011189443256399999,0.5182034581815398,1.321478737358074,0.3167015039015853,3.1817965418184606,True,3.1817965418184606,True,3.1817965418184606,True,3.1817965418184606,True,3.1817965418184606,True,3.1817965418184606,True,3.1817965418184606,True,3.3113474063638453,3.272400308023116,True,True,0.75,0.8251579282728077,3.1817965418184606,wind_stuck_7_days,2013
14441,US-Twt,US-Bi1,2013-04-16,1.64999396,3.1,3.1,-0.2220664075177925,0.2220664075177925,0.14983690167937647,0.39412203057969486,0.034213850202890056,0.036656870444491924,0.017561511013689256,0.2220664075177925,1.321478737358074,0.3167015039015853,2.877933592482208,True,2.877933592482208,True,2.877933592482208,True,2.877933592482208,True,2.877933592482208,True,2.877933592482208,True,2.877933592482208,True,2.9334501943616558,2.9259403085795284,True,True,0.75,0.7838181981960772,2.877933592482208,wind_stuck_7_days,2013
14442,US-Twt,US-Bi1,2013-04-24,1.14086659,1.9,1.9,-0.37447343544624356,0.37447343544624356,0.12180495837386583,0.4916557554989135,0.0840260637002857,0.0810404134144807,0.017561511013689256,0.37447343544624356,1.321478737358074,0.3167015039015853,1.5255265645537563,True,1.5255265645537563,True,1.5255265645537563,True,1.5255265645537563,True,1.5255265645537563,True,1.5255265645537563,True,1.5255265645537563,True,1.6191449234153172,1.612655123495572,True,True,0.75,0.7673304680798297,1.5255265645537563,wind_stuck_7_days,2013
14443,US-Twt,US-Bi1,2013-05-10,2.00174069,2.6,2.6,0.053031305056112775,0.053031305056112775,0.1754384261382408,0.5068095948289901,0.018969002467169833,0.01847611138257079,0.017561511013689256,-0.053031305056112754,1.321478737358074,0.3167015039015853,2.6530313050561127,True,2.6530313050561127,True,2.6530313050561127,True,2.6530313050561127,True,2.6530313050561127,True,2.6530313050561127,True,2.6530313050561127,True,2.6397734787920846,2.6530313050561127,True,True,0.75,1.0,2.6530313050561127,wind_stuck_7_days,2013
14444,US-Twt,US-Bi1,2013-05-26,6.07911324,7.0,7.0,-1.8964357337029738,1.8964357337029738,0.18932206218044237,0.7922362759916312,0.06966948194339188,0.05586080852414041,-0.18298064970063113,-0.05466221370297353,1.321478737358074,0.3167015039015853,5.103564266297026,True,5.103564266297026,True,5.103564266297026,True,5.103564266297026,True,5.103564266297026,True,5.103564266297026,True,7.0,False,5.57767319972277,6.228319935645459,True,True,0.75,0.40691073820242873,5.103564266297026,wind_stuck_7_days,2013
14445,US-Twt,US-Bi1,2013-06-03,8.07043412,7.6,7.6,-0.5621023827839562,0.5621023827839562,0.4209317914243938,0.7769384777623334,-0.03405274321537127,0.06687716503140681,-0.10266275917336218,-0.5621023827839562,1.321478737358074,0.3167015039015853,7.037897617216044,True,7.6,False,7.037897617216044,True,7.6,False,7.6,False,7.037897617216044,True,7.6,False,7.1784232129120324,7.076459746639797,True,True,0.75,0.9313966092213228,7.037897617216044,wind_stuck_7_days,2013
14446,US-Twt,US-Bi1,2013-06-11,5.45349529,6.4,6.4,-0.6054962097773635,0.6054962097773635,0.35962904373051724,0.6004150055942402,-0.11991629374780814,-0.0074049569563715174,0.017353599315975327,0.6054962097773635,1.321478737358074,0.3167015039015853,5.794503790222636,True,6.4,False,5.794503790222636,True,6.4,False,6.4,False,6.4,False,5.794503790222636,True,5.945877842666977,5.901307334245097,True,True,0.75,0.8236098883893425,5.794503790222636,wind_stuck_7_days,2013
14447,US-Twt,US-Bi1,2013-06-19,7.94115622,7.1,7.1,-1.3744820184682471,1.3744820184682471,0.3362442510066552,0.8239570925286517,-0.4090707234741398,-0.39027155322924917,-0.013811297357980729,-1.374482018468247,1.321478737358074,0.3167015039015853,5.725517981531753,True,7.1,False,5.725517981531753,True,7.1,False,7.1,False,7.1,False,7.1,False,6.069138486148814,6.805888486734335,True,True,0.75,0.21397989156193467,5.725517981531753,wind_stuck_7_days,2013
14448,US-Twt,US-Bi1,2013-06-27,8.40768406,7.5,7.5,-0.37077010672573774,0.37077010672573774,0.26123483581677953,0.4446286693463999,0.12430798451913162,0.1779437423317421,-0.04580453322962536,-0.37077010672573785,1.321478737358074,0.3167015039015853,7.129229893274262,True,7.129229893274262,True,7.129229893274262,True,7.129229893274262,True,7.129229893274262,True,7.129229893274262,True,7.5,False,7.221922419955697,7.129229893274262,True,True,0.75,1.0,7.129229893274262,wind_stuck_7_days,2013
14449,US-Twt,US-Bi1,2013-07-05,9.41071273,7.9,7.9,-0.09685206946532246,0.09685206946532246,0.2911555496173756,0.7246929807354539,0.05936204130512408,0.113482550198793,-0.04580453322962536,-0.09685206946532254,1.321478737358074,0.3167015039015853,7.803147930534678,True,7.803147930534678,True,7.803147930534678,True,7.803147930534678,True,7.803147930534678,True,7.803147930534678,True,7.9,False,7.827360947901009,7.803147930534678,True,True,0.75,1.0,7.803147930534678,wind_stuck_7_days,2013
14450,US-Twt,US-Bi1,2013-07-13,7.25779071,7.2,7.2,0.2292949196738019,0.2292949196738019,0.19632731030120545,0.41215634574507776,0.06968067652886124,0.12493543790901865,-0.04580453322962536,-0.11371349967380207,1.321478737358074,0.3167015039015853,7.4292949196738025,True,7.4292949196738025,True,7.4292949196738025,True,7.4292949196738025,True,7.4292949196738025,True,7.4292949196738025,True,7.2,False,7.371971189755351,7.4292949196738025,True,True,0.75,1.0,7.4292949196738025,wind_stuck_7_days,2013
14451,US-Twt,US-Bi1,2013-07-21,8.55425849,7.9,7.9,-0.012932477322993097,0.012932477322993097,0.33672763217800444,0.5525454363716866,-0.04524498481134866,-0.0008027388791809198,-0.04580453322962536,-0.012932477322993075,1.321478737358074,0.3167015039015853,7.8870675226770075,True,7.9,False,7.8870675226770075,True,7.9,False,7.9,False,7.9,False,7.9,False,7.890300642007755,7.88791962857704,True,True,0.75,0.9341111622505387,8.320682679928332,wind_stuck_7_days,2013
14452,US-Twt,US-Bi1,2013-07-29,6.42237737,6.8,6.8,0.38042627658828143,0.38042627658828143,0.11984495326982204,0.46244903665041964,0.09441180408865561,0.10587697358402834,-0.04580453322962536,-0.38042627658828143,1.321478737358074,0.3167015039015853,7.180426276588281,True,7.180426276588281,True,7.180426276588281,True,7.180426276588281,True,7.180426276588281,True,7.180426276588281,True,6.8,False,7.085319707441211,7.180426276588281,True,True,0.75,1.0,7.180426276588281,wind_stuck_7_days,2013
14453,US-Twt,US-Bi1,2013-08-06,6.16216529,6.3,6.3,0.4066817646256976,0.4066817646256976,0.17734563598974956,0.4157746538379947,0.06404034413523585,0.07392377547306843,0.010261777178538899,-0.4066817646256976,1.321478737358074,0.3167015039015853,6.7066817646256975,True,6.7066817646256975,True,6.7066817646256975,True,6.7066817646256975,True,6.7066817646256975,True,6.7066817646256975,True,6.7066817646256975,True,6.605011323469273,6.611532082425946,True,True,0.75,0.766034057889649,6.7066817646256975,wind_stuck_7_days,2013
14454,US-Twt,US-Bi1,2013-08-14,8.10433691,7.1,7.1,0.795624261424598,0.795624261424598,0.1466019316636737,0.5310097530728821,0.06343625968466311,0.13203442318550865,-0.12141065858223715,0.795624261424598,1.321478737358074,0.3167015039015853,7.895624261424597,True,7.895624261424597,True,7.895624261424597,True,7.895624261424597,True,7.895624261424597,True,7.895624261424597,True,7.1,False,7.696718196068448,7.895624261424597,True,True,0.75,1.0,7.895624261424597,wind_stuck_7_days,2013
14455,US-Twt,US-Bi1,2013-08-22,7.02908278,6.2,6.2,0.4903329615249817,0.4903329615249817,0.25913342927008515,0.3480855822983672,0.06785672308675085,0.07503170470210685,0.010261777178538899,0.4903329615249817,1.321478737358074,0.3167015039015853,6.690332961524982,True,6.690332961524982,True,6.690332961524982,True,6.690332961524982,True,6.690332961524982,True,6.690332961524982,True,6.690332961524982,True,6.567749721143737,6.605751307252999,True,True,0.75,0.8275015940006846,6.690332961524982,wind_stuck_7_days,2013
14456,US-Twt,US-Bi1,2013-08-30,6.3997557,5.9,5.9,0.013533121959680216,0.013533121959680216,0.24821580362639353,0.46391833438018926,0.005365187226993121,0.004392307241403947,0.017561511013689256,0.013533121959680205,1.321478737358074,0.3167015039015853,5.913533121959681,True,5.913533121959681,True,5.913533121959681,True,5.913533121959681,True,5.913533121959681,True,5.913533121959681,True,5.913533121959681,True,5.91014984146976,5.913533121959681,True,True,0.75,1.0,5.913533121959681,wind_stuck_7_days,2013
14457,US-Twt,US-Bi1,2013-09-07,5.1242419,5.1,5.1,0.08898855484346699,0.08898855484346699,0.24164716277996204,0.5603294927972098,0.005365187226993121,-0.0029081399485327993,0.017561511013689256,-0.04050475484346558,1.321478737358074,0.3167015039015853,5.188988554843466,True,5.188988554843466,True,5.188988554843466,True,5.188988554843466,True,5.188988554843466,True,5.1,False,5.188988554843466,True,5.1667414161325995,5.188988554843466,True,True,0.75,1.0,5.188988554843466,wind_stuck_7_days,2013
14458,US-Twt,US-Bi1,2013-09-15,4.10774651,4.7,4.7,0.08515160698738174,0.08515160698738174,0.27877168258369384,0.5596712567058013,0.015222563027610523,0.0039613875206744595,0.017561511013689256,-0.08515160698738178,1.321478737358074,0.3167015039015853,4.785151606987382,True,4.785151606987382,True,4.785151606987382,True,4.785151606987382,True,4.785151606987382,True,4.785151606987382,True,4.785151606987382,True,4.763863705240537,4.785151606987382,True,True,0.75,1.0,4.785151606987382,wind_stuck_7_days,2013
14459,US-Twt,US-Bi1,2013-09-23,3.07916305,3.2,3.2,-0.6655912852815263,0.6655912852815263,0.09222739177061613,0.44167950681823165,0.12705903679306385,0.13174031869046535,0.03664172552183452,-0.423917385281526,1.321478737358074,0.3167015039015853,2.5344087147184737,True,2.5344087147184737,True,2.5344087147184737,True,2.5344087147184737,True,2.5344087147184737,True,2.5344087147184737,True,2.5344087147184737,True,2.7008065360388556,2.737507746617373,True,True,0.75,0.694859238108873,2.5344087147184737,wind_stuck_7_days,2013
14460,US-Twt,US-Bi1,2013-10-01,1.1424036,1.6,1.6,0.02366767848688258,0.02366767848688258,0.12116098038416827,0.4213352516763365,0.018969002467169833,0.01847611138257079,0.0008276722209922128,-0.02366767848688256,1.321478737358074,0.3167015039015853,1.6236676784868826,True,1.6236676784868826,True,1.6236676784868826,True,1.6236676784868826,True,1.6236676784868826,True,1.6236676784868826,True,1.6236676784868826,True,1.617750758865162,1.6236676784868826,True,True,0.75,1.0,1.6236676784868826,wind_stuck_7_days,2013
14461,US-Twt,US-Bi1,2013-10-09,1.5987127,1.5,1.5,-0.35782286266099267,0.35782286266099267,0.08689972693726666,0.37549795567658706,0.09513783739587375,0.10130483136204582,0.0008276722209922128,-0.35782286266099267,1.321478737358074,0.3167015039015853,1.1421771373390073,True,1.1421771373390073,True,1.1421771373390073,True,1.1421771373390073,True,1.1421771373390073,True,1.1421771373390073,True,1.1421771373390073,True,1.2316328530042555,1.1952553565823316,True,True,0.75,0.8516634212565349,1.1421771373390073,wind_stuck_7_days,2013
14462,US-Twt,US-Bi1,2013-10-17,1.5302435,1.9,1.9,-0.6442573891620749,0.6442573891620749,0.09861441511240833,0.4300008644919073,0.12705903679306385,0.1396243325586454,0.019907886729137483,0.09525561083792478,1.321478737358074,0.3167015039015853,1.255742610837925,True,1.255742610837925,True,1.255742610837925,True,1.255742610837925,True,1.255742610837925,True,1.255742610837925,True,1.255742610837925,True,1.4168069581284437,1.4206823813168308,True,True,0.75,0.7439846662939675,1.255742610837925,wind_stuck_7_days,2013
14463,US-Twt,US-Bi1,2013-10-25,1.58599852,2.1,2.1,-0.6771651555362893,0.6771651555362893,0.14075481394388303,0.4323995033783799,0.12705903679306385,0.1396243325586454,0.019907886729137483,0.35083780446371093,1.321478737358074,0.3167015039015853,1.422834844463711,True,1.422834844463711,True,1.422834844463711,True,1.422834844463711,True,1.422834844463711,True,1.422834844463711,True,1.422834844463711,True,1.592126133347783,1.6543535003462453,True,True,0.75,0.658106070594875,1.422834844463711,wind_stuck_7_days,2013
14464,US-Twt,US-Bi1,2013-11-02,2.37526311,1.9,1.9,-0.5652898622209792,0.5652898622209792,0.15140276556661533,0.4963523988806752,0.13834682530967396,0.13442058390424827,0.019907886729137483,-0.5652898622209792,1.321478737358074,0.3167015039015853,1.3347101377790207,True,1.3347101377790207,True,1.3347101377790207,True,1.3347101377790207,True,1.3347101377790207,True,1.3347101377790207,True,1.3347101377790207,True,1.4760326033342654,1.4702520195419027,True,True,0.75,0.7602258755705462,1.3347101377790207,wind_stuck_7_days,2013
14465,US-Twt,US-Bi1,2013-11-10,0.9864525,1.8,1.8,-0.4077848434760522,0.4077848434760522,0.1501468566881935,0.5169978701596086,0.1196685172971292,0.11845965966923352,0.0008276722209922128,0.4077848434760522,1.321478737358074,0.3167015039015853,1.3922151565239478,True,1.3922151565239478,True,1.3922151565239478,True,1.3922151565239478,True,1.3922151565239478,True,1.3922151565239478,True,1.3922151565239478,True,1.494161367392961,1.4346210323076383,True,True,0.75,0.8960091909689115,1.3922151565239478,wind_stuck_7_days,2013
14466,US-Twt,US-Bi1,2013-12-04,1.5556616,1.3,1.3,-0.22236408977510874,0.22236408977510874,0.1338528110478177,0.39944207420887384,0.035621312325307256,0.04193499603367173,0.0008276722209922128,-0.22236408977510874,1.321478737358074,0.3167015039015853,1.0776359102248914,True,1.0776359102248914,True,1.0776359102248914,True,1.0776359102248914,True,1.0776359102248914,True,1.0776359102248914,True,1.0776359102248914,True,1.1332269326686686,1.1257069798089636,True,True,0.75,0.7838181981960772,1.0776359102248914,wind_stuck_7_days,2013
14467,US-Twt,US-Bi1,2013-12-12,0.2653186,1.0,1.0,-0.258170434347143,0.258170434347143,0.08212449552657647,0.44632345360942766,0.04651999448651999,0.048129946433803084,0.0008276722209922128,0.258170434347143,1.321478737358074,0.3167015039015853,0.7418295656528571,True,0.7418295656528571,True,0.7418295656528571,True,0.7418295656528571,True,0.7418295656528571,True,0.7418295656528571,True,0.7418295656528571,True,0.8063721742396428,0.7418295656528571,True,True,0.75,1.0,0.7418295656528571,wind_stuck_7_days,2013
14468,US-Twt,US-Bi1,2013-12-20,1.44601271,1.1,1.1,-0.2467935497258308,0.2467935497258308,0.10155082834857836,0.3459830114455707,0.0510742629537043,0.055208239654250486,0.0008276722209922128,-0.24679354972583079,1.321478737358074,0.3167015039015853,0.8532064502741693,True,0.8532064502741693,True,0.8532064502741693,True,0.8532064502741693,True,0.8532064502741693,True,0.8532064502741693,True,0.8532064502741693,True,0.914904837705627,0.8532064502741693,True,True,0.75,1.0,0.8532064502741693,wind_stuck_7_days,2013
14469,US-Twt,US-Bi1,2013-12-28,1.27594248,1.4,1.4,-0.41330097400835675,0.41330097400835675,0.18778078312985888,0.5015592911330632,0.10300647853829342,0.053804161705916134,0.0008276722209922128,-0.16518593400835713,1.321478737358074,0.3167015039015853,0.9866990259916432,True,0.9866990259916432,True,0.9866990259916432,True,0.9866990259916432,True,0.9866990259916432,True,0.9866990259916432,True,0.9866990259916432,True,1.0900242694937323,1.029678528652109,True,True,0.75,0.8960091909689115,0.9866990259916432,wind_stuck_7_days,2013
15081,US-Var,SLM001,2013-01-02,0.48817825,0.3,0.3,0.10819186676494019,0.10819186676494019,0.1665442597423685,0.4385617031087964,0.016926450365128246,0.013057952574841797,0.0008276722209922128,0.10819186676494019,1.321478737358074,0.3167015039015853,0.4081918667649402,True,0.4081918667649402,True,0.4081918667649402,True,0.4081918667649402,True,0.4081918667649402,True,0.4081918667649402,True,0.4081918667649402,True,0.38114390007370513,0.4081918667649402,True,True,0.75,1.0,0.4081918667649402,wind_stuck_7_days,2013
15082,US-Var,SLM001,2013-01-18,0.66564169,0.4,0.4,0.0496730219042663,0.0496730219042663,0.13385801325692134,0.21016736119745247,0.019608820766868214,0.020136245795289196,0.0008276722209922128,0.04967302190426631,1.321478737358074,0.3167015039015853,0.44967302190426633,True,0.44967302190426633,True,0.44967302190426633,True,0.44967302190426633,True,0.44967302190426633,True,0.44967302190426633,True,0.44967302190426633,True,0.4372547664281997,0.44967302190426633,True,True,0.75,1.0,0.44967302190426633,wind_stuck_7_days,2013
15083,US-Var,SLM001,2013-01-27,0.63177193,0.2,0.2,0.5014814029430495,0.5014814029430495,0.16082634445388308,0.513119686477856,0.13740253224029703,0.08306949379094708,-0.025343252212233235,0.3620624570569504,1.321478737358074,0.3167015039015853,0.7014814029430496,True,0.7014814029430496,True,0.7014814029430496,True,0.7014814029430496,True,0.7014814029430496,True,0.7014814029430496,True,0.2,False,0.5761110522072872,0.6376760749452817,True,True,0.75,0.8727663127220415,0.6848223170983277,wind_stuck_7_days,2013
15084,US-Var,SLM001,2013-02-03,0.76223471,0.7,0.7,0.06534374034499565,0.06534374034499565,0.1601274177847404,0.38949305461163086,0.01917387183027085,0.020136245795289196,0.0008276722209922128,0.0591256796550044,1.321478737358074,0.3167015039015853,0.7653437403449956,True,0.7653437403449956,True,0.7653437403449956,True,0.7653437403449956,True,0.7653437403449956,True,0.7653437403449956,True,0.7653437403449956,True,0.7490078052587467,0.7653437403449956,True,True,0.75,1.0,0.8083333748657032,wind_stuck_7_days,2013
15085,US-Var,SLM001,2013-02-12,1.04061177,1.3,1.3,-0.30572637843076583,0.30572637843076583,0.17305101057836472,0.4564869896795737,0.0510742629537043,0.055208239654250486,0.0008276722209922128,0.21305008156923438,1.321478737358074,0.3167015039015853,0.9942736215692343,True,0.9942736215692343,True,0.9942736215692343,True,0.9942736215692343,True,0.9942736215692343,True,0.9942736215692343,True,0.9942736215692343,True,1.0707052161769257,1.0453517234533727,True,True,0.75,0.8329287052484238,1.0169566263723384,wind_stuck_7_days,2013
15086,US-Var,SLM001,2013-02-28,1.91376585,1.7,1.7,-0.2266919747293509,0.2266919747293509,0.14843183312274405,0.46673176259787696,0.03541644296220624,0.04193499603367173,0.0008276722209922128,-0.22669197472935088,1.321478737358074,0.3167015039015853,1.473308025270649,True,1.473308025270649,True,1.473308025270649,True,1.473308025270649,True,1.473308025270649,True,1.473308025270649,True,1.473308025270649,True,1.5299810189529868,1.5223147048221295,True,True,0.75,0.7838181981960772,1.4778869254171225,wind_stuck_7_days,2013
15087,US-Var,SLM001,2013-03-16,2.49187162,1.8,1.8,0.2149290408008321,0.2149290408008321,0.13421787759352563,0.3722202943009584,0.018969002467169833,0.01847611138257079,0.0008276722209922128,0.21492904080083208,1.321478737358074,0.3167015039015853,2.014929040800832,True,2.014929040800832,True,2.014929040800832,True,2.014929040800832,True,2.014929040800832,True,2.014929040800832,True,2.014929040800832,True,1.961196780600624,1.9818620326438607,True,True,0.75,0.8461491847087634,2.014929040800832,wind_stuck_7_days,2013
15088,US-Var,SLM001,2013-03-23,2.51670053,2.8,2.8,-0.3720024145960363,0.3720024145960363,0.13994625132936422,0.38692799319046506,0.09493296803277274,0.10130483136204582,0.0008276722209922128,0.19459652540396327,1.321478737358074,0.3167015039015853,2.4279975854039635,True,2.4279975854039635,True,2.4279975854039635,True,2.4279975854039635,True,2.4279975854039635,True,2.4279975854039635,True,2.4279975854039635,True,2.5209981890529725,2.505651041898176,True,True,0.75,0.7912555041382255,2.4279975854039635,wind_stuck_7_days,2013
15089,US-Var,SLM001,2013-04-08,4.03485438,3.4,3.4,-0.796667352812177,0.796667352812177,0.22476409873222178,0.7960519510976386,0.16861756989821036,0.12691283304569922,0.001139765796131388,-0.796667352812177,1.321478737358074,0.3167015039015853,2.603332647187823,True,2.603332647187823,True,2.603332647187823,True,2.603332647187823,True,2.603332647187823,True,2.603332647187823,True,2.603332647187823,True,2.802499485390867,2.860234674700829,True,True,0.75,0.6775291134923994,2.603332647187823,wind_stuck_7_days,2013
15090,US-Var,SLM001,2013-04-09,4.08275481,3.6,3.6,-0.3837781971270037,0.3837781971270037,0.16794359963973715,0.4962069900247107,0.09871716364594003,0.09768684018558442,0.017561511013689256,-0.3837781971270037,1.321478737358074,0.3167015039015853,3.2162218028729965,True,3.2162218028729965,True,3.2162218028729965,True,3.2162218028729965,True,3.2162218028729965,True,3.2162218028729965,True,3.2162218028729965,True,3.3121663521547475,3.3251489913165173,True,True,0.75,0.7161715041162862,3.2162218028729965,wind_stuck_7_days,2013
15091,US-Var,SLM001,2013-04-16,3.14194361,2.3,2.3,0.11003334865238093,0.11003334865238093,0.10909305378142439,0.440127015224148,0.018969002467169833,0.01847611138257079,0.017561511013689256,0.1100333486523809,1.321478737358074,0.3167015039015853,2.4100333486523806,True,2.4100333486523806,True,2.4100333486523806,True,2.4100333486523806,True,2.4100333486523806,True,2.4100333486523806,True,2.4100333486523806,True,2.3825250114892853,2.4100333486523806,True,True,0.75,1.0,2.4100333486523806,wind_stuck_7_days,2013
15092,US-Var,SLM001,2013-04-17,3.09800556,2.1,2.1,-0.08896083941208303,0.08896083941208303,0.13770551284903246,0.415196866147247,0.021275849469211544,0.01847611138257079,0.017561511013689256,-0.0889608394120831,1.321478737358074,0.3167015039015853,2.011039160587917,True,2.011039160587917,True,2.011039160587917,True,2.011039160587917,True,2.011039160587917,True,2.011039160587917,True,2.011039160587917,True,2.0332793704409378,2.011039160587917,True,True,0.75,1.0,2.011039160587917,wind_stuck_7_days,2013
15093,US-Var,SLM001,2013-04-24,2.50666101,2.6,2.6,-0.18712577751739243,0.18712577751739243,0.15521474404285487,0.5762059131539736,0.039200638575373516,0.036656870444491924,0.017561511013689256,-0.0004477975173926285,1.321478737358074,0.3167015039015853,2.412874222482608,True,2.412874222482608,True,2.412874222482608,True,2.412874222482608,True,2.412874222482608,True,2.412874222482608,True,2.412874222482608,True,2.4596556668619556,2.412874222482608,True,True,0.75,1.0,2.412874222482608,wind_stuck_7_days,2013
15094,US-Var,SLM001,2013-04-25,1.63300275,2.4,2.4,-0.23313556556142068,0.23313556556142068,0.16893501929799026,0.40568550083841703,0.0496668008312871,0.04993011406507068,0.017561511013689256,0.23313556556142068,1.321478737358074,0.3167015039015853,2.1668644344385792,True,2.1668644344385792,True,2.1668644344385792,True,2.1668644344385792,True,2.1668644344385792,True,2.1668644344385792,True,2.1668644344385792,True,2.2251483258289344,2.1668644344385792,True,True,0.75,1.0,2.1668644344385792,wind_stuck_7_days,2013
15095,US-Var,SLM001,2013-05-03,1.53533069,2.3,2.3,-0.55679524624408,0.55679524624408,0.2085271061726169,0.673518117395083,0.10954677008867922,0.09617486950315035,0.017353599315975327,0.55679524624408,1.321478737358074,0.3167015039015853,1.7432047537559199,True,1.7432047537559199,True,1.7432047537559199,True,1.7432047537559199,True,1.7432047537559199,True,1.7432047537559199,True,1.7432047537559199,True,1.8824035653169398,1.870766471270615,True,True,0.75,0.7709001318255214,1.7432047537559199,wind_stuck_7_days,2013
15096,US-Var,SLM001,2013-05-10,0.91704973,0.7,0.7,0.2627749266082743,0.2627749266082743,0.1715938817424157,0.46427688609738793,0.03462682245866788,0.028092255945345784,0.017561511013689256,0.17132453339172582,1.321478737358074,0.3167015039015853,0.9627749266082742,True,0.9627749266082742,True,0.9627749266082742,True,0.9627749266082742,True,0.9627749266082742,True,0.9627749266082742,True,0.9627749266082742,True,0.8970811949562056,0.9627749266082742,True,True,0.75,1.0,0.9627749266082742,wind_stuck_7_days,2013
15097,US-Var,SLM001,2013-05-11,0.9570579,1.6,1.6,-0.47647886810819634,0.47647886810819634,0.22760679975321352,0.6750180634824202,0.10954677008867922,0.09617486950315035,0.017561511013689256,0.47647886810819634,1.321478737358074,0.3167015039015853,1.1235211318918037,True,1.1235211318918037,True,1.1235211318918037,True,1.1235211318918037,True,1.1235211318918037,True,1.1235211318918037,True,1.1235211318918037,True,1.2426408489188527,1.1393231859434745,True,True,0.75,0.9668357715119438,1.1235211318918037,wind_stuck_7_days,2013
15098,US-Var,SLM001,2013-05-19,0.624751,0.2,0.2,0.28234077131573687,0.28234077131573687,0.1619619627512822,0.32231495131787935,0.04253675069753498,0.041086627974989666,0.017561511013689256,0.28234077131573687,1.321478737358074,0.3167015039015853,0.4823407713157369,True,0.4823407713157369,True,0.4823407713157369,True,0.4823407713157369,True,0.4823407713157369,True,0.4823407713157369,True,0.4823407713157369,True,0.41175557848680266,0.4765248613208341,True,True,0.75,0.9794010975892712,0.4823407713157369,wind_stuck_7_days,2013
15099,US-Var,SLM001,2013-05-26,0.25807324,2.5,2.5,-0.3303711205629937,0.3303711205629937,0.1755892536309559,0.3990081610681256,0.07673604544904349,0.06939355076627238,0.017561511013689256,0.3303711205629938,1.321478737358074,0.3167015039015853,2.169628879437006,True,2.169628879437006,True,2.169628879437006,True,2.169628879437006,True,2.169628879437006,True,2.169628879437006,True,2.169628879437006,True,2.2522216595777547,2.2156765424606686,True,True,0.75,0.8606183768569382,2.169628879437006,wind_stuck_7_days,2013
15100,US-Var,SLM001,2013-06-03,0.23550432,1.1,1.1,-0.6249733648822411,0.6249733648822411,0.13631702746862137,0.5159825681455302,0.10975163945178024,0.11958352462568679,0.017353599315975327,0.6249733648822411,1.321478737358074,0.3167015039015853,0.475026635117759,True,0.475026635117759,True,0.475026635117759,True,0.475026635117759,True,0.475026635117759,True,0.475026635117759,True,0.475026635117759,True,0.6312699763383193,0.5955830123989041,True,True,0.75,0.8071015757545754,0.475026635117759,wind_stuck_7_days,2013
15101,US-Var,SLM001,2013-06-04,0.1835973,1.2,1.2,-0.7587800381372742,0.7587800381372742,0.14018329366004978,0.48463654177890997,0.11222365632701373,0.12478727328008389,0.017353599315975327,0.7587800381372742,1.321478737358074,0.3167015039015853,0.4412199618627257,True,0.4412199618627257,True,0.4412199618627257,True,0.4412199618627257,True,0.4412199618627257,True,0.4412199618627257,True,0.4412199618627257,True,0.6309149713970443,0.670908981124621,True,True,0.75,0.6972916949347299,0.4412199618627257,wind_stuck_7_days,2013
15102,US-Var,SLM001,2013-06-11,0.14777142,0.5,0.5,-0.030033296141860306,0.030033296141860306,0.2228590025245967,0.46799563077362966,0.021480718832312562,0.02133584918872712,0.017561511013689256,0.03003329614186029,1.321478737358074,0.3167015039015853,0.4699667038581397,True,0.4699667038581397,True,0.4699667038581397,True,0.4699667038581397,True,0.4699667038581397,True,0.4699667038581397,True,0.4699667038581397,True,0.47747502789360474,0.4699667038581397,True,True,0.75,1.0,0.4699667038581397,wind_stuck_7_days,2013
15103,US-Var,SLM001,2013-06-12,0.21671865,1.1,1.1,-0.4729968546721334,0.4729968546721334,0.23433849546975993,0.38366736202470897,0.11459425064175251,0.121386139549229,-0.04580453322962536,0.4729968546721334,1.321478737358074,0.3167015039015853,0.6270031453278666,True,0.6270031453278666,True,0.6270031453278666,True,0.6270031453278666,True,0.6270031453278666,True,0.6270031453278666,True,1.1,False,0.7452523589959,0.6426897210903453,True,True,0.75,0.9668357715119438,0.6270031453278666,wind_stuck_7_days,2013
15104,US-Var,SLM001,2013-06-19,0.21145981,0.9,0.9,0.40903183507934654,0.40903183507934654,0.17610244129734318,0.47338606328126814,0.09537185069797252,0.09555941914605895,0.010261777178538899,-0.4090318350793466,1.321478737358074,0.3167015039015853,1.3090318350793466,True,1.3090318350793466,True,1.3090318350793466,True,1.3090318350793466,True,1.3090318350793466,True,1.3090318350793466,True,1.3090318350793466,True,1.20677387630951,1.2664962836299747,True,True,0.75,0.8960091909689115,1.3090318350793466,wind_stuck_7_days,2013
15105,US-Var,SLM001,2013-06-20,0.08839011,0.1,0.1,0.4751097584111933,0.4751097584111933,0.15796488915183948,0.38575644034157813,0.16635980317913857,0.16383798073868125,0.010261777178538899,-0.4751097584111933,1.321478737358074,0.3167015039015853,0.5751097584111933,True,0.5751097584111933,True,0.5751097584111933,True,0.5751097584111933,True,0.5751097584111933,True,0.5751097584111933,True,0.5751097584111933,True,0.456332318808395,0.5593531098263393,True,True,0.75,0.9668357715119438,0.5751097584111933,wind_stuck_7_days,2013
15106,US-Var,SLM001,2013-06-27,0.77574052,0.2,0.2,0.130691469432156,0.130691469432156,0.3050014826250125,0.6551618587458027,0.017347445946159917,0.013874237025236788,0.017561511013689256,0.13069146943215604,1.321478737358074,0.3167015039015853,0.330691469432156,True,0.330691469432156,True,0.330691469432156,True,0.330691469432156,True,0.330691469432156,True,0.330691469432156,True,0.330691469432156,True,0.298018602074117,0.330691469432156,True,True,0.75,1.0,0.330691469432156,wind_stuck_7_days,2013
15107,US-Var,SLM001,2013-06-28,0.65514698,1.3,1.3,-1.0569720951672272,1.0569720951672272,0.24157515995552575,0.4683341013041272,0.11692449646934039,0.10730294564571774,-0.04619417816440778,0.23273394483277277,1.321478737358074,0.3167015039015853,0.2430279048327728,True,0.2430279048327728,True,0.2430279048327728,True,0.2430279048327728,True,0.2430279048327728,True,0.2430279048327728,True,1.3,False,0.5072709286245796,0.8804778562198698,True,True,0.75,0.3969093845507398,0.2430279048327728,wind_stuck_7_days,2013
15108,US-Var,SLM001,2013-07-05,0.25648696,0.3,0.3,-0.3176267596760677,0.3176267596760677,0.2938599114764005,0.5395856097393463,-0.044733442481930785,-0.08028966881996909,-0.04580453322962536,-0.23060067967606768,1.321478737358074,0.3167015039015853,-0.017626759676067694,True,-0.017626759676067694,True,-0.017626759676067694,True,0.3,False,0.3,False,0.3,False,0.3,False,0.06177993024294923,-0.017626759676067694,True,True,0.75,1.0,-0.017626759676067694,wind_stuck_7_days,2013
15109,US-Var,SLM001,2013-07-06,0.3138224,1.3,1.3,-0.768030940293631,0.768030940293631,0.1779931445101894,0.4244384200141143,0.10914257540092873,0.12755819012890104,-0.04601244492733928,0.768030940293631,1.321478737358074,0.3167015039015853,0.5319690597063691,True,0.5319690597063691,True,0.5319690597063691,True,0.5319690597063691,True,0.5319690597063691,True,0.5319690597063691,True,1.3,False,0.7239767947797768,0.8235640929157245,True,True,0.75,0.6203342627083828,0.5319690597063691,wind_stuck_7_days,2013
15110,US-Var,SLM001,2013-07-13,0.21393809,0.1,0.1,-0.022097905175661688,0.022097905175661688,0.1592380056156533,0.45309386926399764,0.019608820766868214,0.024106766037544296,-0.04580453322962536,-0.02209790517566168,1.321478737358074,0.3167015039015853,0.07790209482433832,True,0.07790209482433832,True,0.07790209482433832,True,0.07790209482433832,True,0.07790209482433832,True,0.07790209482433832,True,0.1,False,0.08342657111825375,0.07790209482433832,True,True,0.75,1.0,0.07790209482433832,wind_stuck_7_days,2013
15111,US-Var,SLM001,2013-07-14,0.22426279,1.0,1.0,-0.4501608691649496,0.4501608691649496,0.16209458563738932,0.40737479794909026,0.10667055852569524,0.11958352462568679,0.017561511013689256,0.4501608691649496,1.321478737358074,0.3167015039015853,0.5498391308350504,True,0.5498391308350504,True,0.5498391308350504,True,0.5498391308350504,True,0.5498391308350504,True,0.5498391308350504,True,0.5498391308350504,True,0.6623793481262878,0.5498391308350504,True,True,0.75,1.0,0.5498391308350504,wind_stuck_7_days,2013
15112,US-Var,SLM001,2013-07-21,0.16495875,0.7,0.7,-0.611125910295535,0.611125910295535,0.12175033270393308,0.44915835584318364,0.11875242490480475,0.13656735273176232,-0.04601244492733928,0.45895658970446485,1.321478737358074,0.3167015039015853,0.08887408970446498,True,0.08887408970446498,True,0.08887408970446498,True,0.08887408970446498,True,0.08887408970446498,True,0.08887408970446498,True,0.7,False,0.2416555672783487,0.27447503377796284,True,True,0.75,0.6962967189793297,0.030307304785254785,wind_stuck_7_days,2013
15113,US-Var,SLM001,2013-07-29,0.06596529,0.5,0.5,-0.15392514090912204,0.15392514090912204,0.16407610422621635,0.4151749568427867,0.021480718832312562,0.023138464112269344,-0.04580453322962536,0.15392514090912207,1.321478737358074,0.3167015039015853,0.346074859090878,True,0.346074859090878,True,0.346074859090878,True,0.346074859090878,True,0.346074859090878,True,0.346074859090878,True,0.5,False,0.38455614431815843,0.346074859090878,True,True,0.75,1.0,0.346074859090878,wind_stuck_7_days,2013
15114,US-Var,SLM001,2013-07-30,0.15304233,1.3,1.3,-0.9230264425165811,0.9230264425165811,0.2020284255703348,0.27572091366282775,0.08695505518101271,0.12755819012890104,-0.04619417816440778,0.9230264425165811,1.321478737358074,0.3167015039015853,0.376973557483419,True,0.376973557483419,True,0.376973557483419,True,0.376973557483419,True,0.376973557483419,True,0.376973557483419,True,1.3,False,0.6077301681125642,0.8170431752897878,True,True,0.75,0.5232318408922901,0.376973557483419,wind_stuck_7_days,2013
15115,US-Var,SLM001,2013-08-06,0.09530339,0.8,0.8,-0.4157229403806905,0.4157229403806905,0.11621863007739272,0.3396886278951686,0.09967225980399544,0.09677622662772474,0.017561511013689256,0.4157229403806905,1.321478737358074,0.3167015039015853,0.3842770596193095,True,0.3842770596193095,True,0.3842770596193095,True,0.3842770596193095,True,0.3842770596193095,True,0.3842770596193095,True,0.3842770596193095,True,0.48820779471448217,0.4493400836090355,True,True,0.75,0.8434942658441084,0.3842770596193095,wind_stuck_7_days,2013
15116,US-Var,SLM001,2013-08-14,0.1204229,0.1,0.1,8.33203730341639e-05,8.33203730341639e-05,0.07367527842839057,0.4603664312352068,0.019608820766868214,0.024106766037544296,-0.04580453322962536,8.33203730341639e-05,1.321478737358074,0.3167015039015853,0.10008332037303416,True,0.10008332037303416,True,0.10008332037303416,True,0.10008332037303416,True,0.10008332037303416,True,0.10008332037303416,True,0.1,False,0.10006249027977562,0.10008332037303416,True,True,0.75,1.0,0.10008332037303416,wind_stuck_7_days,2013
15117,US-Var,SLM001,2013-08-15,0.11359011,0.6,0.6,-0.34974209531863515,0.34974209531863515,0.10427199461175204,0.43763975020332974,0.08299080600686023,0.07992552735368162,0.017561511013689256,0.34974209531863515,1.321478737358074,0.3167015039015853,0.25025790468136483,True,0.25025790468136483,True,0.25025790468136483,True,0.25025790468136483,True,0.25025790468136483,True,0.25025790468136483,True,0.25025790468136483,True,0.33769342851102363,0.2994442640704898,True,True,0.75,0.8593639140169462,0.25025790468136483,wind_stuck_7_days,2013
15118,US-Var,SLM001,2013-08-22,0.07219301,0.8,0.8,-0.6239801734556283,0.6239801734556283,0.22057206341202912,0.3494260258991563,0.10626105486861256,0.11958352462568679,0.017353599315975327,0.6239801734556283,1.321478737358074,0.3167015039015853,0.17601982654437176,True,0.17601982654437176,True,0.17601982654437176,True,0.17601982654437176,True,0.17601982654437176,True,0.17601982654437176,True,0.17601982654437176,True,0.33201486990827883,0.31939188443504846,True,True,0.75,0.7702297861538192,0.17601982654437176,wind_stuck_7_days,2013
15119,US-Var,SLM001,2013-08-23,0.08224957,0.5,0.5,-0.17406798920640174,0.17406798920640174,0.17912842344482763,0.3702453671326539,-0.003382795832719662,-0.028068675053037093,0.017561511013689256,0.17406798920640174,1.321478737358074,0.3167015039015853,0.32593201079359824,True,0.32593201079359824,True,0.32593201079359824,True,0.5,False,0.5,False,0.5,False,0.32593201079359824,True,0.3694490080951987,0.32593201079359824,True,True,0.75,1.0,0.32593201079359824,wind_stuck_7_days,2013
15120,US-Var,SLM001,2013-08-30,0.12515588,0.1,0.1,0.18866814997471576,0.18866814997471576,0.19193733036088606,0.4178594343996953,0.019608820766868214,0.01847611138257079,0.017561511013689256,-0.13835638997471578,1.321478737358074,0.3167015039015853,0.2886681499747158,True,0.2886681499747158,True,0.2886681499747158,True,0.2886681499747158,True,0.2886681499747158,True,0.2886681499747158,True,0.2886681499747158,True,0.2415011124810368,0.2886681499747158,True,True,0.75,1.0,0.2886681499747158,wind_stuck_7_days,2013
15121,US-Var,SLM001,2013-08-31,0.0905068,0.5,0.5,-0.23508860782828997,0.23508860782828997,0.17261541270943007,0.3942164651347323,0.012070154795677385,-0.01845253049026211,0.017561511013689256,0.23508860782828997,1.321478737358074,0.3167015039015853,0.26491139217171,True,0.26491139217171,True,0.26491139217171,True,0.26491139217171,True,0.26491139217171,True,0.5,False,0.26491139217171,True,0.32368354412878253,0.26491139217171,True,True,0.75,1.0,0.26491139217171,wind_stuck_7_days,2013
15122,US-Var,SLM001,2013-09-07,0.04417702,0.3,0.3,0.13981048332210816,0.13981048332210816,0.18512176472515865,0.5877534772412828,0.019608820766868214,0.01847611138257079,0.017561511013689256,-0.13981048332210816,1.321478737358074,0.3167015039015853,0.43981048332210815,True,0.43981048332210815,True,0.43981048332210815,True,0.43981048332210815,True,0.43981048332210815,True,0.43981048332210815,True,0.43981048332210815,True,0.4048578624915811,0.43981048332210815,True,True,0.75,1.0,0.43981048332210815,wind_stuck_7_days,2013
15123,US-Var,SLM001,2013-09-08,0.07639114,0.5,0.5,-0.12336880373612757,0.12336880373612757,0.14823977720939377,0.3434045196329656,0.021480718832312562,0.01847611138257079,0.017561511013689256,0.12336880373612757,1.321478737358074,0.3167015039015853,0.3766311962638724,True,0.3766311962638724,True,0.3766311962638724,True,0.3766311962638724,True,0.3766311962638724,True,0.3766311962638724,True,0.3766311962638724,True,0.4074733971979043,0.3766311962638724,True,True,0.75,1.0,0.3766311962638724,wind_stuck_7_days,2013
15124,US-Var,SLM001,2013-09-15,0.06877238,0.2,0.2,0.2988013857954808,0.2988013857954808,0.17006720874232614,0.42930251840381894,0.04253675069753498,0.038226890168833336,0.017561511013689256,-0.2988013857954809,1.321478737358074,0.3167015039015853,0.49880138579548083,True,0.49880138579548083,True,0.49880138579548083,True,0.49880138579548083,True,0.49880138579548083,True,0.49880138579548083,True,0.49880138579548083,True,0.42410103934661064,0.4508460527803477,True,True,0.75,0.8395076619625956,0.49880138579548083,wind_stuck_7_days,2013
15125,US-Var,SLM001,2013-09-16,0.06756855,0.7,0.7,-0.008081944873376264,0.008081944873376264,0.09526502317170445,0.33510556091797283,0.01917387183027085,0.01847611138257079,0.017561511013689256,0.008081944873376212,1.321478737358074,0.3167015039015853,0.6919180551266237,True,0.6919180551266237,True,0.6919180551266237,True,0.6919180551266237,True,0.6919180551266237,True,0.6919180551266237,True,0.6919180551266237,True,0.6939385413449678,0.6919180551266237,True,True,0.75,1.0,0.6919180551266237,wind_stuck_7_days,2013
15126,US-Var,SLM001,2013-09-23,0.80560864,0.9,0.9,-0.26890555935710475,0.26890555935710475,0.0879305264282646,0.3521704259949591,0.0510742629537043,0.053548105241532085,0.017561511013689256,-0.08012283935710468,1.321478737358074,0.3167015039015853,0.6310944406428953,True,0.6310944406428953,True,0.6310944406428953,True,0.6310944406428953,True,0.6310944406428953,True,0.6310944406428953,True,0.6310944406428953,True,0.6983208304821715,0.6310944406428953,True,True,0.75,1.0,0.6310944406428953,wind_stuck_7_days,2013
15127,US-Var,SLM001,2013-09-24,0.60087354,0.4,0.4,0.25442581191563884,0.25442581191563884,0.12416340193180651,0.5146472524782129,0.04253675069753498,0.038226890168833336,0.017561511013689256,0.1473212680843612,1.321478737358074,0.3167015039015853,0.6544258119156389,True,0.6544258119156389,True,0.6544258119156389,True,0.6544258119156389,True,0.6544258119156389,True,0.6544258119156389,True,0.6544258119156389,True,0.5908193589367292,0.6544258119156389,True,True,0.75,1.0,0.6544258119156389,wind_stuck_7_days,2013
15128,US-Var,SLM001,2013-10-01,0.30037957,0.1,0.1,0.17636078683804618,0.17636078683804618,0.14460056104189523,0.5242387955409533,0.019608820766868214,0.01847611138257079,0.0008276722209922128,0.17636078683804618,1.321478737358074,0.3167015039015853,0.2763607868380462,True,0.2763607868380462,True,0.2763607868380462,True,0.2763607868380462,True,0.2763607868380462,True,0.2763607868380462,True,0.2763607868380462,True,0.23227059012853465,0.2763607868380462,True,True,0.75,1.0,0.2763607868380462,wind_stuck_7_days,2013
15129,US-Var,SLM001,2013-10-02,0.2815845,0.5,0.5,-0.16304208768016912,0.16304208768016912,0.09300069421528673,0.3807531276705903,0.021480718832312562,0.01847611138257079,0.0008276722209922128,0.16304208768016912,1.321478737358074,0.3167015039015853,0.33695791231983085,True,0.33695791231983085,True,0.33695791231983085,True,0.33695791231983085,True,0.33695791231983085,True,0.33695791231983085,True,0.33695791231983085,True,0.37771843423987317,0.33695791231983085,True,True,0.75,1.0,0.33695791231983085,wind_stuck_7_days,2013
15130,US-Var,SLM001,2013-10-09,0.11695419,0.8,0.8,-0.11754201093108223,0.11754201093108223,0.09040063542103449,0.35152778735199747,0.021480718832312562,0.01847611138257079,0.0008276722209922128,0.11754201093108219,1.321478737358074,0.3167015039015853,0.6824579890689179,True,0.6824579890689179,True,0.6824579890689179,True,0.6824579890689179,True,0.6824579890689179,True,0.6824579890689179,True,0.6824579890689179,True,0.7118434918016884,0.6824579890689179,True,True,0.75,1.0,0.6824579890689179,wind_stuck_7_days,2013
15131,US-Var,SLM001,2013-10-10,0.10926202,0.1,0.1,0.010818092381981082,0.010818092381981082,0.11207985185316978,0.3901306563653245,0.019608820766868214,0.01847611138257079,0.0008276722209922128,0.00770594761801891,1.321478737358074,0.3167015039015853,0.11081809238198109,True,0.11081809238198109,True,0.11081809238198109,True,0.11081809238198109,True,0.11081809238198109,True,0.11081809238198109,True,0.11081809238198109,True,0.10811356928648581,0.11081809238198109,True,True,0.75,1.0,0.11081809238198109,wind_stuck_7_days,2013
15132,US-Var,SLM001,2013-10-17,0.08952041,0.2,0.2,-0.04710715153416434,0.04710715153416434,0.12231410309579051,0.4356852060056903,0.019608820766868214,0.01847611138257079,0.0008276722209922128,0.04710715153416434,1.321478737358074,0.3167015039015853,0.15289284846583567,True,0.15289284846583567,True,0.15289284846583567,True,0.15289284846583567,True,0.15289284846583567,True,0.15289284846583567,True,0.15289284846583567,True,0.16466963634937676,0.15289284846583567,True,True,0.75,1.0,0.15289284846583567,wind_stuck_7_days,2013
15133,US-Var,SLM001,2013-10-18,0.10335823,0.4,0.4,-0.10861760314782962,0.10861760314782962,0.10251150286081268,0.39114495526976084,0.019608820766868214,0.01847611138257079,0.0008276722209922128,0.10861760314782962,1.321478737358074,0.3167015039015853,0.2913823968521704,True,0.2913823968521704,True,0.2913823968521704,True,0.2913823968521704,True,0.2913823968521704,True,0.2913823968521704,True,0.2913823968521704,True,0.3185367976391278,0.2913823968521704,True,True,0.75,1.0,0.2913823968521704,wind_stuck_7_days,2013
15134,US-Var,SLM001,2013-10-25,0.09445085,0.1,0.1,-0.06326956068923814,0.06326956068923814,0.09651020455327126,0.4509821086951817,0.019608820766868214,0.01847611138257079,0.0008276722209922128,-0.052171260689238136,1.321478737358074,0.3167015039015853,0.036730439310761864,True,0.036730439310761864,True,0.036730439310761864,True,0.036730439310761864,True,0.036730439310761864,True,0.036730439310761864,True,0.036730439310761864,True,0.0525478294830714,0.036730439310761864,True,True,0.75,1.0,0.036730439310761864,wind_stuck_7_days,2013
15135,US-Var,SLM001,2013-10-26,0.07073278,0.3,0.3,-0.11076501670940557,0.11076501670940557,0.1375117471345638,0.4517039566411444,0.019608820766868214,0.01847611138257079,0.0008276722209922128,0.11076501670940557,1.321478737358074,0.3167015039015853,0.1892349832905944,True,0.1892349832905944,True,0.1892349832905944,True,0.1892349832905944,True,0.1892349832905944,True,0.1892349832905944,True,0.1892349832905944,True,0.21692623746794581,0.1892349832905944,True,True,0.75,1.0,0.21018541648660763,wind_stuck_7_days,2013
15136,US-Var,SLM001,2013-11-02,0.01026786,0.5,0.5,-0.21082325684046857,0.21082325684046857,0.09192519034801556,0.3871313172642435,0.035621312325307256,0.04193499603367173,0.0008276722209922128,0.21082325684046854,1.321478737358074,0.3167015039015853,0.28917674315953146,True,0.28917674315953146,True,0.28917674315953146,True,0.28917674315953146,True,0.28917674315953146,True,0.28917674315953146,True,0.28917674315953146,True,0.34188255736964857,0.31733662039221144,True,True,0.75,0.8664289810588176,0.28917674315953146,wind_stuck_7_days,2013
15137,US-Var,SLM001,2013-11-10,0.05568291,0.1,0.1,-0.008593144346395461,0.008593144346395461,0.08084972196300347,0.3913578111397169,0.019608820766868214,0.01847611138257079,0.0008276722209922128,0.008593144346395465,1.321478737358074,0.3167015039015853,0.09140685565360454,True,0.09140685565360454,True,0.09140685565360454,True,0.09140685565360454,True,0.09140685565360454,True,0.09140685565360454,True,0.09140685565360454,True,0.0935551417402034,0.09140685565360454,True,True,0.75,1.0,0.09140685565360454,wind_stuck_7_days,2013
15138,US-Var,SLM001,2013-11-11,0.09103458,0.6,0.6,-0.23936236378134165,0.23936236378134165,0.06838220247800436,0.39519531097219707,0.0510742629537043,0.053548105241532085,0.0008276722209922128,0.23936236378134168,1.321478737358074,0.3167015039015853,0.3606376362186583,True,0.3606376362186583,True,0.3606376362186583,True,0.3606376362186583,True,0.3606376362186583,True,0.3606376362186583,True,0.3606376362186583,True,0.42047822716399375,0.3606376362186583,True,True,0.75,1.0,0.3606376362186583,wind_stuck_7_days,2013
15139,US-Var,SLM001,2013-12-04,0.23856986,0.1,0.1,0.2795461254102342,0.2795461254102342,0.10800894148388401,0.28812453511192926,0.039854380295795015,0.032808731361104335,0.0008276722209922128,-0.002406405410234236,1.321478737358074,0.3167015039015853,0.37954612541023425,True,0.37954612541023425,True,0.37954612541023425,True,0.37954612541023425,True,0.37954612541023425,True,0.37954612541023425,True,0.37954612541023425,True,0.3096595940576756,0.3737877820536114,True,True,0.75,0.9794010975892712,0.37954612541023425,wind_stuck_7_days,2013
15140,US-Var,SLM001,2013-12-05,0.21900783,0.3,0.3,0.05943386784860587,0.05943386784860587,0.11602689433353355,0.41163314556768027,0.016926450365128246,0.013057952574841797,0.0008276722209922128,-0.059433867848605854,1.321478737358074,0.3167015039015853,0.35943386784860587,True,0.35943386784860587,True,0.35943386784860587,True,0.35943386784860587,True,0.35943386784860587,True,0.35943386784860587,True,0.35943386784860587,True,0.3445754008864544,0.35943386784860587,True,True,0.75,1.0,0.35943386784860587,wind_stuck_7_days,2013
15141,US-Var,SLM001,2013-12-12,0.24584946,0.2,0.2,0.09909687046302328,0.09909687046302328,0.14331225731877717,0.23040999284844652,0.016926450365128246,0.013057952574841797,0.0008276722209922128,-0.0073979504630233145,1.321478737358074,0.3167015039015853,0.2990968704630233,True,0.2990968704630233,True,0.2990968704630233,True,0.2990968704630233,True,0.2990968704630233,True,0.2990968704630233,True,0.2990968704630233,True,0.2743226528472675,0.2990968704630233,True,True,0.75,1.0,0.2990968704630233,wind_stuck_7_days,2013
15142,US-Var,SLM001,2013-12-13,0.25791882,0.2,0.2,0.14474317535130116,0.14474317535130116,0.16567083893160015,0.23577938592647327,0.016926450365128246,0.013057952574841797,0.0008276722209922128,-0.028905535351301193,1.321478737358074,0.3167015039015853,0.34474317535130117,True,0.34474317535130117,True,0.34474317535130117,True,0.34474317535130117,True,0.34474317535130117,True,0.34474317535130117,True,0.34474317535130117,True,0.3085573815134759,0.34474317535130117,True,True,0.75,1.0,0.34474317535130117,wind_stuck_7_days,2013
15143,US-Var,SLM001,2013-12-20,0.17453972,0.3,0.3,0.12137832933799479,0.12137832933799479,0.09100966559415581,0.30162749572165526,0.019608820766868214,0.020136245795289196,0.0008276722209922128,-0.1213783293379948,1.321478737358074,0.3167015039015853,0.4213783293379948,True,0.4213783293379948,True,0.4213783293379948,True,0.4213783293379948,True,0.4213783293379948,True,0.4213783293379948,True,0.4213783293379948,True,0.3910337470034961,0.4213783293379948,True,True,0.75,1.0,0.4213783293379948,wind_stuck_7_days,2013
15144,US-Var,SLM001,2013-12-21,0.19357492,0.3,0.3,0.127917250936731,0.127917250936731,0.10214701645387052,0.38028932692231077,0.019608820766868214,0.020136245795289196,0.0008276722209922128,-0.127917250936731,1.321478737358074,0.3167015039015853,0.427917250936731,True,0.427917250936731,True,0.427917250936731,True,0.427917250936731,True,0.427917250936731,True,0.427917250936731,True,0.427917250936731,True,0.39593793820254825,0.427917250936731,True,True,0.75,1.0,0.427917250936731,wind_stuck_7_days,2013
15145,US-Var,SLM001,2013-12-28,0.22372406,0.4,0.4,0.06748119894207677,0.06748119894207677,0.10038648726234284,0.39100726009820985,0.019608820766868214,0.020136245795289196,0.0008276722209922128,-0.06748119894207677,1.321478737358074,0.3167015039015853,0.4674811989420768,True,0.4674811989420768,True,0.4674811989420768,True,0.4674811989420768,True,0.4674811989420768,True,0.4674811989420768,True,0.4674811989420768,True,0.4506108992065576,0.4674811989420768,True,True,0.75,1.0,0.4674811989420768,wind_stuck_7_days,2013
15146,US-Var,SLM001,2013-12-29,0.2624106,0.1,0.1,0.1737149325389781,0.1737149325389781,0.1307523125285689,0.4749253681186129,0.019608820766868214,0.020136245795289196,0.0008276722209922128,0.15110626746102188,1.321478737358074,0.3167015039015853,0.2737149325389781,True,0.2737149325389781,True,0.2737149325389781,True,0.2737149325389781,True,0.2737149325389781,True,0.2737149325389781,True,0.2737149325389781,True,0.2302861994042336,0.2737149325389781,True,True,0.75,1.0,0.2737149325389781,wind_stuck_7_days,2013
15655,US-WCr,US-WCr,2013-05-05,1.61237742,2.2,2.2,0.14425073108408176,0.14425073108408176,0.17619828424174902,0.37038626755172777,0.018969002467169833,0.01847611138257079,0.0008276722209922128,-0.1442507310840817,1.321478737358074,0.3167015039015853,2.344250731084082,True,2.344250731084082,True,2.344250731084082,True,2.344250731084082,True,2.344250731084082,True,2.344250731084082,True,2.344250731084082,True,2.3081880483130615,2.344250731084082,True,True,0.75,1.0,2.344250731084082,wind_stuck_7_days,2013
15656,US-WCr,US-WCr,2013-06-30,4.44860483,5.6,5.6,-0.47033498353771996,0.47033498353771996,0.2589170420601243,0.5045489369443006,0.09703005320424568,0.07391319064794048,0.017561511013689256,0.47033498353771996,1.321478737358074,0.3167015039015853,5.12966501646228,True,5.12966501646228,True,5.12966501646228,True,5.12966501646228,True,5.12966501646228,True,5.12966501646228,True,5.12966501646228,True,5.247248762346709,5.12966501646228,True,True,0.75,1.0,5.12966501646228,wind_stuck_7_days,2013
15657,US-WCr,US-WCr,2013-08-17,4.79238252,5.0,5.0,0.3785289243017563,0.3785289243017563,0.19203766003591308,0.42833953709699085,0.047358890338100604,0.04977262900908859,0.010261777178538899,-0.3785289243017562,1.321478737358074,0.3167015039015853,5.378528924301756,True,5.378528924301756,True,5.378528924301756,True,5.378528924301756,True,5.378528924301756,True,5.378528924301756,True,5.378528924301756,True,5.283896693226318,5.290456776666221,True,True,0.75,0.7673304680798297,5.378528924301756,wind_stuck_7_days,2013
15912,US-Wkg,US-CMW,2013-01-03,0.33781857,0.4,0.4,-0.00995713446723943,0.00995713446723943,0.10898872480517179,0.35867574807912755,0.019608820766868214,0.01847611138257079,0.0008276722209922128,0.009957134467239434,1.321478737358074,0.3167015039015853,0.3900428655327606,True,0.3900428655327606,True,0.3900428655327606,True,0.3900428655327606,True,0.3900428655327606,True,0.3900428655327606,True,0.3900428655327606,True,0.39253214914957046,0.3900428655327606,True,True,0.75,1.0,0.3900428655327606,wind_stuck_7_days,2013
15913,US-Wkg,US-CMW,2013-01-19,0.1351373,0.3,0.3,-0.10500949216200199,0.10500949216200199,0.12730473265437775,0.387104722944463,0.019608820766868214,0.01847611138257079,0.0008276722209922128,0.10500949216200199,1.321478737358074,0.3167015039015853,0.19499050783799798,True,0.19499050783799798,True,0.19499050783799798,True,0.19499050783799798,True,0.19499050783799798,True,0.19499050783799798,True,0.19499050783799798,True,0.2212428808784985,0.19499050783799798,True,True,0.75,1.0,0.19499050783799798,wind_stuck_7_days,2013
15914,US-Wkg,US-CMW,2013-03-24,0.63383019,1.0,1.0,-0.5094201175019479,0.5094201175019479,0.12219458786891554,0.4904303401491701,0.11629446473294058,0.11980718057854872,0.011189443256399999,0.22291950249805215,1.321478737358074,0.3167015039015853,0.49057988249805207,True,0.49057988249805207,True,0.49057988249805207,True,0.49057988249805207,True,0.49057988249805207,True,0.49057988249805207,True,0.49057988249805207,True,0.6179349118735391,0.5680699966412301,True,True,0.75,0.8478856419664623,0.49057988249805207,wind_stuck_7_days,2013
15915,US-Wkg,US-CMW,2013-04-17,0.37579249,0.5,0.5,0.3540678511202232,0.3540678511202232,0.1373747158417032,0.5303597329528122,0.07869039690083732,0.07584898206585951,0.010261777178538899,-0.3540678511202232,1.321478737358074,0.3167015039015853,0.8540678511202232,True,0.8540678511202232,True,0.8540678511202232,True,0.8540678511202232,True,0.8540678511202232,True,0.8540678511202232,True,0.8540678511202232,True,0.7655508883401674,0.8042731343662444,True,True,0.75,0.8593639140169462,0.8540678511202232,wind_stuck_7_days,2013
15916,US-Wkg,US-CMW,2013-04-25,0.21454608,0.3,0.3,0.04930724709885495,0.04930724709885495,0.14506219400341067,0.45671978025818616,0.019608820766868214,0.023138464112269344,-0.04580453322962536,-0.04930724709885495,1.321478737358074,0.3167015039015853,0.34930724709885497,True,0.34930724709885497,True,0.34930724709885497,True,0.34930724709885497,True,0.34930724709885497,True,0.34930724709885497,True,0.3,False,0.3369804353241412,0.34930724709885497,True,True,0.75,1.0,0.34930724709885497,wind_stuck_7_days,2013
15917,US-Wkg,US-CMW,2013-05-03,0.2217691,1.6,1.6,-0.8244415425630723,0.8244415425630723,0.18017236984931861,0.6421309235915951,0.1336818217596473,0.16045961759392852,-0.04601244492733928,0.8244415425630723,1.321478737358074,0.3167015039015853,0.7755584574369278,True,0.7755584574369278,True,0.7755584574369278,True,0.7755584574369278,True,0.7755584574369278,True,0.7755584574369278,True,1.6,False,0.9816688430776959,1.0433678451964608,True,True,0.75,0.6751626720228684,0.7755584574369278,wind_stuck_7_days,2013
15918,US-Wkg,US-CMW,2013-05-11,0.28440064,5.0,5.0,-0.6736343200723175,0.6736343200723175,0.16920019419698884,0.6995232546912775,0.07438824218953892,0.07201702459395622,0.017353599315975327,0.6736343200723178,1.321478737358074,0.3167015039015853,4.326365679927682,True,4.326365679927682,True,4.326365679927682,True,4.326365679927682,True,4.326365679927682,True,4.326365679927682,True,4.326365679927682,True,4.494774259945762,4.5664743859477515,True,True,0.75,0.6435622430960878,4.326365679927682,wind_stuck_7_days,2013
15919,US-Wkg,US-CMW,2013-05-19,0.27397904,0.6,0.6,-0.028442476311091463,0.028442476311091463,0.09447924870703397,0.24575910075445617,0.021480718832312562,0.024106766037544296,-0.04580453322962536,0.02844247631109148,1.321478737358074,0.3167015039015853,0.5715575236889086,True,0.5715575236889086,True,0.5715575236889086,True,0.5715575236889086,True,0.5715575236889086,True,0.5715575236889086,True,0.6,False,0.5786681427666813,0.5715575236889086,True,True,0.75,1.0,0.5715575236889086,wind_stuck_7_days,2013
15920,US-Wkg,US-CMW,2013-05-27,0.28499713,1.1,1.1,-0.24722593752236216,0.24722593752236216,0.11208629058774329,0.33635203858977325,0.03892723156469076,0.03493971808198506,-0.04580453322962536,0.24722593752236222,1.321478737358074,0.3167015039015853,0.8527740624776379,True,0.8527740624776379,True,0.8527740624776379,True,0.8527740624776379,True,0.8527740624776379,True,0.8527740624776379,True,1.1,False,0.9145805468582284,0.8527740624776379,True,True,0.75,1.0,0.8527740624776379,wind_stuck_7_days,2013
15921,US-Wkg,US-CMW,2013-06-12,0.27651346,0.4,0.4,0.22076149709856793,0.22076149709856793,0.2679385438977588,0.6554459306076688,-0.009642649615338793,0.024036733760805565,-0.04580453322962536,-0.22076149709856796,1.321478737358074,0.3167015039015853,0.620761497098568,True,0.620761497098568,True,0.620761497098568,True,0.4,False,0.4,False,0.620761497098568,True,0.4,False,0.565571122823926,0.4,True,False,0.75,0.0,0.6919742402320991,wind_stuck_7_days,2013
15922,US-Wkg,US-CMW,2013-06-20,0.17623566,0.3,0.3,0.18626815943511946,0.18626815943511946,0.17282362664727172,0.3361027053126121,0.020276410446752793,0.02752503676297113,-0.04580453322962536,-0.18626815943511946,1.321478737358074,0.3167015039015853,0.4862681594351195,True,0.4862681594351195,True,0.4862681594351195,True,0.4862681594351195,True,0.4862681594351195,True,0.4862681594351195,True,0.3,False,0.4397011195763396,0.4862681594351195,True,True,0.75,1.0,0.4862681594351195,wind_stuck_7_days,2013
15923,US-Wkg,US-CMW,2013-06-28,0.1419678,0.7,0.7,0.33738157368544525,0.33738157368544525,0.23932228081523352,0.4306099961035425,0.07329265645715549,0.08825370458370736,-0.04580453322962536,-0.3373815736854453,1.321478737358074,0.3167015039015853,1.0373815736854453,True,1.0373815736854453,True,1.0373815736854453,True,1.0373815736854453,True,1.0373815736854453,True,1.0373815736854453,True,0.7,False,0.9530361802640839,0.7047263243881791,True,True,0.75,0.014008839713889332,0.9274026384656556,wind_stuck_7_days,2013
15924,US-Wkg,US-CMW,2013-07-14,2.09531844,1.0,1.0,0.44529129348418695,0.44529129348418695,0.1308483336024054,0.5938691598183731,0.1054512303457573,0.118366717144021,0.010261777178538899,0.44529129348418695,1.321478737358074,0.3167015039015853,1.4452912934841868,True,1.4452912934841868,True,1.4452912934841868,True,1.4452912934841868,True,1.4452912934841868,True,1.4452912934841868,True,1.4452912934841868,True,1.3339684701131402,1.4452912934841868,True,True,0.75,1.0,1.4452912934841868,wind_stuck_7_days,2013
15925,US-Wkg,US-CMW,2013-07-30,2.43118101,2.1,2.1,0.5535667413378127,0.5535667413378127,0.2585479777914037,0.43643701065390994,0.10216528005657129,0.1043932982656981,0.010261777178538899,0.10879527866218708,1.321478737358074,0.3167015039015853,2.653566741337813,True,2.653566741337813,True,2.653566741337813,True,2.653566741337813,True,2.653566741337813,True,2.653566741337813,True,2.653566741337813,True,2.5151750560033594,2.5284576124349334,True,True,0.75,0.7739944986569707,2.653566741337813,wind_stuck_7_days,2013
15926,US-Wkg,US-CMW,2013-08-07,3.41592063,3.1,3.1,0.162389060629078,0.162389060629078,0.24845461517144124,0.42364559497015836,0.018969002467169833,0.01847611138257079,0.017561511013689256,0.162389060629078,1.321478737358074,0.3167015039015853,3.262389060629078,True,3.262389060629078,True,3.262389060629078,True,3.262389060629078,True,3.262389060629078,True,3.262389060629078,True,3.262389060629078,True,3.2217917954718085,3.262389060629078,True,True,0.75,1.0,3.262389060629078,wind_stuck_7_days,2013
15927,US-Wkg,US-CMW,2013-08-15,2.40021424,1.7,1.7,0.976381690334931,0.976381690334931,0.2862358222170229,0.5650315012913197,-0.019746930791797,0.051429598421028094,-0.06556448019320002,0.4240467896650689,1.321478737358074,0.3167015039015853,2.676381690334931,True,2.676381690334931,True,2.676381690334931,True,1.7,False,1.7,False,2.676381690334931,True,1.7,False,2.4322862677511985,2.4516797276680213,True,True,0.75,0.7698625804936701,2.676381690334931,wind_stuck_7_days,2013
15928,US-Wkg,US-CMW,2013-08-23,2.75244908,1.6,1.6,0.4711381981248066,0.4711381981248066,0.11333626907849759,0.43905977611836217,0.10813957942279397,0.1126218336658657,0.010261777178538899,0.4711381981248066,1.321478737358074,0.3167015039015853,2.0711381981248067,True,2.0711381981248067,True,2.0711381981248067,True,2.0711381981248067,True,2.0711381981248067,True,2.0711381981248067,True,2.0711381981248067,True,1.953353648593605,2.0555132632727444,True,True,0.75,0.9668357715119438,2.0711381981248067,wind_stuck_7_days,2013
15929,US-Wkg,US-CMW,2013-08-31,2.90204266,2.8,2.8,0.063643163890553,0.063643163890553,0.24616446738386297,0.4866170525015542,0.018969002467169833,0.01847611138257079,0.017561511013689256,0.063643163890553,1.321478737358074,0.3167015039015853,2.863643163890553,True,2.863643163890553,True,2.863643163890553,True,2.863643163890553,True,2.863643163890553,True,2.863643163890553,True,2.863643163890553,True,2.8477323729179145,2.863643163890553,True,True,0.75,1.0,2.863643163890553,wind_stuck_7_days,2013
15930,US-Wkg,US-CMW,2013-10-18,0.28509334,0.9,0.9,-0.3561880855616467,0.3561880855616467,0.07911806387336799,0.2557014434513597,0.09513783739587375,0.10130483136204582,0.017561511013689256,0.3561880855616467,1.321478737358074,0.3167015039015853,0.5438119144383533,True,0.5438119144383533,True,0.5438119144383533,True,0.5438119144383533,True,0.5438119144383533,True,0.5438119144383533,True,0.5438119144383533,True,0.632858935828765,0.5966476364397526,True,True,0.75,0.8516634212565349,0.5438119144383533,wind_stuck_7_days,2013
15931,US-Wkg,US-CMW,2013-10-26,0.22296802,0.6,0.6,-0.29067921359964244,0.29067921359964244,0.07095675275271367,0.2808372198417932,0.0510742629537043,0.053548105241532085,0.0008276722209922128,0.29067921359964244,1.321478737358074,0.3167015039015853,0.30932078640035754,True,0.30932078640035754,True,0.30932078640035754,True,0.30932078640035754,True,0.30932078640035754,True,0.30932078640035754,True,0.30932078640035754,True,0.3819905898002681,0.33586112988990463,True,True,0.75,0.908695420078776,0.30932078640035754,wind_stuck_7_days,2013
15932,US-Wkg,US-CMW,2013-11-19,-0.05010156,0.5,0.5,-0.09842032403333925,0.09842032403333925,0.10136115606855378,0.3135581064572537,0.021480718832312562,0.01847611138257079,0.0008276722209922128,0.09842032403333922,1.321478737358074,0.3167015039015853,0.4015796759666608,True,0.4015796759666608,True,0.4015796759666608,True,0.4015796759666608,True,0.4015796759666608,True,0.4015796759666608,True,0.4015796759666608,True,0.4261847569749956,0.4015796759666608,True,True,0.75,1.0,0.4015796759666608,wind_stuck_7_days,2013
15933,US-Wkg,US-CMW,2013-12-13,0.26342541,0.5,0.5,0.20628000204476912,0.20628000204476912,0.08646472528511237,0.36558843623720094,0.01917387183027085,0.020136245795289196,0.0008276722209922128,-0.2062800020447691,1.321478737358074,0.3167015039015853,0.7062800020447692,True,0.7062800020447692,True,0.7062800020447692,True,0.7062800020447692,True,0.7062800020447692,True,0.7062800020447692,True,0.7062800020447692,True,0.6547100015335768,0.6787269719844602,True,True,0.75,0.8664289810588176,0.7062800020447692,wind_stuck_7_days,2013
1320,LYS_NE,LYS_NE,2014-06-20,4.63866495,2.8,2.8,1.094766516084734,1.094766516084734,0.218096234174264,0.41298561656021493,0.023080905487514403,0.021320467894082075,-0.10584723539273633,1.094766516084734,1.1365509253852144,0.3305983152241958,3.894766516084734,True,3.894766516084734,True,3.894766516084734,True,3.894766516084734,True,3.894766516084734,True,3.894766516084734,True,2.8,False,3.6210748870635503,3.2803456377595777,True,True,0.75,0.4387653720698921,3.894766516084734,wind_stuck_7_days,2014
1321,LYS_NE,LYS_NE,2014-06-28,2.99420606,1.4,1.4,1.448425996954346,1.448425996954346,0.2626961448071858,0.76731063448243,0.162815402445345,0.1702779790979299,-0.4062861972636698,1.448425996954346,1.1365509253852144,0.3305983152241958,2.848425996954346,True,2.848425996954346,True,2.848425996954346,True,2.848425996954346,True,2.848425996954346,True,2.848425996954346,True,1.4,False,2.486319497715759,2.0975017412341312,True,True,0.75,0.48155842459386383,2.848425996954346,wind_stuck_7_days,2014
1322,LYS_NE,LYS_NE,2014-07-05,3.9105457,2.5,2.5,0.7081179249688316,0.7081179249688316,0.21606767490786813,0.745303748233474,-0.040377773109851516,-0.04078838810248532,-0.12120791211931128,0.7081179249688316,1.1365509253852144,0.3305983152241958,3.208117924968832,True,3.208117924968832,True,3.208117924968832,True,2.5,False,2.5,False,2.5,False,2.5,False,3.031088443726624,2.7141652812124892,True,True,0.75,0.3024429599376625,3.208117924968832,wind_stuck_7_days,2014
1323,LYS_NE,LYS_NE,2014-07-06,3.39365004,2.6,2.6,-1.1021297171151572,1.1021297171151572,0.15824602128695098,0.45718229975632807,-0.12623530787380005,-0.06181837442333346,0.018980284144070936,-1.1021297171151572,1.1365509253852144,0.3305983152241958,1.497870282884843,True,1.497870282884843,True,1.497870282884843,True,2.6,False,2.6,False,2.6,False,1.497870282884843,True,1.7734027121636322,2.4606107767878664,True,True,0.75,0.12647261120677106,1.497870282884843,wind_stuck_7_days,2014
1324,LYS_NE,LYS_NE,2014-07-21,7.14520297,6.1,6.1,0.04155527365132483,0.04155527365132483,0.23467050360794245,0.47614390455333816,-0.058959399506877376,-0.06371862545907794,-0.08399946252321996,0.04155527365132494,1.1365509253852144,0.3305983152241958,6.141555273651324,True,6.141555273651324,True,6.141555273651324,True,6.1,False,6.1,False,6.1,False,6.1,False,6.1311664552384935,6.1,True,False,0.75,0.0,6.141555273651324,wind_stuck_7_days,2014
1325,LYS_NE,LYS_NE,2014-08-06,7.64924389,7.6,7.6,0.8524360846138815,0.8524360846138815,0.24034534658356235,0.6077687937582035,-0.04268506687435633,-0.006897267420658684,-0.10935024279320064,-0.7539483046138805,1.1365509253852144,0.3305983152241958,8.45243608461388,True,8.45243608461388,True,8.45243608461388,True,7.6,False,7.6,False,7.6,False,7.6,False,8.239327063460411,7.839657829642551,True,True,0.75,0.28114463238743187,8.45243608461388,wind_stuck_7_days,2014
1326,LYS_NE,LYS_NE,2014-08-15,6.28934824,6.3,6.3,0.2809384204091271,0.2809384204091271,0.2144744133730916,0.8257852393904948,-0.09643388716045534,-0.10211908551838997,-0.10091792570201802,-0.2809384204091271,1.1365509253852144,0.3305983152241958,6.580938420409127,True,6.580938420409127,True,6.580938420409127,True,6.3,False,6.3,False,6.3,False,6.3,False,6.5107038153068455,6.3,True,False,0.75,0.0,6.580938420409127,wind_stuck_7_days,2014
1327,LYS_NE,LYS_NE,2014-08-22,6.88960604,7.0,7.0,0.26384371916216,0.26384371916216,0.2323347537260421,0.8092025439046203,-0.07270449846669777,-0.09544262327976269,-0.0633760986081477,-0.26384371916216,1.1365509253852144,0.3305983152241958,7.26384371916216,True,7.26384371916216,True,7.26384371916216,True,7.0,False,7.0,False,7.0,False,7.0,False,7.19788278937162,7.0,True,False,0.75,0.0,7.26384371916216,wind_stuck_7_days,2014
1328,LYS_NE,LYS_NE,2014-08-23,7.53964036,6.1,6.1,0.13574702559080354,0.13574702559080354,0.24978215807439605,0.7332193439974615,-0.047624673702479525,-0.06371862545907794,-0.08399946252321996,0.13574702559080354,1.1365509253852144,0.3305983152241958,6.235747025590803,True,6.235747025590803,True,6.235747025590803,True,6.1,False,6.1,False,6.1,False,6.1,False,6.2018102691931025,6.1,True,False,0.75,0.0,6.235747025590803,wind_stuck_7_days,2014
1329,LYS_NE,LYS_NE,2014-08-31,8.3488121,7.9,7.9,0.3039534773811683,0.3039534773811683,0.3680531157176309,1.0861317530223942,-0.039173757041664335,-0.10229116666227353,-0.06593400712620677,0.3039534773811683,1.1365509253852144,0.3305983152241958,8.20395347738117,True,7.9,False,7.9,False,7.9,False,7.9,False,7.9,False,7.9,False,8.127965108035877,7.9,True,False,0.75,0.0,8.20395347738117,wind_stuck_7_days,2014
1330,LYS_NE,LYS_NE,2014-09-08,4.58981696,4.4,4.4,0.12270732758646427,0.12270732758646427,0.13228771648185134,0.4227947611355082,-0.008158507403172567,-0.010034948281192831,0.006246402406003181,0.12270732758646427,1.1365509253852144,0.3305983152241958,4.522707327586464,True,4.522707327586464,True,4.522707327586464,True,4.4,False,4.4,False,4.4,False,4.522707327586464,True,4.492030495689849,4.522707327586464,True,True,0.75,1.0,4.522707327586464,wind_stuck_7_days,2014
1331,LYS_NE,LYS_NE,2014-09-23,4.30024714,3.5,3.5,-0.019685446449263934,0.019685446449263934,0.17947708606335697,0.5265905495353994,0.0035573889790957375,0.009550591667455944,0.002445541206312702,-0.019685446449263955,1.1365509253852144,0.3305983152241958,3.4803145535507363,True,3.4803145535507363,True,3.4803145535507363,True,3.4803145535507363,True,3.4803145535507363,True,3.4803145535507363,True,3.4803145535507363,True,3.485235915163052,3.4803145535507363,True,True,0.75,1.0,3.4803145535507363,wind_stuck_7_days,2014
1332,LYS_NE,LYS_NE,2014-10-01,4.07021504,4.4,4.4,-0.1020791932394521,0.1020791932394521,0.1885816121748202,0.5991492941009122,-0.02009924461215883,-0.007120990109541828,0.002445541206312702,0.10207919323945208,1.1365509253852144,0.3305983152241958,4.2979208067605486,True,4.2979208067605486,True,4.2979208067605486,True,4.4,False,4.4,False,4.4,False,4.2979208067605486,True,4.323440605070411,4.2979208067605486,True,True,0.75,1.0,4.2979208067605486,wind_stuck_7_days,2014
1333,LYS_NE,LYS_NE,2014-10-02,2.92005454,3.9,3.9,-0.9341996368388005,0.9341996368388005,0.1558668448536835,0.6438552835378935,-0.021069711999873158,0.02238416040921091,0.03948851239170129,0.9341996368388005,1.1365509253852144,0.3305983152241958,2.9658003631611995,True,2.9658003631611995,True,2.9658003631611995,True,3.9,False,3.9,False,2.9658003631611995,True,2.9658003631611995,True,3.1993502723708995,3.5190323046494894,True,True,0.75,0.4078011597602965,2.9658003631611995,wind_stuck_7_days,2014
1393,LYS_NW,LYS_NE,2014-06-20,5.14185853,2.8,2.8,1.094766516084734,1.094766516084734,0.218096234174264,0.41298561656021493,0.023080905487514403,0.021320467894082075,-0.10584723539273633,1.094766516084734,1.1365509253852144,0.3305983152241958,3.894766516084734,True,3.894766516084734,True,3.894766516084734,True,3.894766516084734,True,3.894766516084734,True,3.894766516084734,True,2.8,False,3.6210748870635503,3.2803456377595777,True,True,0.75,0.4387653720698921,3.894766516084734,wind_stuck_7_days,2014
1394,LYS_NW,LYS_NE,2014-06-28,3.12343067,1.6,1.6,1.4265945752356919,1.4265945752356919,0.2479311181276124,0.7780105464849848,0.13364113138094974,0.10284038354400264,-0.4062861972636698,1.4265945752356919,1.1365509253852144,0.3305983152241958,3.026594575235692,True,3.026594575235692,True,3.026594575235692,True,3.026594575235692,True,3.026594575235692,True,3.026594575235692,True,1.6,False,2.669945931426769,2.232181090556393,True,True,0.75,0.44313997931188553,3.026594575235692,wind_stuck_7_days,2014
1395,LYS_NW,LYS_NE,2014-07-05,3.9095032,2.5,2.5,0.7081179249688316,0.7081179249688316,0.21606767490786813,0.745303748233474,-0.040377773109851516,-0.04078838810248532,-0.12120791211931128,0.7081179249688316,1.1365509253852144,0.3305983152241958,3.208117924968832,True,3.208117924968832,True,3.208117924968832,True,2.5,False,2.5,False,2.5,False,2.5,False,3.031088443726624,2.7141652812124892,True,True,0.75,0.3024429599376625,3.208117924968832,wind_stuck_7_days,2014
1396,LYS_NW,LYS_NE,2014-07-06,3.80685267,2.2,2.2,-0.9526432974093979,0.9526432974093979,0.14202095592083558,0.39133388091057897,-0.08727711713679541,-0.06231621422450392,-0.0012046623193976754,-0.9526432974093981,1.1365509253852144,0.3305983152241958,1.2473567025906023,True,1.2473567025906023,True,1.2473567025906023,True,2.2,False,2.2,False,2.2,False,2.2,False,1.4855175269429517,2.0484182183393056,True,True,0.75,0.15911704000112487,1.2473567025906023,wind_stuck_7_days,2014
1397,LYS_NW,LYS_NE,2014-08-06,8.50846667,8.2,8.2,1.2460017810966773,1.2460017810966773,0.3362189122744869,0.7585446212802129,-0.08687162663731693,-0.07072236908058441,-0.27927156781402424,-0.6290684410966745,1.1365509253852144,0.3305983152241958,9.446001781096676,True,9.446001781096676,True,9.446001781096676,True,8.2,False,8.2,False,8.2,False,8.2,False,9.134501335822508,8.807138211001499,True,True,0.75,0.4872691357368065,9.446001781096676,wind_stuck_7_days,2014
1398,LYS_NW,LYS_NE,2014-08-15,7.20749467,7.0,7.0,0.6261327785762469,0.6261327785762469,0.2584850370126258,0.8289436635001456,-0.11746449376131378,-0.1154005273004696,-0.10058454820423902,-0.21114343857624696,1.1365509253852144,0.3305983152241958,7.626132778576247,True,7.626132778576247,True,7.626132778576247,True,7.0,False,7.0,False,7.0,False,7.0,False,7.469599583932185,7.0,True,False,0.75,0.0,7.626132778576247,wind_stuck_7_days,2014
1399,LYS_NW,LYS_NE,2014-08-22,8.1656578,7.6,7.6,0.5420063098818866,0.5420063098818866,0.2475378599157763,0.8908448108407342,-0.11226141628780965,-0.08296199530238982,-0.09094542916434221,0.5420063098818866,1.1365509253852144,0.3305983152241958,8.142006309881886,True,8.142006309881886,True,8.142006309881886,True,7.6,False,7.6,False,7.6,False,7.6,False,8.006504732411415,7.6,True,False,0.75,0.0,8.142006309881886,wind_stuck_7_days,2014
1400,LYS_NW,LYS_NE,2014-08-23,7.85249133,6.0,6.0,0.10340813248765372,0.10340813248765372,0.2543507633233313,0.7139777582693969,-0.038129330890347715,-0.059153673993151815,-0.08399946252321996,0.10340813248765368,1.1365509253852144,0.3305983152241958,6.103408132487654,True,6.103408132487654,True,6.103408132487654,True,6.0,False,6.0,False,6.0,False,6.0,False,6.07755609936574,6.0,True,False,0.75,0.0,6.103408132487654,wind_stuck_7_days,2014
1401,LYS_NW,LYS_NE,2014-08-31,9.75180067,8.1,8.1,0.40658216774711864,0.40658216774711864,0.38004047739188823,1.0849283742450901,-0.10730979034747777,-0.16996713430176333,-0.06593400712620677,0.40658216774711864,1.1365509253852144,0.3305983152241958,8.50658216774712,True,8.1,False,8.1,False,8.1,False,8.1,False,8.1,False,8.1,False,8.404936625810338,8.1,True,False,0.75,0.0,8.50658216774712,wind_stuck_7_days,2014
1402,LYS_NW,LYS_NE,2014-09-08,4.932166,4.4,4.4,0.12270732758646427,0.12270732758646427,0.13228771648185134,0.4227947611355082,-0.008158507403172567,-0.010034948281192831,0.006246402406003181,0.1227073275864643,1.1365509253852144,0.3305983152241958,4.522707327586464,True,4.522707327586464,True,4.522707327586464,True,4.4,False,4.4,False,4.4,False,4.522707327586464,True,4.492030495689849,4.522707327586464,True,True,0.75,1.0,4.522707327586464,wind_stuck_7_days,2014
1403,LYS_NW,LYS_NE,2014-09-23,4.71259267,3.4,3.4,-0.04388469087770993,0.04388469087770993,0.15775266318625725,0.5171874478858618,0.009906760455188755,0.009550591667455944,0.002445541206312702,-0.043884690877709964,1.1365509253852144,0.3305983152241958,3.35611530912229,True,3.35611530912229,True,3.35611530912229,True,3.35611530912229,True,3.35611530912229,True,3.35611530912229,True,3.35611530912229,True,3.3670864818417177,3.35611530912229,True,True,0.75,1.0,3.35611530912229,wind_stuck_7_days,2014
1404,LYS_NW,LYS_NE,2014-10-01,4.520466,4.3,4.3,-0.1353835736282782,0.1353835736282782,0.17905997420003875,0.5693670514689821,-0.012078644958095006,0.0009341147038053723,0.002445541206312702,-0.1353835736282782,1.1365509253852144,0.3305983152241958,4.164616426371722,True,4.164616426371722,True,4.164616426371722,True,4.3,False,4.3,False,4.164616426371722,True,4.164616426371722,True,4.198462319778791,4.164616426371722,True,True,0.75,1.0,4.164616426371722,wind_stuck_7_days,2014
1405,LYS_NW,LYS_NE,2014-10-02,3.65315133,3.8,3.8,-0.9396576133148654,0.9396576133148654,0.1496325525851707,0.6089350727402074,-0.04542532087435878,0.02238416040921091,0.03948851239170129,-0.6459602733148658,1.1365509253852144,0.3305983152241958,2.8603423866851343,True,2.8603423866851343,True,2.8603423866851343,True,3.8,False,3.8,False,2.8603423866851343,True,2.8603423866851343,True,3.095256790013851,3.6879411641731976,True,True,0.75,0.11925496504145607,2.8603423866851343,wind_stuck_7_days,2014
1472,LYS_SE,LYS_NE,2014-06-20,3.44257746,2.8,2.8,1.094766516084734,1.094766516084734,0.218096234174264,0.41298561656021493,0.023080905487514403,0.021320467894082075,-0.10584723539273633,0.19038840391526612,1.1365509253852144,0.3305983152241958,3.894766516084734,True,3.894766516084734,True,3.894766516084734,True,3.894766516084734,True,3.894766516084734,True,3.894766516084734,True,2.8,False,3.6210748870635503,3.2803456377595777,True,True,0.75,0.4387653720698921,3.894766516084734,wind_stuck_7_days,2014
1473,LYS_SE,LYS_NE,2014-06-28,2.65048664,1.8,1.8,1.4011590657485962,1.4011590657485962,0.24246610390662485,0.7846726636420066,0.13364113138094974,0.10284038354400264,-0.39035858837230875,0.29981421425140375,1.1365509253852144,0.3305983152241958,3.2011590657485964,True,3.2011590657485964,True,3.2011590657485964,True,3.2011590657485964,True,3.2011590657485964,True,3.2011590657485964,True,1.8,False,2.850869299311447,2.420909599408494,True,True,0.75,0.44313997931188553,3.2011590657485964,wind_stuck_7_days,2014
1474,LYS_SE,LYS_NE,2014-07-05,3.1650373,2.4,2.4,0.7294846682788357,0.7294846682788357,0.21807982498400724,0.7304652286920945,-0.040377773109851516,-0.04078838810248532,-0.12120791211931128,0.7294846682788357,1.1365509253852144,0.3305983152241958,3.1294846682788355,True,3.1294846682788355,True,3.1294846682788355,True,2.4,False,2.4,False,2.4,False,2.4,False,2.9471135012091265,2.612214959999343,True,True,0.75,0.29091078843376994,3.1294846682788355,wind_stuck_7_days,2014
1475,LYS_SE,LYS_NE,2014-07-06,2.748364,2.5,2.5,-1.0718169192306095,1.0718169192306095,0.15370136332305387,0.4490381624235772,-0.125041614183873,-0.05046655102823834,0.037002518921678905,-1.0718169192306095,1.1365509253852144,0.3305983152241958,1.4281830807693905,True,1.4281830807693905,True,1.4281830807693905,True,2.5,False,2.5,False,2.5,False,1.4281830807693905,True,1.696137310577043,2.3284381522671884,True,True,0.75,0.16006637388777667,1.4281830807693905,wind_stuck_7_days,2014
1476,LYS_SE,LYS_NE,2014-07-14,3.23037128,2.2,2.2,0.974313347357865,0.974313347357865,0.3117930603799644,0.8188520371862278,0.006516645342943345,-0.03276052197607951,-0.18013807066029927,0.974313347357865,1.1365509253852144,0.3305983152241958,3.1743133473578653,True,3.1743133473578653,True,3.1743133473578653,True,3.1743133473578653,True,3.1743133473578653,True,2.2,False,2.2,False,2.930735010518399,2.7706523195276542,True,True,0.75,0.5856969126771634,3.1743133473578653,wind_stuck_7_days,2014
1477,LYS_SE,LYS_NE,2014-07-21,7.25610035,6.1,6.1,0.04155527365132483,0.04155527365132483,0.23467050360794245,0.47614390455333816,-0.058959399506877376,-0.06371862545907794,-0.08399946252321996,0.04155527365132494,1.1365509253852144,0.3305983152241958,6.141555273651324,True,6.141555273651324,True,6.141555273651324,True,6.1,False,6.1,False,6.1,False,6.1,False,6.1311664552384935,6.1,True,False,0.75,0.0,6.141555273651324,wind_stuck_7_days,2014
1478,LYS_SE,LYS_NE,2014-08-06,7.23172441,7.5,7.5,0.777252300171455,0.777252300171455,0.2267033134006888,0.5954120241017854,-0.04268506687435633,-0.006897267420658684,-0.10058454820423902,-0.7772523001714551,1.1365509253852144,0.3305983152241958,8.277252300171455,True,8.277252300171455,True,8.277252300171455,True,7.5,False,7.5,False,7.5,False,7.5,False,8.082939225128591,7.5,True,False,0.75,0.0,8.277252300171455,wind_stuck_7_days,2014
1479,LYS_SE,LYS_NE,2014-08-15,6.14416859,6.4,6.4,0.32981878149704147,0.32981878149704147,0.21860381815295518,0.8233063607058208,-0.16456992046626878,-0.1697950531578798,-0.10091792570201802,-0.32981878149704147,1.1365509253852144,0.3305983152241958,6.729818781497042,True,6.729818781497042,True,6.729818781497042,True,6.4,False,6.4,False,6.4,False,6.4,False,6.647364086122781,6.4,True,False,0.75,0.0,6.729818781497042,wind_stuck_7_days,2014
1480,LYS_SE,LYS_NE,2014-08-23,7.21423779,6.0,6.0,0.10340813248765372,0.10340813248765372,0.2543507633233313,0.7139777582693969,-0.038129330890347715,-0.059153673993151815,-0.08399946252321996,0.10340813248765368,1.1365509253852144,0.3305983152241958,6.103408132487654,True,6.103408132487654,True,6.103408132487654,True,6.0,False,6.0,False,6.0,False,6.0,False,6.07755609936574,6.0,True,False,0.75,0.0,6.103408132487654,wind_stuck_7_days,2014
1481,LYS_SE,LYS_NE,2014-09-08,4.41059077,4.4,4.4,0.12270732758646427,0.12270732758646427,0.13228771648185134,0.4227947611355082,-0.008158507403172567,-0.010034948281192831,0.006246402406003181,-0.10152578758646544,1.1365509253852144,0.3305983152241958,4.522707327586464,True,4.522707327586464,True,4.522707327586464,True,4.4,False,4.4,False,4.4,False,4.522707327586464,True,4.492030495689849,4.522707327586464,True,True,0.75,1.0,4.522707327586464,wind_stuck_7_days,2014
1482,LYS_SE,LYS_NE,2014-09-23,4.29667487,3.6,3.6,0.004947221591403162,0.004947221591403162,0.19517561014527818,0.5366165256576683,0.0035573889790957375,0.009550591667455944,0.002445541206312702,0.00494722159140315,1.1365509253852144,0.3305983152241958,3.604947221591403,True,3.604947221591403,True,3.604947221591403,True,3.604947221591403,True,3.604947221591403,True,3.604947221591403,True,3.604947221591403,True,3.6037104161935525,3.604947221591403,True,True,0.75,1.0,3.604947221591403,wind_stuck_7_days,2014
1483,LYS_SE,LYS_NE,2014-10-01,4.17996393,4.4,4.4,-0.1020791932394521,0.1020791932394521,0.1885816121748202,0.5991492941009122,-0.02009924461215883,-0.007120990109541828,0.002445541206312702,0.1020791932394521,1.1365509253852144,0.3305983152241958,4.2979208067605486,True,4.2979208067605486,True,4.2979208067605486,True,4.4,False,4.4,False,4.4,False,4.2979208067605486,True,4.323440605070411,4.2979208067605486,True,True,0.75,1.0,4.2979208067605486,wind_stuck_7_days,2014
1545,LYS_SW,LYS_NE,2014-06-20,4.93230555,2.9,2.9,1.0940065791324047,1.0940065791324047,0.22070445399415128,0.4132130812661881,0.023080905487514403,0.021320467894082075,-0.09162586181481888,1.0940065791324047,1.1365509253852144,0.3305983152241958,3.994006579132405,True,3.994006579132405,True,3.994006579132405,True,3.994006579132405,True,3.994006579132405,True,3.994006579132405,True,2.9,False,3.7205049343493037,3.3800122037399394,True,True,0.75,0.4387653720698921,3.994006579132405,wind_stuck_7_days,2014
1546,LYS_SW,LYS_NE,2014-06-28,2.810589,1.7,1.7,1.4146596762710588,1.4146596762710588,0.24400675648856743,0.7833699555353106,0.13364113138094974,0.10284038354400264,-0.4062861972636698,0.8065183237289408,1.1365509253852144,0.3305983152241958,3.1146596762710588,True,3.1146596762710588,True,3.1146596762710588,True,3.1146596762710588,True,3.1146596762710588,True,3.1146596762710588,True,1.7,False,2.760994757203294,2.3268922596761157,True,True,0.75,0.44313997931188553,3.1146596762710588,wind_stuck_7_days,2014
1547,LYS_SW,LYS_NE,2014-07-05,3.7658184,2.6,2.6,0.6833203776192791,0.6833203776192791,0.21632364050619668,0.7569104969450908,-0.040377773109851516,-0.04078838810248532,-0.12120791211931128,0.6833203776192791,1.1365509253852144,0.3305983152241958,3.283320377619279,True,3.283320377619279,True,3.283320377619279,True,2.6,False,2.6,False,2.6,False,2.6,False,3.112490283214459,2.8252069337420624,True,True,0.75,0.3295773711984032,3.283320377619279,wind_stuck_7_days,2014
1548,LYS_SW,LYS_NE,2014-07-06,3.769527,2.2,2.2,-0.9526432974093979,0.9526432974093979,0.14202095592083558,0.39133388091057897,-0.08727711713679541,-0.06231621422450392,-0.0012046623193976754,-0.9526432974093977,1.1365509253852144,0.3305983152241958,1.2473567025906023,True,1.2473567025906023,True,1.2473567025906023,True,2.2,False,2.2,False,2.2,False,2.2,False,1.4855175269429517,2.0484182183393056,True,True,0.75,0.15911704000112487,1.2473567025906023,wind_stuck_7_days,2014
1549,LYS_SW,LYS_NE,2014-07-14,3.7920435,1.8,1.8,1.0437822797366758,1.0437822797366758,0.2791952750069885,0.8003363798194953,0.006516645342943345,-0.03276052197607951,-0.19682281619996353,1.0437822797366758,1.1365509253852144,0.3305983152241958,2.8437822797366756,True,2.8437822797366756,True,2.8437822797366756,True,2.8437822797366756,True,2.8437822797366756,True,1.8,False,1.8,False,2.582836709802507,2.5725417263183497,True,True,0.75,0.7401368478043575,2.8437822797366756,wind_stuck_7_days,2014
1550,LYS_SW,LYS_NE,2014-07-21,7.39667025,6.2,6.2,0.08518076715453379,0.08518076715453379,0.2401326758515766,0.4735532541168235,-0.10124177766983743,-0.10500042412636808,-0.10091792570201802,0.08518076715453371,1.1365509253852144,0.3305983152241958,6.285180767154534,True,6.285180767154534,True,6.285180767154534,True,6.2,False,6.2,False,6.2,False,6.2,False,6.263885575365901,6.2,True,False,0.75,0.0,6.285180767154534,wind_stuck_7_days,2014
1551,LYS_SW,LYS_NE,2014-08-06,8.381436,8.0,8.0,1.1204422002300325,1.1204422002300325,0.30378292781871313,0.6947997176689891,-0.08779092282478781,-0.04995007973791458,-0.11850546972352614,-0.35757020023003094,1.1365509253852144,0.3305983152241958,9.120442200230032,True,9.120442200230032,True,9.120442200230032,True,8.0,False,8.0,False,8.0,False,8.0,False,8.840331650172525,8.517267737577104,True,True,0.75,0.46166391936228934,9.120442200230032,wind_stuck_7_days,2014
1552,LYS_SW,LYS_NE,2014-08-15,7.192035,6.7,6.7,0.4794897592852439,0.4794897592852439,0.24214109496813607,0.8223847006162742,-0.11226141628780965,-0.08296199530238982,-0.0633760986081477,0.4794897592852439,1.1365509253852144,0.3305983152241958,7.179489759285244,True,7.179489759285244,True,7.179489759285244,True,6.7,False,6.7,False,6.7,False,6.7,False,7.059617319463933,6.7,True,False,0.75,0.0,7.179489759285244,wind_stuck_7_days,2014
1553,LYS_SW,LYS_NE,2014-08-22,8.0754765,7.2,7.2,0.3589001510740014,0.3589001510740014,0.23041568894377817,0.8228390391213287,-0.14084053177251124,-0.1631185909192525,-0.0633760986081477,0.3589001510740014,1.1365509253852144,0.3305983152241958,7.558900151074002,True,7.558900151074002,True,7.558900151074002,True,7.2,False,7.2,False,7.2,False,7.2,False,7.469175113305501,7.2,True,False,0.75,0.0,7.558900151074002,wind_stuck_7_days,2014
1554,LYS_SW,LYS_NE,2014-08-23,7.645014,6.0,6.0,0.10340813248765372,0.10340813248765372,0.2543507633233313,0.7139777582693969,-0.038129330890347715,-0.059153673993151815,-0.08399946252321996,0.10340813248765368,1.1365509253852144,0.3305983152241958,6.103408132487654,True,6.103408132487654,True,6.103408132487654,True,6.0,False,6.0,False,6.0,False,6.0,False,6.07755609936574,6.0,True,False,0.75,0.0,6.103408132487654,wind_stuck_7_days,2014
1555,LYS_SW,LYS_NE,2014-09-08,4.638399,4.3,4.3,0.10168133041934328,0.10168133041934328,0.15165290106833038,0.4319711367490677,-0.0005585102598615492,-0.00197984346784563,0.006246402406003181,0.1016813304193433,1.1365509253852144,0.3305983152241958,4.401681330419343,True,4.401681330419343,True,4.401681330419343,True,4.3,False,4.3,False,4.3,False,4.401681330419343,True,4.376260997814507,4.401681330419343,True,True,0.75,1.0,4.401681330419343,wind_stuck_7_days,2014
1556,LYS_SW,LYS_NE,2014-09-23,4.513896,3.4,3.4,-0.04388469087770993,0.04388469087770993,0.15775266318625725,0.5171874478858618,0.009906760455188755,0.009550591667455944,0.002445541206312702,-0.043884690877709964,1.1365509253852144,0.3305983152241958,3.35611530912229,True,3.35611530912229,True,3.35611530912229,True,3.35611530912229,True,3.35611530912229,True,3.35611530912229,True,3.35611530912229,True,3.3670864818417177,3.35611530912229,True,True,0.75,1.0,3.35611530912229,wind_stuck_7_days,2014
1557,LYS_SW,LYS_NE,2014-10-01,4.235751,4.3,4.3,-0.1353835736282782,0.1353835736282782,0.17905997420003875,0.5693670514689821,-0.012078644958095006,0.0009341147038053723,0.002445541206312702,-0.006885573628277741,1.1365509253852144,0.3305983152241958,4.164616426371722,True,4.164616426371722,True,4.164616426371722,True,4.3,False,4.3,False,4.164616426371722,True,4.164616426371722,True,4.198462319778791,4.164616426371722,True,True,0.75,1.0,4.164616426371722,wind_stuck_7_days,2014
1645,MB_Pch,MB_Pch,2014-01-15,0.23427757,0.7,0.7,-0.2586257892246994,0.2586257892246994,0.10975657146245063,0.4142218048490883,0.050718849145511655,0.05280013916951629,-0.012283897400880105,0.2586257892246994,1.1365509253852144,0.3305983152241958,0.44137421077530054,True,0.44137421077530054,True,0.44137421077530054,True,0.44137421077530054,True,0.44137421077530054,True,0.44137421077530054,True,0.7,False,0.5060306580814754,0.456035829917248,True,True,0.75,0.943309523826299,0.44741320806303586,wind_stuck_7_days,2014
1646,MB_Pch,MB_Pch,2014-01-23,0.53891516,0.7,0.7,-0.1861077484389598,0.1861077484389598,0.08297899885339374,0.48185465441317354,0.030643946579732267,0.028559105954230543,-0.012283897400880105,0.1360619315610402,1.1365509253852144,0.3305983152241958,0.5138922515610401,True,0.5138922515610401,True,0.5138922515610401,True,0.5138922515610401,True,0.5138922515610401,True,0.5138922515610401,True,0.7,False,0.5604191886707801,0.5236358308901294,True,True,0.75,0.9476454934798966,0.5138922515610401,wind_stuck_7_days,2014
1647,MB_Pch,MB_Pch,2014-01-31,1.79290766,0.8,0.8,0.1711790588107779,0.1711790588107779,0.13755998726863022,0.36880363811132255,0.01511869232226161,0.011430322777225433,-0.012283897400880105,0.17117905881077788,1.1365509253852144,0.3305983152241958,0.9711790588107779,True,0.9711790588107779,True,0.9711790588107779,True,0.9711790588107779,True,0.9711790588107779,True,0.9711790588107779,True,0.8,False,0.9283842941080835,0.9711790588107779,True,True,0.75,1.0,0.9711790588107779,wind_stuck_7_days,2014
1648,MB_Pch,MB_Pch,2014-02-16,1.09133003,1.1,1.1,0.2491718632665394,0.2491718632665394,0.16964829784100452,0.5477501278703836,0.007155024645488736,0.011430322777225433,-0.016084758600570584,-0.2491718632665394,1.1365509253852144,0.3305983152241958,1.3491718632665395,True,1.3491718632665395,True,1.3491718632665395,True,1.3491718632665395,True,1.3491718632665395,True,1.3491718632665395,True,1.1,False,1.2868788974499046,1.3252147292499434,True,True,0.75,0.9038529723921149,1.3491718632665395,wind_stuck_7_days,2014
1649,MB_Pch,MB_Pch,2014-02-24,0.88742443,1.0,1.0,0.11406807731510789,0.11406807731510789,0.15868579296153576,0.5249254015103963,0.007155024645488736,0.011430322777225433,-0.016084758600570584,-0.11406807731510787,1.1365509253852144,0.3305983152241958,1.114068077315108,True,1.114068077315108,True,1.114068077315108,True,1.114068077315108,True,1.114068077315108,True,1.114068077315108,True,1.0,False,1.085551057986331,1.114068077315108,True,True,0.75,1.0,1.114068077315108,wind_stuck_7_days,2014
1650,MB_Pch,MB_Pch,2014-03-20,1.9982215,2.3,2.3,-0.24646037525477923,0.24646037525477923,0.2418939202229506,0.7852570768139998,0.04362128689055312,0.043611197718201745,-0.0154751226747077,0.24646037525477923,1.1365509253852144,0.3305983152241958,2.0535396247452207,True,2.0535396247452207,True,2.0535396247452207,True,2.0535396247452207,True,2.0535396247452207,True,2.0535396247452207,True,2.3,False,2.1151547185589155,2.104562431102798,True,True,0.75,0.7929776488215095,2.0762152922679302,wind_stuck_7_days,2014
1651,MB_Pch,MB_Pch,2014-03-28,2.01103965,2.5,2.5,-0.10937247827301237,0.10937247827301237,0.1296392334979778,0.35295223628241207,0.025192972397682867,0.028559105954230543,0.006246402406003181,0.10937247827301239,1.1365509253852144,0.3305983152241958,2.3906275217269877,True,2.3906275217269877,True,2.3906275217269877,True,2.3906275217269877,True,2.3906275217269877,True,2.3906275217269877,True,2.3906275217269877,True,2.417970641295241,2.3906275217269877,True,True,0.75,1.0,2.3906275217269877,wind_stuck_7_days,2014
1652,MB_Pch,MB_Pch,2014-04-13,2.8745925,3.3,3.3,-0.5026575158838743,0.5026575158838743,0.12407971859565035,0.43807453871256496,0.01197326271450396,0.04169265725512499,0.006246402406003181,0.34815748411612557,1.1365509253852144,0.3305983152241958,2.7973424841161254,True,2.7973424841161254,True,2.7973424841161254,True,2.7973424841161254,True,2.7973424841161254,True,2.7973424841161254,True,2.7973424841161254,True,2.9230068630870942,2.9606731105577078,True,True,0.75,0.6750657828036629,2.7973424841161254,wind_stuck_7_days,2014
1653,MB_Pch,MB_Pch,2014-04-29,5.23927448,4.4,4.4,-0.5121941208237769,0.5121941208237769,0.14532644518014506,0.5686186733199747,-0.030203283241885908,-0.012578097662851825,0.006246402406003181,-0.5121941208237768,1.1365509253852144,0.3305983152241958,3.8878058791762236,True,3.8878058791762236,True,3.8878058791762236,True,4.4,False,4.4,False,4.4,False,3.8878058791762236,True,4.015854409382167,4.082856361486258,True,True,0.75,0.6191864092537235,3.8878058791762236,wind_stuck_7_days,2014
1654,MB_Pch,MB_Pch,2014-05-07,4.41118226,4.5,4.5,-0.38821295646214105,0.38821295646214105,0.19000649383767937,0.3440747029962897,-0.011112019319367165,0.006705659313442623,0.002445541206312702,-0.21057747646214175,1.1365509253852144,0.3305983152241958,4.111787043537859,True,4.111787043537859,True,4.111787043537859,True,4.5,False,4.5,False,4.111787043537859,True,4.111787043537859,True,4.208840282653394,4.253609186503389,True,True,0.75,0.6346795216265274,4.111787043537859,wind_stuck_7_days,2014
1655,MB_Pch,MB_Pch,2014-05-15,7.48009463,6.3,6.3,0.2505793197686976,0.2505793197686976,0.24405125900875344,0.9158056222258353,-0.09625443793985983,-0.11184896750887892,-0.10091792570201802,0.25057931976869763,1.1365509253852144,0.3305983152241958,6.550579319768698,True,6.550579319768698,True,6.3,False,6.3,False,6.3,False,6.3,False,6.3,False,6.487934489826523,6.3,True,False,0.75,0.0,6.550579319768698,wind_stuck_7_days,2014
1656,MB_Pch,MB_Pch,2014-05-23,5.3190321,5.1,5.1,-0.07409788423190294,0.07409788423190294,0.15838554058870208,0.5904520266590894,-0.020643711818327096,-0.012824392573945551,0.002445541206312702,-0.07409788423190294,1.1365509253852144,0.3305983152241958,5.025902115768097,True,5.025902115768097,True,5.025902115768097,True,5.1,False,5.1,False,5.1,False,5.025902115768097,True,5.044426586826073,5.025902115768097,True,True,0.75,1.0,5.025902115768097,wind_stuck_7_days,2014
1657,MB_Pch,MB_Pch,2014-05-31,5.72624925,6.1,6.1,-0.20582383028443935,0.20582383028443935,0.22540638209682023,0.6324484461988359,-0.08396322876223085,-0.07150514332090552,-0.08399946252321996,0.20582383028443935,1.1365509253852144,0.3305983152241958,5.894176169715561,True,5.894176169715561,True,5.894176169715561,True,6.1,False,6.1,False,6.1,False,6.1,False,5.94563212728667,6.1,True,False,0.75,0.0,5.894176169715561,wind_stuck_7_days,2014
1658,MB_Pch,MB_Pch,2014-06-08,5.15444491,6.3,6.3,0.2456076385243568,0.2456076385243568,0.25614111624857344,0.9085207360853254,-0.09625443793985983,-0.11184896750887892,-0.10091792570201802,-0.24560763852435685,1.1365509253852144,0.3305983152241958,6.5456076385243565,True,6.5456076385243565,True,6.5456076385243565,True,6.3,False,6.3,False,6.3,False,6.3,False,6.484205728893268,6.3,True,False,0.75,0.0,6.523579049143322,wind_stuck_7_days,2014
1659,MB_Pch,MB_Pch,2014-06-24,9.26542678,7.3,7.3,0.1503180947222797,0.1503180947222797,0.2759383237554653,0.8609984135542661,-0.07252504924610224,-0.10517250527025161,-0.0633760986081477,0.15031809472227975,1.1365509253852144,0.3305983152241958,7.450318094722279,True,7.450318094722279,True,7.450318094722279,True,7.3,False,7.3,False,7.3,False,7.3,False,7.41273857104171,7.3,True,False,0.75,0.0,7.450318094722279,wind_stuck_7_days,2014
1660,MB_Pch,MB_Pch,2014-07-02,8.13783601,6.5,6.5,1.0957867810111956,1.0957867810111956,0.3285454553568379,0.7055904469526045,-0.14418492033986058,-0.05771886170451609,-0.15860520533545558,1.0957867810111956,1.1365509253852144,0.3305983152241958,7.595786781011196,True,7.595786781011196,True,7.595786781011196,True,6.5,False,6.5,False,6.5,False,6.5,False,7.321840085758397,6.682289869391334,True,True,0.75,0.16635523675793626,7.595786781011196,wind_stuck_7_days,2014
1661,MB_Pch,MB_Pch,2014-07-10,8.18987682,6.6,6.6,1.7003985166507356,1.7003985166507356,0.4077145270477373,0.753824344614931,0.2001229014883515,0.14157128160387128,-0.24090110097122475,1.4793551233492657,1.1365509253852144,0.3305983152241958,8.300398516650736,True,6.6,False,8.300398516650736,True,8.300398516650736,True,8.300398516650736,True,8.300398516650736,True,6.6,False,7.875298887488052,7.670366900391475,True,True,0.75,0.629480024776645,8.300398516650736,wind_stuck_7_days,2014
1662,MB_Pch,MB_Pch,2014-07-18,7.52318363,6.1,6.1,0.3427712978271912,0.3427712978271912,0.230586282515901,0.6058389312978962,-0.036665889925474704,-0.01450800543189357,-0.007054925745483016,0.3427712978271913,1.1365509253852144,0.3305983152241958,6.442771297827191,True,6.442771297827191,True,6.442771297827191,True,6.1,False,6.1,False,6.1,False,6.1,False,6.357078473370393,6.200991702132992,True,True,0.75,0.2946329018012096,6.442771297827191,wind_stuck_7_days,2014
1663,MB_Pch,MB_Pch,2014-07-26,7.79604066,6.0,6.0,1.3838488173190346,1.3838488173190346,0.35627923043919985,0.7865323626356854,0.0719882652719193,0.006644971802444713,-0.3399815169728828,1.3838488173190346,1.1365509253852144,0.3305983152241958,7.383848817319034,True,6.0,False,7.383848817319034,True,7.383848817319034,True,7.383848817319034,True,7.383848817319034,True,6.0,False,7.037886612989276,6.573590308910574,True,True,0.75,0.4144891419727518,7.383848817319034,wind_stuck_7_days,2014
1664,MB_Pch,MB_Pch,2014-09-04,4.43936963,4.8,4.8,0.15729945590221314,0.15729945590221314,0.3340026100177281,0.4889692998784465,-0.0006064672408795537,-0.010034948281192831,-0.003527434260294452,-0.15729945590221317,1.1365509253852144,0.3305983152241958,4.957299455902213,True,4.957299455902213,True,4.957299455902213,True,4.8,False,4.8,False,4.8,False,4.8,False,4.91797459192666,4.957299455902213,True,True,0.75,1.0,4.957299455902213,wind_stuck_7_days,2014
1665,MB_Pch,MB_Pch,2014-09-12,5.61142352,4.7,4.7,0.3068131437764872,0.3068131437764872,0.20941485539163787,0.5818702229064802,-0.02662607990717463,-0.009943053965967431,-0.007054925745483016,0.30681314377648716,1.1365509253852144,0.3305983152241958,5.006813143776488,True,5.006813143776488,True,5.006813143776488,True,4.7,False,4.7,False,4.7,False,4.7,False,4.930109857832366,4.872664836207547,True,True,0.75,0.5627687069799485,5.006813143776488,wind_stuck_7_days,2014
1666,MB_Pch,MB_Pch,2014-09-28,1.85144634,2.7,2.7,-0.13985763685904806,0.13985763685904806,0.1979041963289596,0.4273795029971489,0.02902965037905241,0.028559105954230543,-0.012060055726159636,0.13985763685904806,1.1365509253852144,0.3305983152241958,2.560142363140952,True,2.560142363140952,True,2.560142363140952,True,2.560142363140952,True,2.560142363140952,True,2.560142363140952,True,2.7,False,2.595106772355714,2.560142363140952,True,True,0.75,1.0,2.560142363140952,wind_stuck_7_days,2014
1667,MB_Pch,MB_Pch,2014-10-06,2.32453519,2.7,2.7,-0.14137153136831504,0.14137153136831504,0.39045726980342776,0.6777758979803303,0.07044898163400527,0.028559105954230543,-0.009390518896002082,0.14137153136831504,1.1365509253852144,0.3305983152241958,2.558628468631685,True,2.7,False,2.558628468631685,True,2.558628468631685,True,2.558628468631685,True,2.558628468631685,True,2.7,False,2.5939713514737637,2.558628468631685,True,True,0.75,1.0,2.558628468631685,wind_stuck_7_days,2014
1668,MB_Pch,MB_Pch,2014-10-14,3.66640045,3.6,3.6,-0.3537254426184048,0.3537254426184048,0.263438262153452,0.8605958833062408,0.039313454684338486,0.022757029569069723,-0.0154751226747077,-0.3537254426184048,1.1365509253852144,0.3305983152241958,3.246274557381595,True,3.246274557381595,True,3.246274557381595,True,3.246274557381595,True,3.246274557381595,True,3.246274557381595,True,3.6,False,3.3347059180361964,3.397528678427156,True,True,0.75,0.5723968286648462,3.246274557381595,wind_stuck_7_days,2014
1669,MB_Pch,MB_Pch,2014-10-22,2.77720619,2.4,2.4,-0.5591817919654888,0.5591817919654888,0.08394793381149906,0.4024090270222388,0.07149105938500616,0.08078557486312014,-0.008259194526469157,-0.5591817919654888,1.1365509253852144,0.3305983152241958,1.840818208034511,True,1.840818208034511,True,1.840818208034511,True,1.840818208034511,True,1.840818208034511,True,1.840818208034511,True,2.4,False,1.9806136560258834,1.9880879279266273,True,True,0.75,0.7366335563708677,1.840818208034511,wind_stuck_7_days,2014
1670,MB_Pch,MB_Pch,2014-10-30,2.01312845,2.3,2.3,-0.4185316228694088,0.4185316228694088,0.14628638997572233,0.4087929829970059,0.08773025451085292,0.08158542025704574,-0.008259194526469157,0.1552114771305909,1.1365509253852144,0.3305983152241958,1.8814683771305911,True,1.8814683771305911,True,1.8814683771305911,True,1.8814683771305911,True,1.8814683771305911,True,1.8814683771305911,True,2.3,False,1.9861012828479432,2.056701733008498,True,True,0.75,0.5813139406849942,1.8814683771305911,wind_stuck_7_days,2014
1671,MB_Pch,MB_Pch,2014-11-07,1.99199496,1.3,1.3,-0.2443822498973472,0.2443822498973472,0.11047381817374972,0.4074744602093562,0.03918361936749928,0.043611197718201745,-0.012283897400880105,-0.24438224989734714,1.1365509253852144,0.3305983152241958,1.055617750102653,True,1.055617750102653,True,1.055617750102653,True,1.055617750102653,True,1.055617750102653,True,1.055617750102653,True,1.3,False,1.1167133125769897,1.0768003765252734,True,True,0.75,0.9133217472565284,1.055617750102653,wind_stuck_7_days,2014
2036,SLM001,SLM001,2014-01-05,0.21700732,0.6,0.6,-0.18377490967696103,0.18377490967696103,0.09686645115670807,0.3657681450853566,0.030643946579732267,0.028559105954230543,-0.012283897400880105,0.18377490967696103,1.1365509253852144,0.3305983152241958,0.41622509032303895,True,0.41622509032303895,True,0.41622509032303895,True,0.41622509032303895,True,0.41622509032303895,True,0.41622509032303895,True,0.6,False,0.4621688177422792,0.4238630469867889,True,True,0.75,0.9584385230977616,0.41622509032303895,wind_stuck_7_days,2014
2037,SLM001,SLM001,2014-01-13,0.13699305,0.7,0.7,-0.1357303525454645,0.1357303525454645,0.12105059826684937,0.3257859675230103,0.025192972397682867,0.028559105954230543,-0.012283897400880105,0.1357303525454645,1.1365509253852144,0.3305983152241958,0.5642696474545355,True,0.5642696474545355,True,0.5642696474545355,True,0.5642696474545355,True,0.5642696474545355,True,0.5642696474545355,True,0.7,False,0.5982022355909016,0.5642696474545355,True,True,0.75,1.0,0.5642696474545355,wind_stuck_7_days,2014
2038,SLM001,SLM001,2014-01-14,0.45893443,0.6,0.6,-0.2276795838985552,0.2276795838985552,0.12197602452143627,0.37394621299347225,0.030643946579732267,0.03187361724046475,-0.012283897400880105,0.054451556101444754,1.1365509253852144,0.3305983152241958,0.3723204161014448,True,0.3723204161014448,True,0.3723204161014448,True,0.3723204161014448,True,0.3723204161014448,True,0.3723204161014448,True,0.6,False,0.4292403120760836,0.4396601509899143,True,True,0.75,0.70423463652115,0.38925721605270036,wind_stuck_7_days,2014
2039,SLM001,SLM001,2014-01-22,0.36756516,0.7,0.7,-0.25106608686758985,0.25106608686758985,0.13610782637313534,0.26428769369985305,0.03918361936749928,0.043611197718201745,-0.012283897400880105,0.25106608686758985,1.1365509253852144,0.3305983152241958,0.4489339131324101,True,0.4489339131324101,True,0.4489339131324101,True,0.4489339131324101,True,0.4489339131324101,True,0.4489339131324101,True,0.7,False,0.5117004348493075,0.4785209381325487,True,True,0.75,0.8821544344388396,0.4489339131324101,wind_stuck_7_days,2014
2040,SLM001,SLM001,2014-02-22,0.74599119,0.8,0.8,0.24542003534746146,0.24542003534746146,0.1821770698183028,0.4164997817053573,0.013504396121581753,0.011430322777225433,-0.016084758600570584,-0.24542003534746148,1.1365509253852144,0.3305983152241958,1.0454200353474614,True,1.0454200353474614,True,1.0454200353474614,True,1.0454200353474614,True,1.0454200353474614,True,1.0454200353474614,True,0.8,False,0.9840650265105961,1.0278915105870352,True,True,0.75,0.9285774499396123,1.0454200353474614,wind_stuck_7_days,2014
2041,SLM001,SLM001,2014-02-23,1.12523078,1.1,1.1,0.13446308054991823,0.13446308054991823,0.11812216494229326,0.3818561654652651,0.01511869232226161,0.011430322777225433,-0.012283897400880105,-0.08400152054991822,1.1365509253852144,0.3305983152241958,1.2344630805499184,True,1.2344630805499184,True,1.2344630805499184,True,1.2344630805499184,True,1.2344630805499184,True,1.2344630805499184,True,1.1,False,1.2008473104124389,1.2344630805499184,True,True,0.75,1.0,1.2344630805499184,wind_stuck_7_days,2014
2042,SLM001,SLM001,2014-03-18,1.90698926,2.2,2.2,-0.20027415816824007,0.20027415816824007,0.0754703653760717,0.5570345702731038,0.02031750557142586,0.028559105954230543,0.006246402406003181,0.20027415816824007,1.1365509253852144,0.3305983152241958,1.99972584183176,True,1.99972584183176,True,1.99972584183176,True,1.99972584183176,True,1.99972584183176,True,1.99972584183176,True,1.99972584183176,True,2.04979438137382,2.028982498579964,True,True,0.75,0.8539169655446671,1.99972584183176,wind_stuck_7_days,2014
2043,SLM001,SLM001,2014-04-03,2.72269112,2.2,2.2,-0.02938575665145864,0.02938575665145864,0.1579243374876263,0.5504683721845757,0.007155024645488736,0.011430322777225433,-0.012060055726159636,-0.029385756651458594,1.1365509253852144,0.3305983152241958,2.1706142433485414,True,2.1706142433485414,True,2.1706142433485414,True,2.1706142433485414,True,2.1706142433485414,True,2.1706142433485414,True,2.2,False,2.177960682511406,2.1706142433485414,True,True,0.75,1.0,2.1706142433485414,wind_stuck_7_days,2014
2044,SLM001,SLM001,2014-04-11,2.19168322,2.9,2.9,-0.3161670801938691,0.3161670801938691,0.19531487975499043,0.386818469036025,0.04492046240603428,0.05525427184674336,0.002445541206312702,0.3161670801938691,1.1365509253852144,0.3305983152241958,2.583832919806131,True,2.583832919806131,True,2.583832919806131,True,2.583832919806131,True,2.583832919806131,True,2.583832919806131,True,2.583832919806131,True,2.6628746898545983,2.6683774823203654,True,True,0.75,0.7325953022610925,2.583832919806131,wind_stuck_7_days,2014
2045,SLM001,SLM001,2014-05-05,2.74940412,3.3,3.3,-0.27825751509806934,0.27825751509806934,0.15224751304698994,0.38838435312570213,-0.004860123433481735,0.024477093694573158,0.006246402406003181,0.27825751509806934,1.1365509253852144,0.3305983152241958,3.0217424849019303,True,3.0217424849019303,True,3.0217424849019303,True,3.3,False,3.3,False,3.0217424849019303,True,3.0217424849019303,True,3.091306863676448,3.0659737010077786,True,True,0.75,0.8410421508642488,3.0217424849019303,wind_stuck_7_days,2014
2046,SLM001,SLM001,2014-05-06,3.58538612,3.5,3.5,-0.03121291020139686,0.03121291020139686,0.13089967550377501,0.4309451210450093,0.0007113467167041491,-0.00197984346784563,0.006246402406003181,-0.031212910201396854,1.1365509253852144,0.3305983152241958,3.468787089798603,True,3.468787089798603,True,3.468787089798603,True,3.468787089798603,True,3.468787089798603,True,3.5,False,3.468787089798603,True,3.4765903173489523,3.468787089798603,True,True,0.75,1.0,3.468787089798603,wind_stuck_7_days,2014
2047,SLM001,SLM001,2014-05-13,4.13616751,4.5,4.5,0.1664414059885413,0.1664414059885413,0.15523661424533364,0.4720416606859862,-0.009772803603852426,-0.012824392573945551,0.006246402406003181,-0.1664414059885413,1.1365509253852144,0.3305983152241958,4.666441405988541,True,4.666441405988541,True,4.666441405988541,True,4.5,False,4.5,False,4.5,False,4.666441405988541,True,4.6248310544914055,4.666441405988541,True,True,0.75,1.0,4.666441405988541,wind_stuck_7_days,2014
2048,SLM001,SLM001,2014-05-14,5.26787527,4.9,4.9,0.3850546741458481,0.3850546741458481,0.22756068128630522,0.6335329500360294,-0.02662607990717463,-0.009943053965967431,-0.007054925745483016,0.35069586585415163,1.1365509253852144,0.3305983152241958,5.285054674145848,True,5.285054674145848,True,5.285054674145848,True,4.9,False,4.9,False,4.9,False,4.9,False,5.188791005609387,5.057418555857975,True,True,0.75,0.408821308836649,5.285054674145848,wind_stuck_7_days,2014
2049,SLM001,SLM001,2014-05-21,2.82424505,4.0,4.0,-0.525995399313592,0.525995399313592,0.16081252597331616,0.4575709408103668,0.004703592989467208,0.013063694909222153,0.002445541206312702,0.525995399313592,1.1365509253852144,0.3305983152241958,3.474004600686408,True,3.474004600686408,True,3.474004600686408,True,3.474004600686408,True,3.474004600686408,True,3.474004600686408,True,3.474004600686408,True,3.605503450514806,3.721248538336673,True,True,0.75,0.529950379845696,3.474004600686408,wind_stuck_7_days,2014
2050,SLM001,SLM001,2014-05-22,3.72208275,4.4,4.4,-0.8572369104344786,0.8572369104344786,0.1460107883370971,0.6051127246190526,-0.07828015164719034,-0.062063903474198955,-0.002519292182958481,0.4985975895655217,1.1365509253852144,0.3305983152241958,3.542763089565522,True,3.542763089565522,True,3.542763089565522,True,4.4,False,4.4,False,4.4,False,4.4,False,3.757072317174141,4.293936973061626,True,True,0.75,0.12372662171606355,3.542763089565522,wind_stuck_7_days,2014
2051,SLM001,SLM001,2014-05-29,4.26721608,4.8,4.8,-0.6929156034095391,0.6929156034095391,0.17018805980117951,0.4706228792487982,-0.18063239077132714,-0.17043280628874818,-0.10090778198109424,0.3726522365904609,1.1365509253852144,0.3305983152241958,4.10708439659046,True,4.10708439659046,True,4.10708439659046,True,4.8,False,4.8,False,4.8,False,4.8,False,4.280313297442845,4.8,True,False,0.75,0.0,4.10708439659046,wind_stuck_7_days,2014
2052,SLM001,SLM001,2014-05-30,4.76507679,5.1,5.1,0.09651957092430628,0.09651957092430628,0.14390727108936444,0.6235880774871677,-0.01902941561764724,-0.012824392573945551,0.006246402406003181,-0.0965195709243063,1.1365509253852144,0.3305983152241958,5.1965195709243055,True,5.1965195709243055,True,5.1965195709243055,True,5.1,False,5.1,False,5.1,False,5.1965195709243055,True,5.1723896781932295,5.1965195709243055,True,True,0.75,1.0,5.1965195709243055,wind_stuck_7_days,2014
2053,SLM001,SLM001,2014-06-06,5.22182166,5.8,5.8,0.18571308800640718,0.18571308800640718,0.15674669384666756,0.4928515006658182,-0.04724332564957782,-0.04905261927781897,-0.07678353437498142,-0.18571308800640718,1.1365509253852144,0.3305983152241958,5.985713088006407,True,5.985713088006407,True,5.985713088006407,True,5.8,False,5.8,False,5.8,False,5.8,False,5.939284816004805,5.8,True,False,0.75,0.0,5.985713088006407,wind_stuck_7_days,2014
2054,SLM001,SLM001,2014-06-30,4.96021609,5.0,5.0,0.15312696312731627,0.15312696312731627,0.3218928450559075,0.4729418728799241,-0.0570438912197159,-0.0559011626603298,-0.08399946252321996,-0.15312696312731627,1.1365509253852144,0.3305983152241958,5.153126963127316,True,5.153126963127316,True,5.153126963127316,True,5.0,False,5.0,False,5.0,False,5.0,False,5.114845222345487,5.0,True,False,0.75,0.0,5.153126963127316,wind_stuck_7_days,2014
2055,SLM001,SLM001,2014-07-01,5.09746203,4.9,4.9,-0.7123453390351238,0.7123453390351238,0.1221804000159004,0.48278837062255187,-0.21999228592610556,-0.19402659976032705,-0.09710692078140376,-0.7123453390351238,1.1365509253852144,0.3305983152241958,4.187654660964877,True,4.187654660964877,True,4.187654660964877,True,4.9,False,4.9,False,4.9,False,4.9,False,4.365740995723657,4.9,True,False,0.75,0.0,4.187654660964877,wind_stuck_7_days,2014
2056,SLM001,SLM001,2014-07-09,4.89444182,5.0,5.0,-0.2588475425840738,0.2588475425840738,0.23244602953974716,0.39701499404855956,-0.03688716222857297,-0.028968957420512018,-0.016523988862705785,-0.04773118258407366,1.1365509253852144,0.3305983152241958,4.741152457415926,True,4.741152457415926,True,4.741152457415926,True,5.0,False,5.0,False,5.0,False,5.0,False,4.805864343061945,4.879094455888498,True,True,0.75,0.46709172088134543,4.741152457415926,wind_stuck_7_days,2014
2057,SLM001,SLM001,2014-07-17,4.95393703,5.0,5.0,-0.6256717766497276,0.6256717766497276,0.23632130036292218,0.35645496258370907,-0.06827487645500571,-0.04501662966093159,-0.010608644782132172,-0.5335458366497269,1.1365509253852144,0.3305983152241958,4.374328223350273,True,4.374328223350273,True,4.374328223350273,True,5.0,False,5.0,False,5.0,False,5.0,False,4.530746167512705,4.719700611070311,True,True,0.75,0.44799749547694573,4.374328223350273,wind_stuck_7_days,2014
2058,SLM001,SLM001,2014-07-24,5.16691198,4.7,4.7,-0.7324387662509111,0.7324387662509111,0.17854079167758605,0.3908687698644198,-0.19824238310577846,-0.17043280628874818,-0.10090778198109424,-0.7324387662509111,1.1365509253852144,0.3305983152241958,3.9675612337490893,True,3.9675612337490893,True,3.9675612337490893,True,4.7,False,4.7,False,4.7,False,4.7,False,4.150670925311816,4.7,True,False,0.75,0.0,3.9675612337490893,wind_stuck_7_days,2014
2059,SLM001,SLM001,2014-07-25,5.22535411,5.0,5.0,0.4905402464057126,0.4905402464057126,0.15280423956616423,0.46919032022444807,-0.07979855177553012,-0.0695166894527051,-0.07678353437498142,-0.03983202640571337,1.1365509253852144,0.3305983152241958,5.490540246405713,True,5.490540246405713,True,5.490540246405713,True,5.0,False,5.0,False,5.0,False,5.0,False,5.367905184804284,5.0,True,False,0.75,0.0,5.490540246405713,wind_stuck_7_days,2014
2060,SLM001,SLM001,2014-08-01,5.69030884,5.1,5.1,0.4496627922289532,0.4496627922289532,0.2124815452242472,0.6866080865681514,-0.08728300474306437,-0.04982446206576306,-0.08399946252321996,0.4496627922289532,1.1365509253852144,0.3305983152241958,5.549662792228953,True,5.549662792228953,True,5.549662792228953,True,5.1,False,5.1,False,5.1,False,5.1,False,5.437247094171715,5.223731581944337,True,True,0.75,0.2751652662454164,5.549662792228953,wind_stuck_7_days,2014
2061,SLM001,SLM001,2014-08-02,5.51319541,5.9,5.9,0.010115044195876282,0.010115044195876282,0.10736723088840494,0.45952728494352507,-0.054197146568485954,-0.06600221737566264,-0.07678353437498142,-0.010115044195876277,1.1365509253852144,0.3305983152241958,5.9101150441958765,True,5.9101150441958765,True,5.9101150441958765,True,5.9,False,5.9,False,5.9,False,5.9,False,5.907586283146908,5.9,True,False,0.75,0.0,5.9101150441958765,wind_stuck_7_days,2014
2062,SLM001,SLM001,2014-08-09,5.49457701,4.3,4.3,-1.0875135923669004,1.0875135923669004,0.2299632321767783,0.4174714361484549,-0.2254051883217692,-0.13402700466757855,-0.0470278703130459,-1.0875135923669004,1.1365509253852144,0.3305983152241958,3.2124864076330995,True,3.2124864076330995,True,3.2124864076330995,True,4.3,False,4.3,False,4.3,False,4.3,False,3.4843648057248244,4.15727244421903,True,True,0.75,0.13124208909456742,3.2124864076330995,wind_stuck_7_days,2014
2063,SLM001,SLM001,2014-08-10,3.6838629,4.6,4.6,-0.9942800527665152,0.9942800527665152,0.20441610700939433,0.4070573304912101,-0.23342578797583302,-0.1337464458616693,-0.0470278703130459,0.8379941472334844,1.1365509253852144,0.3305983152241958,3.605719947233484,True,3.605719947233484,True,3.605719947233484,True,4.6,False,4.6,False,4.6,False,4.6,False,3.8542899604251133,4.4418619747970665,True,True,0.75,0.15904777005525234,3.605719947233484,wind_stuck_7_days,2014
2064,SLM001,SLM001,2014-08-17,4.64737107,4.5,4.5,-0.5630312574337142,0.5630312574337142,0.2181192470876616,0.27931349681986545,-0.029812937214865408,-0.012578097662851825,-0.010608644782132172,-0.5630312574337142,1.1365509253852144,0.3305983152241958,3.936968742566286,True,3.936968742566286,True,3.936968742566286,True,4.5,False,4.5,False,4.5,False,4.5,False,4.0777265569247145,4.178517334241251,True,True,0.75,0.5709854675281459,3.936968742566286,wind_stuck_7_days,2014
2065,SLM001,SLM001,2014-08-18,4.65674675,4.6,4.6,-0.6672151841103272,0.6672151841103272,0.18238049716594276,0.3211976469990958,-0.0767572928955984,-0.04985999627191359,0.002445541206312702,-0.6672151841103272,1.1365509253852144,0.3305983152241958,3.9327848158896725,True,3.9327848158896725,True,3.9327848158896725,True,4.6,False,4.6,False,4.6,False,3.9327848158896725,True,4.099588611917254,4.379664690076829,True,True,0.75,0.33023125847618234,3.9327848158896725,wind_stuck_7_days,2014
2066,SLM001,SLM001,2014-08-25,2.57630096,4.3,4.3,-0.5828360293911323,0.5828360293911323,0.08842650527508958,0.3461963116489969,-0.025535057256198923,-0.00046220431073810964,0.006246402406003181,0.5828360293911323,1.1365509253852144,0.3305983152241958,3.7171639706088673,True,3.7171639706088673,True,3.7171639706088673,True,4.3,False,4.3,False,4.3,False,3.7171639706088673,True,3.8628729779566506,4.035060358883651,True,True,0.75,0.4545697722104124,3.7171639706088673,wind_stuck_7_days,2014
2067,SLM001,SLM001,2014-08-26,2.98662265,4.5,4.5,-0.6961363946907324,0.6961363946907324,0.18013041682913128,0.3470291000830795,-0.06872060914559386,-0.032273308513186806,0.002445541206312702,0.6961363946907324,1.1365509253852144,0.3305983152241958,3.8038636053092674,True,3.8038636053092674,True,3.8038636053092674,True,4.5,False,4.5,False,4.5,False,3.8038636053092674,True,3.9778977039819505,4.287105681898564,True,True,0.75,0.30582270906266534,3.8038636053092674,wind_stuck_7_days,2014
2068,SLM001,SLM001,2014-09-02,2.0641718,3.6,3.6,-0.8828128953102574,0.8828128953102574,0.22683977730354926,0.4149455955922788,-0.23642899619200033,-0.13990941675849014,-0.019374339371093827,0.8828128953102574,1.1365509253852144,0.3305983152241958,2.7171871046897427,True,2.7171871046897427,True,2.7171871046897427,True,3.6,False,3.6,False,3.6,False,3.6,False,2.937890328517307,3.4517136323439654,True,True,0.75,0.16797032354621486,2.7171871046897427,wind_stuck_7_days,2014
2069,SLM001,SLM001,2014-09-03,1.89386637,3.4,3.4,-0.8605075277228872,0.8605075277228872,0.15823988794845734,0.43245592156220464,-0.05469483786776438,-0.05064018661229302,-0.0063201533826489605,0.8605075277228872,1.1365509253852144,0.3305983152241958,2.5394924722771126,True,2.5394924722771126,True,2.5394924722771126,True,3.4,False,3.4,False,3.4,False,3.4,False,2.7546193542078345,3.2876631704279426,True,True,0.75,0.13054717820926878,2.5394924722771126,wind_stuck_7_days,2014
2070,SLM001,SLM001,2014-09-18,2.74632623,2.5,2.5,-0.30300233727580317,0.30300233727580317,0.2299457648776508,0.39419398438309994,0.04492046240603428,0.05525427184674336,-0.0009695257422353634,-0.30300233727580317,1.1365509253852144,0.3305983152241958,2.196997662724197,True,2.196997662724197,True,2.196997662724197,True,2.196997662724197,True,2.196997662724197,True,2.196997662724197,True,2.5,False,2.2727482470431477,2.2537202864800596,True,True,0.75,0.8127980653026056,2.196997662724197,wind_stuck_7_days,2014
2071,SLM001,SLM001,2014-09-19,1.98351836,3.5,3.5,-0.3704017692049154,0.3704017692049154,0.10917751809012378,0.4153550904196515,0.0369983507078979,0.05663994134295701,0.006246402406003181,0.3704017692049153,1.1365509253852144,0.3305983152241958,3.1295982307950845,True,3.1295982307950845,True,3.1295982307950845,True,3.1295982307950845,True,3.1295982307950845,True,3.1295982307950845,True,3.1295982307950845,True,3.2221986730963135,3.2383840107634363,True,True,0.75,0.7063032927681058,3.1295982307950845,wind_stuck_7_days,2014
2072,SLM001,SLM001,2014-10-04,2.60001197,2.8,2.8,-0.26650626903462976,0.26650626903462976,0.3375088364045159,0.7066238896594221,0.03993443188492475,0.04977300769906582,-0.003527434260294452,0.13346979096536954,1.1365509253852144,0.3305983152241958,2.53349373096537,True,2.53349373096537,True,2.53349373096537,True,2.53349373096537,True,2.53349373096537,True,2.53349373096537,True,2.8,False,2.6001202982240277,2.5507732103291607,True,True,0.75,0.9351629534780457,2.53349373096537,wind_stuck_7_days,2014
2073,SLM001,SLM001,2014-10-05,2.47560319,2.9,2.9,-0.25063057041052905,0.25063057041052905,0.32947207713688464,0.7158641928573921,0.049571955655244804,0.043611197718201745,-0.003527434260294452,0.25063057041052905,1.1365509253852144,0.3305983152241958,2.6493694295894707,True,2.6493694295894707,True,2.6493694295894707,True,2.6493694295894707,True,2.6493694295894707,True,2.6493694295894707,True,2.9,False,2.712027072192103,2.701255559553065,True,True,0.75,0.7929776488215095,2.6493694295894707,wind_stuck_7_days,2014
2074,SLM001,SLM001,2014-10-12,1.65798987,2.8,2.8,-0.6178337019356747,0.6178337019356747,0.1290614357103412,0.465326864524763,0.0521540973361131,0.07843331250859022,0.006246402406003181,0.6178337019356747,1.1365509253852144,0.3305983152241958,2.1821662980643253,True,2.1821662980643253,True,2.1821662980643253,True,2.1821662980643253,True,2.1821662980643253,True,2.1821662980643253,True,2.1821662980643253,True,2.336624723548244,2.4785679915690535,True,True,0.75,0.5202565146962669,2.1821662980643253,wind_stuck_7_days,2014
2075,SLM001,SLM001,2014-10-13,1.48655867,2.1,2.1,-0.46080518761224265,0.46080518761224265,0.22453176440553857,0.44069818315272025,0.09633094021181533,0.10559058760117751,-0.004994228616646318,0.46080518761224265,1.1365509253852144,0.3305983152241958,1.6391948123877573,True,1.6391948123877573,True,1.6391948123877573,True,1.6391948123877573,True,1.6391948123877573,True,1.6391948123877573,True,2.1,False,1.754396109290818,1.6391948123877573,True,True,0.75,1.0,1.6391948123877573,wind_stuck_7_days,2014
2076,SLM001,SLM001,2014-10-20,0.7619812,1.3,1.3,-0.015086463264107109,0.015086463264107109,0.10113996502948888,0.44352034793638595,0.01511869232226161,0.011430322777225433,-0.012283897400880105,0.01508646326410712,1.1365509253852144,0.3305983152241958,1.284913536735893,True,1.284913536735893,True,1.284913536735893,True,1.284913536735893,True,1.284913536735893,True,1.284913536735893,True,1.3,False,1.2886851525519196,1.284913536735893,True,True,0.75,1.0,1.284913536735893,wind_stuck_7_days,2014
2077,SLM001,SLM001,2014-10-28,0.48033331,1.6,1.6,-0.509136991576369,0.509136991576369,0.07900789424673134,0.3311522958867993,0.07149105938500616,0.07749415432178978,-0.012283897400880105,0.509136991576369,1.1365509253852144,0.3305983152241958,1.090863008423631,True,1.090863008423631,True,1.090863008423631,True,1.090863008423631,True,1.090863008423631,True,1.090863008423631,True,1.6,False,1.2181472563177234,1.1963147227302033,True,True,0.75,0.7928814522392548,1.090863008423631,wind_stuck_7_days,2014
2078,SLM001,SLM001,2014-11-05,0.81362153,0.9,0.9,-0.3095503779044317,0.3095503779044317,0.1487462934338926,0.34430092025087766,0.042095689730403084,0.05280013916951629,-0.012283897400880105,-0.13679343790443171,1.1365509253852144,0.3305983152241958,0.5904496220955684,True,0.5904496220955684,True,0.5904496220955684,True,0.5904496220955684,True,0.5904496220955684,True,0.5904496220955684,True,0.9,False,0.6678372165716763,0.6420846473381601,True,True,0.75,0.8331934672729325,0.5904496220955684,wind_stuck_7_days,2014
2079,SLM001,SLM001,2014-11-06,0.91015627,1.0,1.0,-0.298800597046642,0.298800597046642,0.09646660903732523,0.35886413752162205,0.050718849145511655,0.05280013916951629,-0.012283897400880105,-0.119113137046642,1.1365509253852144,0.3305983152241958,0.7011994029533579,True,0.7011994029533579,True,0.7011994029533579,True,0.7011994029533579,True,0.7011994029533579,True,0.7011994029533579,True,1.0,False,0.7758995522150185,0.7349581392967979,True,True,0.75,0.8870191804263019,0.7011994029533579,wind_stuck_7_days,2014
2839,US-ADR,US-ADR,2014-01-01,0.09132199,0.2,0.2,-0.03630115393961658,0.03630115393961658,0.11693195159089725,0.35821693167335933,0.012517771494700018,0.010535594434976628,-0.012283897400880105,0.03630115393961658,1.1365509253852144,0.3305983152241958,0.16369884606038343,True,0.16369884606038343,True,0.16369884606038343,True,0.16369884606038343,True,0.16369884606038343,True,0.16369884606038343,True,0.2,False,0.17277413454528756,0.16369884606038343,True,True,0.75,1.0,0.16369884606038343,wind_stuck_7_days,2014
2840,US-ADR,US-ADR,2014-01-08,0.03712897,0.2,0.2,-0.024867963698781085,0.024867963698781085,0.1397954576381791,0.4183658406771822,0.012517771494700018,0.010535594434976628,-0.012283897400880105,0.02486796369878108,1.1365509253852144,0.3305983152241958,0.17513203630121893,True,0.17513203630121893,True,0.17513203630121893,True,0.17513203630121893,True,0.17513203630121893,True,0.17513203630121893,True,0.2,False,0.1813490272259142,0.17513203630121893,True,True,0.75,1.0,0.17513203630121893,wind_stuck_7_days,2014
2841,US-ADR,US-ADR,2014-01-16,0.14238241,0.2,0.2,0.08212955929804192,0.08212955929804192,0.09243327662797328,0.37193699593641577,0.012517771494700018,0.010535594434976628,-0.012283897400880105,-0.08212955929804192,1.1365509253852144,0.3305983152241958,0.28212955929804195,True,0.28212955929804195,True,0.28212955929804195,True,0.28212955929804195,True,0.28212955929804195,True,0.28212955929804195,True,0.2,False,0.26159716947353145,0.28212955929804195,True,True,0.75,1.0,0.28212955929804195,wind_stuck_7_days,2014
2842,US-ADR,US-ADR,2014-01-17,0.03564677,0.1,0.1,0.040139732522593764,0.040139732522593764,0.09281415488810536,0.3177278901046491,0.012517771494700018,0.010535594434976628,-0.012283897400880105,-0.04013973252259376,1.1365509253852144,0.3305983152241958,0.14013973252259376,True,0.14013973252259376,True,0.14013973252259376,True,0.14013973252259376,True,0.14013973252259376,True,0.14013973252259376,True,0.1,False,0.13010479939194533,0.14013973252259376,True,True,0.75,1.0,0.14013973252259376,wind_stuck_7_days,2014
2843,US-ADR,US-ADR,2014-02-01,0.03797042,0.1,0.1,0.23715889033861542,0.23715889033861542,0.10300385049904895,0.3839499928103407,0.03602154221846867,0.03465768144152551,-0.012283897400880105,-0.23715889033861545,1.1365509253852144,0.3305983152241958,0.33715889033861546,True,0.33715889033861546,True,0.33715889033861546,True,0.33715889033861546,True,0.33715889033861546,True,0.33715889033861546,True,0.1,False,0.27786916775396153,0.33715889033861546,True,True,0.75,1.0,0.33715889033861546,wind_stuck_7_days,2014
2844,US-ADR,US-ADR,2014-02-25,0.24396427,0.1,0.1,0.2578010825162437,0.2578010825162437,0.167347996218101,0.4922808391838058,0.06223817853330203,0.06339786849835082,-0.016084758600570584,0.030127457483756337,1.1365509253852144,0.3305983152241958,0.35780108251624365,True,0.35780108251624365,True,0.35780108251624365,True,0.35780108251624365,True,0.35780108251624365,True,0.35780108251624365,True,0.1,False,0.29335081188718276,0.35780108251624365,True,True,0.75,1.0,0.35780108251624365,wind_stuck_7_days,2014
2845,US-ADR,US-ADR,2014-03-13,0.27565733,0.2,0.2,0.2766718841255418,0.2766718841255418,0.14912943910750334,0.3692047631902455,0.061871631065909545,0.06585200117557788,0.0022216995315922283,-0.12535722412554184,1.1365509253852144,0.3305983152241958,0.4766718841255418,True,0.4766718841255418,True,0.4766718841255418,True,0.4766718841255418,True,0.4766718841255418,True,0.4766718841255418,True,0.4766718841255418,True,0.40750391309415634,0.4766718841255418,True,True,0.75,1.0,0.4766718841255418,wind_stuck_7_days,2014
2846,US-ADR,US-ADR,2014-03-14,0.30515004,0.7,0.7,-0.09586446297385612,0.09586446297385612,0.14427400467442716,0.4476398216537656,0.018474180515174594,0.021285981703575832,0.0022216995315922283,0.09586446297385609,1.1365509253852144,0.3305983152241958,0.6041355370261439,True,0.6041355370261439,True,0.6041355370261439,True,0.6041355370261439,True,0.6041355370261439,True,0.6041355370261439,True,0.6041355370261439,True,0.6281016527696078,0.6041355370261439,True,True,0.75,1.0,0.6041355370261439,wind_stuck_7_days,2014
2847,US-ADR,US-ADR,2014-03-21,0.22426575,0.1,0.1,0.26088203435287954,0.26088203435287954,0.1552615484595606,0.48486615416486895,0.06620904431441024,0.06585200117557788,-0.012283897400880105,-0.012350534352879527,1.1365509253852144,0.3305983152241958,0.3608820343528796,True,0.3608820343528796,True,0.3608820343528796,True,0.3608820343528796,True,0.3608820343528796,True,0.3608820343528796,True,0.1,False,0.29566152576465965,0.3608820343528796,True,True,0.75,1.0,0.3608820343528796,wind_stuck_7_days,2014
2848,US-ADR,US-ADR,2014-03-22,0.02542126,0.2,0.2,0.3585090405651914,0.3585090405651914,0.14640643882752932,0.27896956747892554,0.07722256453444754,0.06585200117557788,-0.0038637004716554216,-0.35850904056519145,1.1365509253852144,0.3305983152241958,0.5585090405651914,True,0.5585090405651914,True,0.5585090405651914,True,0.5585090405651914,True,0.5585090405651914,True,0.5585090405651914,True,0.2,False,0.46888178042389356,0.42935429686379534,True,True,0.75,0.6397448067201237,0.5585090405651914,wind_stuck_7_days,2014
2849,US-ADR,US-ADR,2014-03-30,0.54983833,0.5,0.5,0.2835199139011576,0.2835199139011576,0.1243520185672214,0.44964879869360025,0.03062478788138219,0.023073396905767044,-0.0038637004716554216,-0.18384325390115752,1.1365509253852144,0.3305983152241958,0.7835199139011576,True,0.7835199139011576,True,0.7835199139011576,True,0.7835199139011576,True,0.7835199139011576,True,0.7835199139011576,True,0.5,False,0.7126399354258682,0.7769372519528716,True,True,0.75,0.9767823647457056,0.7835199139011576,wind_stuck_7_days,2014
2850,US-ADR,US-ADR,2014-04-06,0.03002666,0.8,0.8,0.03982564929493052,0.03982564929493052,0.10254994670198772,0.3448494647772518,0.015985683109118243,0.013410028522380093,0.0022216995315922283,-0.03982564929493049,1.1365509253852144,0.3305983152241958,0.8398256492949305,True,0.8398256492949305,True,0.8398256492949305,True,0.8398256492949305,True,0.8398256492949305,True,0.8398256492949305,True,0.8398256492949305,True,0.829869236971198,0.8398256492949305,True,True,0.75,1.0,0.8398256492949305,wind_stuck_7_days,2014
2851,US-ADR,US-ADR,2014-04-07,0.49240625,0.1,0.1,0.42768422541473133,0.42768422541473133,0.16382901620043352,0.40639857501422194,0.1586852479832657,0.1722915704507495,-0.007664561671345901,0.3571282745852686,1.1365509253852144,0.3305983152241958,0.5276842254147314,True,0.5276842254147314,True,0.5276842254147314,True,0.5276842254147314,True,0.5276842254147314,True,0.5276842254147314,True,0.1,False,0.4207631690610485,0.4218693015920898,True,True,0.75,0.7525863299727004,0.5276842254147314,wind_stuck_7_days,2014
2852,US-ADR,US-ADR,2014-04-14,0.26373416,0.1,0.1,0.5141853705746625,0.5141853705746625,0.15446100215268413,0.2764593645327483,0.17706423895292392,0.1974864653738617,-0.0038880385124936802,-0.18671705057466256,1.1365509253852144,0.3305983152241958,0.6141853705746625,True,0.6141853705746625,True,0.6141853705746625,True,0.6141853705746625,True,0.6141853705746625,True,0.6141853705746625,True,0.1,False,0.4856390279309969,0.5918162376571865,True,True,0.75,0.956495975580799,0.6141853705746625,wind_stuck_7_days,2014
2853,US-ADR,US-ADR,2014-04-23,0.12874795,0.7,0.7,0.27167531926544874,0.27167531926544874,0.08179780679391539,0.30251382336901306,0.03149177866823882,0.019952851799405674,0.0022216995315922283,-0.27167531926544874,1.1365509253852144,0.3305983152241958,0.9716753192654487,True,0.9716753192654487,True,0.9716753192654487,True,0.9716753192654487,True,0.9716753192654487,True,0.9716753192654487,True,0.9716753192654487,True,0.9037564894490865,0.9489172111847237,True,True,0.75,0.9162304910793588,0.9716753192654487,wind_stuck_7_days,2014
2854,US-ADR,US-ADR,2014-05-01,0.56676583,0.0,0.0,0.4062736325128971,0.4062736325128971,0.17846970620796057,0.347814427398974,0.15011201670785332,0.14422048941236554,-0.023219024791816322,0.4062736325128971,1.1365509253852144,0.3305983152241958,0.4062736325128971,True,0.4062736325128971,True,0.4062736325128971,True,0.4062736325128971,True,0.4062736325128971,True,0.4062736325128971,True,0.0,False,0.30470522438467285,0.305233951836995,True,True,0.75,0.7513014072536577,0.4062736325128971,wind_stuck_7_days,2014
2855,US-ADR,US-ADR,2014-05-08,1.47579658,0.0,0.0,0.6723025513935589,0.6723025513935589,0.1561105966288362,0.5435514824349597,0.22401520270049138,0.2527006202823384,-0.0038880385124936802,0.6723025513935589,1.1365509253852144,0.3305983152241958,0.6723025513935589,True,0.6723025513935589,True,0.6723025513935589,True,0.6723025513935589,True,0.6723025513935589,True,0.6723025513935589,True,0.0,False,0.5042269135451691,0.4265920175913886,True,True,0.75,0.6345238712944674,0.6723025513935589,wind_stuck_7_days,2014
2856,US-ADR,US-ADR,2014-05-09,0.91275932,0.0,0.0,0.7609356496425611,0.7609356496425611,0.1959692669251607,0.3760636835782719,0.3448063556498062,0.38555406422864485,-0.00768889971218416,0.7609356496425611,1.1365509253852144,0.3305983152241958,0.7609356496425611,True,0.7609356496425611,True,0.7609356496425611,True,0.7609356496425611,True,0.7609356496425611,True,0.7609356496425611,True,0.0,False,0.5707017372319209,0.7609356496425611,True,True,0.75,1.0,0.7609356496425611,wind_stuck_7_days,2014
2857,US-ADR,US-ADR,2014-05-24,0.06004076,0.0,0.0,0.5445380997494051,0.5445380997494051,0.23458756041825238,0.547360632025411,0.22424622689991927,0.23993892782271464,-0.03340312836588232,-0.4244565797494051,1.1365509253852144,0.3305983152241958,0.5445380997494051,True,0.5445380997494051,True,0.5445380997494051,True,0.5445380997494051,True,0.5445380997494051,True,0.5445380997494051,True,0.0,False,0.40840357481205386,0.5224731190430463,True,True,0.75,0.9594794547589726,0.5445380997494051,wind_stuck_7_days,2014
2858,US-ADR,US-ADR,2014-05-25,-0.11895353,0.2,0.2,0.2648405735433005,0.2648405735433005,0.24790437431856172,0.5099128464294994,0.061204148519321724,0.05493673829614387,-0.004994228616646318,-0.2648405735433005,1.1365509253852144,0.3305983152241958,0.4648405735433005,True,0.4648405735433005,True,0.4648405735433005,True,0.4648405735433005,True,0.4648405735433005,True,0.4648405735433005,True,0.2,False,0.39863043015747535,0.4648405735433005,True,True,0.75,1.0,0.4648405735433005,wind_stuck_7_days,2014
2859,US-ADR,US-ADR,2014-06-01,0.08071681,0.0,0.0,0.25668359548340663,0.25668359548340663,0.2005737026570472,0.382537553780774,0.1073116406171261,0.11566425973004212,-0.08460909844908286,-0.09524997548340663,1.1365509253852144,0.3305983152241958,0.25668359548340663,True,0.25668359548340663,True,0.25668359548340663,True,0.25668359548340663,True,0.25668359548340663,True,0.25668359548340663,True,0.0,False,0.192512696612555,0.25668359548340663,True,True,0.75,1.0,0.25668359548340663,wind_stuck_7_days,2014
2860,US-ADR,US-ADR,2014-06-02,-0.04840709,0.0,0.0,0.13289616951978075,0.13289616951978075,0.21348397318123352,0.3841650088876136,0.049613531074523626,0.0524069898789558,-0.08802416539763093,-0.13289616951978078,1.1365509253852144,0.3305983152241958,0.13289616951978075,True,0.13289616951978075,True,0.13289616951978075,True,0.13289616951978075,True,0.13289616951978075,True,0.13289616951978075,True,0.0,False,0.09967212713983556,0.052848553170400464,True,True,0.75,0.3976679942045605,0.13289616951978075,wind_stuck_7_days,2014
2861,US-ADR,US-ADR,2014-06-09,0.22286983,0.0,0.0,-0.05898299203078693,0.05898299203078693,0.29449520306150095,0.5116063495799408,0.03567906920958536,0.04222443126514857,-0.08802416539763093,-0.05898299203078694,1.1365509253852144,0.3305983152241958,-0.05898299203078693,True,-0.05898299203078693,True,-0.05898299203078693,True,-0.05898299203078693,True,-0.05898299203078693,True,-0.05898299203078693,True,0.0,False,-0.04423724402309019,-0.043585539582583065,True,True,0.75,0.738950976916075,-0.1373234953199996,wind_stuck_7_days,2014
2862,US-ADR,US-ADR,2014-06-10,0.22622828,0.0,0.0,0.012087701082157135,0.012087701082157135,0.2606115663784441,0.48849234196321395,0.049613531074523626,0.0524069898789558,-0.08802416539763093,0.01208770108215712,1.1365509253852144,0.3305983152241958,0.012087701082157135,True,0.012087701082157135,True,0.012087701082157135,True,0.012087701082157135,True,0.012087701082157135,True,0.012087701082157135,True,0.0,False,0.009065775811617851,0.008932218523329512,True,True,0.75,0.738950976916075,-0.03629837361167241,wind_stuck_7_days,2014
2863,US-ADR,US-ADR,2014-06-17,0.14180804,0.0,0.0,0.39289578171554007,0.39289578171554007,0.14703398955294994,0.42518333513807044,0.10730946089984249,0.10772339661955706,-0.08080823724939237,-0.10927970171554005,1.1365509253852144,0.3305983152241958,0.39289578171554007,True,0.39289578171554007,True,0.39289578171554007,True,0.39289578171554007,True,0.39289578171554007,True,0.39289578171554007,True,0.0,False,0.29467183628665505,0.19576911132724487,True,True,0.75,0.49827236747729553,0.39289578171554007,wind_stuck_7_days,2014
2864,US-ADR,US-ADR,2014-06-18,0.12113964,0.1,0.1,0.47629629178896193,0.47629629178896193,0.12112754621298434,0.4297979209012235,0.18494138421869655,0.20475903342094606,-0.031897584431499586,-0.4340170117889619,1.1365509253852144,0.3305983152241958,0.5762962917889619,True,0.5762962917889619,True,0.5762962917889619,True,0.5762962917889619,True,0.5762962917889619,True,0.5762962917889619,True,0.1,False,0.45722221884172143,0.5762962917889619,True,True,0.75,1.0,0.5762962917889619,wind_stuck_7_days,2014
2865,US-ADR,US-ADR,2014-06-25,0.02027449,0.0,0.0,0.20038202872836255,0.20038202872836255,0.24887597977406253,0.3737403894116079,0.05753717853516376,0.060347852989440856,-0.08802416539763093,-0.15983304872836254,1.1365509253852144,0.3305983152241958,0.20038202872836255,True,0.20038202872836255,True,0.20038202872836255,True,0.20038202872836255,True,0.20038202872836255,True,0.20038202872836255,True,0.0,False,0.15028652154627192,0.20038202872836255,True,True,0.75,1.0,0.19910694685897118,wind_stuck_7_days,2014
2866,US-ADR,US-ADR,2014-07-03,0.03728033,0.0,0.0,-0.05836552869329119,0.05836552869329119,0.2123827712186356,0.700326093346287,0.0466854678307856,0.04222443126514857,-0.08802416539763093,-0.05836552869329119,1.1365509253852144,0.3305983152241958,-0.05836552869329119,True,-0.05836552869329119,True,-0.05836552869329119,True,-0.05836552869329119,True,-0.05836552869329119,True,-0.05836552869329119,True,0.0,False,-0.04377414651996839,0.0,True,False,0.75,0.0,0.04402823773234499,wind_stuck_7_days,2014
2867,US-ADR,US-ADR,2014-07-04,0.0687163,0.5,0.5,-0.27633537103542716,0.27633537103542716,0.19278969956686748,0.38995803162265447,0.008793946099427553,0.016629758983769838,-0.08460909844908286,0.27633537103542716,1.1365509253852144,0.3305983152241958,0.22366462896457284,True,0.22366462896457284,True,0.22366462896457284,True,0.22366462896457284,True,0.22366462896457284,True,0.22366462896457284,True,0.5,False,0.29274847172342966,0.26557161310168,True,True,0.75,0.8483473759436517,0.12006859506514944,wind_stuck_7_days,2014
2868,US-ADR,US-ADR,2014-07-11,0.32205052,0.1,0.1,0.21969830322684164,0.21969830322684164,0.18474471432119002,0.4418245970994782,0.02491072129746773,0.02115482046257827,-0.08460909844908286,0.21969830322684164,1.1365509253852144,0.3305983152241958,0.3196983032268417,True,0.3196983032268417,True,0.3196983032268417,True,0.3196983032268417,True,0.3196983032268417,True,0.3196983032268417,True,0.1,False,0.2647737274201313,0.13979873617264646,True,True,0.75,0.18115176853029075,0.3196983032268417,wind_stuck_7_days,2014
2869,US-ADR,US-ADR,2014-07-12,0.25256491,0.3,0.3,0.16054148979050614,0.16054148979050614,0.23455543167540466,0.4176078660259749,0.015599491193570049,0.01548286188158305,-0.033028112576490486,-0.16054148979050614,1.1365509253852144,0.3305983152241958,0.46054148979050613,True,0.46054148979050613,True,0.46054148979050613,True,0.46054148979050613,True,0.46054148979050613,True,0.46054148979050613,True,0.3,False,0.4204061173428796,0.46054148979050613,True,True,0.75,1.0,0.46054148979050613,wind_stuck_7_days,2014
2870,US-ADR,US-ADR,2014-07-20,0.06868417,0.0,0.0,0.7635984334175309,0.7635984334175309,0.21834619312455686,0.4563176704176353,0.3754846372657709,0.384635624140432,-0.10228856515666968,-0.6262300934175308,1.1365509253852144,0.3305983152241958,0.7635984334175309,True,0.7635984334175309,True,0.7635984334175309,True,0.7635984334175309,True,0.7635984334175309,True,0.7635984334175309,True,0.0,False,0.5726988250631482,0.7635984334175309,True,True,0.75,1.0,0.7635984334175309,wind_stuck_7_days,2014
2871,US-ADR,US-ADR,2014-08-21,-0.00936761,0.0,0.0,0.3587524618547517,0.3587524618547517,0.17926372539817279,0.455505492811257,0.12222155405553799,0.11379360681339983,-0.007664561671345901,-0.3587524618547517,1.1365509253852144,0.3305983152241958,0.3587524618547517,True,0.3587524618547517,True,0.3587524618547517,True,0.3587524618547517,True,0.3587524618547517,True,0.3587524618547517,True,0.0,False,0.26906434639106375,0.22951002436963666,True,True,0.75,0.6397448067201237,0.3587524618547517,wind_stuck_7_days,2014
2872,US-ADR,US-ADR,2014-08-28,-0.06372537,0.0,0.0,0.19369970793595112,0.19369970793595112,0.25949527078372137,0.6734163416022346,0.06917335418033944,0.061266644365551286,-0.004994228616646318,-0.19369970793595115,1.1365509253852144,0.3305983152241958,0.19369970793595112,True,0.19369970793595112,True,0.19369970793595112,True,0.19369970793595112,True,0.19369970793595112,True,0.19369970793595112,True,0.0,False,0.14527478095196333,0.17149850001449196,True,True,0.75,0.8853833691437458,0.19369970793595112,wind_stuck_7_days,2014
2873,US-ADR,US-ADR,2014-08-29,0.09084254,0.3,0.3,-0.006839279440233201,0.006839279440233201,0.21272075630493414,0.4455771375584594,0.013953126785624069,0.010620584229627378,-0.004994228616646318,0.006839279440233187,1.1365509253852144,0.3305983152241958,0.2931607205597668,True,0.2931607205597668,True,0.2931607205597668,True,0.2931607205597668,True,0.2931607205597668,True,0.2931607205597668,True,0.3,False,0.2948705404198251,0.2931607205597668,True,True,0.75,1.0,0.2931607205597668,wind_stuck_7_days,2014
2874,US-ADR,US-ADR,2014-09-05,0.00408671,0.0,0.0,0.19988458928907177,0.19988458928907177,0.26084109176956694,0.6347533765170178,0.04871199292860606,0.060347852989440856,-0.08802416539763093,-0.19171116928907178,1.1365509253852144,0.3305983152241958,0.19988458928907177,True,0.19988458928907177,True,0.19988458928907177,True,0.19988458928907177,True,0.19988458928907177,True,0.19988458928907177,True,0.0,False,0.14991344196680384,0.19988458928907177,True,True,0.75,1.0,0.19988458928907177,wind_stuck_7_days,2014
2875,US-ADR,US-ADR,2014-09-06,-0.07516748,0.0,0.0,0.11904548022544607,0.11904548022544607,0.16078019105830596,0.5051279235139671,0.056645975791570234,0.05943059102536591,-0.017133624788568672,-0.11904548022544607,1.1365509253852144,0.3305983152241958,0.11904548022544607,True,0.11904548022544607,True,0.11904548022544607,True,0.11904548022544607,True,0.11904548022544607,True,0.11904548022544607,True,0.0,False,0.08928411016908455,0.11904548022544607,True,True,0.75,1.0,0.11904548022544607,wind_stuck_7_days,2014
2876,US-ADR,US-ADR,2014-09-13,0.01117317,0.0,0.0,0.09896850918644251,0.09896850918644251,0.2497813047526774,0.4323092978385107,0.060563400762193444,0.061266644365551286,-0.004994228616646318,-0.07662216918644252,1.1365509253852144,0.3305983152241958,0.09896850918644251,True,0.09896850918644251,True,0.09896850918644251,True,0.09896850918644251,True,0.09896850918644251,True,0.09896850918644251,True,0.0,False,0.07422638188983188,0.09896850918644251,True,True,0.75,1.0,0.09896850918644251,wind_stuck_7_days,2014
2877,US-ADR,US-ADR,2014-09-14,-0.33590573,0.1,0.1,0.15415644546765464,0.15415644546765464,0.29947477068624484,0.45995639564804086,0.0028205897836888396,0.0024097758482953683,-0.004994228616646318,-0.1541564454676546,1.1365509253852144,0.3305983152241958,0.25415644546765465,True,0.25415644546765465,True,0.25415644546765465,True,0.25415644546765465,True,0.25415644546765465,True,0.25415644546765465,True,0.1,False,0.215617334100741,0.25415644546765465,True,True,0.75,1.0,0.25415644546765465,wind_stuck_7_days,2014
2878,US-ADR,US-ADR,2014-09-21,2.33615279,0.5,0.5,0.22009976506204162,0.22009976506204162,0.04947876368343345,0.41927626221082026,0.015985683109118243,0.013410028522380093,0.0022216995315922283,0.22009976506204154,1.1365509253852144,0.3305983152241958,0.7200997650620417,True,0.7200997650620417,True,0.7200997650620417,True,0.7200997650620417,True,0.7200997650620417,True,0.7200997650620417,True,0.7200997650620417,True,0.6650748237965312,0.6589882135220597,True,True,0.75,0.7223461300708077,0.7200997650620417,wind_stuck_7_days,2014
2879,US-ADR,US-ADR,2014-09-22,0.4531287,0.0,0.0,0.22781778511892198,0.22781778511892198,0.18428601157332214,0.39090016241976955,0.08869687750057563,0.09351454995878142,-0.0015791616680982505,0.22781778511892198,1.1365509253852144,0.3305983152241958,0.22781778511892198,True,0.22781778511892198,True,0.22781778511892198,True,0.22781778511892198,True,0.22781778511892198,True,0.22781778511892198,True,0.0,False,0.17086333883919147,0.1518339529517971,True,True,0.75,0.6664710258355776,0.22781778511892198,wind_stuck_7_days,2014
2880,US-ADR,US-ADR,2014-09-30,0.09163949,0.0,0.0,0.01606272366280114,0.01606272366280114,0.14913595004346833,0.5455989028574055,0.0615386843923897,0.06939246295223256,-0.012283897400880105,0.016062723662801134,1.1365509253852144,0.3305983152241958,0.01606272366280114,True,0.01606272366280114,True,0.01606272366280114,True,0.01606272366280114,True,0.01606272366280114,True,0.01606272366280114,True,0.0,False,0.012047042747100856,0.01606272366280114,True,True,0.75,1.0,0.053978249676489586,wind_stuck_7_days,2014
2881,US-ADR,US-ADR,2014-10-07,0.0342444,0.0,0.0,0.055456411567341615,0.055456411567341615,0.2509494087002367,0.7509737202590957,0.07274632590228938,0.06939246295223256,-0.01949982554911865,0.013032388432658387,1.1365509253852144,0.3305983152241958,0.055456411567341615,True,0.055456411567341615,True,0.055456411567341615,True,0.055456411567341615,True,0.055456411567341615,True,0.055456411567341615,True,0.0,False,0.041592308675506215,0.055456411567341615,True,True,0.75,1.0,0.09680033919517698,wind_stuck_7_days,2014
2882,US-ADR,US-ADR,2014-10-08,-0.10165712,0.0,0.0,0.11585595413498455,0.11585595413498455,0.1655905054173014,0.4612945496114823,0.06519310677680695,0.06939246295223256,-0.016084758600570584,-0.11585595413498455,1.1365509253852144,0.3305983152241958,0.11585595413498455,True,0.11585595413498455,True,0.11585595413498455,True,0.11585595413498455,True,0.11585595413498455,True,0.11585595413498455,True,0.0,False,0.08689196560123841,0.11585595413498455,True,True,0.75,1.0,0.11585595413498455,wind_stuck_7_days,2014
2883,US-ADR,US-ADR,2014-11-08,0.04580147,0.1,0.1,-0.04781549952104035,0.04781549952104035,0.10575985282105517,0.34006898652227535,0.012517771494700018,0.010535594434976628,-0.012283897400880105,0.04781549952104035,1.1365509253852144,0.3305983152241958,0.05218450047895966,True,0.05218450047895966,True,0.05218450047895966,True,0.05218450047895966,True,0.05218450047895966,True,0.05218450047895966,True,0.1,False,0.06413837535921975,0.05218450047895966,True,True,0.75,1.0,0.05218450047895966,wind_stuck_7_days,2014
2884,US-ADR,US-ADR,2014-11-09,0.02225848,0.1,0.1,-0.12277939633335658,0.12277939633335658,0.1057802168824593,0.3492918769394041,0.002036489125479563,0.0003530358211694037,-0.012283897400880105,0.03270364366664344,1.1365509253852144,0.3305983152241958,-0.022779396333356572,True,-0.022779396333356572,True,-0.022779396333356572,True,-0.022779396333356572,True,-0.022779396333356572,True,-0.022779396333356572,True,0.1,False,0.007915452749982566,-0.022779396333356572,True,True,0.75,1.0,-0.009988199340039028,wind_stuck_7_days,2014
2885,US-ADR,US-ADR,2014-11-16,0.11423874,0.1,0.1,0.10892690713706196,0.10892690713706196,0.10700591296225878,0.3529524937891136,0.012517771494700018,0.010535594434976628,-0.012283897400880105,-0.08044942713706196,1.1365509253852144,0.3305983152241958,0.20892690713706197,True,0.20892690713706197,True,0.20892690713706197,True,0.20892690713706197,True,0.20892690713706197,True,0.20892690713706197,True,0.1,False,0.18169518035279647,0.20892690713706197,True,True,0.75,1.0,0.20892690713706197,wind_stuck_7_days,2014
2886,US-ADR,US-ADR,2014-11-17,0.07756889,0.1,0.1,-0.03313975731013961,0.03313975731013961,0.11317348092959802,0.34014216074522635,0.012517771494700018,0.010535594434976628,-0.012283897400880105,0.011722462689860401,1.1365509253852144,0.3305983152241958,0.0668602426898604,True,0.0668602426898604,True,0.0668602426898604,True,0.0668602426898604,True,0.0668602426898604,True,0.0668602426898604,True,0.1,False,0.0751451820173953,0.0668602426898604,True,True,0.75,1.0,0.0668602426898604,wind_stuck_7_days,2014
2887,US-ADR,US-ADR,2014-11-24,0.11927159,0.2,0.2,-0.07312862680297388,0.07312862680297388,0.12977316777893,0.2785756273829878,0.002036489125479563,0.0003530358211694037,-0.012283897400880105,0.07312862680297388,1.1365509253852144,0.3305983152241958,0.12687137319702613,True,0.12687137319702613,True,0.12687137319702613,True,0.12687137319702613,True,0.12687137319702613,True,0.12687137319702613,True,0.2,False,0.14515352989776958,0.12687137319702613,True,True,0.75,1.0,0.12687137319702613,wind_stuck_7_days,2014
2888,US-ADR,US-ADR,2014-11-25,0.06305233,0.1,0.1,-0.07365455830630778,0.07365455830630778,0.16837278605207706,0.5235877156004035,-0.005927178551293308,0.0003530358211694037,-0.016084758600570584,0.00024078169369222413,1.1365509253852144,0.3305983152241958,0.026345441693692226,True,0.026345441693692226,True,0.026345441693692226,True,0.1,False,0.1,False,0.026345441693692226,True,0.1,False,0.044759081270269174,0.026345441693692226,True,True,0.75,1.0,0.026345441693692226,wind_stuck_7_days,2014
2889,US-ADR,US-ADR,2014-12-10,0.01519107,0.3,0.3,-0.08826045498450666,0.08826045498450666,0.13877548547162466,0.40946374806160646,0.018055920392360276,0.018372023531924832,-0.012283897400880105,0.08826045498450666,1.1365509253852144,0.3305983152241958,0.21173954501549333,True,0.21173954501549333,True,0.21173954501549333,True,0.21173954501549333,True,0.21173954501549333,True,0.21173954501549333,True,0.3,False,0.23380465876162,0.21173954501549333,True,True,0.75,1.0,0.21173954501549333,wind_stuck_7_days,2014
2890,US-ADR,US-ADR,2014-12-19,0.04903616,0.1,0.1,0.2530149575472045,0.2530149575472045,0.08948307813712104,0.22672017315402657,0.05498869492189753,0.051704043621674155,-0.012283897400880105,-0.2530149575472045,1.1365509253852144,0.3305983152241958,0.35301495754720447,True,0.35301495754720447,True,0.35301495754720447,True,0.35301495754720447,True,0.35301495754720447,True,0.35301495754720447,True,0.1,False,0.28976121816040334,0.35301495754720447,True,True,0.75,1.0,0.35301495754720447,wind_stuck_7_days,2014
2891,US-ADR,US-ADR,2014-12-26,-0.01779521,0.2,0.2,0.07751718568313935,0.07751718568313935,0.10928860798077489,0.32576203904932083,0.012517771494700018,0.010535594434976628,-0.012283897400880105,-0.07751718568313937,1.1365509253852144,0.3305983152241958,0.2775171856831394,True,0.2775171856831394,True,0.2775171856831394,True,0.2775171856831394,True,0.2775171856831394,True,0.2775171856831394,True,0.2,False,0.25813788926235454,0.2775171856831394,True,True,0.75,1.0,0.2775171856831394,wind_stuck_7_days,2014
2892,US-ADR,US-ADR,2014-12-27,0.02461742,0.1,0.1,0.08859740856152501,0.08859740856152501,0.11530609053502248,0.2729474971558682,0.012517771494700018,0.010535594434976628,-0.012283897400880105,-0.08859740856152501,1.1365509253852144,0.3305983152241958,0.18859740856152502,True,0.18859740856152502,True,0.18859740856152502,True,0.18859740856152502,True,0.18859740856152502,True,0.18859740856152502,True,0.1,False,0.16644805642114377,0.18859740856152502,True,True,0.75,1.0,0.18859740856152502,wind_stuck_7_days,2014
3294,US-ARM,US-A32,2014-01-13,0.92953345,1.2,1.2,-0.27219519301135364,0.27219519301135364,0.12102650297874445,0.43077650267891804,0.050718849145511655,0.05280013916951629,-0.012283897400880105,0.2687379069886463,1.1365509253852144,0.3305983152241958,0.9278048069886463,True,0.9278048069886463,True,0.9278048069886463,True,0.9278048069886463,True,0.9278048069886463,True,0.9278048069886463,True,1.2,False,0.9958536052414847,0.9380927260193817,True,True,0.75,0.9622038915642932,0.9278048069886463,wind_stuck_7_days,2014
3295,US-ARM,US-A32,2014-01-21,0.40698209,0.4,0.4,0.032774028664556615,0.032774028664556615,0.13675186025584093,0.41016825998188855,0.014700432199447291,0.011430322777225433,-0.012283897400880105,-0.018809848664556622,1.1365509253852144,0.3305983152241958,0.4327740286645566,True,0.4327740286645566,True,0.4327740286645566,True,0.4327740286645566,True,0.4327740286645566,True,0.4327740286645566,True,0.4,False,0.42458052149841746,0.4327740286645566,True,True,0.75,1.0,0.43385404368598723,wind_stuck_7_days,2014
3296,US-ARM,US-A32,2014-01-29,0.59206262,0.8,0.8,-0.5957585089790123,0.5957585089790123,0.17560812507850676,0.494312383464933,0.0943604541100534,0.09109618240280623,-0.016084758600570584,-0.17988374897901216,1.1365509253852144,0.3305983152241958,0.20424149102098776,True,0.20424149102098776,True,0.20424149102098776,True,0.20424149102098776,True,0.20424149102098776,True,0.20424149102098776,True,0.8,False,0.35318111826574083,0.3576191347628188,True,True,0.75,0.7425506452191784,0.20424149102098776,wind_stuck_7_days,2014
3297,US-ARM,US-A32,2014-02-14,1.30310449,1.0,1.0,-0.15850300480367974,0.15850300480367974,0.08712410560178444,0.33231080324134915,0.030643946579732267,0.028559105954230543,-0.012283897400880105,-0.15850300480367974,1.1365509253852144,0.3305983152241958,0.8414969951963203,True,0.8414969951963203,True,0.8414969951963203,True,0.8414969951963203,True,0.8414969951963203,True,0.8414969951963203,True,1.0,False,0.8811227463972402,0.8414969951963203,True,True,0.75,1.0,0.8414969951963203,wind_stuck_7_days,2014
3298,US-ARM,US-A32,2014-03-10,3.37535725,2.7,2.7,-0.951066306302464,0.951066306302464,0.1695748759587258,0.6909022148184956,0.11517623104870806,-0.03458056373092356,-0.005005523519088155,-0.951066306302464,1.1365509253852144,0.3305983152241958,1.7489336936975362,True,1.7489336936975362,True,1.7489336936975362,True,1.7489336936975362,True,1.7489336936975362,True,2.7,False,2.7,False,1.9867002702731522,2.621480013457729,True,True,0.75,0.08255994983939603,1.7489336936975362,wind_stuck_7_days,2014
3299,US-ARM,US-A32,2014-03-18,2.60734637,3.1,3.1,-1.1994999598166658,1.1994999598166658,0.2862695954773467,0.9101611818542104,0.22594760068476455,-0.24001323542549924,-0.21945743346340252,-0.2141926998166659,1.1365509253852144,0.3305983152241958,1.9005000401833343,True,1.9005000401833343,True,1.9005000401833343,True,1.9005000401833343,True,1.9005000401833343,True,3.1,False,3.1,False,2.2003750301375007,2.71445253139451,True,True,0.75,0.32142349439046086,1.9005000401833343,wind_stuck_7_days,2014
3300,US-ARM,US-A32,2014-04-11,1.4252298,1.7,1.7,-0.43883449594546303,0.43883449594546303,0.14332812259799288,0.4468561200404023,0.050429121815685596,0.049977312028610145,0.0022216995315922283,0.11070590405453667,1.1365509253852144,0.3305983152241958,1.2611655040545369,True,1.2611655040545369,True,1.2611655040545369,True,1.2611655040545369,True,1.2611655040545369,True,1.2611655040545369,True,1.2611655040545369,True,1.3708741280409027,1.3731523640943937,True,True,0.75,0.7448084390025389,1.2611655040545369,wind_stuck_7_days,2014
3301,US-ARM,US-A32,2014-04-19,1.4105928,2.2,2.2,-0.4319426905583385,0.4319426905583385,0.1872492212901268,0.5620016266826181,0.031524319889673094,0.039578879586082354,-0.013108921914157724,0.4319426905583385,1.1365509253852144,0.3305983152241958,1.7680573094416616,True,1.7680573094416616,True,1.7680573094416616,True,1.7680573094416616,True,1.7680573094416616,True,1.7680573094416616,True,2.2,False,1.8760429820812463,1.8897441866015057,True,True,0.75,0.7182800408022906,1.7680573094416616,wind_stuck_7_days,2014
3302,US-ARM,US-A32,2014-04-27,4.13885548,3.8,3.8,-0.641197110809222,0.641197110809222,0.2456582993556664,1.1101855321618281,-0.04146348416216531,-0.04085150050599905,-0.02616310790260259,-0.641197110809222,1.1365509253852144,0.3305983152241958,3.1588028891907776,True,3.1588028891907776,True,3.8,False,3.8,False,3.8,False,3.8,False,3.8,False,3.3191021668930833,3.525124943735365,True,True,0.75,0.4286904161463379,3.1550233244576056,wind_stuck_7_days,2014
3303,US-ARM,US-A32,2014-05-05,2.1654415,3.0,3.0,-0.7850818336607654,0.7850818336607654,0.32577942868119253,1.2029420549011332,-0.02149707510126839,-0.045464594665580345,-0.1139619679695391,0.7850818336607654,1.1365509253852144,0.3305983152241958,2.2149181663392348,True,2.2149181663392348,True,3.0,False,3.0,False,3.0,False,3.0,False,3.0,False,2.411188624754426,3.0,True,False,0.75,0.0,2.596375592795346,wind_stuck_7_days,2014
3304,US-ARM,US-A32,2014-05-13,2.00894411,1.6,1.6,0.8420392630436144,0.8420392630436144,0.1591158109239153,0.6023038242797513,0.10266943203283876,0.12349708104797788,-0.06762615769202396,-0.024151043043614928,1.1365509253852144,0.3305983152241958,2.4420392630436147,True,2.4420392630436147,True,2.4420392630436147,True,2.4420392630436147,True,2.4420392630436147,True,2.4420392630436147,True,1.6,False,2.231529447282711,2.2891874017942744,True,True,0.75,0.8184741876562314,2.4420392630436147,wind_stuck_7_days,2014
3305,US-ARM,US-A32,2014-05-29,4.2874976,1.9,1.9,-0.11156991049676349,0.11156991049676349,0.23742486033988736,0.6125451324580217,-0.007631754825889108,-0.0038275311301455804,-0.004994228616646318,-0.11156991049676357,1.1365509253852144,0.3305983152241958,1.7884300895032363,True,1.7884300895032363,True,1.7884300895032363,True,1.9,False,1.9,False,1.9,False,1.9,False,1.8163225671274272,1.7884300895032363,True,True,0.75,1.0,1.7884300895032363,wind_stuck_7_days,2014
3306,US-ARM,US-A32,2014-06-14,6.54784007,5.6,5.6,-0.49553815478823654,0.49553815478823654,0.2986335578853232,1.03757758229968,-0.16408440892130857,-0.13768304172935475,-0.08399946252321996,-0.4955381547882365,1.1365509253852144,0.3305983152241958,5.104461845211763,True,5.104461845211763,True,5.6,False,5.6,False,5.6,False,5.6,False,5.6,False,5.228346383908822,5.6,True,False,0.75,0.0,5.146509504157214,wind_stuck_7_days,2014
3307,US-ARM,US-A32,2014-06-30,7.27293098,5.7,5.7,-0.016030768660357554,0.016030768660357554,0.30227805764240406,1.0042546007897513,-0.04570916541531806,-0.0559011626603298,-0.08399946252321996,-0.016030768660357575,1.1365509253852144,0.3305983152241958,5.683969231339643,True,5.683969231339643,True,5.7,False,5.7,False,5.7,False,5.7,False,5.7,False,5.687976923504732,5.7,True,False,0.75,0.0,5.683969231339643,wind_stuck_7_days,2014
3308,US-ARM,US-A32,2014-07-08,3.96094926,4.6,4.6,-0.3162637661971619,0.3162637661971619,0.2479511046498011,0.4856645817646704,-0.00535036265883872,-0.01088102844528416,-0.0009695257422353634,0.3162637661971619,1.1365509253852144,0.3305983152241958,4.283736233802838,True,4.283736233802838,True,4.283736233802838,True,4.6,False,4.6,False,4.6,False,4.6,False,4.362802175352128,4.400688701098614,True,True,0.75,0.6302059236755324,4.283736233802838,wind_stuck_7_days,2014
3309,US-ARM,US-A32,2014-07-24,4.49044743,5.1,5.1,-0.8964072864704893,0.8964072864704893,0.20671526687506536,0.5590484168524765,-0.1800636592343343,-0.156131801221274,-0.06258233343351632,0.32269785352951064,1.1365509253852144,0.3305983152241958,4.203592713529511,True,4.203592713529511,True,4.203592713529511,True,5.1,False,5.1,False,5.1,False,5.1,False,4.427694535147133,4.965281326082857,True,True,0.75,0.15028734811782216,4.203592713529511,wind_stuck_7_days,2014
3310,US-ARM,US-A32,2014-08-01,5.53919102,4.3,4.3,0.36012959859026134,0.36012959859026134,0.2162217509597451,0.42611588406505624,-0.008542393847352739,0.0009014951401324885,-0.007054925745483016,0.3601295985902613,1.1365509253852144,0.3305983152241958,4.660129598590261,True,4.660129598590261,True,4.660129598590261,True,4.3,False,4.3,False,4.660129598590261,True,4.3,False,4.570097198942696,4.505927044286393,True,True,0.75,0.5718137167633577,4.660129598590261,wind_stuck_7_days,2014
3311,US-ARM,US-A32,2014-08-17,3.61100067,4.0,4.0,-0.25674304595533076,0.25674304595533076,0.23957802906317352,0.5325812972595882,-0.015164713315303321,-0.002825923631936958,-0.0009695257422353634,0.25674304595533076,1.1365509253852144,0.3305983152241958,3.743256954044669,True,3.743256954044669,True,3.743256954044669,True,4.0,False,4.0,False,4.0,False,4.0,False,3.8074427155335018,3.8186832193434874,True,True,0.75,0.7062188577760297,3.743256954044669,wind_stuck_7_days,2014
3312,US-ARM,US-A32,2014-08-25,2.571339,5.0,5.0,-1.05470911422031,1.05470911422031,0.2637198581993195,0.5376460067391238,-0.41218156351212765,-0.30402508226993963,-0.15038119350045281,1.05470911422031,1.1365509253852144,0.3305983152241958,3.94529088577969,True,3.94529088577969,True,3.94529088577969,True,5.0,False,5.0,False,5.0,False,5.0,False,4.208968164334768,5.0,True,False,0.75,0.0,3.94529088577969,wind_stuck_7_days,2014
3313,US-ARM,US-A32,2014-11-13,0.62919044,0.7,0.7,-0.11247763713567391,0.11247763713567391,0.16548636089228858,0.4239164374287986,0.02357867619700301,0.028559105954230543,-0.016084758600570584,0.029141482864325968,1.1365509253852144,0.3305983152241958,0.587522362864326,True,0.587522362864326,True,0.587522362864326,True,0.587522362864326,True,0.587522362864326,True,0.587522362864326,True,0.7,False,0.6156417721482446,0.587522362864326,True,True,0.75,1.0,0.587522362864326,wind_stuck_7_days,2014
3314,US-ARM,US-A32,2014-11-29,1.547565,1.2,1.2,-0.13118342614544942,0.13118342614544942,0.11961210437651415,0.6343297337816465,0.014866531389376464,0.028559105954230543,-0.012283897400880105,-0.13118342614544942,1.1365509253852144,0.3305983152241958,1.0688165738545505,True,1.0688165738545505,True,1.0688165738545505,True,1.0688165738545505,True,1.0688165738545505,True,1.0688165738545505,True,1.2,False,1.101612430390913,1.0688165738545505,True,True,0.75,1.0,1.0688165738545505,wind_stuck_7_days,2014
3315,US-ARM,US-A32,2014-12-15,2.308303,0.3,0.3,0.5497562522754607,0.5497562522754607,0.3452118231399071,0.7735691943909067,0.14514948095425606,0.07163999273931357,-0.07048884993005994,0.5497562522754607,1.1365509253852144,0.3305983152241958,0.8497562522754607,True,0.3,False,0.8497562522754607,True,0.8497562522754607,True,0.8497562522754607,True,0.8497562522754607,True,0.3,False,0.7123171892065955,0.8229411604180086,True,True,0.75,0.9512236709515111,0.8277746885383803,wind_stuck_7_days,2014
5395,US-CMW,US-CMW,2014-01-06,0.14959496,1.1,1.1,-0.6736202798808321,0.6736202798808321,0.10168194232245548,0.5964122337081293,0.08349523197406697,0.09109618240280623,-0.012283897400880105,0.6736202798808321,1.1365509253852144,0.3305983152241958,0.426379720119168,True,0.426379720119168,True,0.426379720119168,True,0.426379720119168,True,0.426379720119168,True,0.426379720119168,True,1.1,False,0.594784790089376,0.7391010863782043,True,True,0.75,0.5357601669677184,0.426379720119168,wind_stuck_7_days,2014
5396,US-CMW,US-CMW,2014-01-14,0.17543805,1.2,1.2,-0.7795311978237077,0.7795311978237077,0.16253305137125257,0.4569181079188526,0.0983313198911616,0.12679591093601927,-0.016084758600570584,0.7795311978237077,1.1365509253852144,0.3305983152241958,0.42046880217629223,True,0.42046880217629223,True,0.42046880217629223,True,0.42046880217629223,True,0.42046880217629223,True,0.42046880217629223,True,1.2,False,0.6153516016322191,0.8779244220746169,True,True,0.75,0.41316573194832035,0.42046880217629223,wind_stuck_7_days,2014
5397,US-CMW,US-CMW,2014-02-07,0.12819377,2.4,2.4,-0.7971496875517226,0.7971496875517226,0.10879084302095994,0.5380024823024375,0.06753782926340102,0.09179291062962014,-0.008259194526469157,0.7971496875517226,1.1365509253852144,0.3305983152241958,1.6028503124482774,True,1.6028503124482774,True,1.6028503124482774,True,1.6028503124482774,True,1.6028503124482774,True,1.6028503124482774,True,2.4,False,1.802137734336208,2.110004288014192,True,True,0.75,0.3637907867422853,1.6028503124482774,wind_stuck_7_days,2014
5398,US-CMW,US-CMW,2014-02-15,0.17944128,1.4,1.4,-0.09322940344500645,0.09322940344500645,0.16219007077403053,0.6906371408146839,0.02396858233089205,0.021285981703575832,-0.0015791616680982505,0.09322940344500652,1.1365509253852144,0.3305983152241958,1.3067705965549934,True,1.3067705965549934,True,1.3067705965549934,True,1.3067705965549934,True,1.3067705965549934,True,1.3067705965549934,True,1.4,False,1.3300779474162452,1.3067705965549934,True,True,0.75,1.0,1.3067705965549934,wind_stuck_7_days,2014
5399,US-CMW,US-CMW,2014-03-03,1.3652037,1.0,1.0,0.022100139048264644,0.022100139048264644,0.1240258763878935,0.26963633762010764,0.01511869232226161,0.011430322777225433,-0.012283897400880105,0.022100139048264633,1.1365509253852144,0.3305983152241958,1.0221001390482647,True,1.0221001390482647,True,1.0221001390482647,True,1.0221001390482647,True,1.0221001390482647,True,1.0221001390482647,True,1.0,False,1.0165751042861986,1.0221001390482647,True,True,0.75,1.0,1.0221001390482647,wind_stuck_7_days,2014
5400,US-CMW,US-CMW,2014-03-27,0.3227053,1.7,1.7,-0.8318302150049046,0.8318302150049046,0.21027885506556016,0.522260577502282,0.014765696826294427,-0.001985495232128695,-0.036059084910758085,0.8318302150049046,1.1365509253852144,0.3305983152241958,0.8681697849950953,True,0.8681697849950953,True,0.8681697849950953,True,0.8681697849950953,True,0.8681697849950953,True,1.7,False,1.7,False,1.0761273387463215,1.5128266870178633,True,True,0.75,0.2250138424955302,0.8681697849950953,wind_stuck_7_days,2014
5401,US-CMW,US-CMW,2014-04-04,0.16486323,1.6,1.6,-0.8312434660547426,0.8312434660547426,0.1421784608610716,0.4644955725468051,0.035634997145515844,0.009366328162966437,-0.006543995057369434,0.8312434660547426,1.1365509253852144,0.3305983152241958,0.7687565339452574,True,0.7687565339452574,True,0.7687565339452574,True,0.7687565339452574,True,0.7687565339452574,True,0.7687565339452574,True,1.6,False,0.9765674004589431,1.4252393676845152,True,True,0.75,0.21024000723270153,0.7687565339452574,wind_stuck_7_days,2014
5402,US-CMW,US-CMW,2014-04-20,1.21235128,3.0,3.0,-0.6606990884708299,0.6606990884708299,0.16117959188852826,0.5393366541409551,0.02280238057629899,0.06223812250251306,0.002445541206312702,0.6606990884708299,1.1365509253852144,0.3305983152241958,2.33930091152917,True,2.33930091152917,True,2.33930091152917,True,2.33930091152917,True,2.33930091152917,True,2.33930091152917,True,2.33930091152917,True,2.5044756836468776,2.7129173326771667,True,True,0.75,0.4345134908348038,2.33930091152917,wind_stuck_7_days,2014
5403,US-CMW,US-CMW,2014-04-28,0.77971562,3.1,3.1,-1.0608782363821514,1.0608782363821514,0.11425741918278695,0.5633044851370117,-0.19623983678024814,-0.1782950849268185,0.02144805580120847,1.0608782363821514,1.1365509253852144,0.3305983152241958,2.0391217636178487,True,2.0391217636178487,True,2.0391217636178487,True,3.1,False,3.1,False,3.1,False,2.0391217636178487,True,2.3043413227133867,2.9755510024897838,True,True,0.75,0.11730752243030006,2.0391217636178487,wind_stuck_7_days,2014
5404,US-CMW,US-CMW,2014-05-06,1.30722621,3.1,3.1,-1.3214482725507464,1.3214482725507464,0.2688762113917652,0.7407370196713357,-0.11252683686785946,-0.2777486943817524,-0.4579698229295744,1.3214482725507464,1.1365509253852144,0.3305983152241958,1.7785517274492537,True,1.7785517274492537,True,1.7785517274492537,True,3.1,False,3.1,False,3.1,False,3.1,False,2.1089137955869406,2.536226586368622,True,True,0.75,0.4266329793924855,1.7785517274492537,wind_stuck_7_days,2014
5405,US-CMW,US-CMW,2014-05-14,1.46882785,3.3,3.3,-0.9260990972224283,0.9260990972224283,0.1855006029162052,0.7287948928487336,-0.04911453157477318,-0.19421611259493807,-0.1373270075120079,0.9260990972224283,1.1365509253852144,0.3305983152241958,2.3739009027775717,True,2.3739009027775717,True,2.3739009027775717,True,3.3,False,3.3,False,3.3,False,3.3,False,2.6054256770831783,3.3,True,False,0.75,0.0,2.3739009027775717,wind_stuck_7_days,2014
5406,US-CMW,US-CMW,2014-05-30,3.05225079,4.2,4.2,-0.051404484347792836,0.051404484347792836,0.20360780239546003,0.6143019914702765,-0.01514681546290532,-0.003815896808031005,-0.016523988862705785,0.05140448434779277,1.1365509253852144,0.3305983152241958,4.148595515652207,True,4.148595515652207,True,4.148595515652207,True,4.2,False,4.2,False,4.2,False,4.2,False,4.161446636739155,4.148595515652207,True,True,0.75,1.0,4.148595515652207,wind_stuck_7_days,2014
5407,US-CMW,US-CMW,2014-06-07,2.94697825,4.6,4.6,-0.18635673643163947,0.18635673643163947,0.250060752242823,0.4332379426213199,-0.06137624669045662,-0.05683913713964653,-0.08399946252321996,0.1863567364316394,1.1365509253852144,0.3305983152241958,4.4136432635683605,True,4.4136432635683605,True,4.4136432635683605,True,4.6,False,4.6,False,4.6,False,4.6,False,4.46023244767627,4.4136432635683605,True,True,0.75,1.0,4.4136432635683605,wind_stuck_7_days,2014
5408,US-CMW,US-CMW,2014-06-15,3.50730907,4.8,4.8,0.048732329053193614,0.048732329053193614,0.27530209101884084,0.8462095088627889,-0.05976766963898055,-0.07270195397829918,-0.08399946252321996,-0.04873232905319358,1.1365509253852144,0.3305983152241958,4.848732329053194,True,4.848732329053194,True,4.848732329053194,True,4.8,False,4.8,False,4.8,False,4.8,False,4.836549246789895,4.8,True,False,0.75,0.0,5.1872815391272775,wind_stuck_7_days,2014
5409,US-CMW,US-CMW,2014-06-23,3.72545698,5.4,5.4,-0.26888449840985534,0.26888449840985534,0.3055955690725204,0.5400637084162739,-0.07825010016345152,-0.05395779853166841,-0.08399946252321996,0.2688844984098553,1.1365509253852144,0.3305983152241958,5.131115501590145,True,5.131115501590145,True,5.131115501590145,True,5.4,False,5.4,False,5.4,False,5.4,False,5.198336626192609,5.4,True,False,0.75,0.0,5.131115501590145,wind_stuck_7_days,2014
5410,US-CMW,US-CMW,2014-07-01,4.01286363,5.6,5.6,-0.12761548910992002,0.12761548910992002,0.3618448021363458,0.6324335309066976,-0.02857354323443008,-0.05683913713964653,-0.08655737104127903,0.12761548910991993,1.1365509253852144,0.3305983152241958,5.4723845108900795,True,5.6,False,5.4723845108900795,True,5.6,False,5.6,False,5.6,False,5.6,False,5.50428838316756,5.6,True,False,0.75,0.0,5.4723845108900795,wind_stuck_7_days,2014
5411,US-CMW,US-CMW,2014-09-11,6.08924545,5.0,5.0,-0.30562837101329643,0.30562837101329643,0.2205209631997502,0.4161905921855107,-0.014923671243285502,0.006705659313442623,-0.0009695257422353634,-0.30562837101329654,1.1365509253852144,0.3305983152241958,4.694371628986704,True,4.694371628986704,True,4.694371628986704,True,5.0,False,5.0,False,4.694371628986704,True,5.0,False,4.770778721740028,4.812695984838696,True,True,0.75,0.6128489136669707,4.694371628986704,wind_stuck_7_days,2014
5412,US-CMW,US-CMW,2014-09-19,4.61809359,3.4,3.4,0.06392875128921595,0.06392875128921595,0.223441604106296,0.48614301922543407,0.009906760455188755,0.009550591667455944,-0.0154751226747077,0.06392875128921593,1.1365509253852144,0.3305983152241958,3.463928751289216,True,3.463928751289216,True,3.463928751289216,True,3.463928751289216,True,3.463928751289216,True,3.463928751289216,True,3.4,False,3.4479465634669118,3.463928751289216,True,True,0.75,1.0,3.463928751289216,wind_stuck_7_days,2014
5413,US-CMW,US-CMW,2014-09-27,3.63690938,4.2,4.2,-0.5645816359788695,0.5645816359788695,0.22765575648056913,0.4862920918997425,0.054082245804250695,0.06413917533572551,-0.010608644782132172,0.5615996040211307,1.1365509253852144,0.3305983152241958,3.6354183640211306,True,3.6354183640211306,True,3.6354183640211306,True,3.6354183640211306,True,3.6354183640211306,True,3.6354183640211306,True,4.2,False,3.776563773015848,3.8148144966852278,True,True,0.75,0.682249437048974,3.6354183640211306,wind_stuck_7_days,2014
5414,US-CMW,US-CMW,2014-10-05,3.04634811,4.0,4.0,-0.4661075258453288,0.4661075258453288,0.18782850456318706,0.5311910184268663,-0.02201729553687867,-0.004522992849504625,0.002445541206312702,0.4661075258453288,1.1365509253852144,0.3305983152241958,3.5338924741546713,True,3.5338924741546713,True,3.5338924741546713,True,4.0,False,4.0,False,4.0,False,3.5338924741546713,True,3.6504193556160036,3.6217780331474985,True,True,0.75,0.8114478867651009,3.5338924741546713,wind_stuck_7_days,2014
5415,US-CMW,US-CMW,2014-10-13,2.40143848,3.4,3.4,-0.6523715791631194,0.6523715791631194,0.16326659152024636,0.5490402204511542,-0.012382017116278137,-0.00011460583621514058,0.002445541206312702,0.6523715791631194,1.1365509253852144,0.3305983152241958,2.7476284208368806,True,2.7476284208368806,True,2.7476284208368806,True,3.4,False,3.4,False,3.4,False,2.7476284208368806,True,2.9107213156276606,3.103454049043211,True,True,0.75,0.4545660179390503,2.7476284208368806,wind_stuck_7_days,2014
5416,US-CMW,US-CMW,2014-11-06,0.61857552,1.9,1.9,-0.45301389253076085,0.45301389253076085,0.2377690306749885,0.6134996488544051,0.08637968898398396,0.08799341413748464,-0.004994228616646318,0.45301389253076085,1.1365509253852144,0.3305983152241958,1.4469861074692392,True,1.4469861074692392,True,1.4469861074692392,True,1.4469861074692392,True,1.4469861074692392,True,1.4469861074692392,True,1.9,False,1.5602395806019294,1.4469861074692392,True,True,0.75,1.0,1.4469861074692392,wind_stuck_7_days,2014
5417,US-CMW,US-CMW,2014-11-14,0.62009823,1.5,1.5,-0.23413796174057627,0.23413796174057627,0.13755812937007575,0.4614302083210241,0.03918361936749928,0.043611197718201745,-0.012283897400880105,0.23413796174057633,1.1365509253852144,0.3305983152241958,1.2658620382594237,True,1.2658620382594237,True,1.2658620382594237,True,1.2658620382594237,True,1.2658620382594237,True,1.2658620382594237,True,1.5,False,1.3243965286945678,1.3054300821899272,True,True,0.75,0.831005431001639,1.2658620382594237,wind_stuck_7_days,2014
5418,US-CMW,US-CMW,2014-11-22,0.19510734,1.5,1.5,-0.4394965982921456,0.4394965982921456,0.13582024145960608,0.4592612979605447,0.08768265392640288,0.08158542025704574,-0.012283897400880105,0.4394965982921456,1.1365509253852144,0.3305983152241958,1.0605034017078543,True,1.0605034017078543,True,1.0605034017078543,True,1.0605034017078543,True,1.0605034017078543,True,1.0605034017078543,True,1.5,False,1.170377551280891,1.1230045776927546,True,True,0.75,0.8577891700919287,1.0605034017078543,wind_stuck_7_days,2014
5419,US-CMW,US-CMW,2014-11-30,0.16288586,1.2,1.2,-0.5092495358498657,0.5092495358498657,0.16810692998377771,0.48514472504888256,0.0983313198911616,0.0945943656450558,-0.016084758600570584,0.5092495358498657,1.1365509253852144,0.3305983152241958,0.6907504641501343,True,0.6907504641501343,True,0.6907504641501343,True,0.6907504641501343,True,0.6907504641501343,True,0.6907504641501343,True,1.2,False,0.8180628481126007,0.7696134300659496,True,True,0.75,0.8451388555824522,0.6907504641501343,wind_stuck_7_days,2014
5420,US-CMW,US-CMW,2014-12-08,0.67325025,0.3,0.3,0.2578524577689658,0.2578524577689658,0.126485663299952,0.5371887257099672,0.01988629050136665,0.0231241476539021,-0.012283897400880105,0.2578524577689658,1.1365509253852144,0.3305983152241958,0.5578524577689659,True,0.5578524577689659,True,0.5578524577689659,True,0.5578524577689659,True,0.5578524577689659,True,0.5578524577689659,True,0.3,False,0.49338934332672435,0.5578524577689659,True,True,0.75,1.0,0.5578524577689659,wind_stuck_7_days,2014
5421,US-CMW,US-CMW,2014-12-24,0.35274153,1.0,1.0,-0.608945259648234,0.608945259648234,0.10261006764227684,0.47376168936874113,0.09549505969894313,0.09109618240280623,-0.012283897400880105,0.608945259648234,1.1365509253852144,0.3305983152241958,0.391054740351766,True,0.391054740351766,True,0.391054740351766,True,0.391054740351766,True,0.391054740351766,True,0.391054740351766,True,1.0,False,0.5432910552638245,0.5879397800013562,True,True,0.75,0.6766785905134994,0.391054740351766,wind_stuck_7_days,2014
5825,US-Ced,US-Ced,2014-02-20,1.0897752,1.5,1.5,-0.2968231305424619,0.2968231305424619,0.11803960185868209,0.3504852933757784,0.050718849145511655,0.05280013916951629,-0.012283897400880105,0.2968231305424619,1.1365509253852144,0.3305983152241958,1.203176869457538,True,1.203176869457538,True,1.203176869457538,True,1.203176869457538,True,1.203176869457538,True,1.203176869457538,True,1.5,False,1.2773826520931535,1.248379521752679,True,True,0.75,0.8477118268629187,1.203176869457538,wind_stuck_7_days,2014
5826,US-Ced,US-Ced,2014-02-28,0.41811556,1.2,1.2,-0.8559132179117912,0.8559132179117912,0.18384290563652886,0.7119431653055134,0.15831187488570928,0.10210351816930623,-0.024850453189532242,0.7078556620882088,1.1365509253852144,0.3305983152241958,0.34408678208820875,True,0.34408678208820875,True,0.34408678208820875,True,0.34408678208820875,True,0.34408678208820875,True,0.34408678208820875,True,1.2,False,0.5580650865661565,0.8521309535958583,True,True,0.75,0.4064302771872747,0.6329369608020698,wind_stuck_7_days,2014
5827,US-Ced,US-Ced,2014-03-08,0.94603859,2.8,2.8,-0.7581645715207623,0.7581645715207623,0.1351320715906755,0.5925521864458367,0.14593494770349097,0.11682979102492833,-0.008259194526469157,0.7581645715207623,1.1365509253852144,0.3305983152241958,2.0418354284792377,True,2.0418354284792377,True,2.0418354284792377,True,2.0418354284792377,True,2.0418354284792377,True,2.0418354284792377,True,2.8,False,2.2313765713594282,2.479767866826275,True,True,0.75,0.42237812897454174,2.0418354284792377,wind_stuck_7_days,2014
5828,US-Ced,US-Ced,2014-03-09,0.96168733,1.8,1.8,-0.462301617823022,0.462301617823022,0.20473799348316613,0.443681266631916,0.09273526421118215,0.07749415432178978,-0.01949982554911865,0.462301617823022,1.1365509253852144,0.3305983152241958,1.3376983821769781,True,1.3376983821769781,True,1.3376983821769781,True,1.3376983821769781,True,1.3376983821769781,True,1.3376983821769781,True,1.8,False,1.4532737866327334,1.3376983821769781,True,True,0.75,1.0,1.3376983821769781,wind_stuck_7_days,2014
5829,US-Ced,US-Ced,2014-03-16,0.8773694,1.7,1.7,-0.600372175425983,0.600372175425983,0.24723385042481952,0.6061740684199821,0.09250611243116373,0.08078557486312014,-0.041798987254268755,0.600372175425983,1.1365509253852144,0.3305983152241958,1.099627824574017,True,1.099627824574017,True,1.099627824574017,True,1.099627824574017,True,1.099627824574017,True,1.099627824574017,True,1.7,False,1.2497208684305128,1.2951005142440057,True,True,0.75,0.6744141423088191,1.099627824574017,wind_stuck_7_days,2014
5830,US-Ced,US-Ced,2014-03-24,0.65381638,1.5,1.5,-0.7268916647509029,0.7268916647509029,0.2540389607872796,0.6147673047268614,0.07759251477721202,0.09109618240280623,-0.041798987254268755,0.7268916647509029,1.1365509253852144,0.3305983152241958,0.7731083352490971,True,0.7731083352490971,True,0.7731083352490971,True,0.7731083352490971,True,0.7731083352490971,True,0.7731083352490971,True,1.5,False,0.9548312514368228,1.1640798393476204,True,True,0.75,0.4621323602155974,0.7731083352490971,wind_stuck_7_days,2014
5831,US-Ced,US-Ced,2014-04-01,2.66055386,2.8,2.8,-0.6361502066644296,0.6361502066644296,0.12635313092875952,0.43091352688607937,0.13365739842042293,0.08078557486312014,-0.008259194526469157,-0.35725792666442957,1.1365509253852144,0.3305983152241958,2.1638497933355705,True,2.1638497933355705,True,2.1638497933355705,True,2.1638497933355705,True,2.1638497933355705,True,2.1638497933355705,True,2.8,False,2.3228873450016776,2.408601459963765,True,True,0.75,0.6152612007916843,2.1638497933355705,wind_stuck_7_days,2014
5832,US-Ced,US-Ced,2014-04-09,1.77493799,2.7,2.7,-0.5324443198119381,0.5324443198119381,0.15097615087520322,0.4434862814253366,0.09789982368221742,0.11048181688387039,-0.008259194526469157,0.5324443198119381,1.1365509253852144,0.3305983152241958,2.167555680188062,True,2.167555680188062,True,2.167555680188062,True,2.167555680188062,True,2.167555680188062,True,2.167555680188062,True,2.7,False,2.3006667601410467,2.236444434027423,True,True,0.75,0.8706179195156171,2.167555680188062,wind_stuck_7_days,2014
5833,US-Ced,US-Ced,2014-04-10,1.62610093,3.5,3.5,-0.6287875455736348,0.6287875455736348,0.15148817205398604,0.45457860199710654,0.016814000254037436,0.03818923887965877,0.006246402406003181,0.6287875455736349,1.1365509253852144,0.3305983152241958,2.8712124544263653,True,2.8712124544263653,True,2.8712124544263653,True,2.8712124544263653,True,2.8712124544263653,True,2.8712124544263653,True,2.8712124544263653,True,3.028409340819774,3.186822571452102,True,True,0.75,0.4980655719925087,2.8712124544263653,wind_stuck_7_days,2014
5834,US-Ced,US-Ced,2014-04-25,2.21035666,2.6,2.6,-0.05969567845993593,0.05969567845993593,0.19532927103017683,0.4001702797466927,0.013504396121581753,0.011430322777225433,0.002445541206312702,0.05969567845993595,1.1365509253852144,0.3305983152241958,2.5403043215400642,True,2.5403043215400642,True,2.5403043215400642,True,2.5403043215400642,True,2.5403043215400642,True,2.5403043215400642,True,2.5403043215400642,True,2.555228241155048,2.5403043215400642,True,True,0.75,1.0,2.5403043215400642,wind_stuck_7_days,2014
5835,US-Ced,US-Ced,2014-04-26,2.87160514,2.8,2.8,-0.28643490070328037,0.28643490070328037,0.186578784754637,0.2711715060744248,0.04492046240603428,0.05525427184674336,0.002445541206312702,-0.28643490070328037,1.1365509253852144,0.3305983152241958,2.5135650992967196,True,2.5135650992967196,True,2.5135650992967196,True,2.5135650992967196,True,2.5135650992967196,True,2.5135650992967196,True,2.5135650992967196,True,2.5851738244725397,2.541205634970382,True,True,0.75,0.9035015090486619,2.5135650992967196,wind_stuck_7_days,2014
5836,US-Ced,US-Ced,2014-05-12,5.1267587,4.4,4.4,-0.735488933528265,0.735488933528265,0.13419049252978438,0.6570859254980661,-0.05584501185010501,-0.04985999627191359,0.006246402406003181,-0.735488933528265,1.1365509253852144,0.3305983152241958,3.6645110664717353,True,3.6645110664717353,True,3.6645110664717353,True,4.4,False,4.4,False,4.4,False,3.6645110664717353,True,3.8483832998538015,4.206356666773013,True,True,0.75,0.2632851758870762,3.6645110664717353,wind_stuck_7_days,2014
5837,US-Ced,US-Ced,2014-05-19,3.97412322,4.2,4.2,-0.5165489582379836,0.5165489582379836,0.20660460361177718,0.42450959444977504,-0.012906399344984137,0.013063694909222153,-0.0009695257422353634,-0.06479539823798341,1.1365509253852144,0.3305983152241958,3.6834510417620168,True,3.6834510417620168,True,3.6834510417620168,True,4.2,False,4.2,False,3.6834510417620168,True,4.2,False,3.8125882813215126,3.85142023402846,True,True,0.75,0.6748242551114455,3.6834510417620168,wind_stuck_7_days,2014
5838,US-Ced,US-Ced,2014-05-20,4.16748325,4.2,4.2,-0.6339773185386635,0.6339773185386635,0.08046069293730229,0.49822133598972573,-0.03659322006159647,-0.0418048914585664,0.006246402406003181,-0.5689438185386633,1.1365509253852144,0.3305983152241958,3.5660226814613365,True,3.5660226814613365,True,3.5660226814613365,True,4.2,False,4.2,False,4.2,False,3.5660226814613365,True,3.7245170110960024,3.96493746818328,True,True,0.75,0.370774355711252,3.5660226814613365,wind_stuck_7_days,2014
5839,US-Ced,US-Ced,2014-06-28,4.5582534,6.3,6.3,0.027416543890403787,0.027416543890403787,0.18704718584397143,0.46750627550947765,0.01372177342644667,-0.05588169841440909,-0.01447292197248536,-0.02741654389040371,1.1365509253852144,0.3305983152241958,6.327416543890403,True,6.327416543890403,True,6.327416543890403,True,6.327416543890403,True,6.327416543890403,True,6.3,False,6.3,False,6.320562407917802,6.3,True,False,0.75,0.0,6.327416543890403,wind_stuck_7_days,2014
5840,US-Ced,US-Ced,2014-06-29,3.39157308,5.3,5.3,-0.3361215067717978,0.3361215067717978,0.26588915257335993,0.33972380113872,-0.022960354993290057,-0.01088102844528416,-0.0009695257422353634,0.33612150677179775,1.1365509253852144,0.3305983152241958,4.963878493228202,True,4.963878493228202,True,4.963878493228202,True,5.3,False,5.3,False,5.3,False,5.3,False,5.047908869921152,5.180689689961594,True,True,0.75,0.35496184455524576,4.963878493228202,wind_stuck_7_days,2014
5841,US-Ced,US-Ced,2014-07-06,5.16545281,8.4,8.4,0.681319314516778,0.681319314516778,0.18955955980639183,0.7213813747358119,-0.1257711053304516,-0.1263912453572474,-0.08983721080583994,-0.6813193145167782,1.1365509253852144,0.3305983152241958,9.081319314516778,True,9.081319314516778,True,9.081319314516778,True,8.4,False,8.4,False,8.4,False,8.4,False,8.910989485887583,8.4,True,False,0.75,0.0,9.081319314516778,wind_stuck_7_days,2014
5842,US-Ced,US-Ced,2014-07-07,5.13813503,6.3,6.3,0.09487211908556722,0.09487211908556722,0.23997385815918518,0.6100615289717127,-0.11846007195873233,-0.11184896750887892,-0.10091792570201802,-0.09487211908556725,1.1365509253852144,0.3305983152241958,6.394872119085567,True,6.394872119085567,True,6.394872119085567,True,6.3,False,6.3,False,6.3,False,6.3,False,6.371154089314175,6.3,True,False,0.75,0.0,6.394872119085567,wind_stuck_7_days,2014
5843,US-Ced,US-Ced,2014-07-30,5.67747917,5.4,5.4,-0.4490073883931779,0.4490073883931779,0.24903589146260605,0.46798315431816445,-0.004166261130409513,0.0050085900958749575,-0.0009695257422353634,-0.4490073883931779,1.1365509253852144,0.3305983152241958,4.950992611606822,True,4.950992611606822,True,4.950992611606822,True,5.4,False,5.4,False,4.950992611606822,True,5.4,False,5.063244458705117,5.143183127555823,True,True,0.75,0.571965805202503,4.950992611606822,wind_stuck_7_days,2014
5844,US-Ced,US-Ced,2014-08-15,4.44089878,4.6,4.6,0.14227656081676626,0.14227656081676626,0.14390352371649945,0.49429114334819435,0.0026512025359918872,0.001495486854108752,0.006246402406003181,-0.14227656081676626,1.1365509253852144,0.3305983152241958,4.742276560816766,True,4.742276560816766,True,4.742276560816766,True,4.742276560816766,True,4.742276560816766,True,4.742276560816766,True,4.742276560816766,True,4.706707420612575,4.742276560816766,True,True,0.75,1.0,4.742276560816766,wind_stuck_7_days,2014
5845,US-Ced,US-Ced,2014-10-18,2.52053451,1.6,1.6,0.09756643935235129,0.09756643935235129,0.10671382753612242,0.42126264613613545,0.01511869232226161,0.011430322777225433,-0.012283897400880105,0.09756643935235132,1.1365509253852144,0.3305983152241958,1.6975664393523513,True,1.6975664393523513,True,1.6975664393523513,True,1.6975664393523513,True,1.6975664393523513,True,1.6975664393523513,True,1.6,False,1.6731748295142634,1.6975664393523513,True,True,0.75,1.0,1.6975664393523513,wind_stuck_7_days,2014
5846,US-Ced,US-Ced,2014-10-19,1.74578622,1.3,1.3,0.2282218597161582,0.2282218597161582,0.1383256683776845,0.7705458003264226,0.019611268110425743,0.011430322777225433,-0.012283897400880105,0.2282218597161582,1.1365509253852144,0.3305983152241958,1.5282218597161583,True,1.5282218597161583,True,1.5282218597161583,True,1.5282218597161583,True,1.5282218597161583,True,1.5282218597161583,True,1.3,False,1.4711663947871187,1.451195462989933,True,True,0.75,0.6624933438802764,1.4951897771641625,wind_stuck_7_days,2014
5847,US-Ced,US-Ced,2014-10-26,1.82478788,1.5,1.5,-0.07409390602188194,0.07409390602188194,0.13745230570127143,0.3400182579676851,0.01511869232226161,0.011430322777225433,-0.012283897400880105,-0.07409390602188193,1.1365509253852144,0.3305983152241958,1.425906093978118,True,1.425906093978118,True,1.425906093978118,True,1.425906093978118,True,1.425906093978118,True,1.425906093978118,True,1.5,False,1.4444295704835886,1.425906093978118,True,True,0.75,1.0,1.425906093978118,wind_stuck_7_days,2014
5848,US-Ced,US-Ced,2014-10-27,1.6668548,2.0,2.0,-0.607953266594196,0.607953266594196,0.1027052710043309,0.3783146209786237,0.08681632914765856,0.11682979102492833,-0.012283897400880105,0.05833713340580382,1.1365509253852144,0.3305983152241958,1.392046733405804,True,1.392046733405804,True,1.392046733405804,True,1.392046733405804,True,1.392046733405804,True,1.392046733405804,True,2.0,False,1.544035050054353,1.6186214808402586,True,True,0.75,0.6273155193264364,1.392046733405804,wind_stuck_7_days,2014
5849,US-Ced,US-Ced,2014-11-04,2.13341,1.5,1.5,-0.4933510412551076,0.4933510412551076,0.15090097079801526,0.658434147801214,0.10430237379215868,0.10594618904015093,0.0022216995315922283,-0.49335104125510765,1.1365509253852144,0.3305983152241958,1.0066489587448924,True,1.0066489587448924,True,1.0066489587448924,True,1.0066489587448924,True,1.0066489587448924,True,1.0066489587448924,True,1.0066489587448924,True,1.1299867190586692,1.0691861220935444,True,True,0.75,0.8732400296763242,1.0066489587448924,wind_stuck_7_days,2014
5850,US-Ced,US-Ced,2014-11-19,0.3697389,0.9,0.9,-0.3522682959731836,0.3522682959731836,0.22612368004212965,0.659813463105126,0.06324233013430643,0.05280013916951629,-0.01949982554911865,0.3522682959731836,1.1365509253852144,0.3305983152241958,0.5477317040268164,True,0.5477317040268164,True,0.5477317040268164,True,0.5477317040268164,True,0.5477317040268164,True,0.5477317040268164,True,0.9,False,0.6357987780201123,0.6639862995117414,True,True,0.75,0.669982803409096,0.5249841114404797,wind_stuck_7_days,2014
5851,US-Ced,US-Ced,2014-12-13,0.38465502,0.5,0.5,0.29114440607000325,0.29114440607000325,0.16926510114228818,0.4449994885392944,0.032465465161954116,0.02061926422853999,-0.022170158603818234,-0.29114440607000325,1.1365509253852144,0.3305983152241958,0.7911444060700032,True,0.7911444060700032,True,0.7911444060700032,True,0.7911444060700032,True,0.7911444060700032,True,0.7911444060700032,True,0.5,False,0.7183583045525024,0.7627455626606148,True,True,0.75,0.9024578772000855,0.7911444060700032,wind_stuck_7_days,2014
5852,US-Ced,US-Ced,2014-12-21,0.1886451,0.6,0.6,-0.053341528249163425,0.053341528249163425,0.13351008600451916,0.28030155256430284,0.01511869232226161,0.011430322777225433,-0.012283897400880105,0.05334152824916344,1.1365509253852144,0.3305983152241958,0.5466584717508366,True,0.5466584717508366,True,0.5466584717508366,True,0.5466584717508366,True,0.5466584717508366,True,0.5466584717508366,True,0.6,False,0.5599938538131274,0.5466584717508366,True,True,0.75,1.0,0.5466584717508366,wind_stuck_7_days,2014
6797,US-GLE,US-GLE,2014-07-02,3.09087291,4.4,4.4,-1.296039308764656,1.296039308764656,0.26849143248758617,0.4944057354619109,-0.1960169956123486,-0.11541550649368565,-0.2803461961136771,1.296039308764656,1.1365509253852144,0.3305983152241958,3.1039606912353443,True,3.1039606912353443,True,3.1039606912353443,True,4.4,False,4.4,False,4.4,False,4.4,False,3.427970518426508,3.7562211220781974,True,True,0.75,0.49672789518663035,3.1039606912353443,wind_stuck_7_days,2014
6798,US-GLE,US-GLE,2014-07-26,4.00565173,4.3,4.3,-1.8853522700094465,1.8853522700094465,0.3632380788944204,0.5521059403948492,0.18238390842820149,0.02123272602728822,-0.22272732689136154,-1.2966557300094474,1.1365509253852144,0.3305983152241958,2.4146477299905533,True,4.3,False,2.4146477299905533,True,2.4146477299905533,True,2.4146477299905533,True,2.4146477299905533,True,4.3,False,2.885985797492915,3.3289098237125,True,True,0.75,0.5150709454857656,2.4146477299905533,wind_stuck_7_days,2014
6799,US-GLE,US-GLE,2014-08-02,2.60450209,4.0,4.0,-0.8059080932206693,0.8059080932206693,0.2832087618752497,0.45064977301739023,0.030436607054507705,0.04270797910414575,-0.019374339371093827,0.8059080932206693,1.1365509253852144,0.3305983152241958,3.194091906779331,True,3.194091906779331,True,3.194091906779331,True,3.194091906779331,True,3.194091906779331,True,3.194091906779331,True,4.0,False,3.3955689300844982,3.65606673512407,True,True,0.75,0.42676487278029596,3.194091906779331,wind_stuck_7_days,2014
6800,US-GLE,US-GLE,2014-08-11,2.62478466,4.2,4.2,-1.0365497773562176,1.0365497773562176,0.24116848849571246,0.39247196610100843,-0.03789131438019965,0.07241262074213958,-0.0470278703130459,1.0365497773562176,1.1365509253852144,0.3305983152241958,3.1634502226437826,True,3.1634502226437826,True,3.1634502226437826,True,4.2,False,4.2,False,3.1634502226437826,True,4.2,False,3.422587666982837,3.390076612008881,True,True,0.75,0.7813646828007407,3.1634502226437826,wind_stuck_7_days,2014
6801,US-GLE,US-GLE,2014-09-03,3.63814428,3.9,3.9,-0.8613680170528653,0.8613680170528653,0.12295042004260931,0.37327995655065294,-0.177969155169325,-0.0358515905859505,-0.002519292182958481,-0.33765657705286567,1.1365509253852144,0.3305983152241958,3.038631982947135,True,3.038631982947135,True,3.038631982947135,True,3.9,False,3.9,False,3.9,False,3.9,False,3.253973987210351,3.4925297170546354,True,True,0.75,0.47305016540956213,3.038631982947135,wind_stuck_7_days,2014
6802,US-GLE,US-GLE,2014-09-04,1.8106759,4.2,4.2,-1.3795694486880772,1.3795694486880772,0.19988971562736227,0.46623129355430476,0.10142641461779904,0.41638485054483093,-0.15556711802677073,1.3795694486880772,1.1365509253852144,0.3305983152241958,2.820430551311923,True,2.820430551311923,True,2.820430551311923,True,2.820430551311923,True,2.820430551311923,True,2.820430551311923,True,4.2,False,3.1653229134839425,3.0132749702691113,True,True,0.75,0.8602140550875663,2.820430551311923,wind_stuck_7_days,2014
6803,US-GLE,US-GLE,2014-09-11,2.72186429,2.4,2.4,-0.34572970189239716,0.34572970189239716,0.25026743527847567,0.6787416334525389,0.05358940157975112,0.05280013916951629,-0.0154751226747077,-0.34572970189239716,1.1365509253852144,0.3305983152241958,2.054270298107603,True,2.054270298107603,True,2.054270298107603,True,2.054270298107603,True,2.054270298107603,True,2.054270298107603,True,2.4,False,2.140702723580702,2.195253382608615,True,True,0.75,0.5922158734718972,2.054270298107603,wind_stuck_7_days,2014
6804,US-GLE,US-GLE,2014-09-12,2.3365275,1.3,1.3,-0.04060690377079508,0.04060690377079508,0.20847124131513106,0.8420292801741125,0.019556359845315494,0.011430322777225433,-0.01949982554911865,-0.04060690377079501,1.1365509253852144,0.3305983152241958,1.259393096229205,True,1.259393096229205,True,1.259393096229205,True,1.259393096229205,True,1.259393096229205,True,1.259393096229205,True,1.3,False,1.2695448221719037,1.259393096229205,True,True,0.75,1.0,1.259393096229205,wind_stuck_7_days,2014
6805,US-GLE,US-GLE,2014-09-19,2.70789424,3.2,3.2,-0.7145599142174823,0.7145599142174823,0.18892906870758583,0.37450275772239705,-0.04894608009268549,-0.008622469699601903,0.002445541206312702,0.26965160578251823,1.1365509253852144,0.3305983152241958,2.4854400857825176,True,2.4854400857825176,True,2.4854400857825176,True,3.2,False,3.2,False,3.2,False,2.4854400857825176,True,2.6640800643368885,2.8115113853198133,True,True,0.75,0.5436753545091071,2.4854400857825176,wind_stuck_7_days,2014
6806,US-GLE,US-GLE,2014-09-20,2.28412341,2.6,2.6,-0.7238463159527819,0.7238463159527819,0.10790678013112943,0.38324228212455264,0.06833991880728806,0.08078557486312014,-0.008259194526469157,-0.09209313595278146,1.1365509253852144,0.3305983152241958,1.8761536840472182,True,1.8761536840472182,True,1.8761536840472182,True,1.8761536840472182,True,1.8761536840472182,True,1.8761536840472182,True,2.6,False,2.0571152630354135,2.2772984342743934,True,True,0.75,0.44581502815392826,1.8761536840472182,wind_stuck_7_days,2014
6807,US-GLE,US-GLE,2014-09-27,0.9840624,2.2,2.2,-0.5289619045337767,0.5289619045337767,0.1550158670945533,0.4193243468512954,0.08720415727275438,0.08078557486312014,-0.008259194526469157,0.5289619045337767,1.1365509253852144,0.3305983152241958,1.6710380954662236,True,1.6710380954662236,True,1.6710380954662236,True,1.6710380954662236,True,1.6710380954662236,True,1.6710380954662236,True,2.2,False,1.8032785715996678,1.739476287171785,True,True,0.75,0.8706179195156171,1.6710380954662236,wind_stuck_7_days,2014
6808,US-GLE,US-GLE,2014-10-06,1.84389385,2.1,2.1,-0.45852416279730085,0.45852416279730085,0.14092056521164215,0.6176352337073515,0.0866945693694836,0.07749415432178978,-0.012283897400880105,0.05368813720269944,1.1365509253852144,0.3305983152241958,1.6414758372026992,True,1.6414758372026992,True,1.6414758372026992,True,1.6414758372026992,True,1.6414758372026992,True,1.6414758372026992,True,2.1,False,1.7561068779020244,1.6414758372026992,True,True,0.75,1.0,1.6266399992324587,wind_stuck_7_days,2014
6809,US-GLE,US-GLE,2014-10-21,0.67563768,1.7,1.7,-0.4683569060414151,0.4683569060414151,0.11821513501949871,0.4240288798844266,0.07149105938500616,0.07749415432178978,-0.012283897400880105,0.4683569060414151,1.1365509253852144,0.3305983152241958,1.231643093958585,True,1.231643093958585,True,1.231643093958585,True,1.231643093958585,True,1.231643093958585,True,1.231643093958585,True,1.7,False,1.3487323204689385,1.2667672371794965,True,True,0.75,0.9250056041283061,1.231643093958585,wind_stuck_7_days,2014
7102,US-IB1,US-IB1,2014-05-10,3.75392403,2.5,2.5,-0.0736273165417182,0.0736273165417182,0.18731861859201449,0.42210534611295003,0.0026946861824172974,-0.00010011235807613994,0.002445541206312702,-0.07362731654171828,1.1365509253852144,0.3305983152241958,2.4263726834582817,True,2.4263726834582817,True,2.4263726834582817,True,2.4263726834582817,True,2.4263726834582817,True,2.5,False,2.4263726834582817,True,2.4447795125937115,2.4263726834582817,True,True,0.75,1.0,2.4263726834582817,wind_stuck_7_days,2014
7103,US-IB1,US-IB1,2014-05-18,4.20024766,3.1,3.1,-0.23749715494813795,0.23749715494813795,0.14956172101256304,0.42428002739958776,0.0019300664640824047,0.011879425518811708,0.006246402406003181,-0.23749715494813795,1.1365509253852144,0.3305983152241958,2.8625028450518624,True,2.8625028450518624,True,2.8625028450518624,True,2.8625028450518624,True,2.8625028450518624,True,2.8625028450518624,True,2.8625028450518624,True,2.9218771337888967,2.9137610682839665,True,True,0.75,0.7841733167570043,2.8625028450518624,wind_stuck_7_days,2014
7104,US-IB1,US-IB1,2014-06-03,1.74525175,2.3,2.3,1.0513826111728963,1.0513826111728963,0.12830465712305578,0.39459113732485646,0.12680250706053683,0.10763269520574065,-0.007595472580094081,-1.0513826111728963,1.1365509253852144,0.3305983152241958,3.3513826111728964,True,3.3513826111728964,True,3.3513826111728964,True,3.3513826111728964,True,3.3513826111728964,True,3.3513826111728964,True,2.3,False,3.088536958379672,2.7899339523198887,True,True,0.75,0.46599016106356433,3.3513826111728964,wind_stuck_7_days,2014
7105,US-IB1,US-IB1,2014-06-27,4.60987802,4.2,4.2,-0.138466282511787,0.138466282511787,0.223913175130821,0.5464492398171323,-0.01255530299091073,-0.004753871287347732,-0.016523988862705785,-0.13846628251178705,1.1365509253852144,0.3305983152241958,4.061533717488214,True,4.061533717488214,True,4.061533717488214,True,4.2,False,4.2,False,4.2,False,4.2,False,4.09615028811616,4.061533717488214,True,True,0.75,1.0,4.061533717488214,wind_stuck_7_days,2014
7106,US-IB1,US-IB1,2014-07-13,7.53686221,4.6,4.6,0.8648201095763977,0.8648201095763977,0.12428646773213847,0.35136417547604115,0.09267404716673727,0.07519977502607295,-0.05980059361792251,0.8648201095763977,1.1365509253852144,0.3305983152241958,5.464820109576397,True,5.464820109576397,True,5.464820109576397,True,5.464820109576397,True,5.464820109576397,True,5.464820109576397,True,4.6,False,5.248615082182297,5.085918722887973,True,True,0.75,0.5618725992923359,5.464820109576397,wind_stuck_7_days,2014
7107,US-IB1,US-IB1,2014-07-29,4.31745582,5.0,5.0,0.04988566640324473,0.04988566640324473,0.21601943614309702,0.44634414462640304,-0.009772803603852426,-0.012824392573945551,-0.0009695257422353634,-0.049885666403244766,1.1365509253852144,0.3305983152241958,5.049885666403244,True,5.049885666403244,True,5.049885666403244,True,5.0,False,5.0,False,5.0,False,5.0,False,5.037414249802434,5.049885666403244,True,True,0.75,1.0,5.049885666403244,wind_stuck_7_days,2014
7108,US-IB1,US-IB1,2014-10-01,1.43840068,1.9,1.9,-0.21407272485525794,0.21407272485525794,0.12343180116764652,0.32540772604310303,0.030643946579732267,0.028559105954230543,-0.012283897400880105,0.21407272485525794,1.1365509253852144,0.3305983152241958,1.685927275144742,True,1.685927275144742,True,1.685927275144742,True,1.685927275144742,True,1.685927275144742,True,1.685927275144742,True,1.9,False,1.7394454563585564,1.7366473905432844,True,True,0.75,0.7630706320348087,1.685927275144742,wind_stuck_7_days,2014
7109,US-IB1,US-IB1,2014-10-09,1.1585766,1.3,1.3,-0.027049917066958373,0.027049917066958373,0.09052003804870189,0.32065406000659386,0.01511869232226161,0.011430322777225433,-0.012283897400880105,0.027049917066958376,1.1365509253852144,0.3305983152241958,1.2729500829330416,True,1.2729500829330416,True,1.2729500829330416,True,1.2729500829330416,True,1.2729500829330416,True,1.2729500829330416,True,1.3,False,1.2797125621997814,1.2729500829330416,True,True,0.75,1.0,1.2729500829330416,wind_stuck_7_days,2014
7217,US-IB2,US-IB1,2014-05-18,3.60497765,4.3,4.3,-0.7876425917119808,0.7876425917119808,0.25292046190731077,0.48660241743754273,-0.04309001715707866,-0.03642211090212497,-0.010608644782132172,0.602402108288019,1.1365509253852144,0.3305983152241958,3.512357408288019,True,3.512357408288019,True,3.512357408288019,True,4.3,False,4.3,False,4.3,False,4.3,False,3.7092680562160143,4.066910833189182,True,True,0.75,0.295932659385759,3.512357408288019,wind_stuck_7_days,2014
7218,US-IB2,US-IB1,2014-10-01,2.23104673,2.3,2.3,-0.3681176821886989,0.3681176821886989,0.11786587063638763,0.3402724281490565,0.0547373155110699,0.05525427184674336,-0.008259194526469157,-0.23021114218869942,1.1365509253852144,0.3305983152241958,1.931882317811301,True,1.931882317811301,True,1.931882317811301,True,1.931882317811301,True,1.931882317811301,True,1.931882317811301,True,2.3,False,2.0239117383584757,2.09267588302745,True,True,0.75,0.5632006475208495,1.931882317811301,wind_stuck_7_days,2014
7219,US-IB2,US-IB1,2014-12-28,0.24728942,0.4,0.4,0.0863495055176796,0.0863495055176796,0.18312698314966402,0.32108307284972937,0.013086135998767436,0.011430322777225433,-0.016084758600570584,-0.08634950551767959,1.1365509253852144,0.3305983152241958,0.48634950551767964,True,0.48634950551767964,True,0.48634950551767964,True,0.48634950551767964,True,0.48634950551767964,True,0.48634950551767964,True,0.4,False,0.4647621291382597,0.48634950551767964,True,True,0.75,1.0,0.48634950551767964,wind_stuck_7_days,2014
7313,US-Jo2,US-Jo2,2014-01-08,0.23388146,0.3,0.3,-0.1001128746896088,0.1001128746896088,0.13444843963580588,0.33443427444355756,0.018055920392360276,0.021285981703575832,-0.012283897400880105,0.032124205310391146,1.1365509253852144,0.3305983152241958,0.19988712531039118,True,0.19988712531039118,True,0.19988712531039118,True,0.19988712531039118,True,0.19988712531039118,True,0.19988712531039118,True,0.3,False,0.2249153439827934,0.19988712531039118,True,True,0.75,1.0,0.19988712531039118,wind_stuck_7_days,2014
7314,US-Jo2,US-Jo2,2014-01-16,0.14726781,0.2,0.2,-0.07981186050516437,0.07981186050516437,0.13763243101392006,0.2780569682725499,0.002036489125479563,0.0003530358211694037,-0.012283897400880105,0.025652519494835657,1.1365509253852144,0.3305983152241958,0.12018813949483564,True,0.12018813949483564,True,0.12018813949483564,True,0.12018813949483564,True,0.12018813949483564,True,0.12018813949483564,True,0.2,False,0.14014110462112672,0.12018813949483564,True,True,0.75,1.0,0.12018813949483564,wind_stuck_7_days,2014
7315,US-Jo2,US-Jo2,2014-01-24,0.13111394,0.2,0.2,0.05470395811234859,0.05470395811234859,0.1505780027293742,0.40328220176829477,0.01209716898394721,0.010535594434976628,-0.012283897400880105,-0.0547039581123486,1.1365509253852144,0.3305983152241958,0.2547039581123486,True,0.2547039581123486,True,0.2547039581123486,True,0.2547039581123486,True,0.2547039581123486,True,0.2547039581123486,True,0.2,False,0.24102796858426145,0.2547039581123486,True,True,0.75,1.0,0.2547039581123486,wind_stuck_7_days,2014
7316,US-Jo2,US-Jo2,2014-02-09,0.09194284,0.5,0.5,-0.02732309936233468,0.02732309936233468,0.11434141940499123,0.4088971151212129,0.01511869232226161,0.011430322777225433,-0.012283897400880105,0.02732309936233468,1.1365509253852144,0.3305983152241958,0.4726769006376653,True,0.4726769006376653,True,0.4726769006376653,True,0.4726769006376653,True,0.4726769006376653,True,0.4726769006376653,True,0.5,False,0.479507675478249,0.4726769006376653,True,True,0.75,1.0,0.4726769006376653,wind_stuck_7_days,2014
7317,US-Jo2,US-Jo2,2014-03-13,0.20100314,0.7,0.7,-0.13289403878901762,0.13289403878901762,0.10680256697655403,0.29459367949282667,0.025192972397682867,0.028559105954230543,0.0022216995315922283,0.13289403878901762,1.1365509253852144,0.3305983152241958,0.5671059612109823,True,0.5671059612109823,True,0.5671059612109823,True,0.5671059612109823,True,0.5671059612109823,True,0.5671059612109823,True,0.5671059612109823,True,0.6003294709082367,0.5671059612109823,True,True,0.75,1.0,0.5671059612109823,wind_stuck_7_days,2014
7318,US-Jo2,US-Jo2,2014-03-21,0.39188753,0.2,0.2,0.07166919024139959,0.07166919024139959,0.150549240506188,0.30143921064058193,0.007467462969333705,0.0024097758482953683,0.0022216995315922283,0.07166919024139959,1.1365509253852144,0.3305983152241958,0.27166919024139957,True,0.27166919024139957,True,0.27166919024139957,True,0.27166919024139957,True,0.27166919024139957,True,0.27166919024139957,True,0.27166919024139957,True,0.2537518926810497,0.27166919024139957,True,True,0.75,1.0,0.27166919024139957,wind_stuck_7_days,2014
7319,US-Jo2,US-Jo2,2014-03-29,0.38231165,0.5,0.5,0.1875806557375096,0.1875806557375096,0.10369922032992841,0.34335863426083374,0.01511869232226161,0.011430322777225433,0.0022216995315922283,-0.1875806557375096,1.1365509253852144,0.3305983152241958,0.6875806557375096,True,0.6875806557375096,True,0.6875806557375096,True,0.6875806557375096,True,0.6875806557375096,True,0.6875806557375096,True,0.6875806557375096,True,0.6406854918031322,0.6777599630736548,True,True,0.75,0.9476454934798966,0.6875806557375096,wind_stuck_7_days,2014
7320,US-Jo2,US-Jo2,2014-04-14,-0.18420786,0.0,0.0,0.5961272483057567,0.5961272483057567,0.26486601460869647,0.575248831091087,0.22120727656587355,0.24064140882627777,-0.03340312836588232,-0.5961272483057567,1.1365509253852144,0.3305983152241958,0.5961272483057567,True,0.5961272483057567,True,0.5961272483057567,True,0.5961272483057567,True,0.5961272483057567,True,0.5961272483057567,True,0.0,False,0.4470954362293175,0.47754924893652206,True,True,0.75,0.801086094107855,0.5961272483057567,wind_stuck_7_days,2014
7321,US-Jo2,US-Jo2,2014-04-22,0.18427216,0.3,0.3,0.2752577693865367,0.2752577693865367,0.1390535471226386,0.42170456913182486,0.02715609357480129,0.025721932736098442,-0.013332763588878194,-0.2752577693865367,1.1365509253852144,0.3305983152241958,0.5752577693865366,True,0.5752577693865366,True,0.5752577693865366,True,0.5752577693865366,True,0.5752577693865366,True,0.5752577693865366,True,0.3,False,0.5064433270399025,0.5752577693865366,True,True,0.75,1.0,0.5752577693865366,wind_stuck_7_days,2014
7322,US-Jo2,US-Jo2,2014-04-30,-0.09716501,0.4,0.4,0.4653109342877274,0.4653109342877274,0.12223413285143626,0.4278615940677648,0.1446740815175795,0.1673182688612489,-0.0038637004716554216,-0.4653109342877274,1.1365509253852144,0.3305983152241958,0.8653109342877274,True,0.8653109342877274,True,0.8653109342877274,True,0.8653109342877274,True,0.8653109342877274,True,0.8653109342877274,True,0.4,False,0.7489832007157956,0.8653109342877274,True,True,0.75,1.0,0.8653109342877274,wind_stuck_7_days,2014
7323,US-Jo2,US-Jo2,2014-05-08,0.34506291,0.5,0.5,0.3417753524565932,0.3417753524565932,0.09452689289828892,0.36760062566978036,0.03149177866823882,0.019952851799405674,-0.0038637004716554216,-0.3417753524565932,1.1365509253852144,0.3305983152241958,0.8417753524565932,True,0.8417753524565932,True,0.8417753524565932,True,0.8417753524565932,True,0.8417753524565932,True,0.8417753524565932,True,0.5,False,0.7563315143424449,0.7192951739523434,True,True,0.75,0.6416354262415538,0.8417753524565932,wind_stuck_7_days,2014
7324,US-Jo2,US-Jo2,2014-05-16,0.2944778,0.2,0.2,0.37034808311042056,0.37034808311042056,0.190434517448495,0.3308795198714446,0.06277600541479843,0.05493673829614387,-0.007664561671345901,-0.18139248311042055,1.1365509253852144,0.3305983152241958,0.5703480831104206,True,0.5703480831104206,True,0.5703480831104206,True,0.5703480831104206,True,0.5703480831104206,True,0.5703480831104206,True,0.2,False,0.4777610623328154,0.5096454548106127,True,True,0.75,0.8360930403905746,0.5703480831104206,wind_stuck_7_days,2014
7325,US-Jo2,US-Jo2,2014-06-01,0.32830546,0.2,0.2,0.06560493004251398,0.06560493004251398,0.1931446319576629,0.3337141683114727,0.0014069505736990825,-0.002967266543970592,-0.08460909844908286,0.06560493004251398,1.1365509253852144,0.3305983152241958,0.265604930042514,True,0.265604930042514,True,0.265604930042514,True,0.265604930042514,True,0.265604930042514,True,0.2,False,0.2,False,0.24920369753188548,0.2484788271454265,True,True,0.75,0.738950976916075,0.265604930042514,wind_stuck_7_days,2014
7326,US-Jo2,US-Jo2,2014-06-09,0.24043714,0.0,0.0,0.4384500068379483,0.4384500068379483,0.16903708905930387,0.32254985697394944,0.205625756358964,0.2316674683085885,-0.08460909844908286,0.04242427316205166,1.1365509253852144,0.3305983152241958,0.4384500068379483,True,0.4384500068379483,True,0.4384500068379483,True,0.4384500068379483,True,0.4384500068379483,True,0.4384500068379483,True,0.0,False,0.3288375051284612,0.36110013163934485,True,True,0.75,0.8235833641412347,0.4384500068379483,wind_stuck_7_days,2014
7327,US-Jo2,US-Jo2,2014-06-25,0.4843464,0.2,0.2,0.31175447536282636,0.31175447536282636,0.20029015564862424,0.32004781974990715,0.06425657278351113,0.05919768357914147,-0.08460909844908286,0.25693832463717364,1.1365509253852144,0.3305983152241958,0.5117544753628264,True,0.5117544753628264,True,0.5117544753628264,True,0.5117544753628264,True,0.5117544753628264,True,0.5117544753628264,True,0.2,False,0.4338158565221198,0.49699512985477506,True,True,0.75,0.9526571495377121,0.5117544753628264,wind_stuck_7_days,2014
7328,US-Jo2,US-Jo2,2014-07-03,1.43398232,1.6,1.6,-0.27861927570608946,0.27861927570608946,0.17655891854611983,0.3688482467302574,-0.0002689610408645514,0.006458127392200058,-0.017133624788568672,0.05341608429391087,1.1365509253852144,0.3305983152241958,1.3213807242939106,True,1.3213807242939106,True,1.3213807242939106,True,1.6,False,1.6,False,1.3213807242939106,True,1.6,False,1.391035543220433,1.3659824106659517,True,True,0.75,0.8399188776188963,1.3213807242939106,wind_stuck_7_days,2014
7329,US-Jo2,US-Jo2,2014-07-19,1.27877567,0.5,0.5,0.41467702601240963,0.41467702601240963,0.17118294420194693,0.3478508652051951,0.09920893529627847,0.1295003472650752,-0.03569844563119007,0.41467702601240963,1.1365509253852144,0.3305983152241958,0.9146770260124096,True,0.9146770260124096,True,0.9146770260124096,True,0.9146770260124096,True,0.9146770260124096,True,0.9146770260124096,True,0.5,False,0.8110077695093072,0.7857742316057691,True,True,0.75,0.6891489368335949,0.9146770260124096,wind_stuck_7_days,2014
7330,US-Jo2,US-Jo2,2014-07-27,0.47078515,0.4,0.4,0.23678599407685944,0.23678599407685944,0.17804706292221642,0.3527309843376399,0.011717109654837354,0.01379252441721275,-0.029613045627942407,-0.09521569407685951,1.1365509253852144,0.3305983152241958,0.6367859940768594,True,0.6367859940768594,True,0.6367859940768594,True,0.6367859940768594,True,0.6367859940768594,True,0.6367859940768594,True,0.4,False,0.5775894955576446,0.6367859940768594,True,True,0.75,1.0,0.6367859940768594,wind_stuck_7_days,2014
7331,US-Jo2,US-Jo2,2014-08-12,1.89039079,1.9,1.9,1.2596579709909625,1.2596579709909625,0.17736411999113968,0.5063359350362848,0.1494188761592406,0.21224749181374758,-0.2938972073236569,-1.2596579709909625,1.1365509253852144,0.3305983152241958,3.1596579709909625,True,3.1596579709909625,True,3.1596579709909625,True,3.1596579709909625,True,3.1596579709909625,True,3.1596579709909625,True,1.9,False,2.8447434782432217,2.570100036264995,True,True,0.75,0.5319698296656138,3.1596579709909625,wind_stuck_7_days,2014
7332,US-Jo2,US-Jo2,2014-08-28,3.00746782,1.6,1.6,-0.019207376469718575,0.019207376469718575,0.2984471734767892,0.41806566853784277,0.010051216625863939,0.011430322777225433,-0.004994228616646318,-0.019207376469718485,1.1365509253852144,0.3305983152241958,1.5807926235302816,True,1.5807926235302816,True,1.5807926235302816,True,1.5807926235302816,True,1.5807926235302816,True,1.5807926235302816,True,1.6,False,1.5855944676477112,1.5807926235302816,True,True,0.75,1.0,1.5807926235302816,wind_stuck_7_days,2014
7333,US-Jo2,US-Jo2,2014-09-29,2.5682487,0.8,0.8,0.1271019153959228,0.1271019153959228,0.13205954369028844,0.41522249948269,0.01511869232226161,0.011430322777225433,0.0022216995315922283,0.12710191539592275,1.1365509253852144,0.3305983152241958,0.9271019153959228,True,0.9271019153959228,True,0.9271019153959228,True,0.9271019153959228,True,0.9271019153959228,True,0.9271019153959228,True,0.9271019153959228,True,0.8953264365469421,0.9271019153959228,True,True,0.75,1.0,0.9271019153959228,wind_stuck_7_days,2014
7334,US-Jo2,US-Jo2,2014-10-07,1.7747274,0.5,0.5,-0.04207088657598977,0.04207088657598977,0.11383785687868668,0.2940834658908125,0.01511869232226161,0.011430322777225433,0.0022216995315922283,-0.042070886575989785,1.1365509253852144,0.3305983152241958,0.4579291134240102,True,0.4579291134240102,True,0.4579291134240102,True,0.4579291134240102,True,0.4579291134240102,True,0.4579291134240102,True,0.4579291134240102,True,0.46844683506800766,0.4579291134240102,True,True,0.75,1.0,0.4579291134240102,wind_stuck_7_days,2014
7335,US-Jo2,US-Jo2,2014-10-15,1.38490965,0.8,0.8,-0.31294983164364043,0.31294983164364043,0.14860644399894246,0.4432120268493228,0.04762679666883085,0.05280013916951629,-0.012283897400880105,-0.31294983164364043,1.1365509253852144,0.3305983152241958,0.4870501683563596,True,0.4870501683563596,True,0.4870501683563596,True,0.4870501683563596,True,0.4870501683563596,True,0.4870501683563596,True,0.8,False,0.5652876262672697,0.5392522446903547,True,True,0.75,0.8331934672729325,0.504369966777211,wind_stuck_7_days,2014
7336,US-Jo2,US-Jo2,2014-10-23,1.57836572,0.8,0.8,-0.3512462143207006,0.3512462143207006,0.22699737460209476,0.5064076315978991,0.046433102978903795,0.05280013916951629,-0.01949982554911865,-0.35124621432070047,1.1365509253852144,0.3305983152241958,0.44875378567929947,True,0.44875378567929947,True,0.44875378567929947,True,0.44875378567929947,True,0.44875378567929947,True,0.44875378567929947,True,0.8,False,0.5365653392594746,0.571331585311144,True,True,0.75,0.6510202967769878,0.45182399220357095,wind_stuck_7_days,2014
7337,US-Jo2,US-Jo2,2014-11-08,1.10549046,0.7,0.7,-0.06396493550819447,0.06396493550819447,0.09696660172550306,0.2900655299380577,0.01511869232226161,0.011430322777225433,-0.012283897400880105,-0.06396493550819449,1.1365509253852144,0.3305983152241958,0.6360350644918055,True,0.6360350644918055,True,0.6360350644918055,True,0.6360350644918055,True,0.6360350644918055,True,0.6360350644918055,True,0.7,False,0.6520262983688541,0.6360350644918055,True,True,0.75,1.0,0.6360350644918055,wind_stuck_7_days,2014
7338,US-Jo2,US-Jo2,2014-11-24,0.37241742,0.3,0.3,-0.028118821044909113,0.028118821044909113,0.12204324833312069,0.3369875706033075,0.014700432199447291,0.011430322777225433,-0.012283897400880105,-0.02811882104490912,1.1365509253852144,0.3305983152241958,0.2718811789550909,True,0.2718811789550909,True,0.2718811789550909,True,0.2718811789550909,True,0.2718811789550909,True,0.2718811789550909,True,0.3,False,0.27891088421631816,0.2718811789550909,True,True,0.75,1.0,0.2718811789550909,wind_stuck_7_days,2014
7519,US-KLS,US-KLS,2014-02-21,-0.08995203,0.7,0.7,-0.31020968670740345,0.31020968670740345,0.14960503887749452,0.5641396634926241,0.04127122144163265,0.05525427184674336,0.0022216995315922283,0.31020968670740345,1.1365509253852144,0.3305983152241958,0.3897903132925965,True,0.3897903132925965,True,0.3897903132925965,True,0.3897903132925965,True,0.3897903132925965,True,0.3897903132925965,True,0.3897903132925965,True,0.46734273496944734,0.4340069200193147,True,True,0.75,0.8574621985662741,0.3897903132925965,wind_stuck_7_days,2014
7520,US-KLS,US-KLS,2014-03-09,1.3072135,0.9,0.9,-0.11834093134124954,0.11834093134124954,0.08632808711653235,0.5686811480217593,0.014866531389376464,0.028559105954230543,0.0022216995315922283,-0.11834093134124957,1.1365509253852144,0.3305983152241958,0.7816590686587505,True,0.7816590686587505,True,0.7816590686587505,True,0.7816590686587505,True,0.7816590686587505,True,0.7816590686587505,True,0.7816590686587505,True,0.8112443014940629,0.7816590686587505,True,True,0.75,1.0,0.7816590686587505,wind_stuck_7_days,2014
7521,US-KLS,US-KLS,2014-03-25,1.3540289,2.0,2.0,-0.5198706123301653,0.5198706123301653,0.1643875726011121,0.39739851710921853,0.04024776295040984,0.07749415432178978,-0.016084758600570584,0.5198706123301653,1.1365509253852144,0.3305983152241958,1.4801293876698347,True,1.4801293876698347,True,1.4801293876698347,True,1.4801293876698347,True,1.4801293876698347,True,1.4801293876698347,True,2.0,False,1.610097040752376,1.5813176110783806,True,True,0.75,0.8053588315850366,1.4801293876698347,wind_stuck_7_days,2014
7522,US-KLS,US-KLS,2014-04-11,3.86959621,2.8,2.8,-0.48681960746490216,0.48681960746490216,0.09015372311857292,0.4270111944016358,0.04603826236376173,0.08477956334788878,0.006246402406003181,-0.48681960746490205,1.1365509253852144,0.3305983152241958,2.3131803925350978,True,2.3131803925350978,True,2.3131803925350978,True,2.3131803925350978,True,2.3131803925350978,True,2.3131803925350978,True,2.3131803925350978,True,2.4348852944013233,2.3794299738422113,True,True,0.75,0.8639134901486275,2.3131803925350978,wind_stuck_7_days,2014
7523,US-KLS,US-KLS,2014-04-18,3.50586693,2.4,2.4,-0.22432727192560104,0.22432727192560104,0.16232782476629148,0.39504624401586563,0.02902965037905241,0.028559105954230543,0.002445541206312702,-0.2243272719256011,1.1365509253852144,0.3305983152241958,2.175672728074399,True,2.175672728074399,True,2.175672728074399,True,2.175672728074399,True,2.175672728074399,True,2.175672728074399,True,2.175672728074399,True,2.2317545460557993,2.242020965193693,True,True,0.75,0.70423463652115,2.175672728074399,wind_stuck_7_days,2014
7524,US-KLS,US-KLS,2014-04-19,4.24848728,3.3,3.3,-0.9096633063960665,0.9096633063960665,0.37485076224371927,0.7721308561685666,0.1112114958556673,-0.18489591350599416,-0.07761966279094915,-0.9096633063960664,1.1365509253852144,0.3305983152241958,2.3903366936039334,True,3.3,False,2.3903366936039334,True,2.3903366936039334,True,2.3903366936039334,True,3.3,False,3.3,False,2.61775252020295,3.2160037588004293,True,True,0.75,0.09233772606740558,2.3903366936039334,wind_stuck_7_days,2014
7525,US-KLS,US-KLS,2014-05-04,4.26809729,4.1,4.1,-1.0411668550876425,1.0411668550876425,0.11744465434651723,0.68800886126681,0.006904587299622933,-0.12251940086073669,0.06802378194617914,-1.0411668550876425,1.1365509253852144,0.3305983152241958,3.058833144912357,True,3.058833144912357,True,3.058833144912357,True,3.058833144912357,True,3.058833144912357,True,4.1,False,3.058833144912357,True,3.3191248586842677,3.922246787197223,True,True,0.75,0.17072500140989785,3.058833144912357,wind_stuck_7_days,2014
7526,US-KLS,US-KLS,2014-05-05,3.10636823,4.1,4.1,-0.5554827114472501,0.5554827114472501,0.11317858448577262,0.6000083033913761,-0.021333429122009185,-0.004522992849504625,0.006246402406003181,0.5554827114472501,1.1365509253852144,0.3305983152241958,3.5445172885527496,True,3.5445172885527496,True,3.5445172885527496,True,4.1,False,4.1,False,4.1,False,3.5445172885527496,True,3.683387966414562,3.845126147596263,True,True,0.75,0.458833096244689,3.5445172885527496,wind_stuck_7_days,2014
7527,US-KLS,US-KLS,2014-05-20,3.21662356,4.5,4.5,-0.654692246179975,0.654692246179975,0.2508288167144435,0.6612279966002778,-0.08707421125998518,-0.07340021276145216,-0.038642528741976344,0.654692246179975,1.1365509253852144,0.3305983152241958,3.845307753820025,True,3.845307753820025,True,3.845307753820025,True,4.5,False,4.5,False,4.5,False,4.5,False,4.008980815365018,4.233198351410755,True,True,0.75,0.4075222368158318,3.845307753820025,wind_stuck_7_days,2014
7528,US-KLS,US-KLS,2014-05-21,3.40434981,4.0,4.0,-0.5355102723048166,0.5355102723048166,0.23708787824301142,0.6674293582493387,-0.003673224053006858,-0.004522992849504625,-0.0009695257422353634,0.5355102723048166,1.1365509253852144,0.3305983152241958,3.4644897276951836,True,3.4644897276951836,True,3.4644897276951836,True,4.0,False,4.0,False,4.0,False,4.0,False,3.5983672957713875,3.674015969686984,True,True,0.75,0.6087353449075644,3.4644897276951836,wind_stuck_7_days,2014
7529,US-KLS,US-KLS,2014-05-28,5.46932816,4.8,4.8,0.15853592004532585,0.15853592004532585,0.23016920201917615,0.7431949299421942,0.0015619222005454243,-0.010034948281192831,-0.0009695257422353634,0.1585359200453258,1.1365509253852144,0.3305983152241958,4.958535920045326,True,4.958535920045326,True,4.958535920045326,True,4.958535920045326,True,4.958535920045326,True,4.8,False,4.8,False,4.918901940033995,4.958535920045326,True,True,0.75,1.0,4.958535920045326,wind_stuck_7_days,2014
7530,US-KLS,US-KLS,2014-05-29,5.25626238,4.5,4.5,-0.8011571158256257,0.8011571158256257,0.1601848711443259,0.4834250941460964,-0.05914730056114705,-0.062063903474198955,-0.0063201533826489605,-0.8011571158256257,1.1365509253852144,0.3305983152241958,3.6988428841743746,True,3.6988428841743746,True,3.6988428841743746,True,4.5,False,4.5,False,4.5,False,4.5,False,3.8991321631307807,4.316484588919705,True,True,0.75,0.22906294839704994,3.6988428841743746,wind_stuck_7_days,2014
7531,US-KLS,US-KLS,2014-06-13,6.80627037,4.9,4.9,-0.8083132045037198,0.8083132045037198,0.16628537271727065,0.41768288765378553,-0.0767572928955984,-0.062063903474198955,-0.0063201533826489605,-0.8083132045037198,1.1365509253852144,0.3305983152241958,4.091686795496281,True,4.091686795496281,True,4.091686795496281,True,4.9,False,4.9,False,4.9,False,4.9,False,4.29376509662221,4.722392416183642,True,True,0.75,0.2197261937906899,4.091686795496281,wind_stuck_7_days,2014
7532,US-KLS,US-KLS,2014-06-22,6.93266359,4.6,4.6,0.08560588846170433,0.08560588846170433,0.3636485103038704,0.61567602691851,0.026409042344631907,-0.012824392573945551,-0.003527434260294452,0.08560588846170436,1.1365509253852144,0.3305983152241958,4.685605888461704,True,4.6,False,4.685605888461704,True,4.685605888461704,True,4.685605888461704,True,4.6,False,4.6,False,4.664204416346278,4.685605888461704,True,True,0.75,1.0,4.685605888461704,wind_stuck_7_days,2014
7533,US-KLS,US-KLS,2014-07-15,3.69104954,5.0,5.0,-0.8219388953627227,0.8219388953627227,0.22268297293877715,0.37527512735110685,-0.0767572928955984,-0.062063903474198955,-0.019374339371093827,0.8219388953627227,1.1365509253852144,0.3305983152241958,4.178061104637277,True,4.178061104637277,True,4.178061104637277,True,5.0,False,5.0,False,5.0,False,5.0,False,4.383545828477958,4.785388665621889,True,True,0.75,0.2611037579422525,4.178061104637277,wind_stuck_7_days,2014
7534,US-KLS,US-KLS,2014-07-24,2.89947773,5.8,5.8,-0.6168233771569325,0.6168233771569325,0.21818739258479222,0.5567409030839616,-0.17947718098681611,-0.14892082400429488,-0.1139619679695391,0.6168233771569325,1.1365509253852144,0.3305983152241958,5.183176622843067,True,5.183176622843067,True,5.183176622843067,True,5.8,False,5.8,False,5.8,False,5.8,False,5.337382467132301,5.8,True,False,0.75,0.0,5.183176622843067,wind_stuck_7_days,2014
7535,US-KLS,US-KLS,2014-07-31,2.0073008,3.8,3.8,-0.6985184576968272,0.6985184576968272,0.2050541272701355,0.3948991828031651,-0.05985075502571712,-0.02421820369983961,-0.010608644782132172,0.6985184576968271,1.1365509253852144,0.3305983152241958,3.1014815423031727,True,3.1014815423031727,True,3.1014815423031727,True,3.8,False,3.8,False,3.8,False,3.8,False,3.2761111567273793,3.536452054652708,True,True,0.75,0.37729560678506474,3.1014815423031727,wind_stuck_7_days,2014
7536,US-KLS,US-KLS,2014-08-01,2.59716533,3.5,3.5,-0.3698078121675771,0.3698078121675771,0.22296913145686462,0.5351344605268022,-0.007128029565298764,0.024477093694573158,-0.0009695257422353634,0.3698078121675771,1.1365509253852144,0.3305983152241958,3.130192187832423,True,3.130192187832423,True,3.130192187832423,True,3.5,False,3.5,False,3.130192187832423,True,3.5,False,3.2226441408743174,3.2808586631639653,True,True,0.75,0.5925816860156853,3.130192187832423,wind_stuck_7_days,2014
7537,US-KLS,US-KLS,2014-08-16,3.78745973,4.1,4.1,-0.7487888141732626,0.7487888141732626,0.22749468904161285,0.44526072241718107,-0.06273152161776893,-0.0418048914585664,-0.010608644782132172,-0.12370827417326358,1.1365509253852144,0.3305983152241958,3.3512111858267373,True,3.3512111858267373,True,3.3512111858267373,True,4.1,False,4.1,False,4.1,False,4.1,False,3.5384083893700526,3.8575569986211335,True,True,0.75,0.3237802125109831,3.3512111858267373,wind_stuck_7_days,2014
7538,US-KLS,US-KLS,2014-08-17,2.43878912,2.3,2.3,-0.15181703952976125,0.15181703952976125,0.26281385608339153,0.34488720431495357,0.0013091291221985016,-0.0038275311301455804,-0.0009695257422353634,-0.15181703952976122,1.1365509253852144,0.3305983152241958,2.1481829604702387,True,2.1481829604702387,True,2.1481829604702387,True,2.1481829604702387,True,2.1481829604702387,True,2.3,False,2.3,False,2.1861372203526788,2.1481829604702387,True,True,0.75,1.0,2.1481829604702387,wind_stuck_7_days,2014
7539,US-KLS,US-KLS,2014-08-25,2.84473071,4.0,4.0,-0.794753913666207,0.794753913666207,0.13040918105170218,0.6510699860353476,-0.07069558746254798,-0.07392568940081896,-0.09710692078140376,0.794753913666207,1.1365509253852144,0.3305983152241958,3.2052460863337933,True,3.2052460863337933,True,3.2052460863337933,True,4.0,False,4.0,False,4.0,False,4.0,False,3.4039345647503447,3.9218217631408097,True,True,0.75,0.0983678538914689,3.2052460863337933,wind_stuck_7_days,2014
7540,US-KLS,US-KLS,2014-09-02,2.71515186,3.3,3.3,0.1989282286649858,0.1989282286649858,0.1466818690729706,0.41391352347090304,0.011100454145115804,0.009550591667455944,0.006246402406003181,-0.19892822866498583,1.1365509253852144,0.3305983152241958,3.4989282286649854,True,3.4989282286649854,True,3.4989282286649854,True,3.4989282286649854,True,3.4989282286649854,True,3.4989282286649854,True,3.4989282286649854,True,3.4491961714987394,3.46986818938278,True,True,0.75,0.8539169655446671,3.4989282286649854,wind_stuck_7_days,2014
7541,US-KLS,US-KLS,2014-09-17,2.55127,3.6,3.6,-0.22806542267160185,0.22806542267160185,0.1858068222520954,0.42106265794346454,0.025432014712659413,0.02999388613069525,0.002445541206312702,0.2280654226716019,1.1365509253852144,0.3305983152241958,3.3719345773283984,True,3.3719345773283984,True,3.3719345773283984,True,3.3719345773283984,True,3.3719345773283984,True,3.3719345773283984,True,3.3719345773283984,True,3.428950932996299,3.448908175510822,True,True,0.75,0.6624933438802764,3.3719345773283984,wind_stuck_7_days,2014
7542,US-KLS,US-KLS,2014-09-25,3.96629815,3.3,3.3,-0.48118177812615864,0.48118177812615864,0.14388579465524734,0.37483250854710287,-0.0006672877475095658,0.07385550490350884,0.006246402406003181,-0.4811817781261587,1.1365509253852144,0.3305983152241958,2.8188182218738413,True,2.8188182218738413,True,2.8188182218738413,True,3.3,False,3.3,False,2.8188182218738413,True,2.8188182218738413,True,2.939113666405381,2.852850582067386,True,True,0.75,0.9292733812030967,2.8188182218738413,wind_stuck_7_days,2014
7543,US-KLS,US-KLS,2014-09-26,4.25749793,3.4,3.4,-0.5026502918959057,0.5026502918959057,0.12855923843523376,0.3458166662153094,0.08607663519518603,0.07385550490350884,0.006246402406003181,-0.5026502918959057,1.1365509253852144,0.3305983152241958,2.897349708104094,True,2.897349708104094,True,2.897349708104094,True,2.897349708104094,True,2.897349708104094,True,2.897349708104094,True,2.897349708104094,True,3.0230122810780706,2.9729966870880333,True,True,0.75,0.8495037599627916,2.897349708104094,wind_stuck_7_days,2014
7544,US-KLS,US-KLS,2014-10-03,4.08354087,2.2,2.2,-0.29481256722112287,0.29481256722112287,0.17926937873787982,0.4308809550125371,0.046480703563353834,0.05280013916951629,-0.012060055726159636,-0.2948125672211228,1.1365509253852144,0.3305983152241958,1.9051874327788774,True,1.9051874327788774,True,1.9051874327788774,True,1.9051874327788774,True,1.9051874327788774,True,1.9051874327788774,True,2.2,False,1.978890574584158,1.950083900058835,True,True,0.75,0.8477118268629187,1.9051874327788774,wind_stuck_7_days,2014
7545,US-KLS,US-KLS,2014-10-04,2.17475782,2.5,2.5,-0.9620073724943736,0.9620073724943736,0.11348484760104423,0.33827609859093216,0.09309386812834738,0.1251104815601863,-0.015710259251870008,-0.31152301249437353,1.1365509253852144,0.3305983152241958,1.5379926275056264,True,1.5379926275056264,True,1.5379926275056264,True,1.5379926275056264,True,1.5379926275056264,True,1.5379926275056264,True,2.5,False,1.7784944706292198,2.203527594607088,True,True,0.75,0.3081810117776891,1.5379926275056264,wind_stuck_7_days,2014
7546,US-KLS,US-KLS,2014-10-11,2.32184652,2.2,2.2,-0.402967054046086,0.402967054046086,0.10626120536653103,0.4658249120988639,0.08773025451085292,0.08158542025704574,-0.008259194526469157,-0.402967054046086,1.1365509253852144,0.3305983152241958,1.797032945953914,True,1.797032945953914,True,1.797032945953914,True,1.797032945953914,True,1.797032945953914,True,1.797032945953914,True,2.2,False,1.8977747094654358,1.9540041020157517,True,True,0.75,0.6104615638282794,1.797032945953914,wind_stuck_7_days,2014
7547,US-KLS,US-KLS,2014-10-19,2.57132357,2.3,2.3,-0.4443099641645108,0.4443099641645108,0.09354484643998325,0.3665342057058797,0.07149105938500616,0.07749415432178978,-0.008259194526469157,-0.44430996416451074,1.1365509253852144,0.3305983152241958,1.855690035835489,True,1.855690035835489,True,1.855690035835489,True,1.855690035835489,True,1.855690035835489,True,1.855690035835489,True,2.3,False,1.9667675268766167,1.855690035835489,True,True,0.75,1.0,1.855690035835489,wind_stuck_7_days,2014
7548,US-KLS,US-KLS,2014-10-28,2.09655176,1.8,1.8,-0.37965194883012887,0.37965194883012887,0.09715142144214263,0.28617442769845336,0.050766449729961693,0.05280013916951629,-0.012283897400880105,-0.37965194883012887,1.1365509253852144,0.3305983152241958,1.4203480511698712,True,1.4203480511698712,True,1.4203480511698712,True,1.4203480511698712,True,1.4203480511698712,True,1.4203480511698712,True,1.8,False,1.5152610383774034,1.5418650229656654,True,True,0.75,0.679925331161238,1.4203480511698712,wind_stuck_7_days,2014
7549,US-KLS,US-KLS,2014-11-05,1.64512102,1.6,1.6,-0.7240714079136418,0.7240714079136418,0.12882819228131662,0.37684133166495865,0.15793477542836715,0.11682979102492833,-0.012283897400880105,-0.7240714079136418,1.1365509253852144,0.3305983152241958,0.8759285920863583,True,0.8759285920863583,True,0.8759285920863583,True,0.8759285920863583,True,0.8759285920863583,True,0.8759285920863583,True,1.6,False,1.056946444064769,1.2585162182090104,True,True,0.75,0.4716161666636581,0.8759285920863583,wind_stuck_7_days,2014
7550,US-KLS,US-KLS,2014-11-13,0.40698563,0.7,0.7,-0.32874603496938665,0.32874603496938665,0.22134790423443354,0.5624451773475674,0.04620395119888536,0.05280013916951629,-0.01949982554911865,0.2572827050306133,1.1365509253852144,0.3305983152241958,0.3712539650306133,True,0.3712539650306133,True,0.3712539650306133,True,0.3712539650306133,True,0.3712539650306133,True,0.3712539650306133,True,0.7,False,0.45344047377296,0.4467373403847369,True,True,0.75,0.7703900052782303,0.4106679591710487,wind_stuck_7_days,2014
7551,US-KLS,US-KLS,2014-11-20,0.49354869,0.8,0.8,-0.3986363304923747,0.3986363304923747,0.13045360259439145,0.3955517655948857,0.050718849145511655,0.05280013916951629,-0.012283897400880105,0.21426628950762538,1.1365509253852144,0.3305983152241958,0.40136366950762536,True,0.40136366950762536,True,0.40136366950762536,True,0.40136366950762536,True,0.40136366950762536,True,0.40136366950762536,True,0.8,False,0.501022752130719,0.5140775797821857,True,True,0.75,0.7172512848105388,0.40136366950762536,wind_stuck_7_days,2014
7552,US-KLS,US-KLS,2014-11-28,0.70557345,0.9,0.9,-0.27165069544754206,0.27165069544754206,0.12796622060817764,0.31538808475126295,0.050718849145511655,0.05280013916951629,-0.012283897400880105,0.1172024045524579,1.1365509253852144,0.3305983152241958,0.628349304552458,True,0.628349304552458,True,0.628349304552458,True,0.628349304552458,True,0.628349304552458,True,0.628349304552458,True,0.9,False,0.6962619784143435,0.6352752459219533,True,True,0.75,0.974504238400403,0.628349304552458,wind_stuck_7_days,2014
7553,US-KLS,US-KLS,2014-11-29,0.59698522,1.2,1.2,-0.19925285634500964,0.19925285634500964,0.14399155851297743,0.41502668045381974,0.030643946579732267,0.028559105954230543,-0.012283897400880105,0.19925285634500967,1.1365509253852144,0.3305983152241958,1.0007471436549904,True,1.0007471436549904,True,1.0007471436549904,True,1.0007471436549904,True,1.0007471436549904,True,1.0007471436549904,True,1.2,False,1.0505603577412428,1.0298546055337618,True,True,0.75,0.8539169655446671,1.0007471436549904,wind_stuck_7_days,2014
7660,US-KM4,US-KM4,2014-04-02,0.85692617,1.0,1.0,0.44926695944742745,0.44926695944742745,0.0934792797125313,0.31064996039040416,0.07625348818160309,0.06427451392137773,-0.018369297404127755,-0.44926695944742745,1.1365509253852144,0.3305983152241958,1.4492669594474274,True,1.4492669594474274,True,1.4492669594474274,True,1.4492669594474274,True,1.4492669594474274,True,1.4492669594474274,True,1.0,False,1.3369502195855705,1.4492669594474274,True,True,0.75,1.0,1.4492669594474274,wind_stuck_7_days,2014
7661,US-KM4,US-KM4,2014-04-10,0.74068288,1.2,1.2,0.572061219828865,0.572061219828865,0.18628947009933805,0.7267759472859219,0.08161538173936214,0.06965879557913375,-0.05886046310306227,-0.572061219828865,1.1365509253852144,0.3305983152241958,1.772061219828865,True,1.772061219828865,True,1.772061219828865,True,1.772061219828865,True,1.772061219828865,True,1.772061219828865,True,1.2,False,1.6290459148716487,1.6393114397928044,True,True,0.75,0.7679448012998096,1.772061219828865,wind_stuck_7_days,2014
7662,US-KM4,US-KM4,2014-04-26,2.22828961,1.8,1.8,0.25541014418314745,0.25541014418314745,0.18424513441503199,0.4876315645837927,0.02638664229922439,0.023073396905767044,-0.016084758600570584,0.25541014418314745,1.1365509253852144,0.3305983152241958,2.0554101441831474,True,2.0554101441831474,True,2.0554101441831474,True,2.0554101441831474,True,2.0554101441831474,True,2.0554101441831474,True,1.8,False,1.9915576081373607,2.0446121053828374,True,True,0.75,0.9577227488953342,2.0554101441831474,wind_stuck_7_days,2014
7663,US-KM4,US-KM4,2014-08-16,3.66614613,4.7,4.7,0.38957583462660195,0.38957583462660195,0.29819073510070093,0.6705215080897277,-0.007361358297524617,-0.009943053965967431,-0.007054925745483016,-0.38957583462660184,1.1365509253852144,0.3305983152241958,5.0895758346266025,True,5.0895758346266025,True,5.0895758346266025,True,4.7,False,4.7,False,4.7,False,4.7,False,4.992181875969951,4.85473658903439,True,True,0.75,0.39719247263552937,5.0895758346266025,wind_stuck_7_days,2014
7664,US-KM4,US-KM4,2014-10-27,2.00449622,1.6,1.6,-0.295775332315242,0.295775332315242,0.14303459756210352,0.49821056084330395,0.0547373155110699,0.05525427184674336,0.0022216995315922283,-0.295775332315242,1.1365509253852144,0.3305983152241958,1.3042246676847582,True,1.3042246676847582,True,1.3042246676847582,True,1.3042246676847582,True,1.3042246676847582,True,1.3042246676847582,True,1.3042246676847582,True,1.3781685007635687,1.3492677527020593,True,True,0.75,0.8477118268629187,1.3042246676847582,wind_stuck_7_days,2014
7974,US-MMS,US-MMS,2014-03-09,0.35133607,1.2,1.2,0.01672172933196548,0.01672172933196548,0.11685335822527995,0.29448788416120225,0.01511869232226161,0.011430322777225433,-0.012283897400880105,-0.016721729331965474,1.1365509253852144,0.3305983152241958,1.2167217293319654,True,1.2167217293319654,True,1.2167217293319654,True,1.2167217293319654,True,1.2167217293319654,True,1.2167217293319654,True,1.2,False,1.2125412969989742,1.2167217293319654,True,True,0.75,1.0,1.2167217293319654,wind_stuck_7_days,2014
7975,US-MMS,US-MMS,2014-04-10,0.84126897,2.0,2.0,-0.13540529240736804,0.13540529240736804,0.25240678616707757,0.6894086712743542,0.015086146279478723,-0.0038275311301455804,-0.004994228616646318,0.1354052924073681,1.1365509253852144,0.3305983152241958,1.864594707592632,True,1.864594707592632,True,1.864594707592632,True,1.864594707592632,True,1.864594707592632,True,2.0,False,2.0,False,1.898446030694474,1.864594707592632,True,True,0.75,1.0,1.864594707592632,wind_stuck_7_days,2014
7976,US-MMS,US-MMS,2014-04-18,0.68012438,1.4,1.4,0.414784848205612,0.414784848205612,0.10019445030817607,0.4062976257579109,0.06926080761245294,0.0761965994956227,-0.018369297404127755,-0.4147848482056119,1.1365509253852144,0.3305983152241958,1.814784848205612,True,1.814784848205612,True,1.814784848205612,True,1.814784848205612,True,1.814784848205612,True,1.814784848205612,True,1.4,False,1.711088636154209,1.6751412683268931,True,True,0.75,0.6633349060776291,1.814784848205612,wind_stuck_7_days,2014
7977,US-MMS,US-MMS,2014-04-26,1.01372795,3.5,3.5,-0.14979985004652208,0.14979985004652208,0.15359891310928173,0.454427414476448,0.0019300664640824047,0.0009341147038053723,0.006246402406003181,0.14979985004652185,1.1365509253852144,0.3305983152241958,3.350200149953478,True,3.350200149953478,True,3.350200149953478,True,3.350200149953478,True,3.350200149953478,True,3.350200149953478,True,3.350200149953478,True,3.3876501124651086,3.350200149953478,True,True,0.75,1.0,3.350200149953478,wind_stuck_7_days,2014
7978,US-MMS,US-MMS,2014-05-04,2.31022155,3.4,3.4,-0.3771854692927152,0.3771854692927152,0.206865465958973,0.4486031206117979,0.032337414760815024,0.05663994134295701,-0.0009695257422353634,0.37718546929271524,1.1365509253852144,0.3305983152241958,3.0228145307072847,True,3.0228145307072847,True,3.0228145307072847,True,3.0228145307072847,True,3.0228145307072847,True,3.0228145307072847,True,3.4,False,3.1171108980304636,3.1511228396776083,True,True,0.75,0.6598270097442441,3.0228145307072847,wind_stuck_7_days,2014
7979,US-MMS,US-MMS,2014-06-13,7.25790457,5.6,5.6,-0.5368943033475231,0.5368943033475231,0.3228191576302717,0.7706046446710545,0.0989161795095978,0.03848689705868545,-0.0009695257422353634,-0.5368943033475233,1.1365509253852144,0.3305983152241958,5.063105696652476,True,5.063105696652476,True,5.063105696652476,True,5.063105696652476,True,5.063105696652476,True,5.063105696652476,True,5.6,False,5.197329272489357,5.078865010779463,True,True,0.75,0.9706472688781994,5.063105696652476,wind_stuck_7_days,2014
7980,US-MMS,US-MMS,2014-09-25,3.5724167,3.7,3.7,-0.8976468569020903,0.8976468569020903,0.08818445924835874,0.471165866867622,-0.00608075246830171,-0.013575800958159997,-0.030172823124910556,-0.6424802569020895,1.1365509253852144,0.3305983152241958,2.8023531430979096,True,2.8023531430979096,True,2.8023531430979096,True,3.7,False,3.7,False,3.7,False,3.7,False,3.0267648573234327,3.5912934595910726,True,True,0.75,0.12110167776233238,2.8023531430979096,wind_stuck_7_days,2014
7981,US-MMS,US-MMS,2014-10-27,1.24481244,0.6,0.6,-0.007847235939379308,0.007847235939379308,0.13869423903454875,0.5958099986690607,0.005659242100811838,0.013410028522380093,0.0022216995315922283,-0.007847235939379305,1.1365509253852144,0.3305983152241958,0.5921527640606207,True,0.5921527640606207,True,0.5921527640606207,True,0.5921527640606207,True,0.5921527640606207,True,0.5921527640606207,True,0.5921527640606207,True,0.5941145730454654,0.5921527640606207,True,True,0.75,1.0,0.5921527640606207,wind_stuck_7_days,2014
7982,US-MMS,US-MMS,2014-12-30,0.42575342,0.3,0.3,0.1491413628599124,0.1491413628599124,0.1799309739212463,0.28167305328228,0.013086135998767436,0.011430322777225433,-0.016084758600570584,0.10236547714008762,1.1365509253852144,0.3305983152241958,0.44914136285991235,True,0.44914136285991235,True,0.44914136285991235,True,0.44914136285991235,True,0.44914136285991235,True,0.44914136285991235,True,0.3,False,0.4118560221449343,0.44914136285991235,True,True,0.75,1.0,0.4484274925249324,wind_stuck_7_days,2014
8186,US-MOz,US-MOz,2014-01-24,0.21897439,0.6,0.6,-0.48357254503507213,0.48357254503507213,0.1781868277560543,0.6310518014448239,0.08403401310174699,0.08780476186147587,-0.016084758600570584,0.2784786749649279,1.1365509253852144,0.3305983152241958,0.11642745496492785,True,0.11642745496492785,True,0.11642745496492785,True,0.11642745496492785,True,0.11642745496492785,True,0.11642745496492785,True,0.6,False,0.23732059122369586,0.11642745496492785,True,True,0.75,1.0,0.11642745496492785,wind_stuck_7_days,2014
8187,US-MOz,US-MOz,2014-03-13,0.79884485,1.5,1.5,-0.4119793499628533,0.4119793499628533,0.1170371161909884,0.3826111312997656,0.0916535197075111,0.0997268474357208,-0.012283897400880105,0.4119793499628533,1.1365509253852144,0.3305983152241958,1.0880206500371468,True,1.0880206500371468,True,1.0880206500371468,True,1.0880206500371468,True,1.0880206500371468,True,1.0880206500371468,True,1.5,False,1.19101548752786,1.2605106605922514,True,True,0.75,0.5813139406849942,1.0880206500371468,wind_stuck_7_days,2014
8188,US-MOz,US-MOz,2014-04-06,1.1524868,1.5,1.5,0.26625749027884393,0.26625749027884393,0.1577625958758001,0.41993185846866704,0.01683706899523837,0.02061926422853999,-0.016084758600570584,-0.26625749027884393,1.1365509253852144,0.3305983152241958,1.766257490278844,True,1.766257490278844,True,1.766257490278844,True,1.766257490278844,True,1.766257490278844,True,1.766257490278844,True,1.5,False,1.699693117709133,1.766257490278844,True,True,0.75,1.0,1.766257490278844,wind_stuck_7_days,2014
8189,US-MOz,US-MOz,2014-04-22,2.13984609,2.6,2.6,-0.040163816885502926,0.040163816885502926,0.1595790747796826,0.4569182462403309,0.013504396121581753,0.011430322777225433,0.002445541206312702,0.04016381688550291,1.1365509253852144,0.3305983152241958,2.559836183114497,True,2.559836183114497,True,2.559836183114497,True,2.559836183114497,True,2.559836183114497,True,2.559836183114497,True,2.559836183114497,True,2.569877137335873,2.559836183114497,True,True,0.75,1.0,2.559836183114497,wind_stuck_7_days,2014
8190,US-MOz,US-MOz,2014-07-11,2.99303951,7.0,7.0,0.4709072364381073,0.4709072364381073,0.18920315591762338,0.5883122258887025,-0.13446705030668218,-0.08296199530238982,-0.06226788024964546,-0.4709072364381077,1.1365509253852144,0.3305983152241958,7.470907236438107,True,7.470907236438107,True,7.470907236438107,True,7.0,False,7.0,False,7.0,False,7.0,False,7.353180427328581,7.0,True,False,0.75,0.0,7.470907236438107,wind_stuck_7_days,2014
8191,US-MOz,US-MOz,2014-07-19,4.94752234,5.6,5.6,0.319876586694511,0.319876586694511,0.20669117993358793,0.3702184111305623,-0.016562993501416566,-0.007153609673214714,-0.007054925745483016,-0.319876586694511,1.1365509253852144,0.3305983152241958,5.91987658669451,True,5.91987658669451,True,5.91987658669451,True,5.6,False,5.6,False,5.6,False,5.6,False,5.839907440020883,5.723220727533504,True,True,0.75,0.38521333745249364,5.91987658669451,wind_stuck_7_days,2014
8192,US-MOz,US-MOz,2014-08-12,4.30049337,5.0,5.0,0.4624130183429124,0.4624130183429124,0.2773934369391105,0.7116142012012168,-0.001441889117765707,-0.012164836797121775,-0.007054925745483016,-0.46241301834291226,1.1365509253852144,0.3305983152241958,5.462413018342913,True,5.462413018342913,True,5.462413018342913,True,5.0,False,5.0,False,5.0,False,5.0,False,5.346809763757184,5.3089653311094205,True,True,0.75,0.6681588079345566,5.462413018342913,wind_stuck_7_days,2014
8193,US-MOz,US-MOz,2014-08-28,2.78295953,5.0,5.0,-0.5548692458770734,0.5548692458770734,0.16382709986721666,0.5301069307419948,-0.03143161686292366,-0.012578097662851825,0.002445541206312702,0.5548692458770734,1.1365509253852144,0.3305983152241958,4.445130754122927,True,4.445130754122927,True,4.445130754122927,True,5.0,False,5.0,False,5.0,False,4.445130754122927,True,4.5838480655921945,4.756147866069853,True,True,0.75,0.43947675194125135,4.445130754122927,wind_stuck_7_days,2014
8194,US-MOz,US-MOz,2014-09-21,4.43313595,3.3,3.3,-0.1231096806598799,0.1231096806598799,0.14388392733761723,0.3837453686911806,0.021595336731289872,0.026679374844461038,-0.008259194526469157,-0.12310968065987993,1.1365509253852144,0.3305983152241958,3.17689031934012,True,3.17689031934012,True,3.17689031934012,True,3.17689031934012,True,3.17689031934012,True,3.17689031934012,True,3.3,False,3.20766773950509,3.17689031934012,True,True,0.75,1.0,3.17689031934012,wind_stuck_7_days,2014
8195,US-MOz,US-MOz,2014-10-15,3.10233007,2.5,2.5,-0.6275548206978153,0.6275548206978153,0.08391058437276153,0.5956032581295482,0.058013477798981646,0.08078557486312014,-0.008259194526469157,-0.6275548206978154,1.1365509253852144,0.3305983152241958,1.8724451793021846,True,1.8724451793021846,True,1.8724451793021846,True,1.8724451793021846,True,1.8724451793021846,True,1.8724451793021846,True,2.5,False,2.0293338844766384,2.1336463942929678,True,True,0.75,0.5837794462317447,1.8724451793021846,wind_stuck_7_days,2014
8402,US-Me2,US-Me1,2014-01-04,0.32499844,0.3,0.3,0.02866103444066493,0.02866103444066493,0.11859751182545325,0.30042140569070624,0.014700432199447291,0.011430322777225433,-0.012283897400880105,0.02133584555933509,1.1365509253852144,0.3305983152241958,0.3286610344406649,True,0.3286610344406649,True,0.3286610344406649,True,0.3286610344406649,True,0.3286610344406649,True,0.3286610344406649,True,0.3,False,0.3214957758304987,0.3286610344406649,True,True,0.75,1.0,0.3286610344406649,wind_stuck_7_days,2014
8403,US-Me2,US-Me1,2014-04-10,1.86661369,3.5,3.5,-1.3627690683104112,1.3627690683104112,0.16499960235882777,0.5878514712265372,0.013580511354149411,0.10444739957128531,-0.15556711802677073,1.3627690683104112,1.1365509253852144,0.3305983152241958,2.1372309316895888,True,2.1372309316895888,True,2.1372309316895888,True,2.1372309316895888,True,2.1372309316895888,True,2.1372309316895888,True,3.5,False,2.4779231987671917,2.802657281159931,True,True,0.75,0.5117101165971201,2.1372309316895888,wind_stuck_7_days,2014
8404,US-Me2,US-Me1,2014-05-12,2.05728344,4.8,4.8,-2.1107880573393536,2.1107880573393536,0.18389619731386855,0.5250233169384119,0.26573385552291207,0.6720557298367051,-0.04106141539624,2.1107880573393536,1.1365509253852144,0.3305983152241958,2.6892119426606462,True,2.6892119426606462,True,2.6892119426606462,True,2.6892119426606462,True,2.6892119426606462,True,2.6892119426606462,True,4.8,False,3.2169089569954847,3.184897509419843,True,True,0.75,0.765165638001568,2.6892119426606462,wind_stuck_7_days,2014
8405,US-Me2,US-Me1,2014-05-20,2.29508851,4.7,4.7,-1.870960902448744,1.870960902448744,0.21476986878304094,0.5223809759087187,0.26573385552291207,0.6720557298367051,-0.22826563743636508,1.870960902448744,1.1365509253852144,0.3305983152241958,2.8290390975512563,True,2.8290390975512563,True,2.8290390975512563,True,2.8290390975512563,True,2.8290390975512563,True,2.8290390975512563,True,4.7,False,3.296779323163442,3.262248467877038,True,True,0.75,0.7684562142593199,2.8290390975512563,wind_stuck_7_days,2014
8406,US-Me2,US-Me1,2014-06-05,3.32959336,4.9,4.9,-1.455279182258467,1.455279182258467,0.22492544546997778,0.48311929071271054,-0.3737256083184566,-0.43145726642869936,-0.2803461961136771,1.455279182258467,1.1365509253852144,0.3305983152241958,3.4447208177415334,True,3.4447208177415334,True,3.4447208177415334,True,4.9,False,4.9,False,4.9,False,4.9,False,3.80854061330615,4.676632375788693,True,True,0.75,0.15348781658833335,3.4447208177415334,wind_stuck_7_days,2014
8407,US-Me2,US-Me1,2014-06-29,3.5425744,4.9,4.9,-1.3538250041229465,1.3538250041229465,0.17422342839711405,0.523037214957077,-0.26843798954007314,-0.07018432684122526,-0.14106152109429848,1.3538250041229465,1.1365509253852144,0.3305983152241958,3.546174995877054,True,3.546174995877054,True,3.546174995877054,True,4.9,False,4.9,False,4.9,False,4.9,False,3.8846312469077904,4.269746454498074,True,True,0.75,0.4655354595923019,3.546174995877054,wind_stuck_7_days,2014
8408,US-Me2,US-Me1,2014-07-07,2.53663556,5.7,5.7,-0.4293964134970942,0.4293964134970942,0.2333947601737813,0.4191208160242857,-0.022960354993290057,-0.01088102844528416,-0.0009695257422353634,0.429396413497094,1.1365509253852144,0.3305983152241958,5.270603586502906,True,5.270603586502906,True,5.270603586502906,True,5.7,False,5.7,False,5.7,False,5.7,False,5.37795268987718,5.587065090752781,True,True,0.75,0.2630085061201461,5.270603586502906,wind_stuck_7_days,2014
8409,US-Me2,US-Me1,2014-07-31,2.22261497,4.4,4.4,-0.5729400077667621,0.5729400077667621,0.15203885722246335,0.44117674486845776,-0.023463326366985622,-0.012578097662851825,0.006246402406003181,0.5729400077667621,1.1365509253852144,0.3305983152241958,3.827059992233238,True,3.827059992233238,True,3.827059992233238,True,4.4,False,4.4,False,4.4,False,3.827059992233238,True,3.9702949941749286,4.143167650305509,True,True,0.75,0.4482709292646313,3.827059992233238,wind_stuck_7_days,2014
8410,US-Me2,US-Me1,2014-08-08,2.36313822,4.7,4.7,-1.2154968572318847,1.2154968572318847,0.21644266439372536,0.3873845168166322,-0.3421283755587135,-0.1957162586737499,-0.21945743346340252,1.2154968572318847,1.1365509253852144,0.3305983152241958,3.4845031427681157,True,3.4845031427681157,True,3.4845031427681157,True,4.7,False,4.7,False,4.7,False,4.7,False,3.7883773570760866,4.569732826568393,True,True,0.75,0.10717195413262594,3.4845031427681157,wind_stuck_7_days,2014
8411,US-Me2,US-Me1,2014-08-16,2.48146176,3.9,3.9,-1.027761557342571,1.027761557342571,0.15440691724606986,0.5103937292706726,-0.0038361517868358472,-0.052185806252109945,0.0960576659060233,1.027761557342571,1.1365509253852144,0.3305983152241958,2.8722384426574292,True,2.8722384426574292,True,2.8722384426574292,True,3.9,False,3.9,False,3.9,False,2.8722384426574292,True,3.129178831993072,3.32838760960261,True,True,0.75,0.556172184407615,2.8722384426574292,wind_stuck_7_days,2014
8412,US-Me2,US-Me1,2014-08-24,1.34766811,3.5,3.5,-1.3594276612160965,1.3594276612160965,0.15156129496653542,0.45466386749603727,0.07707080574331342,0.10517386350735848,-0.137260659894608,1.3594276612160965,1.1365509253852144,0.3305983152241958,2.1405723387839037,True,2.1405723387839037,True,2.1405723387839037,True,2.1405723387839037,True,2.1405723387839037,True,2.1405723387839037,True,3.5,False,2.4804292540879276,2.832502942716153,True,True,0.75,0.49101329649768,2.1405723387839037,wind_stuck_7_days,2014
8413,US-Me2,US-Me1,2014-09-01,1.1602263,3.3,3.3,-1.1087023803234943,1.1087023803234943,0.19584712546392344,0.3527298652027857,-0.05224328848930673,-0.08919981101431858,0.018980284144070936,1.1087023803234943,1.1365509253852144,0.3305983152241958,2.1912976196765053,True,2.1912976196765053,True,2.1912976196765053,True,3.3,False,3.3,False,3.3,False,2.1912976196765053,True,2.4684732147573794,2.8296470627538337,True,True,0.75,0.4242373296870956,2.1912976196765053,wind_stuck_7_days,2014
8414,US-Me2,US-Me1,2014-10-03,0.61371603,2.4,2.4,-0.6514060165126001,0.6514060165126001,0.12041972923524343,0.3007801361559707,0.06833991880728806,0.08078557486312014,-0.008259194526469157,0.6514060165126001,1.1365509253852144,0.3305983152241958,1.7485939834873998,True,1.7485939834873998,True,1.7485939834873998,True,1.7485939834873998,True,1.7485939834873998,True,1.7485939834873998,True,2.4,False,1.9114454876155498,2.0408566666684913,True,True,0.75,0.5513356097848717,1.7485939834873998,wind_stuck_7_days,2014
8415,US-Me2,US-Me1,2014-10-19,0.81357072,1.6,1.6,-0.12935016280548278,0.12935016280548278,0.10220921828495215,0.38292926570748026,0.025192972397682867,0.028559105954230543,-0.012283897400880105,0.12935016280548273,1.1365509253852144,0.3305983152241958,1.4706498371945174,True,1.4706498371945174,True,1.4706498371945174,True,1.4706498371945174,True,1.4706498371945174,True,1.4706498371945174,True,1.6,False,1.502987377895888,1.4706498371945174,True,True,0.75,1.0,1.4706498371945174,wind_stuck_7_days,2014
8416,US-Me2,US-Me1,2014-11-12,0.15272286,1.0,1.0,-0.2580867378504731,0.2580867378504731,0.1536546109693988,0.7480581740919238,0.062216661685282934,0.05280013916951629,-0.012283897400880105,0.2580867378504731,1.1365509253852144,0.3305983152241958,0.7419132621495269,True,0.7419132621495269,True,0.7419132621495269,True,0.7419132621495269,True,0.7419132621495269,True,0.7419132621495269,True,1.0,False,0.8064349466121452,0.7477668671670481,True,True,0.75,0.9773192335790903,0.8321636954848095,wind_stuck_7_days,2014
8417,US-Me2,US-Me1,2014-12-14,0.25972512,0.4,0.4,-0.039731424624534536,0.039731424624534536,0.13109396123468275,0.2995698244072403,0.014700432199447291,0.011430322777225433,-0.012283897400880105,0.039731424624534536,1.1365509253852144,0.3305983152241958,0.36026857537546547,True,0.36026857537546547,True,0.36026857537546547,True,0.36026857537546547,True,0.36026857537546547,True,0.36026857537546547,True,0.4,False,0.3702014315315991,0.36026857537546547,True,True,0.75,1.0,0.3682591838913504,wind_stuck_7_days,2014
8418,US-Me2,US-Me1,2014-12-22,0.91578126,0.3,0.3,0.25964847287162185,0.25964847287162185,0.11605494292069417,0.5209191387935165,0.01988629050136665,0.0231241476539021,-0.012283897400880105,0.25964847287162185,1.1365509253852144,0.3305983152241958,0.5596484728716218,True,0.5596484728716218,True,0.5596484728716218,True,0.5596484728716218,True,0.5596484728716218,True,0.5596484728716218,True,0.3,False,0.49473635465371635,0.5596484728716218,True,True,0.75,1.0,0.5601469552148886,wind_stuck_7_days,2014
8595,US-Me6,US-Me1,2014-01-04,0.20564421,0.3,0.3,0.03235971897104907,0.03235971897104907,0.13467564221596867,0.3146742665176073,0.014700432199447291,0.011430322777225433,-0.012283897400880105,-0.032359718971049056,1.1365509253852144,0.3305983152241958,0.33235971897104905,True,0.33235971897104905,True,0.33235971897104905,True,0.33235971897104905,True,0.33235971897104905,True,0.33235971897104905,True,0.3,False,0.3242697892282868,0.33235971897104905,True,True,0.75,1.0,0.3245645578103046,wind_stuck_7_days,2014
8596,US-Me6,US-Me1,2014-04-02,1.84182054,1.7,1.7,0.04365282557958485,0.04365282557958485,0.10519934760975333,0.32467615375643416,0.01511869232226161,0.011430322777225433,-0.012283897400880105,0.04365282557958486,1.1365509253852144,0.3305983152241958,1.743652825579585,True,1.743652825579585,True,1.743652825579585,True,1.743652825579585,True,1.743652825579585,True,1.743652825579585,True,1.7,False,1.7327396191846887,1.743652825579585,True,True,0.75,1.0,1.743652825579585,wind_stuck_7_days,2014
8597,US-Me6,US-Me1,2014-04-10,1.37430397,1.9,1.9,-0.2876581041711129,0.2876581041711129,0.12500517090307514,0.4434003521987722,0.0547373155110699,0.05525427184674336,0.0022216995315922283,0.2876581041711129,1.1365509253852144,0.3305983152241958,1.6123418958288869,True,1.6123418958288869,True,1.6123418958288869,True,1.6123418958288869,True,1.6123418958288869,True,1.6123418958288869,True,1.6123418958288869,True,1.6842564218716651,1.640100468791322,True,True,0.75,0.9035015090486619,1.6123418958288869,wind_stuck_7_days,2014
8598,US-Me6,US-Me1,2014-04-18,1.62382684,2.0,2.0,-0.08829935876717669,0.08829935876717669,0.0944077441331959,0.38443514064502626,0.018474180515174594,0.018372023531924832,-0.012283897400880105,0.0882993587671767,1.1365509253852144,0.3305983152241958,1.9117006412328232,True,1.9117006412328232,True,1.9117006412328232,True,1.9117006412328232,True,1.9117006412328232,True,1.9117006412328232,True,2.0,False,1.9337754809246175,1.9117006412328232,True,True,0.75,1.0,1.9117006412328232,wind_stuck_7_days,2014
8599,US-Me6,US-Me1,2014-05-12,2.33023227,3.1,3.1,-0.731876408529103,0.731876408529103,0.1902523430487019,0.5210346084128429,-0.012382017116278137,-0.00011460583621514058,0.002445541206312702,0.731876408529103,1.1365509253852144,0.3305983152241958,2.368123591470897,True,2.368123591470897,True,2.368123591470897,True,3.1,False,3.1,False,3.1,False,2.368123591470897,True,2.551092693603173,2.812755605779787,True,True,0.75,0.3924766406906131,2.368123591470897,wind_stuck_7_days,2014
8600,US-Me6,US-Me1,2014-06-05,3.16754059,2.6,2.6,-0.2792786069994354,0.2792786069994354,0.15686916764239572,0.5349212300237268,0.002455009611618399,0.005504736439632717,0.006246402406003181,-0.2792786069994354,1.1365509253852144,0.3305983152241958,2.320721393000565,True,2.320721393000565,True,2.320721393000565,True,2.320721393000565,True,2.320721393000565,True,2.320721393000565,True,2.320721393000565,True,2.3905410447504236,2.3825866546923318,True,True,0.75,0.7784819168340669,2.320721393000565,wind_stuck_7_days,2014
8601,US-Me6,US-Me1,2014-06-29,2.55914176,2.9,2.9,-0.29401691880027886,0.29401691880027886,0.2798477849233288,0.5431492160694621,0.027157906904623,0.04977300769906582,-0.0009695257422353634,0.29401691880027886,1.1365509253852144,0.3305983152241958,2.605983081199721,True,2.605983081199721,True,2.605983081199721,True,2.605983081199721,True,2.605983081199721,True,2.605983081199721,True,2.9,False,2.6794873108997908,2.666706868729112,True,True,0.75,0.793468390264169,2.605983081199721,wind_stuck_7_days,2014
8602,US-Me6,US-Me1,2014-07-07,1.83311606,2.0,2.0,-0.7247290233784343,0.7247290233784343,0.17388030990280737,0.41505040080018246,0.021359845077858715,0.02541949888083156,-0.017133624788568672,-0.39096114337843435,1.1365509253852144,0.3305983152241958,1.2752709766215657,True,1.2752709766215657,True,1.2752709766215657,True,1.2752709766215657,True,1.2752709766215657,True,1.2752709766215657,True,2.0,False,1.4564532324661743,1.7281666457474187,True,True,0.75,0.3750827488395439,1.2752709766215657,wind_stuck_7_days,2014
8603,US-Me6,US-Me1,2014-07-15,1.68430697,3.0,3.0,-0.9260426874635485,0.9260426874635485,0.18880487236687968,0.4550583842674517,-0.14266269735990442,-0.037170752359890036,-0.062007568284445175,0.9260426874635485,1.1365509253852144,0.3305983152241958,2.0739573125364514,True,2.0739573125364514,True,2.0739573125364514,True,3.0,False,3.0,False,3.0,False,3.0,False,2.3054679844023385,2.9041250832116865,True,True,0.75,0.10353185450977127,2.0739573125364514,wind_stuck_7_days,2014
8604,US-Me6,US-Me1,2014-07-31,3.10158419,4.2,4.2,-0.2684615131987497,0.2684615131987497,0.15798396492247466,0.4915067649773272,-0.0003979335095852093,-0.0018725326793696154,-0.013108921914157724,0.2684615131987498,1.1365509253852144,0.3305983152241958,3.9315384868012506,True,3.9315384868012506,True,3.9315384868012506,True,4.2,False,4.2,False,4.2,False,4.2,False,3.998653865100938,3.9721634573497773,True,True,0.75,0.8486748805649063,3.9315384868012506,wind_stuck_7_days,2014
8605,US-Me6,US-Me1,2014-08-08,1.26854202,2.1,2.1,-0.18855197167894672,0.18855197167894672,0.21804318393874295,0.48940079789172436,0.004334008440548361,0.0028138458135748634,-0.004994228616646318,0.18855197167894677,1.1365509253852144,0.3305983152241958,1.9114480283210533,True,1.9114480283210533,True,1.9114480283210533,True,1.9114480283210533,True,1.9114480283210533,True,1.9114480283210533,True,2.1,False,1.95858602124079,1.9244147030562038,True,True,0.75,0.9312302352519063,1.9114480283210533,wind_stuck_7_days,2014
8606,US-Me6,US-Me1,2014-08-16,0.92783651,1.9,1.9,-0.5334577269746859,0.5334577269746859,0.1524478649893643,0.48223078181230933,0.09752463390174239,0.12316081879403565,0.0022216995315922283,0.5334577269746859,1.1365509253852144,0.3305983152241958,1.366542273025314,True,1.366542273025314,True,1.366542273025314,True,1.366542273025314,True,1.366542273025314,True,1.366542273025314,True,1.366542273025314,True,1.4999067047689856,1.4355621435917687,True,True,0.75,0.8706179195156171,1.366542273025314,wind_stuck_7_days,2014
8607,US-Me6,US-Me1,2014-09-01,0.54275807,1.4,1.4,0.04810820196708483,0.04810820196708483,0.24120139979425467,0.5696418536288486,0.0031779551132753445,0.011430322777225433,-0.004994228616646318,-0.048108201967084874,1.1365509253852144,0.3305983152241958,1.4481082019670848,True,1.4481082019670848,True,1.4481082019670848,True,1.4481082019670848,True,1.4481082019670848,True,1.4481082019670848,True,1.4,False,1.4360811514753136,1.4481082019670848,True,True,0.75,1.0,1.4481082019670848,wind_stuck_7_days,2014
8608,US-Me6,US-Me1,2014-10-03,0.40627381,1.3,1.3,-0.1752529517361921,0.1752529517361921,0.07362774731110862,0.3572314556521524,0.030643946579732267,0.028559105954230543,-0.012283897400880105,0.17525295173619204,1.1365509253852144,0.3305983152241958,1.124747048263808,True,1.124747048263808,True,1.124747048263808,True,1.124747048263808,True,1.124747048263808,True,1.124747048263808,True,1.3,False,1.168560286197856,1.124747048263808,True,True,0.75,1.0,1.124747048263808,wind_stuck_7_days,2014
8609,US-Me6,US-Me1,2014-10-11,0.52434394,1.0,1.0,0.3455457476089927,0.3455457476089927,0.11248224064523442,0.34891028588830275,0.026653922100273984,0.02061926422853999,-0.018369297404127755,-0.3455457476089927,1.1365509253852144,0.3305983152241958,1.3455457476089927,True,1.3455457476089927,True,1.3455457476089927,True,1.3455457476089927,True,1.3455457476089927,True,1.3455457476089927,True,1.0,False,1.2591593107067445,1.2327463647149806,True,True,0.75,0.6735616523296015,1.3455457476089927,wind_stuck_7_days,2014
8707,US-Mj1,US-Mj1,2014-05-27,2.57341918,2.4,2.4,-0.11646436837490863,0.11646436837490863,0.17692066137819068,0.3375877425720043,0.02357867619700301,0.028559105954230543,0.002445541206312702,-0.11646436837490864,1.1365509253852144,0.3305983152241958,2.2835356316250914,True,2.2835356316250914,True,2.2835356316250914,True,2.2835356316250914,True,2.2835356316250914,True,2.2835356316250914,True,2.2835356316250914,True,2.3126517237188184,2.2835356316250914,True,True,0.75,1.0,2.2835356316250914,wind_stuck_7_days,2014
8708,US-Mj1,US-Mj1,2014-07-14,3.69993364,4.8,4.8,-0.3384737710288414,0.3384737710288414,0.19458893007176822,0.4289166023329112,-0.017804437835337316,-0.01088102844528416,0.002445541206312702,0.33847377102884146,1.1365509253852144,0.3305983152241958,4.461526228971159,True,4.461526228971159,True,4.461526228971159,True,4.8,False,4.8,False,4.8,False,4.461526228971159,True,4.546144671728369,4.630913682947769,True,True,0.75,0.49955515471189443,4.461526228971159,wind_stuck_7_days,2014
8709,US-Mj1,US-Mj1,2014-07-30,3.55048715,3.6,3.6,-0.4126122659709268,0.4126122659709268,0.2031252757885069,0.5387221740304706,-0.019082138285926524,0.00784379688841372,-0.016523988862705785,-0.3135865659709265,1.1365509253852144,0.3305983152241958,3.1873877340290733,True,3.1873877340290733,True,3.1873877340290733,True,3.6,False,3.6,False,3.1873877340290733,True,3.6,False,3.290540800521805,3.4049219012060488,True,True,0.75,0.472787929207361,3.1873877340290733,wind_stuck_7_days,2014
8710,US-Mj1,US-Mj1,2014-08-07,2.71375633,2.3,2.3,-0.3045172607752936,0.3045172607752936,0.2523430440069366,0.4212580961049358,0.003648463929758668,0.005504736439632717,-0.0009695257422353634,-0.3045172607752936,1.1365509253852144,0.3305983152241958,1.9954827392247063,True,1.9954827392247063,True,1.9954827392247063,True,1.9954827392247063,True,1.9954827392247063,True,1.9954827392247063,True,2.3,False,2.0716120544185297,2.0870817307186176,True,True,0.75,0.6991993450200401,1.9954827392247063,wind_stuck_7_days,2014
8711,US-Mj1,US-Mj1,2014-08-15,1.7285047,2.3,2.3,0.5297407804179095,0.5297407804179095,0.2520705477917495,0.6771250211481498,0.0943214052994641,0.05982109191256536,-0.08640396133811007,-0.5297407804179095,1.1365509253852144,0.3305983152241958,2.829740780417909,True,2.829740780417909,True,2.829740780417909,True,2.829740780417909,True,2.829740780417909,True,2.829740780417909,True,2.3,False,2.697305585313432,2.756465170822388,True,True,0.75,0.8616764796968915,2.8635465164728,wind_stuck_7_days,2014
8712,US-Mj1,US-Mj1,2014-09-08,1.29216441,1.1,1.1,0.5633933949457395,0.5633933949457395,0.1518920865439327,0.5365659606948092,0.0766294911589352,0.08863434889781584,-0.05505960190337179,-0.17906457494573957,1.1365509253852144,0.3305983152241958,1.6633933949457396,True,1.6633933949457396,True,1.6633933949457396,True,1.6633933949457396,True,1.6633933949457396,True,1.6633933949457396,True,1.1,False,1.5225450462093046,1.5570513156874657,True,True,0.75,0.8112472027320881,1.6633933949457396,wind_stuck_7_days,2014
8713,US-Mj1,US-Mj1,2014-09-16,1.45058428,1.3,1.3,-0.030002556100696944,0.030002556100696944,0.10260724061338805,0.37041339658145384,0.01511869232226161,0.011430322777225433,0.0022216995315922283,-0.030002556100696937,1.1365509253852144,0.3305983152241958,1.2699974438993031,True,1.2699974438993031,True,1.2699974438993031,True,1.2699974438993031,True,1.2699974438993031,True,1.2699974438993031,True,1.2699974438993031,True,1.2774980829244773,1.2699974438993031,True,True,0.75,1.0,1.2699974438993031,wind_stuck_7_days,2014
8714,US-Mj2,US-Mj1,2014-06-20,4.11354436,2.6,2.6,0.9803816152318691,0.9803816152318691,0.2195709881787634,0.6815387306132453,0.04675580647447395,0.021320467894082075,-0.1273418236808881,0.9803816152318691,1.1365509253852144,0.3305983152241958,3.580381615231869,True,3.580381615231869,True,3.580381615231869,True,3.580381615231869,True,3.580381615231869,True,3.580381615231869,True,2.6,False,3.335286211423902,3.031548742025257,True,True,0.75,0.44018444993299055,3.580381615231869,wind_stuck_7_days,2014
8715,US-Mj2,US-Mj1,2014-07-30,1.77510318,1.9,1.9,0.07479532678350186,0.07479532678350186,0.15867839512710935,0.41291222524220944,-0.0012227387882059301,-0.0019361656982615143,-0.017133624788568672,-0.07479532678350187,1.1365509253852144,0.3305983152241958,1.9747953267835017,True,1.9747953267835017,True,1.9747953267835017,True,1.9,False,1.9,False,1.9,False,1.9,False,1.9560964950876263,1.9747953267835017,True,True,0.75,1.0,1.9747953267835017,wind_stuck_7_days,2014
8716,US-Mj2,US-Mj1,2014-08-07,0.96386656,0.4,0.4,0.8288659466208967,0.8288659466208967,0.22952066498534762,0.4490750352497356,0.2669141741977043,0.24363481404179146,-0.0777729154571498,0.2988671733791033,1.1365509253852144,0.3305983152241958,1.2288659466208967,True,1.2288659466208967,True,1.2288659466208967,True,1.2288659466208967,True,1.2288659466208967,True,1.2288659466208967,True,0.4,False,1.0216494599656727,1.2288659466208967,True,True,0.75,1.0,1.2288659466208967,wind_stuck_7_days,2014
8717,US-Mj2,US-Mj1,2014-08-15,0.89604866,0.8,0.8,0.8130224314026302,0.8130224314026302,0.18102848123447796,0.8401033969537286,0.1769860380359838,0.1867123001655341,-0.09577929185293466,-0.6209251114026302,1.1365509253852144,0.3305983152241958,1.6130224314026302,True,1.6130224314026302,True,1.6130224314026302,True,1.6130224314026302,True,1.6130224314026302,True,1.6130224314026302,True,0.8,False,1.4097668235519727,1.6130224314026302,True,True,0.75,1.0,1.6436003984290797,wind_stuck_7_days,2014
8718,US-Mj2,US-Mj1,2014-09-08,0.76549933,0.1,0.1,0.9600022901084732,0.9600022901084732,0.16135997490422055,0.7373552452726251,0.33318522564564784,0.31878013350589424,-0.07192644381793555,0.37099636989152696,1.1365509253852144,0.3305983152241958,1.0600022901084731,True,1.0600022901084731,True,1.0600022901084731,True,1.0600022901084731,True,1.0600022901084731,True,1.0600022901084731,True,0.1,False,0.8200017175813549,0.8929387153252321,True,True,0.75,0.825975858073876,1.0600022901084731,wind_stuck_7_days,2014
8719,US-Mj2,US-Mj1,2014-09-16,1.01432127,0.2,0.2,0.49649286593763725,0.49649286593763725,0.07566658328666313,0.464560085310158,0.18040376663672736,0.19818894637742482,-0.0038637004716554216,0.49649286593763725,1.1365509253852144,0.3305983152241958,0.6964928659376373,True,0.6964928659376373,True,0.6964928659376373,True,0.6964928659376373,True,0.6964928659376373,True,0.6964928659376373,True,0.2,False,0.572369649453228,0.6964928659376373,True,True,0.75,1.0,0.6964928659376373,wind_stuck_7_days,2014
8727,US-NC2,US-NC2,2014-02-28,0.94033857,1.9,1.9,-0.730438441778454,0.730438441778454,0.19426445266033762,0.40278494730032505,0.04024776295040984,0.08078557486312014,-0.016084758600570584,0.730438441778454,1.1365509253852144,0.3305983152241958,1.169561558221546,True,1.169561558221546,True,1.169561558221546,True,1.169561558221546,True,1.169561558221546,True,1.169561558221546,True,1.9,False,1.3521711686661595,1.5555134221046698,True,True,0.75,0.4716161666636581,1.169561558221546,wind_stuck_7_days,2014
8728,US-NC2,US-NC2,2014-03-08,2.2252624,2.3,2.3,-0.2597411258310901,0.2597411258310901,0.06398087873285789,0.5035978128182368,0.0547373155110699,0.05525427184674336,0.006246402406003181,-0.11026592583109063,1.1365509253852144,0.3305983152241958,2.04025887416891,True,2.04025887416891,True,2.04025887416891,True,2.04025887416891,True,2.04025887416891,True,2.04025887416891,True,2.04025887416891,True,2.105194155626682,2.0585212116571796,True,True,0.75,0.9296902351145345,2.04025887416891,wind_stuck_7_days,2014
8729,US-NC2,US-NC2,2014-03-24,2.38722841,2.8,2.8,-1.0208556539233098,1.0208556539233098,0.187867400765583,0.47865309195025496,0.103790029923668,0.08906626539837817,0.01869606078951609,-0.1953124739233103,1.1365509253852144,0.3305983152241958,1.77914434607669,True,1.77914434607669,True,1.77914434607669,True,1.77914434607669,True,1.77914434607669,True,1.77914434607669,True,1.77914434607669,True,2.0343582595575174,2.169791920225175,True,True,0.75,0.6173331923596007,1.77914434607669,wind_stuck_7_days,2014
8730,US-NC2,US-NC2,2014-04-09,4.00574624,4.1,4.1,-1.1363738582045535,1.1363738582045535,0.14375788558125108,0.5091445245492736,0.03619086780825424,0.0710749012284348,0.06397284782813677,-0.9478663382045536,1.1365509253852144,0.3305983152241958,2.963626141795446,True,2.963626141795446,True,2.963626141795446,True,2.963626141795446,True,2.963626141795446,True,2.963626141795446,True,2.963626141795446,True,3.2477196063465845,3.2647605395535795,True,True,0.75,0.735004113669141,2.963626141795446,wind_stuck_7_days,2014
8731,US-NC2,US-NC2,2014-05-03,3.87508994,5.0,5.0,-1.3456782962067413,1.3456782962067413,0.19448988278064305,0.4204437801147998,-0.23494911935627666,0.14328522055525625,-0.14106152109429848,0.9041418237932586,1.1365509253852144,0.3305983152241958,3.6543217037932587,True,3.6543217037932587,True,3.6543217037932587,True,5.0,False,5.0,False,3.6543217037932587,True,5.0,False,3.9907412778449443,4.397136965020104,True,True,0.75,0.4479993745007802,3.6543217037932587,wind_stuck_7_days,2014
8732,US-NC2,US-NC2,2014-05-19,4.82385877,5.5,5.5,-1.6957025486997062,1.6957025486997062,0.27623326980759205,0.43083078882852516,0.28772744455838706,0.19563828445495546,-0.22826563743636508,-0.3434200886997065,1.1365509253852144,0.3305983152241958,3.804297451300294,True,3.804297451300294,True,3.804297451300294,True,3.804297451300294,True,3.804297451300294,True,3.804297451300294,True,5.5,False,4.22822308847522,4.419593451444332,True,True,0.75,0.637143907924266,3.804297451300294,wind_stuck_7_days,2014
8733,US-NC2,US-NC2,2014-05-27,4.99508631,6.0,6.0,-0.391466336479673,0.391466336479673,0.2198461926159124,0.509762159209809,-0.01768519595908702,-0.01088102844528416,-0.0009695257422353634,0.391466336479673,1.1365509253852144,0.3305983152241958,5.608533663520327,True,5.608533663520327,True,5.608533663520327,True,6.0,False,6.0,False,6.0,False,6.0,False,5.706400247640246,5.877422349896931,True,True,0.75,0.3131243702980168,5.608533663520327,wind_stuck_7_days,2014
8734,US-NC2,US-NC2,2014-10-10,2.72836873,3.7,3.7,-0.45986547693256175,0.45986547693256175,0.1897353880502637,0.5136880767962329,0.04174741250400241,0.07385550490350884,0.002445541206312702,0.45986547693256175,1.1365509253852144,0.3305983152241958,3.2401345230674385,True,3.2401345230674385,True,3.2401345230674385,True,3.2401345230674385,True,3.2401345230674385,True,3.2401345230674385,True,3.2401345230674385,True,3.355100892300579,3.2401345230674385,True,True,0.75,1.0,3.2401345230674385,wind_stuck_7_days,2014
8735,US-NC2,US-NC2,2014-10-18,2.91584264,2.8,2.8,-0.4641105932577833,0.4641105932577833,0.148030259625243,0.5128131410678677,0.09789982368221742,0.11694241099627264,0.006246402406003181,-0.46411059325778337,1.1365509253852144,0.3305983152241958,2.3358894067422167,True,2.3358894067422167,True,2.3358894067422167,True,2.3358894067422167,True,2.3358894067422167,True,2.3358894067422167,True,2.3358894067422167,True,2.4519170550566622,2.3358894067422167,True,True,0.75,1.0,2.3358894067422167,wind_stuck_7_days,2014
8736,US-NC2,US-NC2,2014-10-26,2.59650171,3.1,3.1,-0.81480479085276,0.81480479085276,0.24318635923362092,0.6216832276198441,-0.02357975529726725,0.01089272993028486,-0.019374339371093827,0.19219178914724,1.1365509253852144,0.3305983152241958,2.28519520914724,True,2.28519520914724,True,2.28519520914724,True,3.1,False,3.1,False,2.28519520914724,True,3.1,False,2.4888964068604302,2.764865989516767,True,True,0.75,0.4113058909883037,2.28519520914724,wind_stuck_7_days,2014
8737,US-NC2,US-NC2,2014-12-13,0.86123595,1.1,1.1,-0.4076023942033663,0.4076023942033663,0.13060506570136737,0.3441496272579119,0.08768265392640288,0.08158542025704574,-0.012283897400880105,0.06992570579663393,1.1365509253852144,0.3305983152241958,0.6923976057966338,True,0.6923976057966338,True,0.6923976057966338,True,0.6923976057966338,True,0.6923976057966338,True,0.6923976057966338,True,1.1,False,0.7942982043474753,0.8368260924188814,True,True,0.75,0.6456633015992849,0.6923976057966338,wind_stuck_7_days,2014
8775,US-NC3,US-NC2,2014-01-03,2.98562643,0.4,0.4,0.2933945330107107,0.2933945330107107,0.21562655313335058,0.47352961183222453,0.03877497909256925,0.0231241476539021,-0.025585225552366298,0.29339453301071083,1.1365509253852144,0.3305983152241958,0.6933945330107107,True,0.6933945330107107,True,0.6933945330107107,True,0.6933945330107107,True,0.6933945330107107,True,0.6933945330107107,True,0.4,False,0.620045899758033,0.6782610755126908,True,True,0.75,0.9484194291463928,0.6637942266425148,wind_stuck_7_days,2014
8776,US-NC3,US-NC2,2014-02-28,1.24597755,0.6,0.6,0.3586951143965233,0.3586951143965233,0.11327760801501595,0.33539366799204745,0.026653922100273984,0.02061926422853999,-0.018369297404127755,0.3586951143965233,1.1365509253852144,0.3305983152241958,0.9586951143965232,True,0.9586951143965232,True,0.9586951143965232,True,0.9586951143965232,True,0.9586951143965232,True,0.9586951143965232,True,0.6,False,0.8690213357973924,0.8183527813601112,True,True,0.75,0.6087420000896105,0.9586951143965232,wind_stuck_7_days,2014
8777,US-NC3,US-NC2,2014-03-08,1.96843442,1.0,1.0,0.20006553511906722,0.20006553511906722,0.09419051906858904,0.43601443752802005,0.01511869232226161,0.011430322777225433,0.0022216995315922283,0.20006553511906722,1.1365509253852144,0.3305983152241958,1.2000655351190672,True,1.2000655351190672,True,1.2000655351190672,True,1.2000655351190672,True,1.2000655351190672,True,1.2000655351190672,True,1.2000655351190672,True,1.1500491513393003,1.170839354658944,True,True,0.75,0.8539169655446671,1.2000655351190672,wind_stuck_7_days,2014
8778,US-NC3,US-NC2,2014-03-24,1.99901353,0.9,0.9,0.5099146792185901,0.5099146792185901,0.1021800705158012,0.2925428155640253,0.08247523911107585,0.06427451392137773,-0.08321273606428248,0.5099146792185901,1.1365509253852144,0.3305983152241958,1.4099146792185902,True,1.4099146792185902,True,1.4099146792185902,True,1.4099146792185902,True,1.4099146792185902,True,1.4099146792185902,True,0.9,False,1.2824360094139426,1.3788541324692278,True,True,0.75,0.9390867766408283,1.4099146792185902,wind_stuck_7_days,2014
8779,US-NC3,US-NC2,2014-05-03,3.28147261,3.4,3.4,-0.6000579842788611,0.6000579842788611,0.08905484088142564,0.3996336637994876,-0.00634837967654499,0.03818923887965877,0.006246402406003181,-0.3630032042788609,1.1365509253852144,0.3305983152241958,2.7999420157211388,True,2.7999420157211388,True,2.7999420157211388,True,3.4,False,3.4,False,2.7999420157211388,True,2.7999420157211388,True,2.949956511790854,3.0924126284012328,True,True,0.75,0.5125960818076939,2.7999420157211388,wind_stuck_7_days,2014
8780,US-NC3,US-NC2,2014-05-27,2.56974682,3.3,3.3,0.625792031905749,0.625792031905749,0.2656525587832471,0.6306840663698521,-0.03580717580433069,-0.04328193447362854,-0.05232247532852389,-0.6257920319057488,1.1365509253852144,0.3305983152241958,3.9257920319057487,True,3.9257920319057487,True,3.9257920319057487,True,3.3,False,3.3,False,3.3,False,3.3,False,3.7693440239293117,3.5421016315705764,True,True,0.75,0.38687234612638843,3.9257920319057487,wind_stuck_7_days,2014
8781,US-NC3,US-NC2,2014-06-28,4.09513221,2.2,2.2,1.1045724697019876,1.1045724697019876,0.3163982472699049,0.8111598883335833,0.016518397031080958,-0.04135380523812144,-0.1943594442382168,1.1045724697019876,1.1365509253852144,0.3305983152241958,3.304572469701988,True,3.304572469701988,True,3.304572469701988,True,3.304572469701988,True,3.304572469701988,True,2.2,False,2.2,False,3.0284293522764907,2.67297382875399,True,True,0.75,0.42819628564669715,3.304572469701988,wind_stuck_7_days,2014
8782,US-NC3,US-NC2,2014-08-15,3.59252637,1.7,1.7,-0.12043160381792528,0.12043160381792528,0.21097705921177118,0.3359655333362967,0.0026946861824172974,0.0028138458135748634,-0.004994228616646318,-0.12043160381792517,1.1365509253852144,0.3305983152241958,1.5795683961820748,True,1.5795683961820748,True,1.5795683961820748,True,1.5795683961820748,True,1.5795683961820748,True,1.5795683961820748,True,1.7,False,1.609676297136556,1.5795683961820748,True,True,0.75,1.0,1.5795683961820748,wind_stuck_7_days,2014
8883,US-NC4,US-NC4,2014-03-08,1.54087259,2.9,2.9,-0.4149077323727773,0.4149077323727773,0.11945374537990124,0.5633202659510499,0.08137467928365473,0.0997268474357208,-0.008259194526469157,0.4149077323727772,1.1365509253852144,0.3305983152241958,2.4850922676272225,True,2.4850922676272225,True,2.4850922676272225,True,2.4850922676272225,True,2.4850922676272225,True,2.4850922676272225,True,2.9,False,2.588819200720417,2.670643751334862,True,True,0.75,0.5527885618170907,2.4850922676272225,wind_stuck_7_days,2014
8884,US-NC4,US-NC4,2014-04-01,1.43487515,3.8,3.8,-1.0020992019420956,1.0020992019420956,0.21524959566621155,0.6754374330543924,0.08282991035878182,0.09779119413314602,-0.06153346724551823,1.0020992019420956,1.1365509253852144,0.3305983152241958,2.7979007980579045,True,2.7979007980579045,True,2.7979007980579045,True,2.7979007980579045,True,2.7979007980579045,True,2.7979007980579045,True,3.8,False,3.048425598543428,3.3823172248059463,True,True,0.75,0.41680781142682566,2.7749073206703914,wind_stuck_7_days,2014
8885,US-NC4,US-NC4,2014-04-25,2.07370472,4.6,4.6,-1.0244586649541743,1.0244586649541743,0.15005573359667204,0.42006279414615566,-0.20666099855155623,-0.06024091106545716,0.0960576659060233,1.0244586649541743,1.1365509253852144,0.3305983152241958,3.575541335045825,True,3.575541335045825,True,3.575541335045825,True,4.6,False,4.6,False,4.6,False,3.575541335045825,True,3.831656001284369,4.2127098226903925,True,True,0.75,0.378043732322701,3.575541335045825,wind_stuck_7_days,2014
8886,US-NC4,US-NC4,2014-05-11,4.18606802,5.7,5.7,-1.9198675482904268,1.9198675482904268,0.22548217659338948,0.4969720496521166,0.18145339192977164,0.4879461091680104,-0.18034609041561878,1.1079964117095744,1.1365509253852144,0.3305983152241958,3.7801324517095733,True,3.7801324517095733,True,3.7801324517095733,True,3.7801324517095733,True,3.7801324517095733,True,3.7801324517095733,True,5.7,False,4.2600993387821795,4.6372557689496885,True,True,0.75,0.5535508071880516,3.7801324517095733,wind_stuck_7_days,2014
8887,US-NC4,US-NC4,2014-11-03,1.68428223,2.0,2.0,-0.4491298929146006,0.4491298929146006,0.13303723030584227,0.37307284103090804,0.13680853899814102,0.07749415432178978,-0.012283897400880105,0.18230564708539942,1.1365509253852144,0.3305983152241958,1.5508701070853994,True,1.5508701070853994,True,1.5508701070853994,True,1.5508701070853994,True,1.5508701070853994,True,1.5508701070853994,True,2.0,False,1.6631525803140494,1.5508701070853994,True,True,0.75,1.0,1.5508701070853994,wind_stuck_7_days,2014
8888,US-NC4,US-NC4,2014-12-13,0.43847096,0.9,0.9,-0.19557001881775343,0.19557001881775343,0.11097539080513656,0.3147733822824673,0.030643946579732267,0.028559105954230543,-0.012283897400880105,0.19557001881775343,1.1365509253852144,0.3305983152241958,0.7044299811822465,True,0.7044299811822465,True,0.7044299811822465,True,0.7044299811822465,True,0.7044299811822465,True,0.7044299811822465,True,0.9,False,0.7533224858866849,0.7278789910583497,True,True,0.75,0.8800991582561809,0.7044299811822465,wind_stuck_7_days,2014
9076,US-NR1,US-NR1,2014-06-16,4.08204152,5.1,5.1,-1.563120956824623,1.563120956824623,0.1766613757108506,0.5462767174117408,-0.24177690202034413,-0.15601943738645507,-0.14106152109429848,0.47279600317537684,1.1365509253852144,0.3305983152241958,3.536879043175377,True,3.536879043175377,True,3.536879043175377,True,5.1,False,5.1,False,5.1,False,5.1,False,3.9276592823815326,4.850616105387484,True,True,0.75,0.1595422884733902,3.536879043175377,wind_stuck_7_days,2014
9077,US-NR1,US-NR1,2014-06-24,2.61490031,3.6,3.6,-0.4497410406893484,0.4497410406893484,0.20694151243596978,0.5347005239820527,0.03539804102790938,0.056258331439816,-0.0009695257422353634,0.4497410406893484,1.1365509253852144,0.3305983152241958,3.150258959310652,True,3.150258959310652,True,3.150258959310652,True,3.150258959310652,True,3.150258959310652,True,3.150258959310652,True,3.6,False,3.262694219482989,3.150802376130797,True,True,0.75,0.9987917117385773,3.150258959310652,wind_stuck_7_days,2014
9078,US-NR1,US-NR1,2014-07-26,3.84042374,5.0,5.0,-0.5454160801847587,0.5454160801847587,0.17023593034778312,0.5046018687995278,0.03287755838412566,0.0560840705223783,0.002445541206312702,0.5454160801847587,1.1365509253852144,0.3305983152241958,4.454583919815241,True,4.454583919815241,True,4.454583919815241,True,4.454583919815241,True,4.454583919815241,True,4.454583919815241,True,4.454583919815241,True,4.590937939861431,4.541924259108058,True,True,0.75,0.8398647519463848,4.454583919815241,wind_stuck_7_days,2014
9079,US-NR1,US-NR1,2014-08-03,3.8380523,4.6,4.6,-1.2235820332244898,1.2235820332244898,0.2372202431221443,0.398233916662975,-0.04336935558801467,0.223104233593306,-0.21945743346340252,0.3003133667755091,1.1365509253852144,0.3305983152241958,3.37641796677551,True,3.37641796677551,True,3.37641796677551,True,4.6,False,4.6,False,3.37641796677551,True,4.6,False,3.6823134750816324,3.785676083527602,True,True,0.75,0.6655245781326328,3.37641796677551,wind_stuck_7_days,2014
9080,US-NR1,US-NR1,2014-08-11,5.18133564,4.2,4.2,-1.1296718092699511,1.1296718092699511,0.24978381752241532,0.4759077547658883,0.03824759051237686,0.0015868185172527964,-0.09361828532340478,-1.1296718092699511,1.1365509253852144,0.3305983152241958,3.070328190730049,True,3.070328190730049,True,3.070328190730049,True,3.070328190730049,True,3.070328190730049,True,3.070328190730049,True,4.2,False,3.3527461430475367,3.417559804415527,True,True,0.75,0.6926261142075626,3.070328190730049,wind_stuck_7_days,2014
9081,US-NR1,US-NR1,2014-09-20,2.06093552,3.3,3.3,-1.29574643159907,1.29574643159907,0.12453815617027796,0.43905004281179166,0.05655835050599198,0.030708207705366353,-0.21082140381142464,1.1823825284009293,1.1365509253852144,0.3305983152241958,2.0042535684009297,True,2.0042535684009297,True,2.0042535684009297,True,2.0042535684009297,True,2.0042535684009297,True,2.0042535684009297,True,3.3,False,2.3281901763006974,2.6838142464852357,True,True,0.75,0.4755450128883122,2.0042535684009297,wind_stuck_7_days,2014
9082,US-NR1,US-NR1,2014-10-06,1.88925425,3.0,3.0,-1.0591005532079503,1.0591005532079503,0.17554977476021108,0.8345356530164407,0.1505602615396583,0.11375865816509122,0.01869606078951609,1.0591005532079503,1.1365509253852144,0.3305983152241958,1.9408994467920497,True,1.9408994467920497,True,1.9408994467920497,True,1.9408994467920497,True,1.9408994467920497,True,1.9408994467920497,True,1.9408994467920497,True,2.2056745850940374,2.4291518355445376,True,True,0.75,0.5389933587763677,1.849604092031096,wind_stuck_7_days,2014
9083,US-NR1,US-NR1,2014-10-14,2.31762143,2.1,2.1,-0.8134233767891139,0.8134233767891139,0.1444484560740948,0.4964213950515334,0.09386986980007189,0.09179291062962014,-0.021049591989841764,-0.8134233767891139,1.1365509253852144,0.3305983152241958,1.2865766232108862,True,1.2865766232108862,True,1.2865766232108862,True,1.2865766232108862,True,1.2865766232108862,True,1.2865766232108862,True,2.1,False,1.4899324674081647,1.7926999304699949,True,True,0.75,0.37778612995244065,1.2865766232108862,wind_stuck_7_days,2014
9084,US-NR1,US-NR1,2014-10-30,0.83157544,1.9,1.9,-0.8542970046141651,0.8542970046141651,0.11865779123452419,0.36607600254090056,0.06833991880728806,0.09179291062962014,-0.021049591989841764,0.8542970046141651,1.1365509253852144,0.3305983152241958,1.0457029953858348,True,1.0457029953858348,True,1.0457029953858348,True,1.0457029953858348,True,1.0457029953858348,True,1.0457029953858348,True,1.9,False,1.259277246539376,1.5714635036328746,True,True,0.75,0.38456941156606955,1.0457029953858348,wind_stuck_7_days,2014
9384,US-Ne1,US-Ne1,2014-01-05,0.63518606,0.0,0.0,0.3383592392342677,0.3383592392342677,0.4124252160225259,1.1948623816129156,0.16513225664945894,0.11922760554515628,-0.044929988203627,0.3383592392342677,1.1365509253852144,0.3305983152241958,0.3383592392342677,True,0.0,False,0.0,False,0.3383592392342677,True,0.0,False,0.3383592392342677,True,0.0,False,0.2537694294257008,0.2609522843703447,True,True,0.75,0.7712284876892951,0.44948194261062213,wind_stuck_7_days,2014
9385,US-Ne1,US-Ne1,2014-01-13,0.47138483,0.3,0.3,0.22204959516143913,0.22204959516143913,0.1306851254718725,0.34539416428311287,0.014700432199447291,0.011430322777225433,-0.012283897400880105,0.12072006483856085,1.1365509253852144,0.3305983152241958,0.5220495951614391,True,0.5220495951614391,True,0.5220495951614391,True,0.5220495951614391,True,0.5220495951614391,True,0.5220495951614391,True,0.3,False,0.4665371963710793,0.4613597047420766,True,True,0.75,0.7266831746518678,0.5220495951614391,wind_stuck_7_days,2014
9386,US-Ne1,US-Ne1,2014-01-29,0.31012353,0.3,0.3,-0.13987772362901874,0.13987772362901874,0.16590090525506487,0.5477789369738748,0.01857644566498551,0.028559105954230543,-0.016084758600570584,-0.13987772362901874,1.1365509253852144,0.3305983152241958,0.16012227637098125,True,0.16012227637098125,True,0.16012227637098125,True,0.16012227637098125,True,0.16012227637098125,True,0.16012227637098125,True,0.3,False,0.19509170727823594,0.16012227637098125,True,True,0.75,1.0,0.161183649065017,wind_stuck_7_days,2014
9387,US-Ne1,US-Ne1,2014-02-22,1.31136725,0.3,0.3,0.525574891837391,0.525574891837391,0.07444934935565097,0.33851687579474443,0.14236638906264162,0.14306521889563148,-0.032041172673404374,0.525574891837391,1.1365509253852144,0.3305983152241958,0.8255748918373911,True,0.8255748918373911,True,0.8255748918373911,True,0.8255748918373911,True,0.8255748918373911,True,0.8255748918373911,True,0.3,False,0.6941811688780433,0.8255748918373911,True,True,0.75,1.0,0.8255748918373911,wind_stuck_7_days,2014
9388,US-Ne1,US-Ne1,2014-03-26,2.15821427,1.0,1.0,-0.4891308996433114,0.4891308996433114,0.13427614252039208,0.6236245181180741,0.07073201104921316,0.08729348227222333,0.0022216995315922283,-0.48913089964331147,1.1365509253852144,0.3305983152241958,0.5108691003566885,True,0.5108691003566885,True,0.5108691003566885,True,0.5108691003566885,True,0.5108691003566885,True,0.5108691003566885,True,0.5108691003566885,True,0.6331518252675165,0.5333993099712786,True,True,0.75,0.953938281897505,0.5108691003566885,wind_stuck_7_days,2014
9389,US-Ne1,US-Ne1,2014-04-11,0.68939939,0.8,0.8,0.2246687855567175,0.2246687855567175,0.12135057521885101,0.30640600151430014,0.01511869232226161,0.011430322777225433,0.0022216995315922283,-0.2246687855567175,1.1365509253852144,0.3305983152241958,1.0246687855567176,True,1.0246687855567176,True,1.0246687855567176,True,1.0246687855567176,True,1.0246687855567176,True,1.0246687855567176,True,1.0246687855567176,True,0.9685015891675381,0.9582195405341831,True,True,0.75,0.70423463652115,1.0246687855567176,wind_stuck_7_days,2014
9390,US-Ne1,US-Ne1,2014-05-05,1.27779455,2.5,2.5,0.28550504808966837,0.28550504808966837,0.1375784022311501,0.4198188030891754,0.01986267852666778,0.009232155211702162,0.00016100240275553112,-0.28550504808966837,1.1365509253852144,0.3305983152241958,2.7855050480896684,True,2.7855050480896684,True,2.7855050480896684,True,2.7855050480896684,True,2.7855050480896684,True,2.7855050480896684,True,2.7855050480896684,True,2.7141287860672514,2.7619587465968207,True,True,0.75,0.917527547584894,2.7855050480896684,wind_stuck_7_days,2014
9391,US-Ne1,US-Ne1,2014-06-14,2.18042882,2.7,2.7,1.163112418482413,1.163112418482413,0.23212561297050482,0.932660933568689,0.0185435250698254,-0.005838864878821818,-0.27653484580454907,-1.163112418482413,1.1365509253852144,0.3305983152241958,3.8631124184824133,True,3.8631124184824133,True,2.7,False,3.8631124184824133,True,2.7,False,2.7,False,2.7,False,3.57233431386181,3.1467433756903262,True,True,0.75,0.3840930322738887,3.912774030024772,wind_stuck_7_days,2014
9392,US-Ne1,US-Ne1,2014-07-08,7.47435975,5.8,5.8,0.30933503595347445,0.30933503595347445,0.17246525898661472,0.3684195218672365,-0.021574797933071266,-0.009943053965967431,-0.003639858796934948,0.30933503595347434,1.1365509253852144,0.3305983152241958,6.109335035953475,True,6.109335035953475,True,6.109335035953475,True,5.8,False,5.8,False,5.8,False,5.8,False,6.032001276965105,5.927301481052916,True,True,0.75,0.4115326951586006,6.109335035953475,wind_stuck_7_days,2014
9393,US-Ne1,US-Ne1,2014-07-24,7.10096833,7.4,7.4,0.6968358180809602,0.6968358180809602,0.2963553879052996,0.7350159714184352,-0.22564779087893808,-0.29734065702839935,-0.10058454820423902,-0.6968358180809602,1.1365509253852144,0.3305983152241958,8.09683581808096,True,8.09683581808096,True,8.09683581808096,True,7.4,False,7.4,False,7.4,False,7.4,False,7.922626863560721,7.4,True,False,0.75,0.0,8.09683581808096,wind_stuck_7_days,2014
9394,US-Ne1,US-Ne1,2014-09-02,5.57477317,3.6,3.6,0.24737315738520066,0.24737315738520066,0.20672204638142175,0.3388255502481639,0.009906760455188755,0.009550591667455944,-0.0154751226747077,0.24737315738520071,1.1365509253852144,0.3305983152241958,3.8473731573852006,True,3.8473731573852006,True,3.8473731573852006,True,3.8473731573852006,True,3.8473731573852006,True,3.8473731573852006,True,3.6,False,3.7855298680389007,3.814636145171147,True,True,0.75,0.8676614206646646,3.8473731573852006,wind_stuck_7_days,2014
9395,US-Ne1,US-Ne1,2014-09-26,3.15835766,2.9,2.9,-0.3916952009245156,0.3916952009245156,0.2015599601469812,0.40479240495136715,0.04492046240603428,0.05525427184674336,0.002445541206312702,-0.3916952009245156,1.1365509253852144,0.3305983152241958,2.5083047990754843,True,2.5083047990754843,True,2.5083047990754843,True,2.5083047990754843,True,2.5083047990754843,True,2.5083047990754843,True,2.5083047990754843,True,2.606228599306613,2.646254885092316,True,True,0.75,0.6478126724779131,2.5083047990754843,wind_stuck_7_days,2014
9396,US-Ne1,US-Ne1,2014-10-20,0.70469294,1.9,1.9,-0.3888188589822169,0.3888188589822169,0.10112773813551419,0.31987061034480685,0.050766449729961693,0.05280013916951629,-0.012283897400880105,0.3888188589822169,1.1365509253852144,0.3305983152241958,1.511181141017783,True,1.511181141017783,True,1.511181141017783,True,1.511181141017783,True,1.511181141017783,True,1.511181141017783,True,1.9,False,1.6083858557633373,1.6457078583683677,True,True,0.75,0.6540118509098923,1.511181141017783,wind_stuck_7_days,2014
9397,US-Ne1,US-Ne1,2014-10-28,1.35999555,1.3,1.3,-0.08914930104645065,0.08914930104645065,0.10388754975967032,0.3793533378116657,0.018474180515174594,0.018372023531924832,-0.012283897400880105,-0.08914930104645064,1.1365509253852144,0.3305983152241958,1.2108506989535495,True,1.2108506989535495,True,1.2108506989535495,True,1.2108506989535495,True,1.2108506989535495,True,1.2108506989535495,True,1.3,False,1.2331380242151622,1.2108506989535495,True,True,0.75,1.0,1.2108506989535495,wind_stuck_7_days,2014
9398,US-Ne1,US-Ne1,2014-11-13,1.1553468,0.5,0.5,0.16876536565840386,0.16876536565840386,0.16330868623321615,0.5937424245061252,0.0031779551132753445,0.011430322777225433,-0.016084758600570584,0.16876536565840383,1.1365509253852144,0.3305983152241958,0.6687653656584038,True,0.6687653656584038,True,0.6687653656584038,True,0.6687653656584038,True,0.6687653656584038,True,0.6687653656584038,True,0.5,False,0.6265740242438029,0.6687653656584038,True,True,0.75,1.0,0.7454776634531287,wind_stuck_7_days,2014
9702,US-Ne2,US-Ne1,2014-01-05,0.58590043,0.1,0.1,0.2459455451237047,0.2459455451237047,0.42121047307884557,1.1887298386652778,0.060170836874890055,0.03465768144152551,-0.03884458820037935,0.2459455451237047,1.1365509253852144,0.3305983152241958,0.3459455451237047,True,0.1,False,0.1,False,0.3459455451237047,True,0.1,False,0.3459455451237047,True,0.1,False,0.2844591588427785,0.3459455451237047,True,True,0.75,1.0,0.4667639339177547,wind_stuck_7_days,2014
9703,US-Ne2,US-Ne1,2014-01-13,0.45504689,0.4,0.4,0.15988618112384229,0.15988618112384229,0.11940153304149115,0.3365491515887917,0.014700432199447291,0.011430322777225433,-0.012283897400880105,-0.04979240112384237,1.1365509253852144,0.3305983152241958,0.5598861811238423,True,0.5598861811238423,True,0.5598861811238423,True,0.5598861811238423,True,0.5598861811238423,True,0.5598861811238423,True,0.4,False,0.5199146358428818,0.5598861811238423,True,True,0.75,1.0,0.5598861811238423,wind_stuck_7_days,2014
9704,US-Ne2,US-Ne1,2014-01-29,0.17599119,0.4,0.4,-0.22887325563965652,0.22887325563965652,0.1607785436823264,0.5440597121304689,0.01857644566498551,0.03187361724046475,-0.016084758600570584,0.21914436436034354,1.1365509253852144,0.3305983152241958,0.1711267443603435,True,0.1711267443603435,True,0.1711267443603435,True,0.1711267443603435,True,0.1711267443603435,True,0.1711267443603435,True,0.4,False,0.22834505827025764,0.24746260652750973,True,True,0.75,0.6664710258355776,0.17238227912053936,wind_stuck_7_days,2014
9705,US-Ne2,US-Ne1,2014-02-14,1.11925727,0.2,0.2,0.5028191862984965,0.5028191862984965,0.12546790295693802,0.39686188696294067,0.17643290085561916,0.18004751919874976,-0.018369297404127755,0.5028191862984965,1.1365509253852144,0.3305983152241958,0.7028191862984965,True,0.7028191862984965,True,0.7028191862984965,True,0.7028191862984965,True,0.7028191862984965,True,0.7028191862984965,True,0.2,False,0.5771143897238724,0.7028191862984965,True,True,0.75,1.0,0.6819450733236547,wind_stuck_7_days,2014
9706,US-Ne2,US-Ne1,2014-02-22,0.95406714,0.2,0.2,0.6063485318419161,0.6063485318419161,0.07558820481915902,0.3581932342348872,0.17950351120737384,0.18333893974008011,-0.032041172673404374,0.6063485318419161,1.1365509253852144,0.3305983152241958,0.8063485318419161,True,0.8063485318419161,True,0.8063485318419161,True,0.8063485318419161,True,0.8063485318419161,True,0.8063485318419161,True,0.2,False,0.6547613988814371,0.6624751936421438,True,True,0.75,0.7627217175528973,0.8063485318419161,wind_stuck_7_days,2014
9707,US-Ne2,US-Ne1,2014-03-26,0.38591997,0.7,0.7,-0.28537491931457504,0.28537491931457504,0.14975001687250653,0.6316824607181473,0.01933741766090766,0.03660156507881574,0.0022216995315922283,0.28537491931457504,1.1365509253852144,0.3305983152241958,0.4146250806854249,True,0.4146250806854249,True,0.4146250806854249,True,0.4146250806854249,True,0.4146250806854249,True,0.4146250806854249,True,0.4146250806854249,True,0.4859688105140687,0.428535170633798,True,True,0.75,0.9512567888524232,0.4146250806854249,wind_stuck_7_days,2014
9708,US-Ne2,US-Ne1,2014-04-11,0.55881616,1.0,1.0,0.08938905808645158,0.08938905808645158,0.1490097095423285,0.3351833721096334,0.014698089811508802,0.011430322777225433,0.0022216995315922283,-0.08938905808645159,1.1365509253852144,0.3305983152241958,1.0893890580864516,True,1.0893890580864516,True,1.0893890580864516,True,1.0893890580864516,True,1.0893890580864516,True,1.0893890580864516,True,1.0893890580864516,True,1.0670417935648386,1.0893890580864516,True,True,0.75,1.0,1.0893890580864516,wind_stuck_7_days,2014
9709,US-Ne2,US-Ne1,2014-05-05,0.85400659,2.8,2.8,0.2086147340541506,0.2086147340541506,0.09857212108341858,0.4088535541626676,0.004308982383097155,-0.00010011235807613994,0.006246402406003181,-0.20861473405415065,1.1365509253852144,0.3305983152241958,3.0086147340541505,True,3.0086147340541505,True,3.0086147340541505,True,3.0086147340541505,True,3.0086147340541505,True,2.8,False,3.0086147340541505,True,2.9564610505406126,2.967893581631486,True,True,0.75,0.8048021267179815,3.0086147340541505,wind_stuck_7_days,2014
9710,US-Ne2,US-Ne1,2014-06-14,1.46650357,2.5,2.5,1.2337485706423614,1.2337485706423614,0.23672526200910637,0.908366014176465,0.0006355418930142099,-0.005838864878821818,-0.27653484580454907,-1.2337485706423617,1.1365509253852144,0.3305983152241958,3.733748570642361,True,3.733748570642361,True,3.733748570642361,True,3.733748570642361,True,3.733748570642361,True,2.5,False,2.5,False,3.425311427981771,2.929050927022411,True,True,0.75,0.34776204587537823,3.773305777147208,wind_stuck_7_days,2014
9711,US-Ne2,US-Ne1,2014-07-08,5.85854067,4.5,4.5,0.5033691850890851,0.5033691850890851,0.24264636856940466,0.5205778024992698,-0.017788419353818263,-0.008555367942897818,-0.058250827177199385,0.5033691850890851,1.1365509253852144,0.3305983152241958,5.003369185089085,True,5.003369185089085,True,5.003369185089085,True,4.5,False,4.5,False,4.5,False,4.5,False,4.8775268888168135,4.798147431251085,True,True,0.75,0.5923037009075549,5.003369185089085,wind_stuck_7_days,2014
9712,US-Ne2,US-Ne1,2014-07-24,7.61708667,6.9,6.9,0.5814117109401382,0.5814117109401382,0.292795313280188,0.6361552583333933,-0.15448239936448271,-0.17212331647392562,-0.10058454820423902,0.5814117109401382,1.1365509253852144,0.3305983152241958,7.481411710940138,True,7.481411710940138,True,7.481411710940138,True,6.9,False,6.9,False,6.9,False,6.9,False,7.336058783205104,6.9,True,False,0.75,0.0,7.481411710940138,wind_stuck_7_days,2014
9713,US-Ne2,US-Ne1,2014-09-02,5.96396559,3.9,3.9,0.2551628229274503,0.2551628229274503,0.2509416752854591,0.40899286763593856,0.0031165705576246174,0.01426621145649877,-0.0154751226747077,0.2551628229274503,1.1365509253852144,0.3305983152241958,4.15516282292745,True,4.15516282292745,True,4.15516282292745,True,4.15516282292745,True,4.15516282292745,True,4.15516282292745,True,3.9,False,4.091372117195587,4.144375240189971,True,True,0.75,0.9577227488953342,4.15516282292745,wind_stuck_7_days,2014
9714,US-Ne2,US-Ne1,2014-09-18,3.55490253,3.0,3.0,0.0061626284832483145,0.0061626284832483145,0.14561700817719778,0.23469756886214457,0.01511869232226161,0.011430322777225433,-0.008259194526469157,0.0061626284832483336,1.1365509253852144,0.3305983152241958,3.0061626284832483,True,3.0061626284832483,True,3.0061626284832483,True,3.0061626284832483,True,3.0061626284832483,True,3.0061626284832483,True,3.0,False,3.004621971362436,3.0061626284832483,True,True,0.75,1.0,3.0061626284832483,wind_stuck_7_days,2014
9715,US-Ne2,US-Ne1,2014-09-26,1.59587121,2.0,2.0,-0.3075514567737567,0.3075514567737567,0.15849914578275653,0.46067007588551057,0.05007637956398702,0.05525427184674336,-0.0015791616680982505,0.3075514567737567,1.1365509253852144,0.3305983152241958,1.6924485432262433,True,1.6924485432262433,True,1.6924485432262433,True,1.6924485432262433,True,1.6924485432262433,True,1.6924485432262433,True,2.0,False,1.7693364074196825,1.7592950913605419,True,True,0.75,0.7826492228795631,1.6924485432262433,wind_stuck_7_days,2014
9716,US-Ne2,US-Ne1,2014-10-20,0.79645425,0.2,0.2,0.16642542039425043,0.16642542039425043,0.09520041213493642,0.3778464431700773,0.012517771494700018,0.010535594434976628,-0.012283897400880105,0.16642542039425046,1.1365509253852144,0.3305983152241958,0.3664254203942504,True,0.3664254203942504,True,0.3664254203942504,True,0.3664254203942504,True,0.3664254203942504,True,0.3664254203942504,True,0.2,False,0.3248190652956878,0.3664254203942504,True,True,0.75,1.0,0.3664254203942504,wind_stuck_7_days,2014
9717,US-Ne2,US-Ne1,2014-10-28,1.26106619,1.0,1.0,0.09167028546540773,0.09167028546540773,0.10561990951321586,0.4259884871337423,0.01511869232226161,0.011430322777225433,-0.012283897400880105,0.09167028546540773,1.1365509253852144,0.3305983152241958,1.0916702854654077,True,1.0916702854654077,True,1.0916702854654077,True,1.0916702854654077,True,1.0916702854654077,True,1.0916702854654077,True,1.0,False,1.0687527140990558,1.0916702854654077,True,True,0.75,1.0,1.0916702854654077,wind_stuck_7_days,2014
9718,US-Ne2,US-Ne1,2014-11-13,0.8076082,0.3,0.3,0.34155611181226414,0.34155611181226414,0.16805279896816197,0.566168479479562,0.028448538084262842,0.0231241476539021,-0.022170158603818234,0.34155611181226414,1.1365509253852144,0.3305983152241958,0.6415561118122641,True,0.6415561118122641,True,0.6415561118122641,True,0.6415561118122641,True,0.6415561118122641,True,0.6415561118122641,True,0.3,False,0.5561670838591981,0.5505442757630195,True,True,0.75,0.7335376738939189,0.7063754392145628,wind_stuck_7_days,2014
10024,US-Ne3,US-Ne1,2014-01-05,0.52212034,0.1,0.1,0.24911269367393593,0.24911269367393593,0.41382018086105904,1.1743205632929918,0.060170836874890055,0.03465768144152551,-0.03884458820037935,0.24911269367393593,1.1365509253852144,0.3305983152241958,0.34911269367393594,True,0.1,False,0.1,False,0.34911269367393594,True,0.1,False,0.34911269367393594,True,0.1,False,0.286834520255452,0.34911269367393594,True,True,0.75,1.0,0.4667639339177547,wind_stuck_7_days,2014
10025,US-Ne3,US-Ne1,2014-01-13,0.31383475,0.3,0.3,0.22647765536176742,0.22647765536176742,0.12946574449323278,0.3446679498010177,0.014700432199447291,0.011430322777225433,-0.012283897400880105,-0.1988081553617674,1.1365509253852144,0.3305983152241958,0.5264776553617674,True,0.5264776553617674,True,0.5264776553617674,True,0.5264776553617674,True,0.5264776553617674,True,0.5264776553617674,True,0.3,False,0.46985824152132555,0.4604510250475282,True,True,0.75,0.708462937728799,0.5264776553617674,wind_stuck_7_days,2014
10026,US-Ne3,US-Ne1,2014-01-29,0.20536421,0.3,0.3,-0.14350485896487183,0.14350485896487183,0.16458248453589427,0.5593246233285885,0.014599376132772124,0.028559105954230543,-0.016084758600570584,0.04576672103512816,1.1365509253852144,0.3305983152241958,0.15649514103512815,True,0.15649514103512815,True,0.15649514103512815,True,0.15649514103512815,True,0.15649514103512815,True,0.15649514103512815,True,0.3,False,0.19237135577634612,0.15649514103512815,True,True,0.75,1.0,0.15649514103512815,wind_stuck_7_days,2014
10027,US-Ne3,US-Ne1,2014-02-14,1.18702846,0.1,0.1,0.5943757685381199,0.5943757685381199,0.11861249701232715,0.4043558184716047,0.17950351120737384,0.18333893974008011,-0.032041172673404374,0.5943757685381199,1.1365509253852144,0.3305983152241958,0.6943757685381199,True,0.6943757685381199,True,0.6943757685381199,True,0.6943757685381199,True,0.6943757685381199,True,0.6943757685381199,True,0.1,False,0.54578182640359,0.5721430077229782,True,True,0.75,0.7943510363557117,0.6766757615513435,wind_stuck_7_days,2014
10028,US-Ne3,US-Ne1,2014-02-22,0.7619151,0.2,0.2,0.5835700790618711,0.5835700790618711,0.08968398456331864,0.3649699059300603,0.17950351120737384,0.18333893974008011,-0.032041172673404374,0.5402601209381289,1.1365509253852144,0.3305983152241958,0.7835700790618711,True,0.7835700790618711,True,0.7835700790618711,True,0.7835700790618711,True,0.7835700790618711,True,0.7835700790618711,True,0.2,False,0.6376775592964032,0.6915219485009988,True,True,0.75,0.8422672205729842,0.7835700790618711,wind_stuck_7_days,2014
10029,US-Ne3,US-Ne1,2014-03-26,0.45109156,1.0,1.0,-0.472778990416281,0.472778990416281,0.13418491109676373,0.5965182814735959,0.07073201104921316,0.08729348227222333,0.0022216995315922283,0.472778990416281,1.1365509253852144,0.3305983152241958,0.527221009583719,True,0.527221009583719,True,0.527221009583719,True,0.527221009583719,True,0.527221009583719,True,0.527221009583719,True,0.527221009583719,True,0.6454157571877892,0.527221009583719,True,True,0.75,1.0,0.527221009583719,wind_stuck_7_days,2014
10030,US-Ne3,US-Ne1,2014-04-11,0.51768193,0.7,0.7,0.29613795527637277,0.29613795527637277,0.1110290283080308,0.3054307671561136,0.03062478788138219,0.023073396905767044,-0.0038637004716554216,-0.29613795527637277,1.1365509253852144,0.3305983152241958,0.9961379552763727,True,0.9961379552763727,True,0.9961379552763727,True,0.9961379552763727,True,0.9961379552763727,True,0.9961379552763727,True,0.7,False,0.9221034664572796,0.9672520304770892,True,True,0.75,0.9024578772000855,0.9961379552763727,wind_stuck_7_days,2014
10031,US-Ne3,US-Ne1,2014-05-05,0.95114538,2.5,2.5,0.2753385863628594,0.2753385863628594,0.1304006005097343,0.4362846246874483,0.01986267852666778,0.009232155211702162,0.006246402406003181,-0.27533858636285946,1.1365509253852144,0.3305983152241958,2.7753385863628592,True,2.7753385863628592,True,2.7753385863628592,True,2.7753385863628592,True,2.7753385863628592,True,2.7753385863628592,True,2.7753385863628592,True,2.7065039397721447,2.7691946898988244,True,True,0.75,0.977686031786558,2.7753385863628592,wind_stuck_7_days,2014
10032,US-Ne3,US-Ne1,2014-07-08,5.96861693,4.6,4.6,0.4698291535444775,0.4698291535444775,0.22615704741099835,0.49238034177689005,-0.005453586053569959,-0.008555367942897818,-0.007054925745483016,0.4698291535444775,1.1365509253852144,0.3305983152241958,5.069829153544477,True,5.069829153544477,True,5.069829153544477,True,4.6,False,4.6,False,4.6,False,4.6,False,4.952371865158358,4.9290921550992115,True,True,0.75,0.7004506906744296,5.069829153544477,wind_stuck_7_days,2014
10033,US-Ne3,US-Ne1,2014-07-24,4.63406723,6.5,6.5,0.508974074506562,0.508974074506562,0.2216493866395903,0.5997123670120073,-0.1581964390004397,-0.1427517778602492,-0.12848725625821256,-0.5089740745065621,1.1365509253852144,0.3305983152241958,7.008974074506562,True,7.008974074506562,True,7.008974074506562,True,6.5,False,6.5,False,6.5,False,6.5,False,6.881730555879922,6.5,True,False,0.75,0.0,7.008974074506562,wind_stuck_7_days,2014
10034,US-Ne3,US-Ne1,2014-09-02,5.73068014,3.9,3.9,0.21954632928788365,0.21954632928788365,0.2636856023842268,0.4114623296593498,0.009906760455188755,0.009550591667455944,-0.0009695257422353634,0.21954632928788365,1.1365509253852144,0.3305983152241958,4.119546329287884,True,4.119546329287884,True,4.119546329287884,True,4.119546329287884,True,4.119546329287884,True,4.119546329287884,True,3.9,False,4.064659746965913,4.058588441332354,True,True,0.75,0.7223461300708077,4.119546329287884,wind_stuck_7_days,2014
10035,US-Ne3,US-Ne1,2014-09-26,1.85112723,2.3,2.3,-0.3180888180354079,0.3180888180354079,0.18759436400188403,0.4277304790738616,0.05007637956398702,0.05525427184674336,0.002445541206312702,0.3180888180354079,1.1365509253852144,0.3305983152241958,1.981911181964592,True,1.981911181964592,True,1.981911181964592,True,1.981911181964592,True,1.981911181964592,True,1.981911181964592,True,1.981911181964592,True,2.061433386473444,2.0669696262054766,True,True,0.75,0.7325953022610925,1.981911181964592,wind_stuck_7_days,2014
10036,US-Ne3,US-Ne1,2014-10-20,0.49958982,0.0,0.0,0.2637339572919825,0.2637339572919825,0.0969198229107205,0.4118179455515715,0.12081355618269672,0.12225473701560675,-0.012283897400880105,0.2637339572919825,1.1365509253852144,0.3305983152241958,0.2637339572919825,True,0.2637339572919825,True,0.2637339572919825,True,0.2637339572919825,True,0.2637339572919825,True,0.2637339572919825,True,0.0,False,0.19780046796898687,0.2637339572919825,True,True,0.75,1.0,0.2637339572919825,wind_stuck_7_days,2014
10037,US-Ne3,US-Ne1,2014-10-28,1.02464863,0.4,0.4,0.43218893570413935,0.43218893570413935,0.1114543123264878,0.41117674822219363,0.12518109178291045,0.133554456749871,-0.018369297404127755,0.43218893570413935,1.1365509253852144,0.3305983152241958,0.8321889357041394,True,0.8321889357041394,True,0.8321889357041394,True,0.8321889357041394,True,0.8321889357041394,True,0.8321889357041394,True,0.4,False,0.7241417017781046,0.8321889357041394,True,True,0.75,1.0,0.8321889357041394,wind_stuck_7_days,2014
10038,US-Ne3,US-Ne1,2014-11-13,0.62280726,0.3,0.3,0.34467891454584254,0.34467891454584254,0.16952560483034215,0.5931654299521834,0.028448538084262842,0.0231241476539021,-0.022170158603818234,0.30093560545415743,1.1365509253852144,0.3305983152241958,0.6446789145458425,True,0.6446789145458425,True,0.6446789145458425,True,0.6446789145458425,True,0.6446789145458425,True,0.6446789145458425,True,0.3,False,0.5585091859093818,0.5507486559475789,True,True,0.75,0.7274847557123462,0.7053462919789097,wind_stuck_7_days,2014
10331,US-Ro4,US-Ro1,2014-05-30,1.53539489,2.8,2.8,-0.19704653073162537,0.19704653073162537,0.1893605887800204,0.633444819782468,-0.009017311886107906,-0.0038275311301455804,0.002445541206312702,0.19704653073162537,1.1365509253852144,0.3305983152241958,2.6029534692683747,True,2.6029534692683747,True,2.6029534692683747,True,2.8,False,2.8,False,2.8,False,2.6029534692683747,True,2.6522151019512807,2.6295835299887784,True,True,0.75,0.8648539478389811,2.6029534692683747,wind_stuck_7_days,2014
10332,US-Ro4,US-Ro1,2014-07-02,4.9889155,4.6,4.6,0.5789840083099071,0.5789840083099071,0.29762428924748147,0.4387729797193335,-0.009649744644983369,-0.04353726831205271,-0.06788994621709618,0.19884699169009368,1.1365509253852144,0.3305983152241958,5.178984008309907,True,5.178984008309907,True,5.178984008309907,True,4.6,False,4.6,False,4.6,False,4.6,False,5.03423800623243,4.854373288072215,True,True,0.75,0.43934423821954555,5.178984008309907,wind_stuck_7_days,2014
10333,US-Ro4,US-Ro1,2014-07-09,4.34191411,5.4,5.4,0.1487479230939791,0.1487479230939791,0.20693055011909592,0.4549525449587306,-0.009772803603852426,-0.010034948281192831,-0.0009695257422353634,-0.14874792309397922,1.1365509253852144,0.3305983152241958,5.54874792309398,True,5.54874792309398,True,5.54874792309398,True,5.4,False,5.4,False,5.4,False,5.4,False,5.511560942320485,5.4669754573381315,True,True,0.75,0.4502614621100675,5.54874792309398,wind_stuck_7_days,2014
10334,US-Ro4,US-Ro1,2014-08-02,4.58395338,5.0,5.0,0.588979199035381,0.588979199035381,0.33949474903642435,0.6128901644564106,-0.00778189512451706,-0.061134441775745556,-0.07044785473515527,-0.588979199035381,1.1365509253852144,0.3305983152241958,5.588979199035381,True,5.0,False,5.588979199035381,True,5.0,False,5.0,False,5.0,False,5.0,False,5.441734399276536,5.2340853164542605,True,True,0.75,0.39744241704569644,5.588979199035381,wind_stuck_7_days,2014
10335,US-Ro4,US-Ro1,2014-08-10,2.63525482,3.3,3.3,0.7950910236785587,0.7950910236785587,0.3943791657519513,0.6423130717040244,0.12399400559412826,-0.020962076866378354,-0.08995847659930123,-0.7950910236785587,1.1365509253852144,0.3305983152241958,4.095091023678559,True,3.3,False,4.095091023678559,True,4.095091023678559,True,4.095091023678559,True,3.3,False,3.3,False,3.896318267758919,3.6675583055237637,True,True,0.75,0.46228456186465683,4.095091023678559,wind_stuck_7_days,2014
10336,US-Ro4,US-Ro1,2014-08-26,3.1149505,4.0,4.0,0.27711929104115823,0.27711929104115823,0.14073141681384005,0.34629204824512766,0.012933423662660232,0.014742736834197369,0.006246402406003181,-0.2771192910411582,1.1365509253852144,0.3305983152241958,4.277119291041158,True,4.277119291041158,True,4.277119291041158,True,4.277119291041158,True,4.277119291041158,True,4.277119291041158,True,4.277119291041158,True,4.207839468280869,4.270935659989534,True,True,0.75,0.977686031786558,4.277119291041158,wind_stuck_7_days,2014
10337,US-Ro4,US-Ro1,2014-08-27,3.09697926,3.1,3.1,0.10514708020065551,0.10514708020065551,0.23201252222634877,0.4270972676695771,0.009906760455188755,0.009550591667455944,-0.0154751226747077,-0.10514708020065551,1.1365509253852144,0.3305983152241958,3.2051470802006556,True,3.2051470802006556,True,3.2051470802006556,True,3.2051470802006556,True,3.2051470802006556,True,3.2051470802006556,True,3.1,False,3.1788603101504918,3.2051470802006556,True,True,0.75,1.0,3.2051470802006556,wind_stuck_7_days,2014
10338,US-Ro4,US-Ro1,2014-09-19,2.20974577,2.7,2.7,-0.025018554757900914,0.025018554757900914,0.19004918195794515,0.4600988145574895,0.013504396121581753,0.011430322777225433,0.002445541206312702,0.025018554757900935,1.1365509253852144,0.3305983152241958,2.6749814452420995,True,2.6749814452420995,True,2.6749814452420995,True,2.6749814452420995,True,2.6749814452420995,True,2.6749814452420995,True,2.6749814452420995,True,2.6812360839315743,2.6749814452420995,True,True,0.75,1.0,2.6749814452420995,wind_stuck_7_days,2014
10339,US-Ro4,US-Ro1,2014-09-20,1.92710156,2.5,2.5,0.4098680075327824,0.4098680075327824,0.20433076153056903,0.6383535812507574,0.050725355240880524,0.05300178299839932,-0.021560522677955347,-0.4098680075327824,1.1365509253852144,0.3305983152241958,2.9098680075327823,True,2.9098680075327823,True,2.9098680075327823,True,2.9098680075327823,True,2.9098680075327823,True,2.9098680075327823,True,2.5,False,2.807401005649587,2.7732341908827034,True,True,0.75,0.6666394689535496,2.9098680075327823,wind_stuck_7_days,2014
10452,US-Rwf,US-Rwe,2014-06-08,3.18883484,2.8,2.8,-0.48071961034748323,0.48071961034748323,0.1613967463054633,0.4202115628287276,0.03375968648907462,0.03692841941594734,0.002445541206312702,-0.48071961034748323,1.1365509253852144,0.3305983152241958,2.3192803896525165,True,2.3192803896525165,True,2.3192803896525165,True,2.3192803896525165,True,2.3192803896525165,True,2.3192803896525165,True,2.3192803896525165,True,2.4394602922393873,2.451674829323598,True,True,0.75,0.7245911404043174,2.3192803896525165,wind_stuck_7_days,2014
10453,US-Rwf,US-Rwe,2014-06-09,3.38530975,3.2,3.2,-0.23750179083905149,0.23750179083905149,0.21951621747112865,0.4701001496314898,0.0007363727741553553,0.011879425518811708,-0.0009695257422353634,-0.23750179083905149,1.1365509253852144,0.3305983152241958,2.9624982091609486,True,2.9624982091609486,True,2.9624982091609486,True,2.9624982091609486,True,2.9624982091609486,True,2.9624982091609486,True,3.2,False,3.0218736568707114,3.013757432942013,True,True,0.75,0.7841733167570043,2.9624982091609486,wind_stuck_7_days,2014
10454,US-Rwf,US-Rwe,2014-06-24,3.5572362,2.4,2.4,-0.07643782070438307,0.07643782070438307,0.21697616462397773,0.42140115965774416,0.0026946861824172974,-0.002889556650828854,-0.0009695257422353634,-0.07643782070438299,1.1365509253852144,0.3305983152241958,2.323562179295617,True,2.323562179295617,True,2.323562179295617,True,2.323562179295617,True,2.323562179295617,True,2.4,False,2.4,False,2.3426716344717127,2.323562179295617,True,True,0.75,1.0,2.323562179295617,wind_stuck_7_days,2014
10455,US-Rwf,US-Rwe,2014-07-11,2.83974243,2.7,2.7,-0.3754094300764778,0.3754094300764778,0.252127854769838,0.5317320067846534,0.002455009611618399,0.005504736439632717,-0.0009695257422353634,-0.37540943007647787,1.1365509253852144,0.3305983152241958,2.3245905699235223,True,2.3245905699235223,True,2.3245905699235223,True,2.3245905699235223,True,2.3245905699235223,True,2.3245905699235223,True,2.7,False,2.418442927442642,2.4846325458889735,True,True,0.75,0.5736868518916863,2.3245905699235223,wind_stuck_7_days,2014
10456,US-Rwf,US-Rwe,2014-07-18,2.75016523,1.7,1.7,0.4582662367516065,0.4582662367516065,0.17949087160378027,0.572837173962068,0.040191209623249534,0.060183010126722905,-0.08460909844908286,0.4582662367516065,1.1365509253852144,0.3305983152241958,2.1582662367516066,True,2.1582662367516066,True,2.1582662367516066,True,2.1582662367516066,True,2.1582662367516066,True,2.1582662367516066,True,1.7,False,2.043699677563705,2.0390652733568593,True,True,0.75,0.7398870921853283,2.1582662367516066,wind_stuck_7_days,2014
10457,US-Rwf,US-Rwe,2014-07-19,2.84759749,2.9,2.9,0.05155304873563506,0.05155304873563506,0.22510050076526178,0.4615398953702938,0.003946627759520436,0.00157386839536286,-0.08399946252321996,-0.05155304873563506,1.1365509253852144,0.3305983152241958,2.951553048735635,True,2.951553048735635,True,2.951553048735635,True,2.951553048735635,True,2.951553048735635,True,2.951553048735635,True,2.9,False,2.938664786551726,2.951553048735635,True,True,0.75,1.0,2.951553048735635,wind_stuck_7_days,2014
10458,US-Rwf,US-Rwe,2014-07-26,1.71934676,2.2,2.2,-0.40249184509576813,0.40249184509576813,0.2870765951757549,0.5141177835239056,0.0024444684831710145,0.012734852083495275,-0.0009695257422353634,0.40249184509576813,1.1365509253852144,0.3305983152241958,1.797508154904232,True,1.797508154904232,True,1.797508154904232,True,1.797508154904232,True,1.797508154904232,True,1.797508154904232,True,2.2,False,1.898131116178174,1.9806288710381503,True,True,0.75,0.5450324811168612,1.797508154904232,wind_stuck_7_days,2014
10459,US-Rwf,US-Rwe,2014-07-27,1.80620139,2.4,2.4,-0.21807133725626754,0.21807133725626754,0.26007682843764984,0.4751652720932459,-0.0026082958484247255,-0.00287414017757824,-0.016523988862705785,0.21807133725626754,1.1365509253852144,0.3305983152241958,2.1819286627437324,True,2.1819286627437324,True,2.1819286627437324,True,2.4,False,2.4,False,2.4,False,2.4,False,2.2364464970577993,2.245566350772858,True,True,0.75,0.7081794937849092,2.1819286627437324,wind_stuck_7_days,2014
10460,US-Rwf,US-Rwe,2014-08-11,1.65398007,1.8,1.8,0.21159921919713773,0.21159921919713773,0.1978731795773282,0.45459380819996814,0.0026946861824172974,-0.00010011235807613994,-0.0015791616680982505,-0.21159921919713776,1.1365509253852144,0.3305983152241958,2.0115992191971377,True,2.0115992191971377,True,2.0115992191971377,True,2.0115992191971377,True,2.0115992191971377,True,1.8,False,1.8,False,1.9586994143978533,1.9586682262403041,True,True,0.75,0.7498526074072133,2.0115992191971377,wind_stuck_7_days,2014
10461,US-Rwf,US-Rwe,2014-08-19,1.52619021,2.9,2.9,-0.7263116429009453,0.7263116429009453,0.20372690585467526,0.5233516221754424,0.042757370588729755,0.06355358181693971,-0.010608644782132172,0.7263116429009453,1.1365509253852144,0.3305983152241958,2.1736883570990546,True,2.1736883570990546,True,2.1736883570990546,True,2.1736883570990546,True,2.1736883570990546,True,2.1736883570990546,True,2.9,False,2.355266267824291,2.564347886214118,True,True,0.75,0.4621323602155974,2.1736883570990546,wind_stuck_7_days,2014
10462,US-Rwf,US-Rwe,2014-08-27,1.13088229,1.6,1.6,-0.12433573488865508,0.12433573488865508,0.20851786483095083,0.47525918927473026,0.02357867619700301,0.028559105954230543,-0.004994228616646318,0.12433573488865507,1.1365509253852144,0.3305983152241958,1.475664265111345,True,1.475664265111345,True,1.475664265111345,True,1.475664265111345,True,1.475664265111345,True,1.475664265111345,True,1.6,False,1.5067481988335087,1.475664265111345,True,True,0.75,1.0,1.475664265111345,wind_stuck_7_days,2014
10463,US-Rwf,US-Rwe,2014-08-28,1.41263807,1.2,1.2,0.05715568906274693,0.05715568906274693,0.16569047655141547,0.4657628814614669,0.014371386908438387,0.013410028522380093,-0.0015791616680982505,0.05715568906274693,1.1365509253852144,0.3305983152241958,1.2571556890627469,True,1.2571556890627469,True,1.2571556890627469,True,1.2571556890627469,True,1.2571556890627469,True,1.2571556890627469,True,1.2,False,1.24286676679706,1.2571556890627469,True,True,0.75,1.0,1.2571556890627469,wind_stuck_7_days,2014
10464,US-Rwf,US-Rwe,2014-09-04,0.85012878,1.3,1.3,0.23738340058962498,0.23738340058962498,0.19518813488404024,0.4986469487828879,0.013504396121581753,0.011430322777225433,-0.0015791616680982505,-0.23738340058962504,1.1365509253852144,0.3305983152241958,1.537383400589625,True,1.537383400589625,True,1.537383400589625,True,1.537383400589625,True,1.537383400589625,True,1.537383400589625,True,1.3,False,1.4780375504422187,1.5292496478540754,True,True,0.75,0.965735798226217,1.537383400589625,wind_stuck_7_days,2014
10465,US-Rwf,US-Rwe,2014-09-05,0.9427757,1.7,1.7,-0.1380662085819951,0.1380662085819951,0.19446272934307265,0.45022954206067345,0.02357867619700301,0.028559105954230543,-0.0015791616680982505,0.13806620858199514,1.1365509253852144,0.3305983152241958,1.561933791418005,True,1.561933791418005,True,1.561933791418005,True,1.561933791418005,True,1.561933791418005,True,1.561933791418005,True,1.7,False,1.5964503435635036,1.561933791418005,True,True,0.75,1.0,1.561933791418005,wind_stuck_7_days,2014
10466,US-Rwf,US-Rwe,2014-09-12,0.5604127,1.1,1.1,0.21814761710434202,0.21814761710434202,0.1496909715052417,0.4267955644408012,0.014698089811508802,0.011430322777225433,0.0022216995315922283,-0.21814761710434205,1.1365509253852144,0.3305983152241958,1.318147617104342,True,1.318147617104342,True,1.318147617104342,True,1.318147617104342,True,1.318147617104342,True,1.318147617104342,True,1.318147617104342,True,1.2636107128282565,1.25757808699949,True,True,0.75,0.7223461300708077,1.318147617104342,wind_stuck_7_days,2014
10467,US-Rwf,US-Rwe,2014-09-13,0.62804768,0.3,0.3,0.41637125987794726,0.41637125987794726,0.08596105489255794,0.33354134225706367,0.12915195756401865,0.15169588392854605,-0.018369297404127755,0.23972410012205275,1.1365509253852144,0.3305983152241958,0.7163712598779473,True,0.7163712598779473,True,0.7163712598779473,True,0.7163712598779473,True,0.7163712598779473,True,0.7163712598779473,True,0.3,False,0.6122784449084604,0.6322485533029841,True,True,0.75,0.7979622642551688,0.7163712598779473,wind_stuck_7_days,2014
10468,US-Rwf,US-Rwe,2014-09-20,0.61311407,0.7,0.7,0.004556010119854015,0.004556010119854015,0.13276813735379603,0.3019256505441187,0.01511869232226161,0.011430322777225433,0.0022216995315922283,-0.004556010119854015,1.1365509253852144,0.3305983152241958,0.704556010119854,True,0.704556010119854,True,0.704556010119854,True,0.704556010119854,True,0.704556010119854,True,0.704556010119854,True,0.704556010119854,True,0.7034170075898905,0.704556010119854,True,True,0.75,1.0,0.704556010119854,wind_stuck_7_days,2014
10469,US-Rwf,US-Rwe,2014-10-06,0.94456265,1.1,1.1,-0.30931225433587467,0.30931225433587467,0.09929705884701272,0.36179258770450373,0.050718849145511655,0.05280013916951629,-0.012283897400880105,0.0015624456641256113,1.1365509253852144,0.3305983152241958,0.7906877456641255,True,0.7906877456641255,True,0.7906877456641255,True,0.7906877456641255,True,0.7906877456641255,True,0.7906877456641255,True,1.1,False,0.8680158092480941,0.857917004516902,True,True,0.75,0.7826492228795631,0.7906877456641255,wind_stuck_7_days,2014
10470,US-Rwf,US-Rwe,2014-10-07,0.8332001,1.2,1.2,-0.36710257692786924,0.36710257692786924,0.11167648361980034,0.44925911337352853,0.050718849145511655,0.05280013916951629,-0.012283897400880105,0.3664972230721307,1.1365509253852144,0.3305983152241958,0.8328974230721307,True,0.8328974230721307,True,0.8328974230721307,True,0.8328974230721307,True,0.8328974230721307,True,0.8328974230721307,True,1.2,False,0.924673067304098,0.9932475909676515,True,True,0.75,0.5632006475208495,0.8328974230721307,wind_stuck_7_days,2014
10471,US-Rwf,US-Rwe,2014-11-07,0.50040934,0.7,0.7,0.11957802506177503,0.11957802506177503,0.1527425633920493,0.29986697993741135,0.014698089811508802,0.011430322777225433,-0.012283897400880105,-0.11957802506177506,1.1365509253852144,0.3305983152241958,0.819578025061775,True,0.819578025061775,True,0.819578025061775,True,0.819578025061775,True,0.819578025061775,True,0.819578025061775,True,0.7,False,0.7896835187963313,0.819578025061775,True,True,0.75,1.0,0.819578025061775,wind_stuck_7_days,2014
10472,US-Rwf,US-Rwe,2014-11-08,0.3159438,0.5,0.5,-0.005643237836098462,0.005643237836098462,0.07768420418833744,0.3188769451425367,0.01511869232226161,0.011430322777225433,-0.012283897400880105,0.005643237836098464,1.1365509253852144,0.3305983152241958,0.49435676216390156,True,0.49435676216390156,True,0.49435676216390156,True,0.49435676216390156,True,0.49435676216390156,True,0.49435676216390156,True,0.5,False,0.4957675716229262,0.49435676216390156,True,True,0.75,1.0,0.49435676216390156,wind_stuck_7_days,2014
10584,US-Rws,US-Rwe,2014-09-20,0.19876748,0.2,0.2,0.20709171675375454,0.20709171675375454,0.1040711375088634,0.3794749132467468,0.012517771494700018,0.010535594434976628,0.0022216995315922283,-0.20709171675375454,1.1365509253852144,0.3305983152241958,0.40709171675375455,True,0.40709171675375455,True,0.40709171675375455,True,0.40709171675375455,True,0.40709171675375455,True,0.40709171675375455,True,0.40709171675375455,True,0.35531878756531593,0.3676685459579817,True,True,0.75,0.8096342460541309,0.40709171675375455,wind_stuck_7_days,2014
10585,US-Rws,US-Rwe,2014-10-06,0.91086193,0.2,0.2,0.08178421565562947,0.08178421565562947,0.1034289023100748,0.3595616605563255,0.012517771494700018,0.010535594434976628,-0.012283897400880105,0.08178421565562943,1.1365509253852144,0.3305983152241958,0.2817842156556295,True,0.2817842156556295,True,0.2817842156556295,True,0.2817842156556295,True,0.2817842156556295,True,0.2817842156556295,True,0.2,False,0.2613381617417221,0.2817842156556295,True,True,0.75,1.0,0.2817842156556295,wind_stuck_7_days,2014
10586,US-Rws,US-Rwe,2014-10-07,0.78087645,0.8,0.8,-0.24368690327296427,0.24368690327296427,0.11218622083906742,0.3881649775864778,0.03918361936749928,0.043611197718201745,-0.012283897400880105,-0.2054398032729643,1.1365509253852144,0.3305983152241958,0.5563130967270358,True,0.5563130967270358,True,0.5563130967270358,True,0.5563130967270358,True,0.5563130967270358,True,0.5563130967270358,True,0.8,False,0.6172348225452768,0.5737178367751099,True,True,0.75,0.9285774499396123,0.5563130967270358,wind_stuck_7_days,2014
10587,US-Rws,US-Rwe,2014-11-07,0.58933775,0.2,0.2,0.356419149465166,0.356419149465166,0.14685428666260747,0.34264924687079884,0.06462853933823076,0.06339786849835082,-0.018369297404127755,0.356419149465166,1.1365509253852144,0.3305983152241958,0.556419149465166,True,0.556419149465166,True,0.556419149465166,True,0.556419149465166,True,0.556419149465166,True,0.556419149465166,True,0.2,False,0.4673143620988745,0.4438535376566468,True,True,0.75,0.684176307649484,0.556419149465166,wind_stuck_7_days,2014
10588,US-Rws,US-Rwe,2014-11-23,0.97022102,0.6,0.6,0.15179078992661169,0.15179078992661169,0.14520038388273282,0.3723892712158371,0.01511869232226161,0.011430322777225433,-0.012283897400880105,0.15179078992661169,1.1365509253852144,0.3305983152241958,0.7517907899266116,True,0.7517907899266116,True,0.7517907899266116,True,0.7517907899266116,True,0.7517907899266116,True,0.7517907899266116,True,0.6,False,0.7138430924449588,0.7517907899266116,True,True,0.75,1.0,0.7517907899266116,wind_stuck_7_days,2014
10589,US-Rws,US-Rwe,2014-11-24,0.73969151,0.4,0.4,0.10762060420507255,0.10762060420507255,0.13221160741211774,0.25147989625694017,0.014700432199447291,0.011430322777225433,-0.012283897400880105,0.10762060420507255,1.1365509253852144,0.3305983152241958,0.5076206042050726,True,0.5076206042050726,True,0.5076206042050726,True,0.5076206042050726,True,0.5076206042050726,True,0.5076206042050726,True,0.4,False,0.48071545315380443,0.5076206042050726,True,True,0.75,1.0,0.5076206042050726,wind_stuck_7_days,2014
10956,US-SCg,US-SCg,2014-02-17,0.29059239,0.2,0.2,0.631254325018159,0.631254325018159,0.17444514709127043,0.5063018688729939,0.17214715468901134,0.1757152098164932,-0.035842033873094856,-0.4500695450181591,1.1365509253852144,0.3305983152241958,0.831254325018159,True,0.831254325018159,True,0.831254325018159,True,0.831254325018159,True,0.831254325018159,True,0.831254325018159,True,0.2,False,0.6734407437636193,0.6519877509122258,True,True,0.75,0.716015293676164,0.831254325018159,wind_stuck_7_days,2014
10957,US-SCg,US-SCg,2014-02-18,0.23442451,0.3,0.3,0.5833069459145259,0.5833069459145259,0.17362991649487058,0.5292649159175932,0.12550952049046793,0.13544148897204453,-0.035842033873094856,-0.5833069459145259,1.1365509253852144,0.3305983152241958,0.883306945914526,True,0.883306945914526,True,0.883306945914526,True,0.883306945914526,True,0.883306945914526,True,0.883306945914526,True,0.3,False,0.7374802094358944,0.7954659041543117,True,True,0.75,0.8494085448914133,0.883306945914526,wind_stuck_7_days,2014
10958,US-SCg,US-SCg,2014-02-25,0.22383495,0.3,0.3,0.6526438429898392,0.6526438429898392,0.17220830813688728,0.46574215792610635,0.13185889196656098,0.13544148897204453,-0.035842033873094856,-0.6526438429898392,1.1365509253852144,0.3305983152241958,0.9526438429898392,True,0.9526438429898392,True,0.9526438429898392,True,0.9526438429898392,True,0.9526438429898392,True,0.9526438429898392,True,0.3,False,0.7894828822423794,0.7374942704083916,True,True,0.75,0.6703415271707432,0.9526438429898392,wind_stuck_7_days,2014
10959,US-SCg,US-SCg,2014-03-05,1.58491414,0.2,0.2,0.8391782716734614,0.8391782716734614,0.21510008984353388,0.6965767322579542,0.3495691395957572,0.36272100973942245,-0.07032195711575469,0.8391782716734614,1.1365509253852144,0.3305983152241958,1.0391782716734614,True,1.0391782716734614,True,1.0391782716734614,True,1.0391782716734614,True,1.0391782716734614,True,1.0391782716734614,True,0.2,False,0.829383703755096,1.0391782716734614,True,True,0.75,1.0,1.0391782716734614,wind_stuck_7_days,2014
10960,US-SCg,US-SCg,2014-03-29,0.97830363,0.5,0.5,0.6223510928693663,0.6223510928693663,0.19876521561600394,0.5928321995632856,0.09913716213351921,0.1296908154954047,-0.05886046310306227,0.33425616713063366,1.1365509253852144,0.3305983152241958,1.1223510928693663,True,1.1223510928693663,True,1.1223510928693663,True,1.1223510928693663,True,1.1223510928693663,True,1.1223510928693663,True,0.5,False,0.9667633196520247,0.9351459359995105,True,True,0.75,0.6991968697174751,1.1223510928693663,wind_stuck_7_days,2014
10961,US-SCg,US-SCg,2014-03-30,1.21234569,0.4,0.4,0.8903715358143932,0.8903715358143932,0.10567206686844931,0.5317074921229789,0.27083528888285785,0.30610979356577017,-0.06382529649233348,0.7343198441856068,1.1365509253852144,0.3305983152241958,1.2903715358143932,True,1.2903715358143932,True,1.2903715358143932,True,1.2903715358143932,True,1.2903715358143932,True,1.2903715358143932,True,0.4,False,1.0677786518607948,1.2131290973724274,True,True,0.75,0.9132469588986639,1.2903715358143932,wind_stuck_7_days,2014
10962,US-SCg,US-SCg,2014-04-06,2.37103633,0.4,0.4,0.37819645175391314,0.37819645175391314,0.17959716174878407,0.4991529816830944,0.033140356651771084,0.02755798607628382,-0.007664561671345901,0.37819645175391314,1.1365509253852144,0.3305983152241958,0.7781964517539132,True,0.7781964517539132,True,0.7781964517539132,True,0.7781964517539132,True,0.7781964517539132,True,0.7781964517539132,True,0.4,False,0.6836473388154349,0.6954002895547304,True,True,0.75,0.7810763114904711,0.7781964517539132,wind_stuck_7_days,2014
10963,US-SCg,US-SCg,2014-04-07,1.46702959,1.2,1.2,-0.1895537887014415,0.1895537887014415,0.11780841414561737,0.6655827634391847,0.019752676040444516,0.009682609750310652,0.0022216995315922283,-0.18955378870144146,1.1365509253852144,0.3305983152241958,1.0104462112985584,True,1.0104462112985584,True,1.0104462112985584,True,1.0104462112985584,True,1.0104462112985584,True,1.0104462112985584,True,1.0104462112985584,True,1.0578346584739189,1.0263377093294832,True,True,0.75,0.9161636486414166,1.0104462112985584,wind_stuck_7_days,2014
10964,US-SCg,US-SCg,2014-04-14,0.54568929,1.5,1.5,-0.07309280497554367,0.07309280497554367,0.15343223132318848,0.4601378974128137,0.015565080598365436,0.013410028522380093,0.0022216995315922283,0.07309280497554371,1.1365509253852144,0.3305983152241958,1.4269071950244563,True,1.4269071950244563,True,1.4269071950244563,True,1.4269071950244563,True,1.4269071950244563,True,1.4269071950244563,True,1.4269071950244563,True,1.4451803962683423,1.4269071950244563,True,True,0.75,1.0,1.4269071950244563,wind_stuck_7_days,2014
10965,US-SCg,US-SCg,2014-04-15,0.89240222,0.9,0.9,0.3176910513686856,0.3176910513686856,0.16942326382665224,0.4529079981795885,0.025963851934299318,0.023073396905767044,-0.007664561671345901,-0.3176910513686856,1.1365509253852144,0.3305983152241958,1.2176910513686856,True,1.2176910513686856,True,1.2176910513686856,True,1.2176910513686856,True,1.2176910513686856,True,1.2176910513686856,True,0.9,False,1.1382682885265143,1.147769479886127,True,True,0.75,0.7799070160103018,1.2176910513686856,wind_stuck_7_days,2014
10966,US-SCg,US-SCg,2014-04-22,0.5780149,1.3,1.3,0.4692697351701435,0.4692697351701435,0.1832507071949088,0.5275731689441612,0.06921404653953542,0.06344038778137075,-0.007664561671345901,-0.4692697351701435,1.1365509253852144,0.3305983152241958,1.7692697351701434,True,1.7692697351701434,True,1.7692697351701434,True,1.7692697351701434,True,1.7692697351701434,True,1.7692697351701434,True,1.3,False,1.6519523013776076,1.7573156202100502,True,True,0.75,0.9745261327032751,1.7692697351701434,wind_stuck_7_days,2014
10967,US-SCg,US-SCg,2014-05-01,1.41341445,0.4,0.4,0.006028269537241017,0.006028269537241017,0.17470560515848238,0.46850560506125527,0.015599491193570049,0.01548286188158305,-0.029613045627942407,0.0060282695372411155,1.1365509253852144,0.3305983152241958,0.406028269537241,True,0.406028269537241,True,0.406028269537241,True,0.406028269537241,True,0.406028269537241,True,0.406028269537241,True,0.4,False,0.4045212021529308,0.406028269537241,True,True,0.75,1.0,0.406028269537241,wind_stuck_7_days,2014
10968,US-SCg,US-SCg,2014-05-08,0.47880101,0.2,0.2,0.8465260745931144,0.8465260745931144,0.28809420030771654,0.5743246879093874,0.23263614529496143,0.20028492328166064,-0.042168822954844,-0.2889240545931143,1.1365509253852144,0.3305983152241958,1.0465260745931144,True,1.0465260745931144,True,1.0465260745931144,True,1.0465260745931144,True,1.0465260745931144,True,1.0465260745931144,True,0.2,False,0.8348945559448357,1.0465260745931144,True,True,0.75,1.0,1.0465260745931144,wind_stuck_7_days,2014
10969,US-SCg,US-SCg,2014-05-09,0.70975078,2.0,2.0,0.04632648521322136,0.04632648521322136,0.1998386276094276,0.37934068753993466,0.013504396121581753,0.011430322777225433,-0.0015791616680982505,-0.04632648521322147,1.1365509253852144,0.3305983152241958,2.0463264852132212,True,2.0463264852132212,True,2.0463264852132212,True,2.0463264852132212,True,2.0463264852132212,True,2.0463264852132212,True,2.0,False,2.034744863909916,2.0463264852132212,True,True,0.75,1.0,2.0463264852132212,wind_stuck_7_days,2014
10970,US-SCg,US-SCg,2014-05-16,0.5679344,0.2,0.2,-0.054791819204609384,0.054791819204609384,0.20583472803203745,0.3711210120285362,-0.009074331795521369,-0.013149825157777819,-0.08802416539763093,-0.054791819204609404,1.1365509253852144,0.3305983152241958,0.14520818079539063,True,0.14520818079539063,True,0.14520818079539063,True,0.2,False,0.2,False,0.2,False,0.2,False,0.15890613559654299,0.15951153167174495,True,True,0.75,0.738950976916075,0.14520818079539063,wind_stuck_7_days,2014
10971,US-SCg,US-SCg,2014-05-17,0.42175064,0.3,0.3,0.6313902931230039,0.6313902931230039,0.18980391694391185,0.346992575908987,0.13485722841254386,0.1612820794823266,-0.00768889971218416,-0.38788901312300383,1.1365509253852144,0.3305983152241958,0.9313902931230038,True,0.9313902931230038,True,0.9313902931230038,True,0.9313902931230038,True,0.9313902931230038,True,0.9313902931230038,True,0.3,False,0.7735427198422529,0.7520851061547469,True,True,0.75,0.716015293676164,0.9313902931230038,wind_stuck_7_days,2014
10972,US-SCg,US-SCg,2014-06-02,0.46284608,0.3,0.3,0.7186091240018173,0.7186091240018173,0.12776904938470784,0.43614629279839134,0.16052380114367001,0.1862983691186358,-0.0038880385124936802,-0.3929169640018173,1.1365509253852144,0.3305983152241958,1.0186091240018174,True,1.0186091240018174,True,1.0186091240018174,True,1.0186091240018174,True,1.0186091240018174,True,1.0186091240018174,True,0.3,False,0.838956843001363,0.6964736002897705,True,True,0.75,0.5517235824698044,1.0186091240018174,wind_stuck_7_days,2014
10973,US-SCg,US-SCg,2014-06-09,0.78731157,1.7,1.7,-0.6463573453676627,0.6463573453676627,0.1849062390188221,0.39462679985882787,0.03375968648907462,0.024466107928264216,-0.0015791616680982505,0.6463573453676627,1.1365509253852144,0.3305983152241958,1.0536426546323372,True,1.0536426546323372,True,1.0536426546323372,True,1.0536426546323372,True,1.0536426546323372,True,1.0536426546323372,True,1.7,False,1.215231990974253,1.3911225863538506,True,True,0.75,0.4778740674331672,1.0536426546323372,wind_stuck_7_days,2014
10974,US-SCg,US-SCg,2014-06-10,0.77662045,0.7,0.7,0.7327916830157636,0.7327916830157636,0.19309355395839134,0.5850737296071349,0.06234386176242096,0.08951272480826707,-0.05886046310306227,-0.5795507830157635,1.1365509253852144,0.3305983152241958,1.4327916830157634,True,1.4327916830157634,True,1.4327916830157634,True,1.4327916830157634,True,1.4327916830157634,True,1.4327916830157634,True,0.7,False,1.2495937622618225,1.0655714551607371,True,True,0.75,0.49887500586285066,1.4327916830157634,wind_stuck_7_days,2014
10975,US-SCg,US-SCg,2014-06-17,0.72328831,0.7,0.7,0.62738071427969,0.62738071427969,0.1634729856229177,0.6206102403071097,0.06979555461062453,0.07675103234864324,-0.05886046310306227,-0.5808040942796898,1.1365509253852144,0.3305983152241958,1.3273807142796898,True,1.3273807142796898,True,1.3273807142796898,True,1.3273807142796898,True,1.3273807142796898,True,1.3273807142796898,True,0.7,False,1.1705355357097673,1.1313439237678682,True,True,0.75,0.6875313728173871,1.3273807142796898,wind_stuck_7_days,2014
10976,US-SCg,US-SCg,2014-06-18,0.4122613,0.2,0.2,0.9681564923744084,0.9681564923744084,0.2075439185220182,0.5239254666384304,0.2800051509448318,0.31878013350589424,-0.0738125862977354,-0.5436338923744084,1.1365509253852144,0.3305983152241958,1.1681564923744083,True,1.1681564923744083,True,1.1681564923744083,True,1.1681564923744083,True,1.1681564923744083,True,1.1681564923744083,True,0.2,False,0.9261173692808062,0.9790718199064645,True,True,0.75,0.8046961684838647,1.1681564923744083,wind_stuck_7_days,2014
10977,US-SCg,US-SCg,2014-06-25,0.8903475,1.1,1.1,0.40398732817529526,0.40398732817529526,0.15204054384336685,0.6039184103888852,0.05466190018366791,0.06721487168113587,-0.0038637004716554216,-0.40398732817529526,1.1365509253852144,0.3305983152241958,1.5039873281752953,True,1.5039873281752953,True,1.5039873281752953,True,1.5039873281752953,True,1.5039873281752953,True,1.5039873281752953,True,1.1,False,1.4029904961314714,1.3402717275259086,True,True,0.75,0.5947506537176621,1.5039873281752953,wind_stuck_7_days,2014
10978,US-SCg,US-SCg,2014-07-03,0.561548,1.0,1.0,-0.31568937747405623,0.31568937747405623,0.13285300339597908,0.38534289689994233,0.02618879663739681,0.01996826827265629,-0.013332763588878194,0.31568937747405623,1.1365509253852144,0.3305983152241958,0.6843106225259438,True,0.6843106225259438,True,0.6843106225259438,True,0.6843106225259438,True,0.6843106225259438,True,0.6843106225259438,True,1.0,False,0.7632329668944579,0.7676627443408198,True,True,0.75,0.7359679236539214,0.6843106225259438,wind_stuck_7_days,2014
10979,US-SCg,US-SCg,2014-07-04,-0.27507348,1.2,1.2,-0.4638513380887426,0.4638513380887426,0.20033908353515578,0.40238774941903294,0.06946866121123725,0.06281839616459312,-0.029613045627942407,0.46385133808874257,1.1365509253852144,0.3305983152241958,0.7361486619112574,True,0.7361486619112574,True,0.7361486619112574,True,0.7361486619112574,True,0.7361486619112574,True,0.7361486619112574,True,1.2,False,0.852111496433443,0.9637153048796903,True,True,0.75,0.5093974636225032,0.7361486619112574,wind_stuck_7_days,2014
10980,US-SCg,US-SCg,2014-07-11,0.79406087,0.4,0.4,0.9416590471625721,0.9416590471625721,0.2069852528731928,0.5440201004397959,0.24521358502385185,0.2886119369932815,-0.12387807824305545,-0.15353730716257208,1.1365509253852144,0.3305983152241958,1.341659047162572,True,1.341659047162572,True,1.341659047162572,True,1.341659047162572,True,1.341659047162572,True,1.341659047162572,True,0.4,False,1.106244285371929,1.2030308091618678,True,True,0.75,0.852782980826848,1.341659047162572,wind_stuck_7_days,2014
10981,US-SCg,US-SCg,2014-07-27,1.09394032,1.0,1.0,0.7227258577886392,0.7227258577886392,0.15894938115166224,0.4868766738821744,0.08920909032355029,0.08951272480826707,-0.04329299221448999,-0.5348452177886392,1.1365509253852144,0.3305983152241958,1.7227258577886393,True,1.7227258577886393,True,1.7227258577886393,True,1.7227258577886393,True,1.7227258577886393,True,1.7227258577886393,True,1.0,False,1.5420443933414794,1.3746440289181179,True,True,0.75,0.5183764007896924,1.7227258577886393,wind_stuck_7_days,2014
10982,US-SCg,US-SCg,2014-08-04,1.03161924,0.5,0.5,0.9461863403602262,0.9461863403602262,0.317621649488844,0.6235946113852922,0.17236339858504518,0.11878817245935906,-0.14402656922055235,0.11705213963977368,1.1365509253852144,0.3305983152241958,1.4461863403602262,True,1.4461863403602262,True,1.4461863403602262,True,1.4461863403602262,True,1.4461863403602262,True,1.4461863403602262,True,0.5,False,1.2096397552701696,1.230195896331706,True,True,0.75,0.7717252566272623,1.4461863403602262,wind_stuck_7_days,2014
10983,US-SCg,US-SCg,2014-08-05,0.90340463,0.7,0.7,0.3809472698134697,0.3809472698134697,0.2963046540307708,0.5966492239749426,-0.00946854773083096,0.017261031944480868,-0.011079628619893967,0.02586199018653046,1.1365509253852144,0.3305983152241958,1.0809472698134697,True,1.0809472698134697,True,1.0809472698134697,True,0.7,False,0.7,False,1.0809472698134697,True,0.7,False,0.9857104523601022,0.9812535045055042,True,True,0.75,0.7383003549105881,1.0809472698134697,wind_stuck_7_days,2014
10984,US-SCg,US-SCg,2014-08-12,0.89280382,0.1,0.1,0.8962227625932186,0.8962227625932186,0.23942599127571507,0.5701617054778353,0.27484051155755496,0.27380301055440415,-0.0738125862977354,0.6893848774067814,1.1365509253852144,0.3305983152241958,0.9962227625932186,True,0.9962227625932186,True,0.9962227625932186,True,0.9962227625932186,True,0.9962227625932186,True,0.9962227625932186,True,0.1,False,0.772167071944914,0.9445971152606092,True,True,0.75,0.9423964113751913,0.9962227625932186,wind_stuck_7_days,2014
10985,US-SCg,US-SCg,2014-08-13,0.71932235,0.9,0.9,0.39135715841330365,0.39135715841330365,0.21836904216638764,0.5323441579779218,0.020481471245062936,0.022742296092158394,-0.011079628619893967,-0.39135715841330365,1.1365509253852144,0.3305983152241958,1.2913571584133037,True,1.2913571584133037,True,1.2913571584133037,True,1.2913571584133037,True,1.2913571584133037,True,1.2913571584133037,True,0.9,False,1.1935178688099777,1.1752926251343279,True,True,0.75,0.7034306622892978,1.2913571584133037,wind_stuck_7_days,2014
10986,US-SCg,US-SCg,2014-08-20,0.54321136,0.2,0.2,0.7363697923052994,0.7363697923052994,0.18451324390099885,0.5137082610260858,0.18389180619609619,0.19749101231256644,-0.00768889971218416,-0.04994707230529938,1.1365509253852144,0.3305983152241958,0.9363697923052994,True,0.9363697923052994,True,0.9363697923052994,True,0.9363697923052994,True,0.9363697923052994,True,0.9363697923052994,True,0.2,False,0.7522773442289745,0.5874917719747254,True,True,0.75,0.5262189948906418,0.9363697923052994,wind_stuck_7_days,2014
10987,US-SCg,US-SCg,2014-08-21,0.67293218,0.6,0.6,0.25725034906835836,0.25725034906835836,0.16540541185530241,0.49470963578322913,0.02683084272115595,0.022742296092158394,-0.0015791616680982505,-0.11138598906835834,1.1365509253852144,0.3305983152241958,0.8572503490683583,True,0.8572503490683583,True,0.8572503490683583,True,0.8572503490683583,True,0.8572503490683583,True,0.8572503490683583,True,0.6,False,0.7929377618012687,0.8260683133848796,True,True,0.75,0.8787871977767744,0.8572503490683583,wind_stuck_7_days,2014
10988,US-SCg,US-SCg,2014-11-08,0.38436727,0.2,0.2,0.47105660271061184,0.47105660271061184,0.15000760601020513,0.42440411622010765,0.1717806072216188,0.19818894637742482,-0.018369297404127755,-0.1023220627106119,1.1365509253852144,0.3305983152241958,0.6710566027106118,True,0.6710566027106118,True,0.6710566027106118,True,0.6710566027106118,True,0.6710566027106118,True,0.6710566027106118,True,0.2,False,0.553292452032959,0.6710566027106118,True,True,0.75,1.0,0.6710566027106118,wind_stuck_7_days,2014
10989,US-SCg,US-SCg,2014-11-09,0.36461295,0.0,0.0,0.007557998310386614,0.007557998310386614,0.15422461379433747,0.3885886258150963,0.06638680046673398,0.06939246295223256,-0.012283897400880105,0.0075579983103866155,1.1365509253852144,0.3305983152241958,0.007557998310386614,True,0.007557998310386614,True,0.007557998310386614,True,0.007557998310386614,True,0.007557998310386614,True,0.007557998310386614,True,0.0,False,0.00566849873278996,0.007557998310386614,True,True,0.75,1.0,0.007557998310386614,wind_stuck_7_days,2014
10990,US-SCg,US-SCg,2014-11-24,0.2017207,0.0,0.0,0.3670375110378749,0.3670375110378749,0.24468516656233952,0.7526804537168696,0.1344044791956339,0.1247088696928338,-0.011079628619893967,0.0364038889621251,1.1365509253852144,0.3305983152241958,0.3670375110378749,True,0.3670375110378749,True,0.3670375110378749,True,0.3670375110378749,True,0.3670375110378749,True,0.3670375110378749,True,0.0,False,0.27527813327840617,0.23768339271818997,True,True,0.75,0.6475724839297508,0.3670375110378749,wind_stuck_7_days,2014
10991,US-SCg,US-SCg,2014-11-25,0.38315815,0.0,0.0,0.5212411395447594,0.5212411395447594,0.22422012773621045,0.489293040622906,0.23003246217243126,0.23442300102851482,-0.011103966660732226,0.24507516045524058,1.1365509253852144,0.3305983152241958,0.5212411395447594,True,0.5212411395447594,True,0.5212411395447594,True,0.5212411395447594,True,0.5212411395447594,True,0.5212411395447594,True,0.0,False,0.3909308546585695,0.4906386585046244,True,True,0.75,0.9412892062455728,0.5212411395447594,wind_stuck_7_days,2014
10992,US-SCg,US-SCg,2014-12-26,0.7707693,0.2,0.2,0.15230590566993354,0.15230590566993354,0.09372263703309644,0.38284595036328756,0.012517771494700018,0.010535594434976628,-0.012283897400880105,0.15230590566993352,1.1365509253852144,0.3305983152241958,0.3523059056699336,True,0.3523059056699336,True,0.3523059056699336,True,0.3523059056699336,True,0.3523059056699336,True,0.3523059056699336,True,0.2,False,0.3142294292524502,0.3523059056699336,True,True,0.75,1.0,0.3523059056699336,wind_stuck_7_days,2014
10993,US-SCg,US-SCg,2014-12-27,0.71744883,0.4,0.4,-0.008181768405010462,0.008181768405010462,0.12601690229198986,0.3430586303246238,0.014700432199447291,0.011430322777225433,-0.012283897400880105,-0.008181768405010448,1.1365509253852144,0.3305983152241958,0.3918182315949896,True,0.3918182315949896,True,0.3918182315949896,True,0.3918182315949896,True,0.3918182315949896,True,0.3918182315949896,True,0.4,False,0.3938636736962422,0.3918182315949896,True,True,0.75,1.0,0.3918182315949896,wind_stuck_7_days,2014
11302,US-SCs,US-SCg,2014-01-01,0.66449192,0.3,0.3,0.4793559900667481,0.4793559900667481,0.08107726930506826,0.3694930568705329,0.13614463813316885,0.1397737983543011,-0.018369297404127755,0.24962784993325193,1.1365509253852144,0.3305983152241958,0.7793559900667482,True,0.7793559900667482,True,0.7793559900667482,True,0.7793559900667482,True,0.7793559900667482,True,0.7793559900667482,True,0.3,False,0.659516992550061,0.7793559900667482,True,True,0.75,1.0,0.7793559900667482,wind_stuck_7_days,2014
11303,US-SCs,US-SCg,2014-01-16,0.74978284,0.8,0.8,0.4288756777646756,0.4288756777646756,0.509309255228563,1.2162930577051567,0.05870641929549258,-0.0001765231812745457,-0.042103850304735436,-0.4288756777646756,1.1365509253852144,0.3305983152241958,1.2288756777646757,True,0.8,False,0.8,False,1.2288756777646757,True,0.8,False,0.8,False,0.8,False,1.1216567583235069,1.1135755635330518,True,True,0.75,0.7311572555651219,1.2288756777646757,wind_stuck_7_days,2014
11304,US-SCs,US-SCg,2014-01-17,0.44703842,0.4,0.4,0.6913851297802368,0.6913851297802368,0.29081115477557495,0.7783120478962419,0.01932881939793948,-0.02498157068777642,-0.08457469175676043,-0.5973082897802369,1.1365509253852144,0.3305983152241958,1.0913851297802368,True,1.0913851297802368,True,1.0913851297802368,True,1.0913851297802368,True,1.0913851297802368,True,0.4,False,0.4,False,0.9185388473351777,0.8181485459480536,True,True,0.75,0.6047982924957701,1.0913851297802368,wind_stuck_7_days,2014
11305,US-SCs,US-SCg,2014-01-25,-0.02032709,0.6,0.6,0.9372879964090517,0.9372879964090517,0.19526557717768256,0.41078167325384285,0.16540296737382232,0.19911851514630582,-0.2106729348160435,-0.9372879964090517,1.1365509253852144,0.3305983152241958,1.5372879964090518,True,1.5372879964090518,True,1.5372879964090518,True,1.5372879964090518,True,1.5372879964090518,True,1.5372879964090518,True,0.6,False,1.3029659973067886,1.3745693556529104,True,True,0.75,0.826394191134901,1.5372879964090518,wind_stuck_7_days,2014
11306,US-SCs,US-SCg,2014-02-17,0.18259828,0.8,0.8,0.35973555086706704,0.35973555086706704,0.15882745820197094,0.4784085333169156,0.02236817593366614,0.02061926422853999,-0.022170158603818234,-0.3597355508670671,1.1365509253852144,0.3305983152241958,1.159735550867067,True,1.159735550867067,True,1.159735550867067,True,1.159735550867067,True,1.159735550867067,True,1.159735550867067,True,0.8,False,1.0698016631503005,1.0189861387381562,True,True,0.75,0.6087420000896105,1.159735550867067,wind_stuck_7_days,2014
11307,US-SCs,US-SCg,2014-02-18,0.26941404,1.3,1.3,0.17503653203867714,0.17503653203867714,0.14567304704760484,0.4927992483996261,0.01511869232226161,0.011430322777225433,-0.012283897400880105,-0.17503653203867708,1.1365509253852144,0.3305983152241958,1.4750365320386771,True,1.4750365320386771,True,1.4750365320386771,True,1.4750365320386771,True,1.4750365320386771,True,1.4750365320386771,True,1.3,False,1.431277399029008,1.4750365320386771,True,True,0.75,1.0,1.4750365320386771,wind_stuck_7_days,2014
11308,US-SCs,US-SCg,2014-02-25,0.16524239,1.1,1.1,0.30484044330707066,0.30484044330707066,0.1568081974536374,0.460089896219882,0.02236817593366614,0.02061926422853999,-0.018369297404127755,-0.3048404433070706,1.1365509253852144,0.3305983152241958,1.4048404433070707,True,1.4048404433070707,True,1.4048404433070707,True,1.4048404433070707,True,1.4048404433070707,True,1.4048404433070707,True,1.1,False,1.328630332480303,1.3477737225459758,True,True,0.75,0.8127980653026056,1.4048404433070707,wind_stuck_7_days,2014
11309,US-SCs,US-SCg,2014-03-30,1.46546241,2.2,2.2,0.1537448167875752,0.1537448167875752,0.09462257128503952,0.47818360489631384,0.01511869232226161,0.011430322777225433,0.006246402406003181,-0.15374481678757523,1.1365509253852144,0.3305983152241958,2.353744816787575,True,2.353744816787575,True,2.353744816787575,True,2.353744816787575,True,2.353744816787575,True,2.353744816787575,True,2.353744816787575,True,2.3153086125906817,2.353744816787575,True,True,0.75,1.0,2.353744816787575,wind_stuck_7_days,2014
11310,US-SCs,US-SCg,2014-05-16,1.05739902,1.7,1.7,-0.6920254182813104,0.6920254182813104,0.18857649346164004,0.5238227076089749,-0.01817929338419097,0.002940718212040722,-0.1049324848555052,0.5931765417186894,1.1365509253852144,0.3305983152241958,1.0079745817186896,True,1.0079745817186896,True,1.0079745817186896,True,1.7,False,1.7,False,1.0079745817186896,True,1.7,False,1.1809809362890171,1.557275334076719,True,True,0.75,0.20624194162946619,1.0079745817186896,wind_stuck_7_days,2014
11311,US-SCs,US-SCg,2014-06-02,-0.00490495,2.2,2.2,-0.7364555991266724,0.7364555991266724,0.18166271483061672,0.33927139276450474,0.02527727004848191,0.024466107928264216,0.002445541206312702,0.7364555991266724,1.1365509253852144,0.3305983152241958,1.4635444008733278,True,1.4635444008733278,True,1.4635444008733278,True,1.4635444008733278,True,1.4635444008733278,True,1.4635444008733278,True,1.4635444008733278,True,1.6476583006549959,1.9317112183698935,True,True,0.75,0.3642972936158781,1.4635444008733278,wind_stuck_7_days,2014
11312,US-SCs,US-SCg,2014-06-09,0.81535555,3.2,3.2,-1.3031617363667618,1.3031617363667618,0.16673523179943892,0.3903175997263372,-0.32272473810250996,-0.290904278801728,-0.2188325037828392,1.3031617363667618,1.1365509253852144,0.3305983152241958,1.8968382636332384,True,1.8968382636332384,True,1.8968382636332384,True,3.2,False,3.2,False,3.2,False,3.2,False,2.2226286977249288,3.0942822173698437,True,True,0.75,0.08112406900842524,1.8968382636332384,wind_stuck_7_days,2014
11313,US-SCs,US-SCg,2014-06-17,0.17197991,2.6,2.6,-0.8244087997751478,0.8244087997751478,0.26596190459535085,0.2622125269563197,0.033743598341550905,0.035786519342120134,-0.019374339371093827,0.8244087997751479,1.1365509253852144,0.3305983152241958,1.7755912002248522,True,1.7755912002248522,True,1.7755912002248522,True,1.7755912002248522,True,1.7755912002248522,True,1.7755912002248522,True,2.6,False,1.9816934001686393,2.3401981230665374,True,True,0.75,0.31513719528991174,1.7755912002248522,wind_stuck_7_days,2014
11314,US-SCs,US-SCg,2014-07-03,0.33267858,2.4,2.4,-1.0652477006567247,1.0652477006567247,0.17143163206062162,0.43584712801585457,-0.13015273284442322,-0.06086498347076612,0.017647194601517993,1.0652477006567247,1.1365509253852144,0.3305983152241958,1.3347522993432752,True,1.3347522993432752,True,1.3347522993432752,True,2.4,False,2.4,False,2.4,False,1.3347522993432752,True,1.6010642245074564,2.232461531879154,True,True,0.75,0.15727653579309184,1.3347522993432752,wind_stuck_7_days,2014
11315,US-SCs,US-SCg,2014-08-05,0.79710582,2.7,2.7,-0.7826725522795244,0.7826725522795244,0.2383907408833798,0.42006104949862166,0.03331395379848647,0.035786519342120134,-0.010608644782132172,0.7826725522795244,1.1365509253852144,0.3305983152241958,1.9173274477204758,True,1.9173274477204758,True,1.9173274477204758,True,1.9173274477204758,True,1.9173274477204758,True,1.9173274477204758,True,2.7,False,2.112995585790357,2.4296860696612232,True,True,0.75,0.34537295264985457,1.9173274477204758,wind_stuck_7_days,2014
11316,US-SCs,US-SCg,2014-08-13,0.78446141,3.1,3.1,-0.5382320207442903,0.5382320207442903,0.15449034557890093,0.388402772503784,-0.011712705655057087,0.02278002447700549,0.006246402406003181,0.5382320207442903,1.1365509253852144,0.3305983152241958,2.56176797925571,True,2.56176797925571,True,2.56176797925571,True,3.1,False,3.1,False,2.56176797925571,True,2.56176797925571,True,2.696325984441782,2.82694755078299,True,True,0.75,0.5073136467046712,2.56176797925571,wind_stuck_7_days,2014
11317,US-SCs,US-SCg,2014-08-20,0.60887822,1.7,1.7,-0.28303623558054847,0.28303623558054847,0.19869681695481256,0.47213545070854107,0.01684106483771597,0.023091424198359495,-0.0015791616680982505,0.28303623558054847,1.1365509253852144,0.3305983152241958,1.4169637644194515,True,1.4169637644194515,True,1.4169637644194515,True,1.4169637644194515,True,1.4169637644194515,True,1.4169637644194515,True,1.7,False,1.4877228233145887,1.4766018855116727,True,True,0.75,0.7892915690816237,1.4169637644194515,wind_stuck_7_days,2014
11318,US-SCs,US-SCg,2014-08-21,0.76250303,2.3,2.3,-0.8814190128905709,0.8814190128905709,0.21014015100854752,0.2853443497724023,-0.1352276036177922,-0.039747134194712805,-0.019374339371093827,0.8814190128905709,1.1365509253852144,0.3305983152241958,1.4185809871094288,True,1.4185809871094288,True,1.4185809871094288,True,2.3,False,2.3,False,2.3,False,2.3,False,1.6389357403320717,2.1172878277377363,True,True,0.75,0.2072932051500315,1.4185809871094288,wind_stuck_7_days,2014
11319,US-SCs,US-SCg,2014-08-29,0.38534747,2.5,2.5,-0.7698558421906498,0.7698558421906498,0.1774386567605329,0.31009131408461654,0.03331395379848647,0.06223812250251306,0.002445541206312702,0.7698558421906498,1.1365509253852144,0.3305983152241958,1.7301441578093502,True,1.7301441578093502,True,1.7301441578093502,True,1.7301441578093502,True,1.7301441578093502,True,1.7301441578093502,True,1.7301441578093502,True,1.9226081183570125,2.2416527424019983,True,True,0.75,0.33557874531791054,1.7301441578093502,wind_stuck_7_days,2014
11320,US-SCs,US-SCg,2014-09-05,0.38171166,1.7,1.7,-0.4838987810113605,0.4838987810113605,0.20018231615998486,0.399596557809361,0.044218628731518064,0.10559058760117751,-0.0015791616680982505,0.4838987810113605,1.1365509253852144,0.3305983152241958,1.2161012189886393,True,1.2161012189886393,True,1.2161012189886393,True,1.2161012189886393,True,1.2161012189886393,True,1.2161012189886393,True,1.7,False,1.3370759142414794,1.244083703319333,True,True,0.75,0.9421728563312155,1.2161012189886393,wind_stuck_7_days,2014
11321,US-SCs,US-SCg,2014-09-06,0.40194193,2.5,2.5,-0.29661276002480574,0.29661276002480574,0.23885136455236813,0.4661387251589824,0.008804381087711411,0.005504736439632717,-0.0009695257422353634,0.29661276002480585,1.1365509253852144,0.3305983152241958,2.203387239975194,True,2.203387239975194,True,2.203387239975194,True,2.203387239975194,True,2.203387239975194,True,2.203387239975194,True,2.5,False,2.2775404299813955,2.2837000475643605,True,True,0.75,0.7292334706623893,2.203387239975194,wind_stuck_7_days,2014
11322,US-SCs,US-SCg,2014-09-14,1.14549812,2.0,2.0,-0.25781427154410025,0.25781427154410025,0.36670465421456305,0.6321648073410555,0.019578225177119993,2.347229195519149e-05,-0.014537401953059305,0.2578142715441003,1.1365509253852144,0.3305983152241958,1.7421857284558997,True,2.0,False,1.7421857284558997,True,1.7421857284558997,True,1.7421857284558997,True,1.7421857284558997,True,2.0,False,1.8066392963419249,1.8012208604099857,True,True,0.75,0.7710168191989027,1.6679363137492769,wind_stuck_7_days,2014
11323,US-SCs,US-SCg,2014-09-21,0.55784338,2.2,2.2,-0.4378616669383849,0.4378616669383849,0.09879227249352036,0.4209409638504479,0.09170112029196113,0.0997268474357208,0.006246402406003181,0.4378616669383848,1.1365509253852144,0.3305983152241958,1.7621383330616154,True,1.7621383330616154,True,1.7621383330616154,True,1.7621383330616154,True,1.7621383330616154,True,1.7621383330616154,True,1.7621383330616154,True,1.8716037497962115,1.8244070041018545,True,True,0.75,0.8577891700919287,1.7621383330616154,wind_stuck_7_days,2014
11324,US-SCs,US-SCg,2014-09-22,0.64217018,2.1,2.1,-0.5913799370762091,0.5913799370762091,0.16439793950601447,0.2665643798916022,0.044218628731518064,0.11815696953999844,-0.0015791616680982505,0.5913799370762091,1.1365509253852144,0.3305983152241958,1.5086200629237911,True,1.5086200629237911,True,1.5086200629237911,True,1.5086200629237911,True,1.5086200629237911,True,1.5086200629237911,True,2.1,False,1.6564650471928433,1.6912733532722162,True,True,0.75,0.6911405360630498,1.5086200629237911,wind_stuck_7_days,2014
11325,US-SCs,US-SCg,2014-10-16,0.34401956,1.6,1.6,-0.24362408464776436,0.24362408464776436,0.09778733927684417,0.4206467982304768,0.03918361936749928,0.043611197718201745,-0.012283897400880105,0.24362408464776442,1.1365509253852144,0.3305983152241958,1.3563759153522357,True,1.3563759153522357,True,1.3563759153522357,True,1.3563759153522357,True,1.3563759153522357,True,1.3563759153522357,True,1.6,False,1.4172819365141769,1.3774928253357315,True,True,0.75,0.9133217472565284,1.3563759153522357,wind_stuck_7_days,2014
11326,US-SCs,US-SCg,2014-10-24,0.31756994,1.1,1.1,0.10482544259982311,0.10482544259982311,0.20462775949535533,0.551500947025385,0.007155024645488736,0.011430322777225433,-0.004994228616646318,-0.10482544259982307,1.1365509253852144,0.3305983152241958,1.2048254425998233,True,1.2048254425998233,True,1.2048254425998233,True,1.2048254425998233,True,1.2048254425998233,True,1.2048254425998233,True,1.1,False,1.1786190819498674,1.2048254425998233,True,True,0.75,1.0,1.2048254425998233,wind_stuck_7_days,2014
11327,US-SCs,US-SCg,2014-11-08,0.57455555,0.8,0.8,0.25963385459954985,0.25963385459954985,0.15339142032043485,0.46610685465106627,0.027532735404701397,0.023073396905767044,-0.012283897400880105,-0.25963385459954985,1.1365509253852144,0.3305983152241958,1.0596338545995498,True,1.0596338545995498,True,1.0596338545995498,True,1.0596338545995498,True,1.0596338545995498,True,1.0596338545995498,True,0.8,False,0.9947253909496625,1.044915087751488,True,True,0.75,0.943309523826299,1.0596338545995498,wind_stuck_7_days,2014
11328,US-SCs,US-SCg,2014-11-09,0.42607607,0.6,0.6,-0.2047282354915736,0.2047282354915736,0.10424995088450838,0.33844176925279135,0.030643946579732267,0.028559105954230543,-0.012283897400880105,0.1431196245084264,1.1365509253852144,0.3305983152241958,0.3952717645084264,True,0.3952717645084264,True,0.3952717645084264,True,0.3952717645084264,True,0.3952717645084264,True,0.3952717645084264,True,0.6,False,0.4464538233813198,0.43523428067716186,True,True,0.75,0.8048021267179815,0.3952717645084264,wind_stuck_7_days,2014
11329,US-SCs,US-SCg,2014-11-16,0.73520484,0.7,0.7,-0.0007453511801343696,0.0007453511801343696,0.1315468437893397,0.41821064585030543,0.01511869232226161,0.011430322777225433,-0.012283897400880105,-0.000745351180134371,1.1365509253852144,0.3305983152241958,0.6992546488198655,True,0.6992546488198655,True,0.6992546488198655,True,0.6992546488198655,True,0.6992546488198655,True,0.6992546488198655,True,0.7,False,0.6994409866148992,0.6992546488198655,True,True,0.75,1.0,0.6992546488198655,wind_stuck_7_days,2014
11330,US-SCs,US-SCg,2014-11-17,0.50391823,0.8,0.8,-0.17821447429084986,0.17821447429084986,0.1027047076173412,0.3195894329598966,0.030643946579732267,0.028559105954230543,-0.012283897400880105,0.17821447429084986,1.1365509253852144,0.3305983152241958,0.6217855257091502,True,0.6217855257091502,True,0.6217855257091502,True,0.6217855257091502,True,0.6217855257091502,True,0.6217855257091502,True,0.8,False,0.6663391442818627,0.6217855257091502,True,True,0.75,1.0,0.6217855257091502,wind_stuck_7_days,2014
11331,US-SCs,US-SCg,2014-11-24,0.41953432,0.5,0.5,0.15909212215310364,0.15909212215310364,0.24328146891391764,0.678775062488652,0.020613094137979064,0.011430322777225433,-0.004994228616646318,-0.15909212215310364,1.1365509253852144,0.3305983152241958,0.6590921221531036,True,0.6590921221531036,True,0.6590921221531036,True,0.6590921221531036,True,0.6590921221531036,True,0.6590921221531036,True,0.5,False,0.6193190916148277,0.6590921221531036,True,True,0.75,1.0,0.6590921221531036,wind_stuck_7_days,2014
11332,US-SCs,US-SCg,2014-11-25,-0.09756635,0.2,0.2,0.4172621274087012,0.4172621274087012,0.21374435797463506,0.4697330094561649,0.1647792843393861,0.17299405145431263,-0.011079628619893967,-0.4172621274087013,1.1365509253852144,0.3305983152241958,0.6172621274087012,True,0.6172621274087012,True,0.6172621274087012,True,0.6172621274087012,True,0.6172621274087012,True,0.6172621274087012,True,0.2,False,0.512946595556526,0.532959431974976,True,True,0.75,0.7979622642551688,0.6172621274087012,wind_stuck_7_days,2014
11333,US-SCs,US-SCg,2014-12-19,0.30938179,0.4,0.4,0.2260144019660948,0.2260144019660948,0.1291263571425631,0.46856921815416985,0.014700432199447291,0.011430322777225433,-0.012283897400880105,-0.2260144019660948,1.1365509253852144,0.3305983152241958,0.6260144019660948,True,0.6260144019660948,True,0.6260144019660948,True,0.6260144019660948,True,0.6260144019660948,True,0.6260144019660948,True,0.4,False,0.5695108014745711,0.5601228271859172,True,True,0.75,0.708462937728799,0.6260144019660948,wind_stuck_7_days,2014
11334,US-SCs,US-SCg,2014-12-26,4.5634059,0.9,0.9,-0.14494857531453303,0.14494857531453303,0.09726095129862468,0.30509682178161723,0.030643946579732267,0.028559105954230543,-0.012283897400880105,-0.1449485753145332,1.1365509253852144,0.3305983152241958,0.7550514246854669,True,0.7550514246854669,True,0.7550514246854669,True,0.7550514246854669,True,0.7550514246854669,True,0.7550514246854669,True,0.9,False,0.7912885685141002,0.7550514246854669,True,True,0.75,1.0,0.7550514246854669,wind_stuck_7_days,2014
11611,US-SCw,US-SCw,2014-03-14,0.60641226,0.3,0.3,0.19076475285175404,0.19076475285175404,0.13413127234632116,0.28149693758819455,0.014700432199447291,0.011430322777225433,0.0022216995315922283,0.19076475285175404,1.1365509253852144,0.3305983152241958,0.490764752851754,True,0.490764752851754,True,0.490764752851754,True,0.490764752851754,True,0.490764752851754,True,0.490764752851754,True,0.490764752851754,True,0.44307356463881553,0.47892036603427,True,True,0.75,0.937911031045193,0.490764752851754,wind_stuck_7_days,2014
11612,US-SCw,US-SCw,2014-03-22,1.07987821,0.3,0.3,0.5622805923756834,0.5622805923756834,0.11863495791183282,0.4310223587417868,0.14633725484374982,0.17276146091638167,-0.0038880385124936802,0.5622805923756834,1.1365509253852144,0.3305983152241958,0.8622805923756833,True,0.8622805923756833,True,0.8622805923756833,True,0.8622805923756833,True,0.8622805923756833,True,0.8622805923756833,True,0.3,False,0.7217104442817626,0.8025493795733851,True,True,0.75,0.8937697412782314,0.8622805923756833,wind_stuck_7_days,2014
11613,US-SCw,US-SCw,2014-03-30,0.80935462,0.1,0.1,0.8445029362029042,0.8445029362029042,0.18804824746373525,0.45129500837681336,0.2956726413249721,0.3274079610915368,-0.016454594301145826,0.5742063037970959,1.1365509253852144,0.3305983152241958,0.9445029362029042,True,0.9445029362029042,True,0.9445029362029042,True,0.9445029362029042,True,0.9445029362029042,True,0.9445029362029042,True,0.1,False,0.7333772021521782,0.9445029362029042,True,True,0.75,1.0,0.9445029362029042,wind_stuck_7_days,2014
11614,US-SCw,US-SCw,2014-04-07,0.34966358,0.2,0.2,0.23727320795350315,0.23727320795350315,0.1609137926615152,0.34836210099642195,0.029777540003175288,0.02374241856209151,-0.0015791616680982505,0.062053952046496774,1.1365509253852144,0.3305983152241958,0.43727320795350316,True,0.43727320795350316,True,0.43727320795350316,True,0.43727320795350316,True,0.43727320795350316,True,0.43727320795350316,True,0.2,False,0.3779549059651274,0.43727320795350316,True,True,0.75,1.0,0.43727320795350316,wind_stuck_7_days,2014
11615,US-SCw,US-SCw,2014-05-01,0.54590331,0.3,0.3,0.040003862244920266,0.040003862244920266,0.15956959543237437,0.3064049729734747,0.00885768228830694,0.008235465893308267,-0.08460909844908286,0.04000386224492025,1.1365509253852144,0.3305983152241958,0.34000386224492024,True,0.34000386224492024,True,0.34000386224492024,True,0.34000386224492024,True,0.34000386224492024,True,0.34000386224492024,True,0.3,False,0.3300028966836902,0.32956089308629993,True,True,0.75,0.738950976916075,0.34000386224492024,wind_stuck_7_days,2014
11616,US-SCw,US-SCw,2014-05-09,0.36908018,0.1,0.1,0.8110012246505338,0.8110012246505338,0.21259672316950037,0.4970995972760509,0.30170574011868434,0.27380301055440415,-0.042168822954844,-0.2728408646505338,1.1365509253852144,0.3305983152241958,0.9110012246505338,True,0.9110012246505338,True,0.9110012246505338,True,0.9110012246505338,True,0.9110012246505338,True,0.9110012246505338,True,0.1,False,0.7082509184879003,0.9110012246505338,True,True,0.75,1.0,0.9110012246505338,wind_stuck_7_days,2014
11617,US-SCw,US-SCw,2014-05-17,0.75321093,0.8,0.8,-0.23828997807969593,0.23828997807969593,0.15933638283323437,0.4311549346942888,0.0014904074446627218,0.0072974914139915395,-0.08460909844908286,-0.14471183807969573,1.1365509253852144,0.3305983152241958,0.5617100219203042,True,0.5617100219203042,True,0.5617100219203042,True,0.5617100219203042,True,0.5617100219203042,True,0.5617100219203042,True,0.8,False,0.621282516440228,0.7073187520980904,True,True,0.75,0.38894312152277116,0.5617100219203042,wind_stuck_7_days,2014
11618,US-SCw,US-SCw,2014-06-02,0.35781006,1.4,1.4,-0.2832538498847207,0.2832538498847207,0.11993059881008993,0.3735581541068691,0.018610799204463166,0.016629758983769838,-0.08080823724939237,0.2832538498847207,1.1365509253852144,0.3305983152241958,1.1167461501152793,True,1.1167461501152793,True,1.1167461501152793,True,1.1167461501152793,True,1.1167461501152793,True,1.1167461501152793,True,1.4,False,1.1875596125864594,1.276435095127799,True,True,0.75,0.43623380555106184,1.1167461501152793,wind_stuck_7_days,2014
11619,US-SCw,US-SCw,2014-06-10,0.19339173,0.6,0.6,-0.0272881183065032,0.0272881183065032,0.1460377263360581,0.34212228604178135,0.017237624686221392,0.015084009275819099,-0.08080823724939237,0.027288118306503184,1.1365509253852144,0.3305983152241958,0.5727118816934967,True,0.5727118816934967,True,0.5727118816934967,True,0.5727118816934967,True,0.5727118816934967,True,0.5727118816934967,True,0.6,False,0.5795339112701225,0.5727118816934967,True,True,0.75,1.0,0.5727118816934967,wind_stuck_7_days,2014
11620,US-SCw,US-SCw,2014-06-18,0.31611245,0.0,0.0,0.5310577297506158,0.5310577297506158,0.14657392091357155,0.40875747065513013,0.23192839478926228,0.2633979042163618,-0.07277347530328104,0.10116717024938415,1.1365509253852144,0.3305983152241958,0.5310577297506158,True,0.5310577297506158,True,0.5310577297506158,True,0.5310577297506158,True,0.5310577297506158,True,0.5310577297506158,True,0.0,False,0.39829329731296187,0.48232861569455115,True,True,0.75,0.908241399519883,0.5310577297506158,wind_stuck_7_days,2014
11621,US-SCw,US-SCw,2014-07-04,0.22593668,0.6,0.6,0.46323133675014827,0.46323133675014827,0.12595375859208935,0.3637707417470178,0.08646433940585029,0.10807353491474388,-0.031897584431499586,-0.46323133675014827,1.1365509253852144,0.3305983152241958,1.0632313367501482,True,1.0632313367501482,True,1.0632313367501482,True,1.0632313367501482,True,1.0632313367501482,True,1.0632313367501482,True,0.6,False,0.9474235025626112,1.0632313367501482,True,True,0.75,1.0,1.0632313367501482,wind_stuck_7_days,2014
11622,US-SCw,US-SCw,2014-07-12,0.17364405,0.3,0.3,0.2432136842074503,0.2432136842074503,0.1287576097944274,0.37369679565917024,0.016819364563407074,0.015084009275819099,-0.02581218442825193,-0.24321368420745026,1.1365509253852144,0.3305983152241958,0.5432136842074503,True,0.5432136842074503,True,0.5432136842074503,True,0.5432136842074503,True,0.5432136842074503,True,0.5432136842074503,True,0.3,False,0.4824102631555877,0.5432136842074503,True,True,0.75,1.0,0.5432136842074503,wind_stuck_7_days,2014
11623,US-SCw,US-SCw,2014-07-20,0.18309301,1.2,1.2,-0.16752019212254393,0.16752019212254393,0.09509882423141984,0.3845008810480065,0.014600126048899448,0.009682609750310652,0.0022216995315922283,0.167520192122544,1.1365509253852144,0.3305983152241958,1.032479807877456,True,1.032479807877456,True,1.032479807877456,True,1.032479807877456,True,1.032479807877456,True,1.032479807877456,True,1.032479807877456,True,1.074359855908092,1.032479807877456,True,True,0.75,1.0,1.032479807877456,wind_stuck_7_days,2014
11624,US-SCw,US-SCw,2014-08-05,1.50845408,1.3,1.3,-0.7285052344251802,0.7285052344251802,0.17547193111640821,0.3499248079763656,0.059734303193541366,0.06607798644624031,-0.0015791616680982505,-0.7285052344251802,1.1365509253852144,0.3305983152241958,0.5714947655748198,True,0.5714947655748198,True,0.5714947655748198,True,0.5714947655748198,True,0.5714947655748198,True,0.5714947655748198,True,1.3,False,0.7536210741811149,1.0266262025167872,True,True,0.75,0.3752530312275871,0.5714947655748198,wind_stuck_7_days,2014
11625,US-SCw,US-SCw,2014-08-29,1.93920321,1.2,1.2,-0.43437199656862246,0.43437199656862246,0.15506063986590343,0.399761554903898,0.05333574831325251,0.05308902046653859,-0.013332763588878194,-0.4343719965686226,1.1365509253852144,0.3305983152241958,0.7656280034313775,True,0.7656280034313775,True,0.7656280034313775,True,0.7656280034313775,True,0.7656280034313775,True,0.7656280034313775,True,1.2,False,0.8742210025735331,0.8766793216327593,True,True,0.75,0.7443405213074369,0.7656280034313775,wind_stuck_7_days,2014
11626,US-SCw,US-SCw,2014-09-06,0.67406605,1.4,1.4,0.031795895278442995,0.031795895278442995,0.2268047143225484,0.426839887492802,0.014371386908438387,0.013410028522380093,-0.004994228616646318,-0.031795895278442954,1.1365509253852144,0.3305983152241958,1.4317958952784429,True,1.4317958952784429,True,1.4317958952784429,True,1.4317958952784429,True,1.4317958952784429,True,1.4317958952784429,True,1.4,False,1.423846921458832,1.4317958952784429,True,True,0.75,1.0,1.4317958952784429,wind_stuck_7_days,2014
11627,US-SCw,US-SCw,2014-09-14,0.71322143,1.1,1.1,0.10785773029333183,0.10785773029333183,0.19238418652094255,0.45883383384224513,0.014371386908438387,0.013410028522380093,-0.0015791616680982505,-0.10785773029333184,1.1365509253852144,0.3305983152241958,1.207857730293332,True,1.207857730293332,True,1.207857730293332,True,1.207857730293332,True,1.207857730293332,True,1.207857730293332,True,1.1,False,1.180893297719999,1.207857730293332,True,True,0.75,1.0,1.207857730293332,wind_stuck_7_days,2014
11628,US-SCw,US-SCw,2014-09-22,0.54530757,0.6,0.6,-0.2051753836257534,0.2051753836257534,0.15111833440638653,0.3302461652166846,0.030223344068979464,0.028559105954230543,0.0022216995315922283,-0.09579052362575338,1.1365509253852144,0.3305983152241958,0.3948246163742466,True,0.3948246163742466,True,0.3948246163742466,True,0.3948246163742466,True,0.3948246163742466,True,0.3948246163742466,True,0.3948246163742466,True,0.4461184622806849,0.4348744149078159,True,True,0.75,0.8048021267179815,0.3948246163742466,wind_stuck_7_days,2014
11629,US-SCw,US-SCw,2014-09-30,0.49194452,0.9,0.9,-0.34251642535594373,0.34251642535594373,0.13140513803885326,0.3663150879409988,0.054689714926619865,0.05525427184674336,0.0022216995315922283,0.34251642535594373,1.1365509253852144,0.3305983152241958,0.5574835746440563,True,0.5574835746440563,True,0.5574835746440563,True,0.5574835746440563,True,0.5574835746440563,True,0.5574835746440563,True,0.5574835746440563,True,0.6431126809830422,0.6673745195536448,True,True,0.75,0.6791659121299376,0.5574835746440563,wind_stuck_7_days,2014
11630,US-SCw,US-SCw,2014-10-08,0.44376457,0.6,0.6,-0.30748774551725544,0.30748774551725544,0.11445360561999857,0.322695981258578,0.050718849145511655,0.05280013916951629,-0.012283897400880105,0.004983114482744466,1.1365509253852144,0.3305983152241958,0.29251225448274454,True,0.29251225448274454,True,0.29251225448274454,True,0.29251225448274454,True,0.29251225448274454,True,0.29251225448274454,True,0.6,False,0.3693841908620584,0.3438032191685408,True,True,0.75,0.8331934672729325,0.29251225448274454,wind_stuck_7_days,2014
11631,US-SCw,US-SCw,2014-10-16,0.06488008,0.4,0.4,-0.13187490050929168,0.13187490050929168,0.08906237547592898,0.34531913406183457,0.02477471227486855,0.028559105954230543,-0.012283897400880105,0.13187490050929168,1.1365509253852144,0.3305983152241958,0.26812509949070834,True,0.26812509949070834,True,0.26812509949070834,True,0.26812509949070834,True,0.26812509949070834,True,0.26812509949070834,True,0.4,False,0.30109382461803125,0.26812509949070834,True,True,0.75,1.0,0.26812509949070834,wind_stuck_7_days,2014
11632,US-SCw,US-SCw,2014-10-24,0.22484061,0.6,0.6,-0.2591967022911419,0.2591967022911419,0.09030366849355737,0.2765736854631083,0.054689714926619865,0.05525427184674336,-0.012283897400880105,0.2591967022911419,1.1365509253852144,0.3305983152241958,0.3408032977088581,True,0.3408032977088581,True,0.3408032977088581,True,0.3408032977088581,True,0.3408032977088581,True,0.3408032977088581,True,0.6,False,0.40560247328164356,0.3554972821843959,True,True,0.75,0.943309523826299,0.3408032977088581,wind_stuck_7_days,2014
11633,US-SCw,US-SCw,2014-11-09,0.05917381,0.3,0.3,-0.14036516349430714,0.14036516349430714,0.12327356942815126,0.3320513175044767,0.026540113341758383,0.028559105954230543,-0.012283897400880105,0.14036516349430714,1.1365509253852144,0.3305983152241958,0.15963483650569285,True,0.15963483650569285,True,0.15963483650569285,True,0.15963483650569285,True,0.15963483650569285,True,0.15963483650569285,True,0.3,False,0.19472612737926964,0.15963483650569285,True,True,0.75,1.0,0.15963483650569285,wind_stuck_7_days,2014
11634,US-SCw,US-SCw,2014-11-17,0.07936313,0.5,0.5,-0.18664936779943297,0.18664936779943297,0.10187478784697605,0.26934897457484297,0.030643946579732267,0.028559105954230543,-0.012283897400880105,0.18664936779943297,1.1365509253852144,0.3305983152241958,0.313350632200567,True,0.313350632200567,True,0.313350632200567,True,0.313350632200567,True,0.313350632200567,True,0.313350632200567,True,0.5,False,0.36001297415042527,0.3231225677439956,True,True,0.75,0.9476454934798966,0.313350632200567,wind_stuck_7_days,2014
11635,US-SCw,US-SCw,2014-11-25,0.18563077,0.3,0.3,-0.15112719230972252,0.15112719230972252,0.09743697795411918,0.2875890783757418,0.026540113341758383,0.028559105954230543,-0.012283897400880105,0.07761126769027746,1.1365509253852144,0.3305983152241958,0.14887280769027747,True,0.14887280769027747,True,0.14887280769027747,True,0.14887280769027747,True,0.14887280769027747,True,0.14887280769027747,True,0.3,False,0.1866546057677081,0.14887280769027747,True,True,0.75,1.0,0.14887280769027747,wind_stuck_7_days,2014
12148,US-SRC,US-SRC,2014-01-05,0.45636107,0.7,0.7,-0.2432226811661616,0.2432226811661616,0.09461304398669024,0.32047547215652294,0.03918361936749928,0.043611197718201745,-0.012283897400880105,0.2432226811661616,1.1365509253852144,0.3305983152241958,0.4567773188338383,True,0.4567773188338383,True,0.4567773188338383,True,0.4567773188338383,True,0.4567773188338383,True,0.4567773188338383,True,0.7,False,0.5175829891253787,0.47414890295525025,True,True,0.75,0.9285774499396123,0.4567773188338383,wind_stuck_7_days,2014
12149,US-SRC,US-SRC,2014-01-13,0.43529984,0.4,0.4,-0.09923230248382378,0.09923230248382378,0.1127915082115935,0.23811615995803007,0.018055920392360276,0.021285981703575832,-0.012283897400880105,-0.09923230248382378,1.1365509253852144,0.3305983152241958,0.30076769751617627,True,0.30076769751617627,True,0.30076769751617627,True,0.30076769751617627,True,0.30076769751617627,True,0.30076769751617627,True,0.4,False,0.32557577313713215,0.30076769751617627,True,True,0.75,1.0,0.30076769751617627,wind_stuck_7_days,2014
12150,US-SRC,US-SRC,2014-01-29,0.51517122,0.3,0.3,0.17876674125325118,0.17876674125325118,0.13008407017380283,0.4559292471046814,0.014700432199447291,0.011430322777225433,-0.012283897400880105,0.17876674125325118,1.1365509253852144,0.3305983152241958,0.47876674125325114,True,0.47876674125325114,True,0.47876674125325114,True,0.47876674125325114,True,0.47876674125325114,True,0.47876674125325114,True,0.3,False,0.43407505593993834,0.47876674125325114,True,True,0.75,1.0,0.47876674125325114,wind_stuck_7_days,2014
12151,US-SRC,US-SRC,2014-02-07,0.48293151,0.6,0.6,0.016987509020801626,0.016987509020801626,0.12812450428926622,0.33402393391399243,0.01511869232226161,0.011430322777225433,-0.012283897400880105,-0.016987509020801622,1.1365509253852144,0.3305983152241958,0.6169875090208016,True,0.6169875090208016,True,0.6169875090208016,True,0.6169875090208016,True,0.6169875090208016,True,0.6169875090208016,True,0.6,False,0.6127406317656012,0.6169875090208016,True,True,0.75,1.0,0.6169875090208016,wind_stuck_7_days,2014
12152,US-SRC,US-SRC,2014-02-14,0.49356566,0.4,0.4,0.2927557896182992,0.2927557896182992,0.18781608655036403,0.4714561928319731,0.032648555645389474,0.025578280331129154,-0.022170158603818234,-0.10562446961829919,1.1365509253852144,0.3305983152241958,0.6927557896182992,True,0.6927557896182992,True,0.6927557896182992,True,0.6927557896182992,True,0.6927557896182992,True,0.6927557896182992,True,0.4,False,0.6195668422137244,0.6776552788690888,True,True,0.75,0.9484194291463928,0.6927557896182992,wind_stuck_7_days,2014
12153,US-SRC,US-SRC,2014-02-22,0.40386086,0.4,0.4,0.04318110776528257,0.04318110776528257,0.12465930965737926,0.3186794249795569,0.014700432199447291,0.011430322777225433,0.0022216995315922283,-0.03545938776528264,1.1365509253852144,0.3305983152241958,0.4431811077652826,True,0.4431811077652826,True,0.4431811077652826,True,0.4431811077652826,True,0.4431811077652826,True,0.4431811077652826,True,0.4431811077652826,True,0.432385830823962,0.4431811077652826,True,True,0.75,1.0,0.4431811077652826,wind_stuck_7_days,2014
12154,US-SRC,US-SRC,2014-03-18,1.20963047,1.0,1.0,-0.5146527435518344,0.5146527435518344,0.10572437987892003,0.35942598388166036,0.08487010398143786,0.08729348227222333,0.0022216995315922283,-0.5146527435518344,1.1365509253852144,0.3305983152241958,0.48534725644816556,True,0.48534725644816556,True,0.48534725644816556,True,0.48534725644816556,True,0.48534725644816556,True,0.48534725644816556,True,0.48534725644816556,True,0.6140104423361241,0.5769576886029727,True,True,0.75,0.8219956401620147,0.48534725644816556,wind_stuck_7_days,2014
12155,US-SRC,US-SRC,2014-03-26,0.84120644,1.3,1.3,-0.7975110303323514,0.7975110303323514,0.11958880643834108,0.46985439819240327,0.0700920302905753,0.05097820668094257,0.0022216995315922283,0.12007608966764871,1.1365509253852144,0.3305983152241958,0.5024889696676487,True,0.5024889696676487,True,0.5024889696676487,True,0.5024889696676487,True,0.5024889696676487,True,0.5024889696676487,True,0.5024889696676487,True,0.7018667272507365,1.0504851985099442,True,True,0.75,0.31286689713379157,0.5024889696676487,wind_stuck_7_days,2014
12156,US-SRC,US-SRC,2014-04-03,0.6393238,0.8,0.8,-0.04189317924224369,0.04189317924224369,0.10372624355468754,0.3971612471905736,0.01511869232226161,0.011430322777225433,0.0022216995315922283,0.0418931792422437,1.1365509253852144,0.3305983152241958,0.7581068207577564,True,0.7581068207577564,True,0.7581068207577564,True,0.7581068207577564,True,0.7581068207577564,True,0.7581068207577564,True,0.7581068207577564,True,0.7685801155683173,0.7581068207577564,True,True,0.75,1.0,0.7581068207577564,wind_stuck_7_days,2014
12157,US-SRC,US-SRC,2014-04-11,0.74337632,1.2,1.2,-0.45866582825974983,0.45866582825974983,0.16256107754225518,0.5568727014913645,0.060810178652993686,0.06152691130598676,-0.029613045627942407,0.4545815317402501,1.1365509253852144,0.3305983152241958,0.7413341717402502,True,0.7413341717402502,True,0.7413341717402502,True,0.7413341717402502,True,0.7413341717402502,True,0.7413341717402502,True,1.2,False,0.8560006288051876,0.8361615261157138,True,True,0.75,0.7932539366726893,0.7413341717402502,wind_stuck_7_days,2014
12158,US-SRC,US-SRC,2014-04-27,1.10576871,1.5,1.5,-0.02863368175569478,0.02863368175569478,0.1039907099631617,0.3792001313496912,0.015985683109118243,0.010620584229627378,0.0022216995315922283,0.028633681755694806,1.1365509253852144,0.3305983152241958,1.4713663182443053,True,1.4713663182443053,True,1.4713663182443053,True,1.4713663182443053,True,1.4713663182443053,True,1.4713663182443053,True,1.4713663182443053,True,1.478524738683229,1.4713663182443053,True,True,0.75,1.0,1.4713663182443053,wind_stuck_7_days,2014
12449,US-SRG,US-SRC,2014-01-13,0.48262615,0.1,0.1,0.1276682721443108,0.1276682721443108,0.12043044611110275,0.3032769568598884,0.012517771494700018,0.010535594434976628,-0.012283897400880105,0.1276682721443108,1.1365509253852144,0.3305983152241958,0.22766827214431082,True,0.22766827214431082,True,0.22766827214431082,True,0.22766827214431082,True,0.22766827214431082,True,0.22766827214431082,True,0.1,False,0.1957512041082331,0.22766827214431082,True,True,0.75,1.0,0.22766827214431082,wind_stuck_7_days,2014
12450,US-SRG,US-SRC,2014-01-14,0.45152941,0.1,0.1,0.0619047500358205,0.0619047500358205,0.09617695352826726,0.3347772429393191,0.012517771494700018,0.010535594434976628,-0.012283897400880105,0.06190475003582052,1.1365509253852144,0.3305983152241958,0.1619047500358205,True,0.1619047500358205,True,0.1619047500358205,True,0.1619047500358205,True,0.1619047500358205,True,0.1619047500358205,True,0.1,False,0.14642856252686537,0.1619047500358205,True,True,0.75,1.0,0.1619047500358205,wind_stuck_7_days,2014
12451,US-SRG,US-SRC,2014-01-29,0.52668119,0.0,0.0,0.2466814425534984,0.2466814425534984,0.1330367862745159,0.35402789723316913,0.09031117370125549,0.09351454995878142,-0.012283897400880105,0.2466814425534984,1.1365509253852144,0.3305983152241958,0.2466814425534984,True,0.2466814425534984,True,0.2466814425534984,True,0.2466814425534984,True,0.2466814425534984,True,0.2466814425534984,True,0.0,False,0.18501108191512378,0.23322139112332335,True,True,0.75,0.9454354924681619,0.2466814425534984,wind_stuck_7_days,2014
12452,US-SRG,US-SRC,2014-02-07,1.14570977,0.9,0.9,-0.09107559002603384,0.09107559002603384,0.09282668100842596,0.33311837441909675,0.018474180515174594,0.021285981703575832,-0.012283897400880105,-0.09107559002603383,1.1365509253852144,0.3305983152241958,0.8089244099739662,True,0.8089244099739662,True,0.8089244099739662,True,0.8089244099739662,True,0.8089244099739662,True,0.8089244099739662,True,0.9,False,0.8316933074804747,0.8089244099739662,True,True,0.75,1.0,0.8089244099739662,wind_stuck_7_days,2014
12453,US-SRG,US-SRC,2014-02-14,0.57309373,0.0,0.0,0.4753422682059295,0.4753422682059295,0.21120847783347474,0.5637031007235495,0.2176116005652404,0.22763339724493492,-0.025585225552366298,0.4753422682059295,1.1365509253852144,0.3305983152241958,0.4753422682059295,True,0.4753422682059295,True,0.4753422682059295,True,0.4753422682059295,True,0.4753422682059295,True,0.4753422682059295,True,0.0,False,0.35650670115444716,0.4753422682059295,True,True,0.75,1.0,0.4753422682059295,wind_stuck_7_days,2014
12454,US-SRG,US-SRC,2014-02-15,0.66965742,0.0,0.0,0.6227179095603489,0.6227179095603489,0.16888488981993233,0.5143893289275623,0.2304076519529063,0.24926923641192034,-0.00768889971218416,0.6227179095603489,1.1365509253852144,0.3305983152241958,0.6227179095603489,True,0.6227179095603489,True,0.6227179095603489,True,0.6227179095603489,True,0.6227179095603489,True,0.6227179095603489,True,0.0,False,0.46703843217026164,0.45160490625450905,True,True,0.75,0.7252158631078252,0.6227179095603489,wind_stuck_7_days,2014
12455,US-SRG,US-SRC,2014-02-22,0.48089372,0.0,0.0,0.2772335618358658,0.2772335618358658,0.1314778802455113,0.39360551238964725,0.12478442196380493,0.1247088696928338,0.0022216995315922283,0.2772335618358658,1.1365509253852144,0.3305983152241958,0.2772335618358658,True,0.2772335618358658,True,0.2772335618358658,True,0.2772335618358658,True,0.2772335618358658,True,0.2772335618358658,True,0.2772335618358658,True,0.20792517137689934,0.2772335618358658,True,True,0.75,1.0,0.2772335618358658,wind_stuck_7_days,2014
12456,US-SRG,US-SRC,2014-03-10,1.64236948,1.0,1.0,-0.2697197208369505,0.2697197208369505,0.13101330029899402,0.3702487642311749,0.054689714926619865,0.05525427184674336,0.0022216995315922283,-0.2697197208369505,1.1365509253852144,0.3305983152241958,0.7302802791630495,True,0.7302802791630495,True,0.7302802791630495,True,0.7302802791630495,True,0.7302802791630495,True,0.7302802791630495,True,0.7302802791630495,True,0.7977102093722871,0.7302802791630495,True,True,0.75,1.0,0.7302802791630495,wind_stuck_7_days,2014
12457,US-SRG,US-SRC,2014-03-11,1.52094921,0.3,0.3,0.28681589717310196,0.28681589717310196,0.12868326998038443,0.31894108802704607,0.03693430181199733,0.025578280331129154,-0.0038637004716554216,0.28681589717310196,1.1365509253852144,0.3305983152241958,0.5868158971731019,True,0.5868158971731019,True,0.5868158971731019,True,0.5868158971731019,True,0.5868158971731019,True,0.5868158971731019,True,0.3,False,0.5151119228798264,0.5868158971731019,True,True,0.75,1.0,0.5868158971731019,wind_stuck_7_days,2014
12458,US-SRG,US-SRC,2014-03-18,2.0080231,0.6,0.6,-0.18711411525313193,0.18711411525313193,0.09774196420901268,0.30758230601433423,0.030643946579732267,0.028559105954230543,0.0022216995315922283,-0.18711411525313193,1.1365509253852144,0.3305983152241958,0.41288588474686805,True,0.41288588474686805,True,0.41288588474686805,True,0.41288588474686805,True,0.41288588474686805,True,0.41288588474686805,True,0.41288588474686805,True,0.45966441356015103,0.4226821519138915,True,True,0.75,0.9476454934798966,0.41288588474686805,wind_stuck_7_days,2014
12459,US-SRG,US-SRC,2014-03-19,1.92480163,0.6,0.6,-0.09747662358127307,0.09747662358127307,0.08177910883979575,0.33794275063126555,0.018474180515174594,0.021285981703575832,0.0022216995315922283,-0.09747662358127318,1.1365509253852144,0.3305983152241958,0.5025233764187269,True,0.5025233764187269,True,0.5025233764187269,True,0.5025233764187269,True,0.5025233764187269,True,0.5025233764187269,True,0.5025233764187269,True,0.5268925323140452,0.5025233764187269,True,True,0.75,1.0,0.5025233764187269,wind_stuck_7_days,2014
12460,US-SRG,US-SRC,2014-03-26,1.66169893,1.1,1.1,-0.32817110681740813,0.32817110681740813,0.13118002321987812,0.41796307569059377,0.03694275285028824,0.03660156507881574,0.0022216995315922283,-0.32817110681740813,1.1365509253852144,0.3305983152241958,0.771828893182592,True,0.771828893182592,True,0.771828893182592,True,0.771828893182592,True,0.771828893182592,True,0.771828893182592,True,0.771828893182592,True,0.853871669886944,0.8994847842197414,True,True,0.75,0.6110081345211898,0.771828893182592,wind_stuck_7_days,2014
12461,US-SRG,US-SRC,2014-03-27,1.39814562,0.5,0.5,0.2655901341300676,0.2655901341300676,0.1471335555907579,0.430245829934801,0.027157545624226367,0.023073396905767044,0.0022216995315922283,0.2655901341300676,1.1365509253852144,0.3305983152241958,0.7655901341300676,True,0.7655901341300676,True,0.7655901341300676,True,0.7655901341300676,True,0.7655901341300676,True,0.7655901341300676,True,0.7655901341300676,True,0.6991926005975507,0.7655901341300676,True,True,0.75,1.0,0.7655901341300676,wind_stuck_7_days,2014
12462,US-SRG,US-SRC,2014-04-03,1.04849111,0.4,0.4,0.503981669243183,0.503981669243183,0.12681745939219627,0.3434341104124779,0.14633725484374982,0.15791522553297616,-0.05505960190337179,0.503981669243183,1.1365509253852144,0.3305983152241958,0.903981669243183,True,0.903981669243183,True,0.903981669243183,True,0.903981669243183,True,0.903981669243183,True,0.903981669243183,True,0.4,False,0.7779862519323872,0.903981669243183,True,True,0.75,1.0,0.903981669243183,wind_stuck_7_days,2014
12463,US-SRG,US-SRC,2014-04-04,1.20659274,0.3,0.3,0.507059463114593,0.507059463114593,0.10847223720234647,0.3203044423409757,0.14633725484374982,0.15791522553297616,-0.0038880385124936802,0.507059463114593,1.1365509253852144,0.3305983152241958,0.8070594631145931,True,0.8070594631145931,True,0.8070594631145931,True,0.8070594631145931,True,0.8070594631145931,True,0.8070594631145931,True,0.3,False,0.6802945973359448,0.800864919001333,True,True,0.75,0.9877833970887553,0.8070594631145931,wind_stuck_7_days,2014
12464,US-SRG,US-SRC,2014-04-11,0.96765376,2.3,2.3,-1.0578558941354945,1.0578558941354945,0.11715969417567407,0.6041647179656998,-0.09927694486167155,-0.06231621422450392,0.037002518921678905,1.0578558941354945,1.1365509253852144,0.3305983152241958,1.2421441058645053,True,1.2421441058645053,True,1.2421441058645053,True,2.3,False,2.3,False,2.3,False,1.2421441058645053,True,1.506608079398379,2.128012242263119,True,True,0.75,0.16258146188941322,1.2421441058645053,wind_stuck_7_days,2014
12465,US-SRG,US-SRC,2014-04-20,1.42226594,1.2,1.2,0.04862479077878258,0.04862479077878258,0.1385541421130779,0.4867305628874458,0.01511869232226161,0.011430322777225433,0.0022216995315922283,0.04862479077878257,1.1365509253852144,0.3305983152241958,1.2486247907787826,True,1.2486247907787826,True,1.2486247907787826,True,1.2486247907787826,True,1.2486247907787826,True,1.2486247907787826,True,1.2486247907787826,True,1.2364685930840869,1.2486247907787826,True,True,0.75,1.0,1.2486247907787826,wind_stuck_7_days,2014
12466,US-SRG,US-SRC,2014-04-27,1.87896228,1.6,1.6,0.1055261826601381,0.1055261826601381,0.21887376368093012,0.27703618197262647,0.013504396121581753,0.011430322777225433,-0.004994228616646318,0.10552618266013808,1.1365509253852144,0.3305983152241958,1.7055261826601382,True,1.7055261826601382,True,1.7055261826601382,True,1.7055261826601382,True,1.7055261826601382,True,1.7055261826601382,True,1.6,False,1.6791446369951037,1.7055261826601382,True,True,0.75,1.0,1.7055261826601382,wind_stuck_7_days,2014
12467,US-SRG,US-SRC,2014-04-28,0.69814654,0.3,0.3,0.6646871214980344,0.6646871214980344,0.1568845283881645,0.4032276693559341,0.12637481197195116,0.14971775672934787,-0.0038880385124936802,0.13160595850196555,1.1365509253852144,0.3305983152241958,0.9646871214980344,True,0.9646871214980344,True,0.9646871214980344,True,0.9646871214980344,True,0.9646871214980344,True,0.9646871214980344,True,0.3,False,0.7985153411235257,0.7347953918914368,True,True,0.75,0.6541354237637694,0.9646871214980344,wind_stuck_7_days,2014
12468,US-SRG,US-SRC,2014-05-05,0.5139643,0.7,0.7,0.036961386943782454,0.036961386943782454,0.1348423713183542,0.36123979544113644,0.017237624686221392,0.015084009275819099,-0.08080823724939237,-0.036961386943782454,1.1365509253852144,0.3305983152241958,0.7369613869437824,True,0.7369613869437824,True,0.7369613869437824,True,0.7369613869437824,True,0.7369613869437824,True,0.7369613869437824,True,0.7,False,0.7277210402078368,0.7369613869437824,True,True,0.75,1.0,0.7369613869437824,wind_stuck_7_days,2014
12469,US-SRG,US-SRC,2014-05-13,0.36199135,0.8,0.8,0.21829183213490286,0.21829183213490286,0.08140605470934825,0.28659856674103845,0.015985683109118243,0.010620584229627378,0.0022216995315922283,-0.21829183213490283,1.1365509253852144,0.3305983152241958,1.0182918321349028,True,1.0182918321349028,True,1.0182918321349028,True,1.0182918321349028,True,1.0182918321349028,True,1.0182918321349028,True,1.0182918321349028,True,0.9637188741011772,0.9549508642654443,True,True,0.75,0.70983354141114,1.0182918321349028,wind_stuck_7_days,2014
12470,US-SRG,US-SRC,2014-05-14,0.24522868,0.3,0.3,0.32501285763352383,0.32501285763352383,0.13077214043400612,0.41611818387010135,0.03944765700679995,0.029630819435486774,-0.031897584431499586,-0.32501285763352383,1.1365509253852144,0.3305983152241958,0.6250128576335239,True,0.6250128576335239,True,0.6250128576335239,True,0.6250128576335239,True,0.6250128576335239,True,0.6250128576335239,True,0.3,False,0.5437596432251428,0.5530880136272662,True,True,0.75,0.7787015426714036,0.6250128576335239,wind_stuck_7_days,2014
12471,US-SRG,US-SRC,2014-05-21,0.37736685,0.0,0.0,0.5013798487743409,0.5013798487743409,0.14245024069805537,0.27764927262206984,0.23432980327489805,0.25717949641859883,-0.08080823724939237,0.253353851225659,1.1365509253852144,0.3305983152241958,0.5013798487743409,True,0.5013798487743409,True,0.5013798487743409,True,0.5013798487743409,True,0.5013798487743409,True,0.5013798487743409,True,0.0,False,0.3760348865807557,0.4529285432583459,True,True,0.75,0.9033640748936406,0.5013798487743409,wind_stuck_7_days,2014
12472,US-SRG,US-SRC,2014-05-30,0.3712333,0.0,0.0,0.45307218773412544,0.45307218773412544,0.24397546914818233,0.6004338656410206,0.2202691573677059,0.24528484277793042,-0.011079628619893967,0.28939441226587453,1.1365509253852144,0.3305983152241958,0.45307218773412544,True,0.45307218773412544,True,0.45307218773412544,True,0.45307218773412544,True,0.45307218773412544,True,0.45307218773412544,True,0.0,False,0.33980414080059407,0.45307218773412544,True,True,0.75,1.0,0.45307218773412544,wind_stuck_7_days,2014
12473,US-SRG,US-SRC,2014-06-06,0.36502579,0.7,0.7,-0.22243922998549706,0.22243922998549706,0.15351432819200933,0.34045764740661355,0.002684101134589771,0.0072974914139915395,-0.08080823724939237,0.22243922998549706,1.1365509253852144,0.3305983152241958,0.4775607700145029,True,0.4775607700145029,True,0.4775607700145029,True,0.4775607700145029,True,0.4775607700145029,True,0.4775607700145029,True,0.7,False,0.5331705775108772,0.6634527595412166,True,True,0.75,0.1643021352895629,0.4775607700145029,wind_stuck_7_days,2014
12474,US-SRG,US-SRC,2014-06-07,0.39980973,0.5,0.5,-0.055806485961410676,0.055806485961410676,0.13230779991342137,0.2746850682991284,0.010890238611801113,0.008235465893308267,-0.08080823724939237,0.055806485961410676,1.1365509253852144,0.3305983152241958,0.4441935140385893,True,0.4441935140385893,True,0.4441935140385893,True,0.4441935140385893,True,0.4441935140385893,True,0.4441935140385893,True,0.5,False,0.458145135528942,0.46259747399556245,True,True,0.75,0.6702182615529818,0.4441935140385893,wind_stuck_7_days,2014
12475,US-SRG,US-SRC,2014-06-14,0.37589877,0.8,0.8,0.5101755760119786,0.5101755760119786,0.11201027625169413,0.5697443205223964,0.07918354357044435,0.10558311492378163,-0.10837756780558688,-0.5101755760119786,1.1365509253852144,0.3305983152241958,1.3101755760119786,True,1.3101755760119786,True,1.3101755760119786,True,1.3101755760119786,True,1.3101755760119786,True,1.3101755760119786,True,0.8,False,1.182631682008984,1.1491208458118518,True,True,0.75,0.6843150911709944,1.3101755760119786,wind_stuck_7_days,2014
12476,US-SRG,US-SRC,2014-06-30,0.31206309,1.1,1.1,-0.2973002269314994,0.2973002269314994,0.12362919098409315,0.39367828040323277,0.03135816318512317,0.023478302366280672,-0.08080823724939237,0.2973002269314994,1.1365509253852144,0.3305983152241958,0.8026997730685007,True,0.8026997730685007,True,0.8026997730685007,True,0.8026997730685007,True,0.8026997730685007,True,0.8026997730685007,True,1.1,False,0.8770248298013755,0.8625272339210291,True,True,0.75,0.7987641601554739,0.8026997730685007,wind_stuck_7_days,2014
12477,US-SRG,US-SRC,2014-07-01,0.19913947,0.3,0.3,0.5813466534461768,0.5813466534461768,0.2056205982703804,0.376397756309911,0.13970991657022838,0.16926104846843132,-0.10228856515666968,-0.5813466534461768,1.1365509253852144,0.3305983152241958,0.8813466534461767,True,0.8813466534461767,True,0.8813466534461767,True,0.8813466534461767,True,0.8813466534461767,True,0.8813466534461767,True,0.3,False,0.7360099900846326,0.7444395172272164,True,True,0.75,0.7645000011483927,0.8813466534461767,wind_stuck_7_days,2014
12478,US-SRG,US-SRC,2014-07-08,2.50200961,2.6,2.6,1.2932526840603644,1.2932526840603644,0.18006423052669468,0.5724616960121016,0.114265178627434,0.19465031835005475,-0.2723381057756215,-1.2932526840603644,1.1365509253852144,0.3305983152241958,3.8932526840603643,True,3.8932526840603643,True,3.8932526840603643,True,3.8932526840603643,True,3.8932526840603643,True,3.8932526840603643,True,2.6,False,3.5699395130452736,3.4831235483348997,True,True,0.75,0.6828700680227459,3.8932526840603643,wind_stuck_7_days,2014
12479,US-SRG,US-SRC,2014-07-24,1.64514765,0.4,0.4,1.0259113132645612,1.0259113132645612,0.21471510556570217,0.4450318103890005,0.18691838390020912,0.21575579333173822,-0.10831060735448311,1.0259113132645612,1.1365509253852144,0.3305983152241958,1.425911313264561,True,1.425911313264561,True,1.425911313264561,True,1.425911313264561,True,1.425911313264561,True,1.425911313264561,True,0.4,False,1.169433484948421,1.2257658324495304,True,True,0.75,0.8049095684712296,1.425911313264561,wind_stuck_7_days,2014
12480,US-SRG,US-SRC,2014-09-02,1.72106676,2.2,2.2,-0.6880997493806152,0.6880997493806152,0.11087550587151591,0.29625815667665284,0.035634997145515844,0.03581793132335935,0.006246402406003181,0.26976673061938505,1.1365509253852144,0.3305983152241958,1.511900250619385,True,1.511900250619385,True,1.511900250619385,True,1.511900250619385,True,1.511900250619385,True,1.511900250619385,True,1.511900250619385,True,1.6839251879645387,1.9143168316831223,True,True,0.75,0.415176968999091,1.511900250619385,wind_stuck_7_days,2014
12481,US-SRG,US-SRC,2014-09-10,3.13852487,1.7,1.7,0.1835777492255908,0.1835777492255908,0.3314022936930139,0.6687818568635019,0.017159914642261253,0.011430322777225433,-0.014537401953059305,0.18357774922559078,1.1365509253852144,0.3305983152241958,1.8835777492255907,True,1.8835777492255907,True,1.8835777492255907,True,1.8835777492255907,True,1.8835777492255907,True,1.8835777492255907,True,1.7,False,1.837683311919193,1.8759479868413864,True,True,0.75,0.9584385230977616,1.8835777492255907,wind_stuck_7_days,2014
12482,US-SRG,US-SRC,2014-09-11,3.10039246,2.4,2.4,-0.6068754536288135,0.6068754536288135,0.21524783635988692,0.34689313506483044,0.044218628731518064,0.11815696953999844,-0.010608644782132172,-0.6068754536288135,1.1365509253852144,0.3305983152241958,1.7931245463711865,True,1.7931245463711865,True,1.7931245463711865,True,1.7931245463711865,True,1.7931245463711865,True,1.7931245463711865,True,2.4,False,1.9448434097783898,1.9972648057097215,True,True,0.75,0.6636208333721891,1.7931245463711865,wind_stuck_7_days,2014
12483,US-SRG,US-SRC,2014-10-04,1.86192332,1.9,1.9,-0.7556337120158119,0.7556337120158119,0.1267671714830811,0.3957129835032435,0.15793477542836715,0.12950879293509357,0.0022216995315922283,-0.6794803520158121,1.1365509253852144,0.3305983152241958,1.144366287984188,True,1.144366287984188,True,1.144366287984188,True,1.144366287984188,True,1.144366287984188,True,1.144366287984188,True,1.144366287984188,True,1.333274715988141,1.5667914622445787,True,True,0.75,0.4409656854331146,1.144366287984188,wind_stuck_7_days,2014
12484,US-SRG,US-SRC,2014-10-05,1.35478501,1.5,1.5,-0.659866808635478,0.659866808635478,0.1327727669372764,0.42981917280627113,0.11977243670688736,0.11851257097897187,0.0022216995315922283,-0.3694368286354781,1.1365509253852144,0.3305983152241958,0.840133191364522,True,0.840133191364522,True,0.840133191364522,True,0.840133191364522,True,0.840133191364522,True,0.840133191364522,True,0.840133191364522,True,1.0050998935233915,1.1244412791007647,True,True,0.75,0.5691432210021956,0.840133191364522,wind_stuck_7_days,2014
12485,US-SRG,US-SRC,2014-10-12,1.91934213,1.3,1.3,-0.5773198059457322,0.5773198059457322,0.08869459087811729,0.3668308592385629,0.11397147003931364,0.12079242442355648,0.0022216995315922283,-0.5773198059457323,1.1365509253852144,0.3305983152241958,0.7226801940542679,True,0.7226801940542679,True,0.7226801940542679,True,0.7226801940542679,True,0.7226801940542679,True,0.7226801940542679,True,0.7226801940542679,True,0.8670101455407009,0.8945247460257428,True,True,0.75,0.7023407993253079,0.7226801940542679,wind_stuck_7_days,2014
12486,US-SRG,US-SRC,2014-10-13,1.51870978,1.5,1.5,-0.6657394501516557,0.6657394501516557,0.11897398249506572,0.37029323846323275,0.11397147003931364,0.1271403985646144,0.0022216995315922283,-0.6657394501516557,1.1365509253852144,0.3305983152241958,0.8342605498483443,True,0.8342605498483443,True,0.8342605498483443,True,0.8342605498483443,True,0.8342605498483443,True,0.8342605498483443,True,0.8342605498483443,True,1.0006954123862584,1.1508154645519688,True,True,0.75,0.5245062995267696,0.8342605498483443,wind_stuck_7_days,2014
12487,US-SRG,US-SRC,2014-10-21,1.82329589,1.1,1.1,-0.4597923590402669,0.4597923590402669,0.16500281936850233,0.4350880264167077,0.0943604541100534,0.08780476186147587,-0.016084758600570584,-0.45979235904026683,1.1365509253852144,0.3305983152241958,0.6402076409597333,True,0.6402076409597333,True,0.6402076409597333,True,0.6402076409597333,True,0.6402076409597333,True,0.6402076409597333,True,1.1,False,0.7551557307197999,0.6402076409597333,True,True,0.75,1.0,0.6402076409597333,wind_stuck_7_days,2014
12488,US-SRG,US-SRC,2014-10-28,0.85279851,1.0,1.0,-0.38068846759524366,0.38068846759524366,0.14660129429494703,0.4236632591484928,0.042095689730403084,0.05280013916951629,-0.012283897400880105,-0.08628548759524357,1.1365509253852144,0.3305983152241958,0.6193115324047563,True,0.6193115324047563,True,0.6193115324047563,True,0.6193115324047563,True,0.6193115324047563,True,0.6193115324047563,True,1.0,False,0.7144836493035672,0.7134154077087771,True,True,0.75,0.752806078160282,0.6193115324047563,wind_stuck_7_days,2014
12489,US-SRG,US-SRC,2014-11-05,0.46967511,1.3,1.3,-0.3498323078754749,0.3498323078754749,0.10365906642829159,0.3651067690475794,0.054689714926619865,0.05525427184674336,-0.012283897400880105,0.3498323078754749,1.1365509253852144,0.3305983152241958,0.9501676921245251,True,0.9501676921245251,True,0.9501676921245251,True,0.9501676921245251,True,0.9501676921245251,True,0.9501676921245251,True,1.3,False,1.0376257690933939,1.0860680025777,True,True,0.75,0.6115272735142874,0.9501676921245251,wind_stuck_7_days,2014
12490,US-SRG,US-SRC,2014-11-06,0.4517491,0.7,0.7,0.0029435955143236893,0.0029435955143236893,0.09188347100728932,0.3166555049831067,0.01511869232226161,0.011430322777225433,-0.012283897400880105,-0.002943595514323716,1.1365509253852144,0.3305983152241958,0.7029435955143236,True,0.7029435955143236,True,0.7029435955143236,True,0.7029435955143236,True,0.7029435955143236,True,0.7029435955143236,True,0.7,False,0.7022076966357427,0.7029435955143236,True,True,0.75,1.0,0.7029435955143236,wind_stuck_7_days,2014
12491,US-SRG,US-SRC,2014-11-13,0.28738311,0.2,0.2,0.063533325260226,0.063533325260226,0.09756172475578183,0.35148489106781694,0.012517771494700018,0.010535594434976628,-0.012283897400880105,0.063533325260226,1.1365509253852144,0.3305983152241958,0.263533325260226,True,0.263533325260226,True,0.263533325260226,True,0.263533325260226,True,0.263533325260226,True,0.263533325260226,True,0.2,False,0.2476499939451695,0.263533325260226,True,True,0.75,1.0,0.263533325260226,wind_stuck_7_days,2014
12492,US-SRG,US-SRC,2014-11-14,0.31091493,0.5,0.5,0.0075273348960508,0.0075273348960508,0.09448130931313606,0.3454036510152985,0.01511869232226161,0.011430322777225433,-0.012283897400880105,-0.007527334896050786,1.1365509253852144,0.3305983152241958,0.5075273348960508,True,0.5075273348960508,True,0.5075273348960508,True,0.5075273348960508,True,0.5075273348960508,True,0.5075273348960508,True,0.5,False,0.5056455011720381,0.5075273348960508,True,True,0.75,1.0,0.5075273348960508,wind_stuck_7_days,2014
12493,US-SRG,US-SRC,2014-11-22,0.14874828,0.2,0.2,0.0623003657843363,0.0623003657843363,0.10901992310487058,0.2679238943823498,0.012517771494700018,0.010535594434976628,-0.012283897400880105,-0.0623003657843363,1.1365509253852144,0.3305983152241958,0.2623003657843363,True,0.2623003657843363,True,0.2623003657843363,True,0.2623003657843363,True,0.2623003657843363,True,0.2623003657843363,True,0.2,False,0.24672527433825225,0.2623003657843363,True,True,0.75,1.0,0.2623003657843363,wind_stuck_7_days,2014
12494,US-SRG,US-SRC,2014-11-30,0.19946116,0.1,0.1,0.08320021209352643,0.08320021209352643,0.09385287402096724,0.36456740754583256,0.012517771494700018,0.010535594434976628,-0.012283897400880105,0.08320021209352643,1.1365509253852144,0.3305983152241958,0.18320021209352644,True,0.18320021209352644,True,0.18320021209352644,True,0.18320021209352644,True,0.18320021209352644,True,0.18320021209352644,True,0.1,False,0.16240015907014482,0.18320021209352644,True,True,0.75,1.0,0.18320021209352644,wind_stuck_7_days,2014
12495,US-SRG,US-SRC,2014-12-23,0.55857647,0.2,0.2,0.32759482440259685,0.32759482440259685,0.11630926140019655,0.31468740978570164,0.07325169875333933,0.06339786849835082,-0.018369297404127755,0.32759482440259685,1.1365509253852144,0.3305983152241958,0.5275948244025969,True,0.5275948244025969,True,0.5275948244025969,True,0.5275948244025969,True,0.5275948244025969,True,0.5275948244025969,True,0.2,False,0.44569611830194766,0.45772232868684104,True,True,0.75,0.7867106238837088,0.5275948244025969,wind_stuck_7_days,2014
12496,US-SRG,US-SRC,2014-12-24,0.64874006,0.1,0.1,0.07769036989182812,0.07769036989182812,0.13389520843059546,0.369511491574363,0.012517771494700018,0.010535594434976628,-0.012283897400880105,0.07769036989182809,1.1365509253852144,0.3305983152241958,0.17769036989182813,True,0.17769036989182813,True,0.17769036989182813,True,0.17769036989182813,True,0.17769036989182813,True,0.17769036989182813,True,0.1,False,0.1582677774188711,0.17769036989182813,True,True,0.75,1.0,0.17769036989182813,wind_stuck_7_days,2014
13087,US-SRM,US-SRC,2014-01-13,0.24707038,0.4,0.4,-0.061554854410988326,0.061554854410988326,0.11818731352121499,0.2446038607988207,0.014700432199447291,0.011430322777225433,-0.012283897400880105,0.06155485441098832,1.1365509253852144,0.3305983152241958,0.3384451455890117,True,0.3384451455890117,True,0.3384451455890117,True,0.3384451455890117,True,0.3384451455890117,True,0.3384451455890117,True,0.4,False,0.3538338591917588,0.3384451455890117,True,True,0.75,1.0,0.3384451455890117,wind_stuck_7_days,2014
13088,US-SRM,US-SRC,2014-01-29,0.21614984,0.2,0.2,0.24991259673147534,0.24991259673147534,0.1396081247908229,0.4068782191410641,0.03602154221846867,0.03465768144152551,-0.012283897400880105,-0.21761291673147534,1.1365509253852144,0.3305983152241958,0.4499125967314753,True,0.4499125967314753,True,0.4499125967314753,True,0.4499125967314753,True,0.4499125967314753,True,0.4499125967314753,True,0.2,False,0.3874344475486065,0.4362762389648196,True,True,0.75,0.9454354924681619,0.4499125967314753,wind_stuck_7_days,2014
13089,US-SRM,US-SRC,2014-02-07,0.6499235,0.5,0.5,0.11887922072843582,0.11887922072843582,0.14401981324632207,0.3525313068348501,0.01511869232226161,0.011430322777225433,-0.012283897400880105,0.11887922072843582,1.1365509253852144,0.3305983152241958,0.6188792207284358,True,0.6188792207284358,True,0.6188792207284358,True,0.6188792207284358,True,0.6188792207284358,True,0.6188792207284358,True,0.5,False,0.5891594155463269,0.6188792207284358,True,True,0.75,1.0,0.6188792207284358,wind_stuck_7_days,2014
13090,US-SRM,US-SRC,2014-02-14,0.23431946,0.3,0.3,0.4126395472114172,0.4126395472114172,0.19452153965015795,0.48277993481056214,0.1248662113974108,0.13272033060986396,-0.022170158603818234,-0.41263954721141716,1.1365509253852144,0.3305983152241958,0.7126395472114172,True,0.7126395472114172,True,0.7126395472114172,True,0.7126395472114172,True,0.7126395472114172,True,0.7126395472114172,True,0.3,False,0.6094796604085628,0.6292707874140501,True,True,0.75,0.7979622642551688,0.7126395472114172,wind_stuck_7_days,2014
13091,US-SRM,US-SRC,2014-02-22,0.19125325,0.6,0.6,-0.04886080212641297,0.04886080212641297,0.14155387843193085,0.34073288618372877,0.01511869232226161,0.011430322777225433,0.0022216995315922283,0.04886080212641297,1.1365509253852144,0.3305983152241958,0.551139197873587,True,0.551139197873587,True,0.551139197873587,True,0.551139197873587,True,0.551139197873587,True,0.551139197873587,True,0.551139197873587,True,0.5633543984051903,0.551139197873587,True,True,0.75,1.0,0.551139197873587,wind_stuck_7_days,2014
13092,US-SRM,US-SRC,2014-03-10,0.64588805,0.9,0.9,-0.19566317238355851,0.19566317238355851,0.1474922660073184,0.3415925616970768,0.030223344068979464,0.028559105954230543,0.0022216995315922283,0.19566317238355851,1.1365509253852144,0.3305983152241958,0.7043368276164415,True,0.7043368276164415,True,0.7043368276164415,True,0.7043368276164415,True,0.7043368276164415,True,0.7043368276164415,True,0.7043368276164415,True,0.7532526207123311,0.7277970066834961,True,True,0.75,0.8800991582561809,0.7043368276164415,wind_stuck_7_days,2014
13093,US-SRM,US-SRC,2014-03-18,0.71934033,0.3,0.3,0.009956424191303728,0.009956424191303728,0.13461706557067063,0.3244353714127544,0.015567422986303925,0.013410028522380093,0.0022216995315922283,0.009956424191303714,1.1365509253852144,0.3305983152241958,0.3099564241913037,True,0.3099564241913037,True,0.3099564241913037,True,0.3099564241913037,True,0.3099564241913037,True,0.3099564241913037,True,0.3099564241913037,True,0.3074673181434778,0.3099564241913037,True,True,0.75,1.0,0.3099564241913037,wind_stuck_7_days,2014
13094,US-SRM,US-SRC,2014-03-26,0.67423249,0.7,0.7,-0.23752946446673487,0.23752946446673487,0.13537240168796202,0.38324960756339405,0.014600126048899448,0.009682609750310652,0.0022216995315922283,-0.18599444446673488,1.1365509253852144,0.3305983152241958,0.4624705355332651,True,0.4624705355332651,True,0.4624705355332651,True,0.4624705355332651,True,0.4624705355332651,True,0.4624705355332651,True,0.4624705355332651,True,0.5218529016499488,0.48493029840887336,True,True,0.75,0.9054443080312942,0.4624705355332651,wind_stuck_7_days,2014
13095,US-SRM,US-SRC,2014-04-03,0.46883195,0.7,0.7,0.09731896408475807,0.09731896408475807,0.11789420210518069,0.39523019460095754,0.01511869232226161,0.011430322777225433,0.0022216995315922283,-0.09731896408475804,1.1365509253852144,0.3305983152241958,0.797318964084758,True,0.797318964084758,True,0.797318964084758,True,0.797318964084758,True,0.797318964084758,True,0.797318964084758,True,0.797318964084758,True,0.7729892230635685,0.797318964084758,True,True,0.75,1.0,0.797318964084758,wind_stuck_7_days,2014
13096,US-SRM,US-SRC,2014-04-11,0.86014773,3.5,3.5,-1.2968388488955962,1.2968388488955962,0.26922112286502514,0.8531010104484732,-0.11596500134639647,-0.2618276667136328,-0.2959006592341475,1.2968388488955962,1.1365509253852144,0.3305983152241958,2.203161151104404,True,2.203161151104404,True,2.203161151104404,True,3.5,False,3.5,False,3.5,False,3.5,False,2.527370863328303,2.9397750531770797,True,True,0.75,0.43199272392249416,2.203161151104404,wind_stuck_7_days,2014
13097,US-SRM,US-SRC,2014-04-27,1.8541451,2.0,2.0,-0.13210887402484991,0.13210887402484991,0.1595384922526363,0.24947838004045558,0.0026946861824172974,0.0028138458135748634,-0.0015791616680982505,0.13210887402484991,1.1365509253852144,0.3305983152241958,1.86789112597515,True,1.86789112597515,True,1.86789112597515,True,1.86789112597515,True,1.86789112597515,True,1.86789112597515,True,2.0,False,1.9009183444813627,1.86789112597515,True,True,0.75,1.0,1.86789112597515,wind_stuck_7_days,2014
13098,US-SRM,US-SRC,2014-05-05,0.77787863,0.8,0.8,-0.035476378780881924,0.035476378780881924,0.20008711119689765,0.5240145104773536,0.0029265709350282387,0.008235465893308267,-0.08460909844908286,0.008766361219118134,1.1365509253852144,0.3305983152241958,0.7645236212191181,True,0.7645236212191181,True,0.7645236212191181,True,0.7645236212191181,True,0.7645236212191181,True,0.7645236212191181,True,0.8,False,0.7733927159143386,0.7762230830872823,True,True,0.75,0.6702182615529818,0.7645236212191181,wind_stuck_7_days,2014
13099,US-SRM,US-SRC,2014-05-13,0.59228728,1.2,1.2,-0.3127276389468908,0.3127276389468908,0.0860385468847643,0.34776614237049286,0.02618879663739681,0.01996826827265629,-0.013332763588878194,0.3127276389468908,1.1365509253852144,0.3305983152241958,0.8872723610531091,True,0.8872723610531091,True,0.8872723610531091,True,0.8872723610531091,True,0.8872723610531091,True,0.8872723610531091,True,1.2,False,0.9654542707898318,0.9897328848496636,True,True,0.75,0.6723649878162674,0.8872723610531091,wind_stuck_7_days,2014
13100,US-SRM,US-SRC,2014-06-06,0.52369398,1.2,1.2,-0.47456387949728107,0.47456387949728107,0.21882571388937144,0.38003579908485324,0.043818081546884324,0.05589124082408841,-0.08802416539763093,0.47456387949728107,1.1365509253852144,0.3305983152241958,0.7254361205027189,True,0.7254361205027189,True,0.7254361205027189,True,0.7254361205027189,True,0.7254361205027189,True,0.7254361205027189,True,1.2,False,0.8440770903770392,1.0457752503290638,True,True,0.75,0.32498206528973655,0.7254361205027189,wind_stuck_7_days,2014
13101,US-SRM,US-SRC,2014-06-14,0.67638461,1.7,1.7,0.4934426008842622,0.4934426008842622,0.18036749683550746,0.6282373739677932,0.016332139829448967,0.036533675426242675,-0.08460909844908286,-0.4934426008842623,1.1365509253852144,0.3305983152241958,2.193442600884262,True,2.193442600884262,True,2.193442600884262,True,2.193442600884262,True,2.193442600884262,True,2.193442600884262,True,1.7,False,2.0700819506631967,2.01255573640105,True,True,0.75,0.6334186303350011,2.2425255292415036,wind_stuck_7_days,2014
13102,US-SRM,US-SRC,2014-06-22,0.41993833,0.5,0.5,-0.1669421094704846,0.1669421094704846,0.15454045358509383,0.3561774008929579,0.002684101134589771,0.0072974914139915395,-0.08080823724939237,-0.0068187694704846535,1.1365509253852144,0.3305983152241958,0.3330578905295154,True,0.3330578905295154,True,0.3330578905295154,True,0.3330578905295154,True,0.3330578905295154,True,0.3330578905295154,True,0.5,False,0.37479341789713655,0.3330578905295154,True,True,0.75,1.0,0.3330578905295154,wind_stuck_7_days,2014
13103,US-SRM,US-SRC,2014-06-30,0.53571774,1.6,1.6,-0.3977124434830724,0.3977124434830724,0.17250319072458706,0.4514893245716993,-0.015594256999538352,0.0030410061453197564,-0.08460909844908286,0.39771244348307233,1.1365509253852144,0.3305983152241958,1.2022875565169278,True,1.2022875565169278,True,1.2022875565169278,True,1.6,False,1.6,False,1.2022875565169278,True,1.6,False,1.3017156673876957,1.6,True,False,0.75,0.0,1.2022875565169278,wind_stuck_7_days,2014
13104,US-SRM,US-SRC,2014-07-24,1.6360359,1.1,1.1,0.5327191917924343,0.5327191917924343,0.3003007914450794,0.48248848173397973,0.03679827823349923,0.040742654898004035,-0.046708059163038045,0.5327191917924343,1.1365509253852144,0.3305983152241958,1.6327191917924344,True,1.6327191917924344,True,1.6327191917924344,True,1.6327191917924344,True,1.6327191917924344,True,1.6327191917924344,True,1.1,False,1.4995393938443258,1.5352127627610836,True,True,0.75,0.8169646775756811,1.6327191917924344,wind_stuck_7_days,2014
13105,US-SRM,US-SRC,2014-09-02,0.80560967,1.2,1.2,-0.3863819400619524,0.3863819400619524,0.12993055383318242,0.3244396843340337,0.030106221608020026,0.019014877320088948,0.0022216995315922283,0.3863819400619524,1.1365509253852144,0.3305983152241958,0.8136180599380476,True,0.8136180599380476,True,0.8136180599380476,True,0.8136180599380476,True,0.8136180599380476,True,0.8136180599380476,True,0.8136180599380476,True,0.9102135449535356,0.9743857655827671,True,True,0.75,0.5839150618195507,0.8136180599380476,wind_stuck_7_days,2014
13106,US-SRM,US-SRC,2014-09-10,3.21181239,2.1,2.1,-0.21288569795774714,0.21288569795774714,0.23631639625652293,0.47135836114935953,0.02902965037905241,0.028559105954230543,-0.004994228616646318,-0.21288569795774714,1.1365509253852144,0.3305983152241958,1.887114302042253,True,1.887114302042253,True,1.887114302042253,True,1.887114302042253,True,1.887114302042253,True,1.887114302042253,True,2.1,False,1.9403357265316896,1.9375531759082105,True,True,0.75,0.7630706320348087,1.887114302042253,wind_stuck_7_days,2014
13107,US-SRM,US-SRC,2014-10-12,1.72492405,1.5,1.5,-0.6044900958782747,0.6044900958782747,0.16042031319795563,0.35695329656556074,0.09280021295273384,0.11578857516951928,-0.0015791616680982505,-0.6044900958782747,1.1365509253852144,0.3305983152241958,0.8955099041217253,True,0.8955099041217253,True,0.8955099041217253,True,0.8955099041217253,True,0.8955099041217253,True,0.8955099041217253,True,1.5,False,1.046632428091294,1.0839570549879756,True,True,0.75,0.6882543615665828,0.8955099041217253,wind_stuck_7_days,2014
13108,US-SRM,US-SRC,2014-10-28,0.78767859,0.9,0.9,-0.3704595657374447,0.3704595657374447,0.14033228168687267,0.40438381047157873,0.050718849145511655,0.05280013916951629,-0.012283897400880105,-0.14581674573744458,1.1365509253852144,0.3305983152241958,0.5295404342625554,True,0.5295404342625554,True,0.5295404342625554,True,0.5295404342625554,True,0.5295404342625554,True,0.5295404342625554,True,0.9,False,0.6221553256969166,0.6014719996414413,True,True,0.75,0.8058315345813857,0.5295404342625554,wind_stuck_7_days,2014
13109,US-SRM,US-SRC,2014-11-05,0.25109917,0.7,0.7,-0.09111218490248366,0.09111218490248366,0.13805071510813388,0.44572364102726,0.018474180515174594,0.021285981703575832,0.0022216995315922283,0.09111218490248368,1.1365509253852144,0.3305983152241958,0.6088878150975163,True,0.6088878150975163,True,0.6088878150975163,True,0.6088878150975163,True,0.6088878150975163,True,0.6088878150975163,True,0.6088878150975163,True,0.6316658613231372,0.6088878150975163,True,True,0.75,1.0,0.6088878150975163,wind_stuck_7_days,2014
13110,US-SRM,US-SRC,2014-12-15,0.58826366,0.6,0.6,-0.12172270321686907,0.12172270321686907,0.11189472688175923,0.2640590322726567,0.025192972397682867,0.028559105954230543,-0.012283897400880105,-0.09825002321686904,1.1365509253852144,0.3305983152241958,0.4782772967831309,True,0.4782772967831309,True,0.4782772967831309,True,0.4782772967831309,True,0.4782772967831309,True,0.4782772967831309,True,0.6,False,0.5087079725873482,0.4782772967831309,True,True,0.75,1.0,0.4782772967831309,wind_stuck_7_days,2014
13111,US-SRM,US-SRC,2014-12-23,0.59813567,0.5,0.5,0.23168611085994048,0.23168611085994048,0.15011006845115743,0.3949113223895614,0.014698089811508802,0.011430322777225433,-0.012283897400880105,-0.035414770859940464,1.1365509253852144,0.3305983152241958,0.7316861108599405,True,0.7316861108599405,True,0.7316861108599405,True,0.7316861108599405,True,0.7316861108599405,True,0.7316861108599405,True,0.5,False,0.6737645831449554,0.6534905063142183,True,True,0.75,0.6624933438802764,0.7316861108599405,wind_stuck_7_days,2014
13388,US-SRS,US-SRC,2014-02-07,0.51942175,1.0,1.0,-0.12703352616309962,0.12703352616309962,0.10952740443889793,0.32507089751748874,0.025192972397682867,0.028559105954230543,-0.012283897400880105,0.1270335261630996,1.1365509253852144,0.3305983152241958,0.8729664738369004,True,0.8729664738369004,True,0.8729664738369004,True,0.8729664738369004,True,0.8729664738369004,True,0.8729664738369004,True,1.0,False,0.9047248553776752,0.8729664738369004,True,True,0.75,1.0,0.8729664738369004,wind_stuck_7_days,2014
13389,US-SRS,US-SRC,2014-02-14,0.24618803,0.2,0.2,0.7538887192979132,0.7538887192979132,0.20284389335945352,0.5401205760410541,0.2803803407253068,0.3274079610915368,-0.061556262526793006,-0.6615126592979133,1.1365509253852144,0.3305983152241958,0.9538887192979133,True,0.9538887192979133,True,0.9538887192979133,True,0.9538887192979133,True,0.9538887192979133,True,0.9538887192979133,True,0.2,False,0.7654165394734349,0.9538887192979133,True,True,0.75,1.0,0.9538887192979133,wind_stuck_7_days,2014
13390,US-SRS,US-SRC,2014-02-22,0.1858152,0.5,0.5,0.007780368570872219,0.007780368570872219,0.1367821317329846,0.33636557535879885,0.01511869232226161,0.011430322777225433,0.0022216995315922283,-0.00778036857087222,1.1365509253852144,0.3305983152241958,0.5077803685708722,True,0.5077803685708722,True,0.5077803685708722,True,0.5077803685708722,True,0.5077803685708722,True,0.5077803685708722,True,0.5077803685708722,True,0.5058352764281542,0.5077803685708722,True,True,0.75,1.0,0.5077803685708722,wind_stuck_7_days,2014
13391,US-SRS,US-SRC,2014-03-02,2.29809358,0.7,0.7,0.5876647494456427,0.5876647494456427,0.09966876350770634,0.461024535956878,0.07932409853335774,0.06756593446270809,-0.08321273606428248,0.5876647494456428,1.1365509253852144,0.3305983152241958,1.2876647494456428,True,1.2876647494456428,True,1.2876647494456428,True,1.2876647494456428,True,1.2876647494456428,True,1.2876647494456428,True,0.7,False,1.140748562084232,1.1621011010840776,True,True,0.75,0.786334558130274,1.2876647494456428,wind_stuck_7_days,2014
13392,US-SRS,US-SRC,2014-04-27,1.71183061,2.0,2.0,-0.13210887402484991,0.13210887402484991,0.1595384922526363,0.24947838004045558,0.0026946861824172974,0.0028138458135748634,-0.0015791616680982505,0.13210887402484991,1.1365509253852144,0.3305983152241958,1.86789112597515,True,1.86789112597515,True,1.86789112597515,True,1.86789112597515,True,1.86789112597515,True,1.86789112597515,True,2.0,False,1.9009183444813627,1.86789112597515,True,True,0.75,1.0,1.86789112597515,wind_stuck_7_days,2014
13393,US-SRS,US-SRC,2014-05-05,0.78129009,1.2,1.2,-0.2718067174632498,0.2718067174632498,0.16196728394329926,0.5203035952382725,0.013949863257380297,0.016629758983769838,-0.08460909844908286,0.2718067174632498,1.1365509253852144,0.3305983152241958,0.9281932825367502,True,0.9281932825367502,True,0.9281932825367502,True,0.9281932825367502,True,0.9281932825367502,True,0.9281932825367502,True,1.2,False,0.9961449619025626,1.0713510206748262,True,True,0.75,0.47331052199829415,0.9281932825367502,wind_stuck_7_days,2014
13394,US-SRS,US-SRC,2014-05-13,0.6138219,1.4,1.4,-0.40598295697579906,0.40598295697579906,0.09769099193906983,0.35635025277838617,0.06315260141828812,0.06444084386163376,-0.013332763588878194,0.40598295697579906,1.1365509253852144,0.3305983152241958,0.9940170430242008,True,0.9940170430242008,True,0.9940170430242008,True,0.9940170430242008,True,0.9940170430242008,True,0.9940170430242008,True,1.4,False,1.0955127822681505,1.17894446205801,True,True,0.75,0.5444946250666552,0.9940170430242008,wind_stuck_7_days,2014
13395,US-SRS,US-SRC,2014-05-14,0.70606468,0.8,0.8,0.14904463111614802,0.14904463111614802,0.0807824176408019,0.333886821445504,0.017237624686221392,0.015084009275819099,-0.08080823724939237,-0.14904463111614802,1.1365509253852144,0.3305983152241958,0.949044631116148,True,0.949044631116148,True,0.949044631116148,True,0.949044631116148,True,0.949044631116148,True,0.949044631116148,True,0.8,False,0.9117834733371111,0.949044631116148,True,True,0.75,1.0,0.949044631116148,wind_stuck_7_days,2014
13396,US-SRS,US-SRC,2014-05-21,0.7026646,0.9,0.9,-0.11816690125377605,0.11816690125377605,0.10375129492569395,0.3278849370961323,0.010890238611801113,0.0072974914139915395,-0.08080823724939237,0.11816690125377605,1.1365509253852144,0.3305983152241958,0.781833098746224,True,0.781833098746224,True,0.781833098746224,True,0.781833098746224,True,0.781833098746224,True,0.781833098746224,True,0.9,False,0.811374824059668,0.8491435080597881,True,True,0.75,0.43037848501241605,0.781833098746224,wind_stuck_7_days,2014
13397,US-SRS,US-SRC,2014-05-30,0.5991271,0.6,0.6,0.010644499960611998,0.010644499960611998,0.21873107155426166,0.5045008673559643,0.014371386908438387,0.010620584229627378,-0.004994228616646318,-0.010644499960611998,1.1365509253852144,0.3305983152241958,0.610644499960612,True,0.610644499960612,True,0.610644499960612,True,0.610644499960612,True,0.610644499960612,True,0.610644499960612,True,0.6,False,0.607983374970459,0.610644499960612,True,True,0.75,1.0,0.610644499960612,wind_stuck_7_days,2014
13398,US-SRS,US-SRC,2014-06-14,0.49556588,1.1,1.1,0.39476022298351354,0.39476022298351354,0.12634743875416002,0.5369917661114618,0.0025352789754483785,0.0007669421451171902,-0.08080823724939237,-0.39476022298351354,1.1365509253852144,0.3305983152241958,1.4947602229835137,True,1.4947602229835137,True,1.4947602229835137,True,1.4947602229835137,True,1.4947602229835137,True,1.4947602229835137,True,1.1,False,1.3960701672376352,1.3017382617114515,True,True,0.75,0.5110399933072196,1.5616208817552437,wind_stuck_7_days,2014
13399,US-SRS,US-SRC,2014-06-22,0.41977011,0.9,0.9,-0.30309597738777894,0.30309597738777894,0.14063688850981518,0.41017997494536856,0.018610799204463166,0.016629758983769838,-0.08080823724939237,0.30309597738777894,1.1365509253852144,0.3305983152241958,0.5969040226122211,True,0.5969040226122211,True,0.5969040226122211,True,0.5969040226122211,True,0.5969040226122211,True,0.5969040226122211,True,0.9,False,0.6726780169591658,0.686234731741624,True,True,0.75,0.7052725347947664,0.5969040226122211,wind_stuck_7_days,2014
13400,US-SRS,US-SRC,2014-06-30,0.43213556,2.0,2.0,-0.3289578873166915,0.3289578873166915,0.13538018204216634,0.5916193650690433,-0.008356546377068987,0.003119618103313604,-0.08080823724939237,0.3289578873166916,1.1365509253852144,0.3305983152241958,1.6710421126833084,True,1.6710421126833084,True,1.6710421126833084,True,2.0,False,2.0,False,1.6710421126833084,True,2.0,False,1.7532815845124814,1.9048240067495792,True,True,0.75,0.2893257675831125,1.6710421126833084,wind_stuck_7_days,2014
13401,US-SRS,US-SRC,2014-07-08,3.38638899,2.8,2.8,1.2111152368857394,1.2111152368857394,0.25438924672944246,0.5744455977944389,-0.005347854603230678,-0.03267711705482027,-0.2997713868312445,-0.03833725688573919,1.1365509253852144,0.3305983152241958,4.01111523688574,True,4.01111523688574,True,4.01111523688574,True,2.8,False,2.8,False,2.8,False,2.8,False,3.7083364276643045,3.2679208502688435,True,True,0.75,0.3863553492003411,4.01111523688574,wind_stuck_7_days,2014
13402,US-SRS,US-SRC,2014-07-16,4.01306066,1.8,1.8,1.7500926616760508,1.7500926616760508,0.3675879722506461,0.6464079199632389,0.1792203140614961,0.08822588485310386,-0.5468662416115302,1.7500926616760508,1.1365509253852144,0.3305983152241958,3.550092661676051,True,1.8,False,3.550092661676051,True,3.550092661676051,True,3.550092661676051,True,3.550092661676051,True,1.8,False,3.112569496257038,2.803806119802022,True,True,0.75,0.5735731266027275,3.550092661676051,wind_stuck_7_days,2014
13403,US-SRS,US-SRC,2014-07-24,1.52416023,1.2,1.2,0.5040935253398409,0.5040935253398409,0.29713004283009,0.4840820504871134,0.03679827823349923,0.04187157758205176,-0.046708059163038045,0.144226934660159,1.1365509253852144,0.3305983152241958,1.7040935253398408,True,1.7040935253398408,True,1.7040935253398408,True,1.7040935253398408,True,1.7040935253398408,True,1.7040935253398408,True,1.2,False,1.5780701440048805,1.5923362277639332,True,True,0.75,0.7783004701348523,1.7040935253398408,wind_stuck_7_days,2014
13404,US-SRS,US-SRC,2014-09-02,1.21808201,1.8,1.8,-0.5755022181069067,0.5755022181069067,0.11392161339102765,0.3706395934695402,0.04411741358610854,0.03431332379328342,0.0022216995315922283,0.5755022181069067,1.1365509253852144,0.3305983152241958,1.2244977818930933,True,1.2244977818930933,True,1.2244977818930933,True,1.2244977818930933,True,1.2244977818930933,True,1.2244977818930933,True,1.2244977818930933,True,1.36837333641982,1.4597764246019929,True,True,0.75,0.5911768272886249,1.2244977818930933,wind_stuck_7_days,2014
13405,US-SRS,US-SRC,2014-10-04,1.32481734,1.3,1.3,-0.46006629645636926,0.46006629645636926,0.12871353538167038,0.25586294508064505,0.08487010398143786,0.08729348227222333,0.0022216995315922283,-0.46006629645636926,1.1365509253852144,0.3305983152241958,0.8399337035436307,True,0.8399337035436307,True,0.8399337035436307,True,0.8399337035436307,True,0.8399337035436307,True,0.8399337035436307,True,0.8399337035436307,True,0.9549502776577231,0.8399337035436307,True,True,0.75,1.0,0.8399337035436307,wind_stuck_7_days,2014
13406,US-SRS,US-SRC,2014-11-05,0.36854017,1.2,1.2,-0.2976177643784088,0.2976177643784088,0.11784747531979561,0.4612833826732167,0.054689714926619865,0.05525427184674336,0.0022216995315922283,0.2976177643784088,1.1365509253852144,0.3305983152241958,0.9023822356215911,True,0.9023822356215911,True,0.9023822356215911,True,0.9023822356215911,True,0.9023822356215911,True,0.9023822356215911,True,0.9023822356215911,True,0.9767866767161933,0.9520219942096019,True,True,0.75,0.8332096919964233,0.9023822356215911,wind_stuck_7_days,2014
13407,US-SRS,US-SRC,2014-12-07,1.68350351,0.3,0.3,0.09705873809042219,0.09705873809042219,0.11157649025222532,0.4484594114978232,0.014700432199447291,0.011430322777225433,-0.012283897400880105,0.0970587380904222,1.1365509253852144,0.3305983152241958,0.3970587380904222,True,0.3970587380904222,True,0.3970587380904222,True,0.3970587380904222,True,0.3970587380904222,True,0.3970587380904222,True,0.3,False,0.37279405356781664,0.3970587380904222,True,True,0.75,1.0,0.3970587380904222,wind_stuck_7_days,2014
13408,US-SRS,US-SRC,2014-12-15,0.88919809,0.3,0.3,0.014364078163660055,0.014364078163660055,0.11057564238390112,0.21777568430965405,0.014700432199447291,0.011430322777225433,-0.012283897400880105,0.014364078163660032,1.1365509253852144,0.3305983152241958,0.31436407816366,True,0.31436407816366,True,0.31436407816366,True,0.31436407816366,True,0.31436407816366,True,0.31436407816366,True,0.3,False,0.310773058622745,0.31436407816366,True,True,0.75,1.0,0.31436407816366,wind_stuck_7_days,2014
13409,US-SRS,US-SRC,2014-12-23,0.9281678,0.4,0.4,0.26605310687906136,0.26605310687906136,0.15257561928676136,0.39154018480142,0.017612502562351102,0.0231241476539021,-0.012283897400880105,0.26605310687906136,1.1365509253852144,0.3305983152241958,0.6660531068790614,True,0.6660531068790614,True,0.6660531068790614,True,0.6660531068790614,True,0.6660531068790614,True,0.6660531068790614,True,0.4,False,0.599539830159296,0.6660531068790614,True,True,0.75,1.0,0.6660531068790614,wind_stuck_7_days,2014
13933,US-Slt,US-Ced,2014-02-28,0.37616589,0.9,0.9,-0.4467892998864561,0.4467892998864561,0.18107471041883874,0.6494193696625639,0.09413130233003497,0.08780476186147587,-0.016084758600570584,0.4467892998864561,1.1365509253852144,0.3305983152241958,0.4532107001135439,True,0.4532107001135439,True,0.4532107001135439,True,0.4532107001135439,True,0.4532107001135439,True,0.4532107001135439,True,0.9,False,0.5649080250851579,0.4532107001135439,True,True,0.75,1.0,0.6325652963968619,wind_stuck_7_days,2014
13934,US-Slt,US-Ced,2014-04-09,2.10394922,1.7,1.7,0.1560357123037223,0.1560357123037223,0.15848274447841715,0.43350846249119435,0.013504396121581753,0.011430322777225433,-0.016084758600570584,0.1560357123037223,1.1365509253852144,0.3305983152241958,1.8560357123037223,True,1.8560357123037223,True,1.8560357123037223,True,1.8560357123037223,True,1.8560357123037223,True,1.8560357123037223,True,1.7,False,1.8170267842277916,1.8560357123037223,True,True,0.75,1.0,1.8560357123037223,wind_stuck_7_days,2014
13935,US-Slt,US-Ced,2014-04-10,1.61834727,1.4,1.4,0.12920762407119887,0.12920762407119887,0.12227286274942072,0.29333238896925173,0.01511869232226161,0.011430322777225433,0.0022216995315922283,0.12920762407119887,1.1365509253852144,0.3305983152241958,1.5292076240711987,True,1.5292076240711987,True,1.5292076240711987,True,1.5292076240711987,True,1.5292076240711987,True,1.5292076240711987,True,1.5292076240711987,True,1.4969057180533991,1.5292076240711987,True,True,0.75,1.0,1.5292076240711987,wind_stuck_7_days,2014
13936,US-Slt,US-Ced,2014-04-25,1.47372952,1.7,1.7,0.3369015803523766,0.3369015803523766,0.1478861967632168,0.39072747115048967,0.02204922905072367,0.023073396905767044,-0.0038637004716554216,-0.3369015803523766,1.1365509253852144,0.3305983152241958,2.0369015803523767,True,2.0369015803523767,True,2.0369015803523767,True,2.0369015803523767,True,2.0369015803523767,True,2.0369015803523767,True,1.7,False,1.9526761852642824,1.9274298865019017,True,True,0.75,0.6750632818760461,2.0369015803523767,wind_stuck_7_days,2014
13937,US-Slt,US-Ced,2014-05-19,2.79973248,3.8,3.8,-0.26030261219469386,0.26030261219469386,0.12270861315102564,0.47385653593685556,0.01621711115812543,0.014760764126789819,0.006246402406003181,0.26030261219469386,1.1365509253852144,0.3305983152241958,3.539697387805306,True,3.539697387805306,True,3.539697387805306,True,3.539697387805306,True,3.539697387805306,True,3.539697387805306,True,3.539697387805306,True,3.6047730408539795,3.5979009874158616,True,True,0.75,0.7764002476970068,3.539697387805306,wind_stuck_7_days,2014
13938,US-Slt,US-Ced,2014-06-21,3.768886,3.6,3.6,0.5208240081898531,0.5208240081898531,0.25672942467059534,0.5429465514675824,0.013005328932851189,0.016949429863606133,-0.058250827177199385,-0.1830520081898529,1.1365509253852144,0.3305983152241958,4.120824008189853,True,4.120824008189853,True,4.120824008189853,True,4.120824008189853,True,4.120824008189853,True,4.120824008189853,True,3.6,False,3.99061800614239,3.9335344107727908,True,True,0.75,0.6403975345376344,4.120824008189853,wind_stuck_7_days,2014
13939,US-Slt,US-Ced,2014-06-28,4.16955397,5.6,5.6,0.34417922158438186,0.34417922158438186,0.22148880367469273,0.39075305868036037,-0.016562993501416566,-0.007153609673214714,-0.007054925745483016,-0.34417922158438197,1.1365509253852144,0.3305983152241958,5.944179221584381,True,5.944179221584381,True,5.944179221584381,True,5.6,False,5.6,False,5.6,False,5.6,False,5.858134416188286,5.746144951348443,True,True,0.75,0.42461875146234795,5.944179221584381,wind_stuck_7_days,2014
13940,US-Slt,US-Ced,2014-07-06,4.3130604,7.3,7.3,0.5484509593643194,0.5484509593643194,0.231044601799203,0.4786540639024211,-0.1112613087919592,-0.13607531562162192,-0.10058454820423902,-0.5484509593643194,1.1365509253852144,0.3305983152241958,7.848450959364319,True,7.848450959364319,True,7.848450959364319,True,7.3,False,7.3,False,7.3,False,7.3,False,7.711338219523239,7.3,True,False,0.75,0.0,7.848450959364319,wind_stuck_7_days,2014
13941,US-Slt,US-Ced,2014-07-07,4.39366861,6.0,6.0,-0.044154591027615084,0.044154591027615084,0.19068207501763443,0.5790218560434129,-0.06668235098364052,-0.06600221737566264,-0.0805843955746719,0.0441545910276151,1.1365509253852144,0.3305983152241958,5.955845408972385,True,5.955845408972385,True,5.955845408972385,True,6.0,False,6.0,False,6.0,False,6.0,False,5.966884056729289,6.0,True,False,0.75,0.0,5.955845408972385,wind_stuck_7_days,2014
13942,US-Slt,US-Ced,2014-07-22,4.86290522,5.5,5.5,0.6881985740666163,0.6881985740666163,0.19352588838357002,0.2975698074918097,-0.02552684881382998,-0.017506943163790267,-0.05483576022865132,-0.6881985740666163,1.1365509253852144,0.3305983152241958,6.188198574066616,True,6.188198574066616,True,6.188198574066616,True,5.5,False,5.5,False,5.5,False,5.5,False,6.016148930549962,5.637102902757782,True,True,0.75,0.19921997505404745,6.188198574066616,wind_stuck_7_days,2014
13943,US-Slt,US-Ced,2014-07-30,5.35906639,5.1,5.1,-0.3592324107018161,0.3592324107018161,0.2250727176237658,0.40106555432182356,-0.011112019319367165,0.006705659313442623,-0.0009695257422353634,-0.3592324107018161,1.1365509253852144,0.3305983152241958,4.7407675892981835,True,4.7407675892981835,True,4.7407675892981835,True,5.1,False,5.1,False,4.7407675892981835,True,5.1,False,4.830575691973637,4.910442563863602,True,True,0.75,0.5276735352638913,4.7407675892981835,wind_stuck_7_days,2014
13944,US-Slt,US-Ced,2014-08-07,2.36689223,5.4,5.4,0.2138277533798786,0.2138277533798786,0.23178728125476392,0.37937414067985253,-0.009772803603852426,-0.010034948281192831,-0.0009695257422353634,-0.2138277533798787,1.1365509253852144,0.3305983152241958,5.613827753379879,True,5.613827753379879,True,5.613827753379879,True,5.4,False,5.4,False,5.4,False,5.4,False,5.56037081503491,5.451588042566042,True,True,0.75,0.2412598072542647,5.613827753379879,wind_stuck_7_days,2014
13945,US-Slt,US-Ced,2014-08-15,6.55019483,4.4,4.4,-0.004341513980513703,0.004341513980513703,0.1320032160094689,0.43174759471096974,0.0026512025359918872,0.001495486854108752,0.006246402406003181,-0.004341513980513856,1.1365509253852144,0.3305983152241958,4.395658486019487,True,4.395658486019487,True,4.395658486019487,True,4.395658486019487,True,4.395658486019487,True,4.395658486019487,True,4.395658486019487,True,4.396743864514615,4.395658486019487,True,True,0.75,1.0,4.395658486019487,wind_stuck_7_days,2014
13946,US-Slt,US-Ced,2014-08-16,4.97953999,4.3,4.3,-0.5985460393275982,0.5985460393275982,0.14743459151862576,0.3296501416208164,-0.07802530367092404,-0.00046220431073810964,0.006246402406003181,-0.5985460393275983,1.1365509253852144,0.3305983152241958,3.7014539606724015,True,3.7014539606724015,True,3.7014539606724015,True,4.3,False,4.3,False,4.3,False,3.7014539606724015,True,3.8510904705043014,3.969269496536113,True,True,0.75,0.5525564981357609,3.7014539606724015,wind_stuck_7_days,2014
13947,US-Slt,US-Ced,2014-10-18,1.86238182,1.3,1.3,0.26560156201612667,0.26560156201612667,0.11286506599432476,0.5108112015016932,0.026653922100273984,0.02061926422853999,-0.012283897400880105,0.26560156201612667,1.1365509253852144,0.3305983152241958,1.5656015620161268,True,1.5656015620161268,True,1.5656015620161268,True,1.5656015620161268,True,1.5656015620161268,True,1.5656015620161268,True,1.3,False,1.499201171512095,1.5656015620161268,True,True,0.75,1.0,1.5656015620161268,wind_stuck_7_days,2014
13948,US-Slt,US-Ced,2014-10-26,1.04688311,1.2,1.2,0.1053119119144654,0.1053119119144654,0.1034492019580721,0.32677347385097305,0.01511869232226161,0.011430322777225433,-0.012283897400880105,-0.10531191191446543,1.1365509253852144,0.3305983152241958,1.3053119119144654,True,1.3053119119144654,True,1.3053119119144654,True,1.3053119119144654,True,1.3053119119144654,True,1.3053119119144654,True,1.2,False,1.278983933935849,1.3053119119144654,True,True,0.75,1.0,1.3053119119144654,wind_stuck_7_days,2014
13949,US-Slt,US-Ced,2014-10-27,0.86446289,1.2,1.2,-0.1571755345479529,0.1571755345479529,0.09320791545852129,0.3027514057108848,0.030643946579732267,0.028559105954230543,-0.012283897400880105,0.1571755345479529,1.1365509253852144,0.3305983152241958,1.042824465452047,True,1.042824465452047,True,1.042824465452047,True,1.042824465452047,True,1.042824465452047,True,1.042824465452047,True,1.2,False,1.0821183490890354,1.042824465452047,True,True,0.75,1.0,1.042824465452047,wind_stuck_7_days,2014
13950,US-Slt,US-Ced,2014-11-04,1.50428476,1.1,1.1,-0.27547362299836775,0.27547362299836775,0.11585388052982629,0.4778502916295143,0.054689714926619865,0.05525427184674336,0.0022216995315922283,-0.27547362299836775,1.1365509253852144,0.3305983152241958,0.8245263770016323,True,0.8245263770016323,True,0.8245263770016323,True,0.8245263770016323,True,0.8245263770016323,True,0.8245263770016323,True,0.8245263770016323,True,0.8933947827512243,0.8306732866688596,True,True,0.75,0.977686031786558,0.8245263770016323,wind_stuck_7_days,2014
13951,US-Slt,US-Ced,2014-11-19,0.34783359,0.6,0.6,-0.07696064379433623,0.07696064379433623,0.21048218395328355,0.6260205119624438,0.0031779551132753445,0.011430322777225433,-0.01949982554911865,0.07696064379433623,1.1365509253852144,0.3305983152241958,0.5230393562056638,True,0.5230393562056638,True,0.5230393562056638,True,0.5230393562056638,True,0.5230393562056638,True,0.5230393562056638,True,0.6,False,0.5422795171542478,0.5230393562056638,True,True,0.75,1.0,0.5230393562056638,wind_stuck_7_days,2014
13952,US-Slt,US-Ced,2014-12-13,0.27270019,0.5,0.5,0.19126916433880506,0.19126916433880506,0.15497113702586404,0.24103615457746802,0.013504396121581753,0.011430322777225433,-0.012283897400880105,-0.19126916433880503,1.1365509253852144,0.3305983152241958,0.691269164338805,True,0.691269164338805,True,0.691269164338805,True,0.691269164338805,True,0.691269164338805,True,0.691269164338805,True,0.5,False,0.6434518732541038,0.6783227897442542,True,True,0.75,0.932313320658325,0.691269164338805,wind_stuck_7_days,2014
13953,US-Slt,US-Ced,2014-12-21,0.18820044,0.5,0.5,-0.05725945557065757,0.05725945557065757,0.13258488548873548,0.31587970476271404,0.01511869232226161,0.011430322777225433,-0.012283897400880105,0.05725945557065759,1.1365509253852144,0.3305983152241958,0.4427405444293424,True,0.4427405444293424,True,0.4427405444293424,True,0.4427405444293424,True,0.4427405444293424,True,0.4427405444293424,True,0.5,False,0.4570554083220068,0.4427405444293424,True,True,0.75,1.0,0.4427405444293424,wind_stuck_7_days,2014
14059,US-Srr,US-Srr,2014-03-18,3.06648666,2.9,2.9,-0.28329048264025974,0.28329048264025974,0.09929469080863793,0.364528288239308,0.0547373155110699,0.05525427184674336,0.006246402406003181,-0.28329048264025974,1.1365509253852144,0.3305983152241958,2.61670951735974,True,2.61670951735974,True,2.61670951735974,True,2.61670951735974,True,2.61670951735974,True,2.61670951735974,True,2.61670951735974,True,2.687532138019805,2.6400731782089415,True,True,0.75,0.917527547584894,2.61670951735974,wind_stuck_7_days,2014
14060,US-Srr,US-Srr,2014-04-19,2.98989277,4.7,4.7,-0.8370215020456729,0.8370215020456729,0.18869407126176582,0.5027860220824337,-0.04349046009896003,-0.025564582937352656,-0.0063201533826489605,0.8370215020456729,1.1365509253852144,0.3305983152241958,3.862978497954327,True,3.862978497954327,True,3.862978497954327,True,4.7,False,4.7,False,4.7,False,4.7,False,4.072233873465746,4.630562361209953,True,True,0.75,0.0829580107802992,3.862978497954327,wind_stuck_7_days,2014
14061,US-Srr,US-Srr,2014-05-05,2.91838555,3.6,3.6,0.21035932683346464,0.21035932683346464,0.18709608635115413,0.6409185555735197,-0.011229390492282117,-0.0047692877605983505,0.002445541206312702,-0.2103593268334647,1.1365509253852144,0.3305983152241958,3.810359326833465,True,3.810359326833465,True,3.810359326833465,True,3.6,False,3.6,False,3.6,False,3.810359326833465,True,3.7577694951250984,3.766365034455867,True,True,0.75,0.7908612228426319,3.810359326833465,wind_stuck_7_days,2014
14062,US-Srr,US-Srr,2014-05-13,5.17794337,4.2,4.2,-0.3916215599814464,0.3916215599814464,0.12002156256683426,0.4377230558411971,-0.008191072739000936,-0.0018725326793696154,-0.009308060714467246,-0.3916215599814463,1.1365509253852144,0.3305983152241958,3.808378440018554,True,3.808378440018554,True,3.808378440018554,True,4.2,False,4.2,False,4.2,False,4.2,False,3.9062838300139155,3.9812165189220976,True,True,0.75,0.5586604605943241,3.808378440018554,wind_stuck_7_days,2014
14063,US-Srr,US-Srr,2014-05-21,3.29258031,4.7,4.7,-0.9547491714041755,0.9547491714041755,0.19731884492621324,0.5169946768736591,-0.22815062894163,-0.1337464458616693,0.054049623465256255,0.9547491714041755,1.1365509253852144,0.3305983152241958,3.745250828595825,True,3.745250828595825,True,3.745250828595825,True,4.7,False,4.7,False,4.7,False,3.745250828595825,True,3.9839381214468688,4.570317844370366,True,True,0.75,0.13582850817132108,3.745250828595825,wind_stuck_7_days,2014
14064,US-Srr,US-Srr,2014-05-29,4.77963011,5.0,5.0,-0.8036458640828588,0.8036458640828588,0.1962338321064534,0.5189306304165634,-0.24683736117980104,-0.20874874641089036,-0.03435403734249312,-0.3629060840828593,1.1365509253852144,0.3305983152241958,4.196354135917141,True,4.196354135917141,True,4.196354135917141,True,5.0,False,5.0,False,5.0,False,5.0,False,4.397265601937856,5.0,True,False,0.75,0.0,4.196354135917141,wind_stuck_7_days,2014
14065,US-Srr,US-Srr,2014-06-06,3.48604284,5.3,5.3,-0.7781599206056504,0.7781599206056504,0.2640510828436085,0.6584712233489124,-0.2537601723792185,-0.2318277566955057,-0.1139619679695391,0.7781599206056504,1.1365509253852144,0.3305983152241958,4.52184007939435,True,4.52184007939435,True,4.52184007939435,True,5.3,False,5.3,False,5.3,False,5.3,False,4.716380059545762,5.3,True,False,0.75,0.0,4.52184007939435,wind_stuck_7_days,2014
14066,US-Srr,US-Srr,2014-06-14,4.79756374,4.6,4.6,-0.7362605022220091,0.7362605022220091,0.1815881176897621,0.5104873011260438,-0.19296722407157543,-0.17043280628874818,-0.10090778198109424,-0.7362605022220091,1.1365509253852144,0.3305983152241958,3.8637394977779906,True,3.8637394977779906,True,3.8637394977779906,True,4.6,False,4.6,False,4.6,False,4.6,False,4.047804623333493,4.598210738511624,True,True,0.75,0.002430201651420425,3.8637394977779906,wind_stuck_7_days,2014
14067,US-Srr,US-Srr,2014-06-22,4.07147197,4.9,4.9,-0.31473498408183875,0.31473498408183875,0.25783081188096774,0.7108353244111792,-0.05656835618107458,-0.05395779853166841,-0.08399946252321996,0.31473498408183875,1.1365509253852144,0.3305983152241958,4.585265015918162,True,4.585265015918162,True,4.585265015918162,True,4.9,False,4.9,False,4.9,False,4.9,False,4.663948761938621,4.9,True,False,0.75,0.0,4.585265015918162,wind_stuck_7_days,2014
14068,US-Srr,US-Srr,2014-06-30,5.98937657,5.2,5.2,-0.5692494175587824,0.5692494175587824,0.303351085762472,0.5664160223436103,-0.18629004294018112,-0.13768304172935475,-0.1139619679695391,-0.5692494175587823,1.1365509253852144,0.3305983152241958,4.630750582441218,True,4.630750582441218,True,4.630750582441218,True,5.2,False,5.2,False,5.2,False,5.2,False,4.773062936830914,5.2,True,False,0.75,0.0,4.630750582441218,wind_stuck_7_days,2014
14069,US-Srr,US-Srr,2014-07-08,3.97665693,4.5,4.5,0.7012576008708058,0.7012576008708058,0.4522179666136449,0.5647137622496516,-0.1424596023019634,-0.17033273523919087,-0.08645833107965242,-0.7012576008708058,1.1365509253852144,0.3305983152241958,5.201257600870806,True,4.5,False,5.201257600870806,True,4.5,False,4.5,False,4.5,False,4.5,False,5.025943200653105,4.512350060052248,True,True,0.75,0.017611302946181746,5.201257600870806,wind_stuck_7_days,2014
14070,US-Srr,US-Srr,2014-07-24,5.30712791,5.2,5.2,-0.723926806099881,0.723926806099881,0.20377935693015412,0.5070567567628276,-0.30879073539976,-0.26589882701822504,-0.1139619679695391,-0.723926806099881,1.1365509253852144,0.3305983152241958,4.4760731939001195,True,4.4760731939001195,True,4.4760731939001195,True,5.2,False,5.2,False,5.2,False,5.2,False,4.657054895425089,5.2,True,False,0.75,0.0,4.4760731939001195,wind_stuck_7_days,2014
14071,US-Srr,US-Srr,2014-08-01,4.35502054,5.7,5.7,-0.49428799902627063,0.49428799902627063,0.33711251473948145,0.8110656141856543,-0.1433550643089594,-0.13768304172935475,-0.08655737104127903,0.49428799902627063,1.1365509253852144,0.3305983152241958,5.20571200097373,True,5.20571200097373,True,5.20571200097373,True,5.7,False,5.7,False,5.7,False,5.7,False,5.329284000730297,5.7,True,False,0.75,0.0,5.20571200097373,wind_stuck_7_days,2014
14072,US-Srr,US-Srr,2014-08-09,3.97004824,4.9,4.9,0.07303045073483441,0.07303045073483441,0.2035108582639733,0.5894908289953376,-0.02009924461215883,-0.012824392573945551,-0.0009695257422353634,-0.0730304507348345,1.1365509253852144,0.3305983152241958,4.973030450734835,True,4.973030450734835,True,4.973030450734835,True,4.9,False,4.9,False,4.9,False,4.9,False,4.9547728380511264,4.973030450734835,True,True,0.75,1.0,4.973030450734835,wind_stuck_7_days,2014
14073,US-Srr,US-Srr,2014-08-17,3.19731847,4.5,4.5,-0.5090968669440328,0.5090968669440328,0.19327779402660974,0.5732978220933854,-0.062450996595337364,-0.036118314152390404,-0.02558834275353146,0.5090968669440328,1.1365509253852144,0.3305983152241958,3.9909031330559674,True,3.9909031330559674,True,3.9909031330559674,True,4.5,False,4.5,False,4.5,False,4.5,False,4.118177349791975,4.159228222910052,True,True,0.75,0.6693653000371153,3.9909031330559674,wind_stuck_7_days,2014
14074,US-Srr,US-Srr,2014-09-02,2.65098813,4.4,4.4,-0.2031025121463399,0.2031025121463399,0.2776291786861083,0.48649609584334197,-0.01115836066407122,-0.013762367053262278,-0.0009695257422353634,0.2031025121463399,1.1365509253852144,0.3305983152241958,4.1968974878536605,True,4.1968974878536605,True,4.1968974878536605,True,4.4,False,4.4,False,4.4,False,4.4,False,4.247673115890246,4.229571546200671,True,True,0.75,0.839125287020239,4.1968974878536605,wind_stuck_7_days,2014
14075,US-Srr,US-Srr,2014-09-10,3.871468,3.8,3.8,-0.5681355093713296,0.5681355093713296,0.190259715084478,0.4476123825752204,-0.01578716593703595,-0.004522992849504625,0.002445541206312702,-0.5681355093713296,1.1365509253852144,0.3305983152241958,3.23186449062867,True,3.23186449062867,True,3.23186449062867,True,3.8,False,3.8,False,3.8,False,3.23186449062867,True,3.3738983679715027,3.485801196493484,True,True,0.75,0.553034968460592,3.23186449062867,wind_stuck_7_days,2014
14076,US-Srr,US-Srr,2014-09-18,2.87957573,3.2,3.2,0.09488768008031648,0.09488768008031648,0.1643668085818062,0.3414475984914849,0.009906760455188755,0.009550591667455944,0.002445541206312702,-0.09488768008031645,1.1365509253852144,0.3305983152241958,3.2948876800803166,True,3.2948876800803166,True,3.2948876800803166,True,3.2948876800803166,True,3.2948876800803166,True,3.2948876800803166,True,3.2948876800803166,True,3.2711657600602377,3.2948876800803166,True,True,0.75,1.0,3.2948876800803166,wind_stuck_7_days,2014
14077,US-Srr,US-Srr,2014-09-26,1.88549278,1.9,1.9,0.08263053921255799,0.08263053921255799,0.1458871358724813,0.3821342817336854,0.01511869232226161,0.011430322777225433,-0.012283897400880105,-0.08263053921255799,1.1365509253852144,0.3305983152241958,1.9826305392125578,True,1.9826305392125578,True,1.9826305392125578,True,1.9826305392125578,True,1.9826305392125578,True,1.9826305392125578,True,1.9,False,1.9619729044094183,1.9826305392125578,True,True,0.75,1.0,1.9826305392125578,wind_stuck_7_days,2014
14078,US-Srr,US-Srr,2014-10-04,3.6848968,2.4,2.4,-0.2877123284267147,0.2877123284267147,0.35581616000136007,0.6603039307721985,0.059917700570809175,0.04977300769906582,-0.003527434260294452,-0.2877123284267147,1.1365509253852144,0.3305983152241958,2.1122876715732852,True,2.4,False,2.1122876715732852,True,2.1122876715732852,True,2.1122876715732852,True,2.1122876715732852,True,2.4,False,2.184215753679964,2.141327396646127,True,True,0.75,0.8990668031792782,2.1122876715732852,wind_stuck_7_days,2014
14079,US-Srr,US-Srr,2014-10-12,3.12426775,2.4,2.4,-0.6235842421460437,0.6235842421460437,0.1588841102640033,0.5142122447856476,0.046952287397031923,0.06708148911349508,0.002445541206312702,-0.6235842421460438,1.1365509253852144,0.3305983152241958,1.7764157578539561,True,1.7764157578539561,True,1.7764157578539561,True,1.7764157578539561,True,1.7764157578539561,True,1.7764157578539561,True,1.7764157578539561,True,1.9323118183904673,2.086922504212879,True,True,0.75,0.5020612687544438,1.7764157578539561,wind_stuck_7_days,2014
14080,US-Srr,US-Srr,2014-10-28,2.38793077,1.5,1.5,-0.44714464111754265,0.44714464111754265,0.1038950829843421,0.38343131282914766,0.09864620027666124,0.08780476186147587,-0.012283897400880105,-0.4471446411175426,1.1365509253852144,0.3305983152241958,1.0528553588824574,True,1.0528553588824574,True,1.0528553588824574,True,1.0528553588824574,True,1.0528553588824574,True,1.0528553588824574,True,1.5,False,1.1646415191618429,1.0528553588824574,True,True,0.75,1.0,1.0528553588824574,wind_stuck_7_days,2014
14081,US-Srr,US-Srr,2014-11-05,2.08836288,0.9,0.9,-0.2877621581822277,0.2877621581822277,0.14488472550597872,0.37704575316275035,0.050718849145511655,0.05280013916951629,-0.012283897400880105,-0.2877621581822276,1.1365509253852144,0.3305983152241958,0.6122378418177723,True,0.6122378418177723,True,0.6122378418177723,True,0.6122378418177723,True,0.6122378418177723,True,0.6122378418177723,True,0.9,False,0.6841783813633292,0.6232158210875332,True,True,0.75,0.96185051106404,0.6122378418177723,wind_stuck_7_days,2014
14197,US-Tw3,US-Bi1,2014-01-05,0.20595337,0.4,0.4,-0.025289068169393098,0.025289068169393098,0.108995094226317,0.3573634373828656,0.014700432199447291,0.011430322777225433,-0.012283897400880105,0.02528906816939311,1.1365509253852144,0.3305983152241958,0.37471093183060694,True,0.37471093183060694,True,0.37471093183060694,True,0.37471093183060694,True,0.37471093183060694,True,0.37471093183060694,True,0.4,False,0.38103319887295517,0.37471093183060694,True,True,0.75,1.0,0.37471093183060694,wind_stuck_7_days,2014
14198,US-Tw3,US-Bi1,2014-01-13,0.26280444,0.5,0.5,-0.04674509806975593,0.04674509806975593,0.08517717675388979,0.3785177363005032,0.01511869232226161,0.011430322777225433,-0.012283897400880105,0.046745098069755936,1.1365509253852144,0.3305983152241958,0.4532549019302441,True,0.4532549019302441,True,0.4532549019302441,True,0.4532549019302441,True,0.4532549019302441,True,0.4532549019302441,True,0.5,False,0.46494117644768307,0.4532549019302441,True,True,0.75,1.0,0.4532549019302441,wind_stuck_7_days,2014
14199,US-Tw3,US-Bi1,2014-01-21,0.46862684,0.8,0.8,-0.2946728109476128,0.2946728109476128,0.10347003548225608,0.48804145642123203,0.050718849145511655,0.05280013916951629,-0.012283897400880105,0.2946728109476128,1.1365509253852144,0.3305983152241958,0.5053271890523873,True,0.5053271890523873,True,0.5053271890523873,True,0.5053271890523873,True,0.5053271890523873,True,0.5053271890523873,True,0.8,False,0.5789953917892905,0.5340702005636353,True,True,0.75,0.9024578772000855,0.5100786255984631,wind_stuck_7_days,2014
14200,US-Tw3,US-Bi1,2014-02-22,0.91523913,0.2,0.2,0.5182929515502912,0.5182929515502912,0.16492360591827035,0.4967965779788977,0.17214715468901134,0.17242378927516283,-0.035842033873094856,0.5182929515502912,1.1365509253852144,0.3305983152241958,0.7182929515502912,True,0.7182929515502912,True,0.7182929515502912,True,0.7182929515502912,True,0.7182929515502912,True,0.7182929515502912,True,0.2,False,0.5887197136627185,0.6878635609674487,True,True,0.75,0.9412892062455728,0.7182929515502912,wind_stuck_7_days,2014
14201,US-Tw3,US-Bi1,2014-03-10,2.51843948,1.6,1.6,0.40625078245707585,0.40625078245707585,0.1215736447232982,0.6332947292664399,0.05333888645730893,0.04940454531606939,-0.018369297404127755,0.4062507824570758,1.1365509253852144,0.3305983152241958,2.006250782457076,True,2.006250782457076,True,2.006250782457076,True,2.006250782457076,True,2.006250782457076,True,2.006250782457076,True,1.6,False,1.9046880868428069,1.835830974414069,True,True,0.75,0.5805058958599952,2.006250782457076,wind_stuck_7_days,2014
14202,US-Tw3,US-Bi1,2014-03-18,3.62639753,3.2,3.2,-0.4026399526075129,0.4026399526075129,0.11963401873549423,0.4101731951128892,0.0369983507078979,0.05663994134295701,0.006246402406003181,-0.40263995260751284,1.1365509253852144,0.3305983152241958,2.797360047392487,True,2.797360047392487,True,2.797360047392487,True,2.797360047392487,True,2.797360047392487,True,2.797360047392487,True,2.797360047392487,True,2.8980200355443655,2.9614694228883667,True,True,0.75,0.592416563649235,2.797360047392487,wind_stuck_7_days,2014
14203,US-Tw3,US-Bi1,2014-04-03,3.72918919,3.2,3.2,-0.7134916065712827,0.7134916065712827,0.1474327625480588,0.3467189633350067,-0.04775238640275844,0.016756103691404515,-0.008259194526469157,-0.7134916065712829,1.1365509253852144,0.3305983152241958,2.4865083934287173,True,2.4865083934287173,True,2.4865083934287173,True,3.2,False,3.2,False,2.4865083934287173,True,3.2,False,2.664881295071538,2.920313483401295,True,True,0.75,0.39199692613449466,2.4865083934287173,wind_stuck_7_days,2014
14204,US-Tw3,US-Bi1,2014-04-19,5.67302351,5.8,5.8,-1.583177460458812,1.583177460458812,0.17279226919498306,0.6011332325163817,-0.22023558676878327,0.14627379487759953,-0.14106152109429848,-1.3292244804588127,1.1365509253852144,0.3305983152241958,4.216822539541187,True,4.216822539541187,True,4.216822539541187,True,5.8,False,5.8,False,4.216822539541187,True,5.8,False,4.612616904655891,5.374007152395891,True,True,0.75,0.26907460360170504,4.216822539541187,wind_stuck_7_days,2014
14205,US-Tw3,US-Bi1,2014-04-27,5.09898273,3.3,3.3,-0.40059405752404126,0.40059405752404126,0.15094023988892818,0.46264496519149806,0.0463603734077157,0.022757029569069723,-0.008259194526469157,-0.4005940575240414,1.1365509253852144,0.3305983152241958,2.8994059424759584,True,2.8994059424759584,True,2.8994059424759584,True,2.8994059424759584,True,2.8994059424759584,True,2.8994059424759584,True,3.3,False,2.999554456856969,3.0626814450233035,True,True,0.75,0.592416563649235,2.8994059424759584,wind_stuck_7_days,2014
14206,US-Tw3,US-Bi1,2014-05-05,5.68736859,5.7,5.7,-1.2103740721240495,1.2103740721240495,0.2302589428562549,0.7067353099697848,0.19580448667665712,0.37130114600415876,-0.21945743346340252,-1.1851112521240494,1.1365509253852144,0.3305983152241958,4.4896259278759505,True,4.4896259278759505,True,4.4896259278759505,True,4.4896259278759505,True,4.4896259278759505,True,4.4896259278759505,True,5.7,False,4.792219445906963,5.006709841963112,True,True,0.75,0.5727899944355662,4.4896259278759505,wind_stuck_7_days,2014
14207,US-Tw3,US-Bi1,2014-05-13,3.54775835,2.8,2.8,-0.6992668660612849,0.6992668660612849,0.22719958025066536,0.6929629765741577,0.05180651171870746,0.04560482569635361,-0.02616310790260259,-0.6992668660612849,1.1365509253852144,0.3305983152241958,2.100733133938715,True,2.100733133938715,True,2.100733133938715,True,2.100733133938715,True,2.100733133938715,True,2.100733133938715,True,2.8,False,2.275549850454036,2.4994479248469794,True,True,0.75,0.4298102623479365,2.100733133938715,wind_stuck_7_days,2014
14208,US-Tw3,US-Bi1,2014-05-21,4.60057084,4.3,4.3,-0.8953153799065324,0.8953153799065324,0.13125648977237397,0.5606325739161651,-0.20504472861148185,-0.12569134104832208,-0.030172823124910556,-0.8953153799065325,1.1365509253852144,0.3305983152241958,3.4046846200934673,True,3.4046846200934673,True,3.4046846200934673,True,4.3,False,4.3,False,4.3,False,4.3,False,3.6285134650701005,4.1991378617800885,True,True,0.75,0.1126554290069732,3.4046846200934673,wind_stuck_7_days,2014
14209,US-Tw3,US-Bi1,2014-05-29,6.88006499,6.1,6.1,-0.5664572267746142,0.5664572267746142,0.23119662541618807,0.5488603930012188,-0.19057586776954946,-0.15234904791061366,-0.1139619679695391,-0.5664572267746142,1.1365509253852144,0.3305983152241958,5.533542773225386,True,5.533542773225386,True,5.533542773225386,True,6.1,False,6.1,False,6.1,False,6.1,False,5.675157079919039,6.1,True,False,0.75,0.0,5.533542773225386,wind_stuck_7_days,2014
14210,US-Tw3,US-Bi1,2014-06-06,6.91839123,6.9,6.9,-0.14202445366807162,0.14202445366807162,0.19647143349685398,0.4232577448418633,-0.09164531001695865,-0.10611047974956835,-0.06226788024964546,-0.14202445366807162,1.1365509253852144,0.3305983152241958,6.757975546331929,True,6.757975546331929,True,6.757975546331929,True,6.9,False,6.9,False,6.9,False,6.9,False,6.793481659748947,6.9,True,False,0.75,0.0,6.757975546331929,wind_stuck_7_days,2014
14211,US-Tw3,US-Bi1,2014-06-14,2.54798706,3.3,3.3,-0.2912360810582383,0.2912360810582383,0.146693195102096,0.5273685831315049,-0.03317814214162082,-0.0032064125131604417,-0.07678353437498142,0.2912360810582383,1.1365509253852144,0.3305983152241958,3.0087639189417614,True,3.0087639189417614,True,3.0087639189417614,True,3.3,False,3.3,False,3.3,False,3.3,False,3.081572939206321,3.198417775335279,True,True,0.75,0.3487968396484747,3.0087639189417614,wind_stuck_7_days,2014
14212,US-Tw3,US-Bi1,2014-06-22,3.05650627,3.7,3.7,0.20088565370666886,0.20088565370666886,0.19212868894258742,0.7096606784084286,-0.002375368289582668,-0.014866106209605167,-0.0805843955746719,-0.2008856537066689,1.1365509253852144,0.3305983152241958,3.900885653706669,True,3.900885653706669,True,3.900885653706669,True,3.7,False,3.7,False,3.7,False,3.7,False,3.8506642402800018,3.890995561615986,True,True,0.75,0.9507675540378576,3.900885653706669,wind_stuck_7_days,2014
14213,US-Tw3,US-Bi1,2014-06-30,7.15159011,6.2,6.2,-0.17104180559572674,0.17104180559572674,0.34198497239483155,0.7574032370468986,-0.10427549150906726,-0.10920344839205771,-0.10347583422007708,-0.1710418055957268,1.1365509253852144,0.3305983152241958,6.028958194404273,True,6.2,False,6.028958194404273,True,6.2,False,6.2,False,6.2,False,6.2,False,6.071718645803205,6.2,True,False,0.75,0.0,6.360464532522865,wind_stuck_7_days,2014
14214,US-Tw3,US-Bi1,2014-07-24,6.02417725,7.2,7.2,0.24996419031176767,0.24996419031176767,0.20433060786526325,0.5530589956224274,-0.09075361373276139,-0.10517250527025161,-0.0633760986081477,-0.24996419031176775,1.1365509253852144,0.3305983152241958,7.449964190311768,True,7.449964190311768,True,7.449964190311768,True,7.2,False,7.2,False,7.2,False,7.2,False,7.387473142733826,7.2,True,False,0.75,0.0,7.449964190311768,wind_stuck_7_days,2014
14215,US-Tw3,US-Bi1,2014-08-01,2.56905969,2.2,2.2,0.28874262856135263,0.28874262856135263,0.28317540481477016,0.7904172436966672,-0.02705541370804987,-0.01822446288301658,-0.08399946252321996,0.28874262856135263,1.1365509253852144,0.3305983152241958,2.488742628561353,True,2.488742628561353,True,2.488742628561353,True,2.2,False,2.2,False,2.2,False,2.2,False,2.4165569714210147,2.2,True,False,0.75,0.0,2.53040102295437,wind_stuck_7_days,2014
14216,US-Tw3,US-Bi1,2014-08-09,3.65663997,3.6,3.6,-0.5064688952565723,0.5064688952565723,0.2229278814738106,0.5111706194630593,-0.015667924060785657,0.005193336718278711,-0.0009695257422353634,-0.5064688952565723,1.1365509253852144,0.3305983152241958,3.0935311047434277,True,3.0935311047434277,True,3.0935311047434277,True,3.6,False,3.6,False,3.0935311047434277,True,3.6,False,3.220148328557571,3.2470428066009562,True,True,0.75,0.6968980656161305,3.0935311047434277,wind_stuck_7_days,2014
14217,US-Tw3,US-Bi1,2014-08-17,4.26585654,4.5,4.5,-0.7525508930679488,0.7525508930679488,0.15050372170848475,0.5031131910123502,-0.11414817526732107,-0.09046768104068735,-0.02178748155384098,-0.28426397306794815,1.1365509253852144,0.3305983152241958,3.7474491069320512,True,3.7474491069320512,True,3.7474491069320512,True,4.5,False,4.5,False,4.5,False,4.5,False,3.935586830199038,4.4103092677242035,True,True,0.75,0.1191822813606018,3.7474491069320512,wind_stuck_7_days,2014
14218,US-Tw3,US-Bi1,2014-08-25,4.06497394,4.9,4.9,0.3063037617126125,0.3063037617126125,0.10228912908217407,0.41621969935861614,-0.006746140396380953,-0.007153609673214714,0.00016100240275553112,-0.30630376171261253,1.1365509253852144,0.3305983152241958,5.206303761712613,True,5.206303761712613,True,5.206303761712613,True,4.9,False,4.9,False,4.9,False,5.206303761712613,True,5.12972782128446,5.087717927617682,True,True,0.75,0.6128489136669707,5.206303761712613,wind_stuck_7_days,2014
14219,US-Tw3,US-Bi1,2014-09-02,4.4252159,5.3,5.3,-0.042504255817113215,0.042504255817113215,0.12922726654665198,0.4362882884201939,-0.008158507403172567,-0.012824392573945551,0.006246402406003181,0.04250425581711326,1.1365509253852144,0.3305983152241958,5.2574957441828865,True,5.2574957441828865,True,5.2574957441828865,True,5.3,False,5.3,False,5.3,False,5.2574957441828865,True,5.268121808137165,5.260402200374364,True,True,0.75,0.9316196428898019,5.2574957441828865,wind_stuck_7_days,2014
14220,US-Tw3,US-Bi1,2014-09-10,1.78912641,3.0,3.0,-0.6179365209367385,0.6179365209367385,0.21113817833222018,0.45479806749435686,0.03891560364702736,0.04949480135476827,-0.010608644782132172,0.6179365209367385,1.1365509253852144,0.3305983152241958,2.3820634790632615,True,2.3820634790632615,True,2.3820634790632615,True,2.3820634790632615,True,2.3820634790632615,True,2.3820634790632615,True,3.0,False,2.536547609297446,2.658662702759939,True,True,0.75,0.5523824627206412,2.3820634790632615,wind_stuck_7_days,2014
14221,US-Tw3,US-Bi1,2014-09-26,2.82039402,3.2,3.2,-0.02315647834569383,0.02315647834569383,0.15314721938371245,0.40401564083292596,0.011100454145115804,0.009550591667455944,-0.008259194526469157,0.023156478345693843,1.1365509253852144,0.3305983152241958,3.1768435216543063,True,3.1768435216543063,True,3.1768435216543063,True,3.1768435216543063,True,3.1768435216543063,True,3.1768435216543063,True,3.2,False,3.1826326412407298,3.1768435216543063,True,True,0.75,1.0,3.1768435216543063,wind_stuck_7_days,2014
14222,US-Tw3,US-Bi1,2014-10-04,3.84450464,3.6,3.6,-0.02989393188420527,0.02989393188420527,0.26570028240963106,0.6815873817138745,0.017015458471586073,0.009550591667455944,-0.0009695257422353634,-0.02989393188420525,1.1365509253852144,0.3305983152241958,3.570106068115795,True,3.570106068115795,True,3.570106068115795,True,3.570106068115795,True,3.570106068115795,True,3.570106068115795,True,3.6,False,3.577579551086846,3.570106068115795,True,True,0.75,1.0,3.570106068115795,wind_stuck_7_days,2014
14223,US-Tw3,US-Bi1,2014-10-12,4.95895827,4.0,4.0,-0.33996376683911733,0.33996376683911733,0.15439195032528635,0.6889201094689759,0.015058759686131466,0.014760764126789819,0.006246402406003181,-0.33996376683911733,1.1365509253852144,0.3305983152241958,3.6600362331608824,True,3.6600362331608824,True,3.6600362331608824,True,3.6600362331608824,True,3.6600362331608824,True,3.6600362331608824,True,3.6600362331608824,True,3.745027174870662,3.796992911331219,True,True,0.75,0.5971433089951942,3.6600362331608824,wind_stuck_7_days,2014
14224,US-Tw3,US-Bi1,2014-10-28,1.35781926,1.3,1.3,-0.48662044794526327,0.48662044794526327,0.10053698299185394,0.37863705874569376,0.09864620027666124,0.08780476186147587,-0.012283897400880105,-0.48662044794526327,1.1365509253852144,0.3305983152241958,0.8133795520547368,True,0.8133795520547368,True,0.8133795520547368,True,0.8133795520547368,True,0.8133795520547368,True,0.8133795520547368,True,1.3,False,0.9350346640410526,0.8796020304379191,True,True,0.75,0.8639134901486275,0.8133795520547368,wind_stuck_7_days,2014
14225,US-Tw3,US-Bi1,2014-11-05,1.38306787,0.6,0.6,-0.21762461550744483,0.21762461550744483,0.16863542865454084,0.34263689243144396,0.02902965037905241,0.028559105954230543,-0.016084758600570584,-0.21762461550744472,1.1365509253852144,0.3305983152241958,0.38237538449255515,True,0.38237538449255515,True,0.38237538449255515,True,0.38237538449255515,True,0.38237538449255515,True,0.38237538449255515,True,0.6,False,0.43678153836941636,0.44279970118004974,True,True,0.75,0.7223461300708077,0.38237538449255515,wind_stuck_7_days,2014
14226,US-Tw3,US-Bi1,2014-11-29,0.92009908,0.2,0.2,0.2807662956357112,0.2807662956357112,0.149924807242591,0.46296007513089243,0.0802569355049465,0.06339786849835082,-0.012283897400880105,0.2807662956357112,1.1365509253852144,0.3305983152241958,0.4807662956357112,True,0.4807662956357112,True,0.4807662956357112,True,0.4807662956357112,True,0.4807662956357112,True,0.4807662956357112,True,0.2,False,0.41057472172678344,0.4807662956357112,True,True,0.75,1.0,0.4807662956357112,wind_stuck_7_days,2014
14227,US-Tw3,US-Bi1,2014-12-31,1.34214868,1.1,1.1,-0.1651087397731636,0.1651087397731636,0.13304370432206014,0.3654990085415402,0.030643946579732267,0.028559105954230543,-0.012283897400880105,-0.1651087397731636,1.1365509253852144,0.3305983152241958,0.9348912602268364,True,0.9348912602268364,True,0.9348912602268364,True,0.9348912602268364,True,0.9348912602268364,True,0.9348912602268364,True,1.1,False,0.9761684451701274,0.9348912602268364,True,True,0.75,1.0,0.9348912602268364,wind_stuck_7_days,2014
14470,US-Twt,US-Bi1,2014-01-05,0.52823566,1.4,1.4,-0.4757495799729736,0.4757495799729736,0.09261344336032001,0.47375107255351406,0.09864620027666124,0.08780476186147587,-0.012283897400880105,0.4757495799729736,1.1365509253852144,0.3305983152241958,0.9242504200270263,True,0.9242504200270263,True,0.9242504200270263,True,0.9242504200270263,True,0.9242504200270263,True,0.9242504200270263,True,1.4,False,1.0431878150202696,0.9794775448490298,True,True,0.75,0.8839155573712941,0.9242504200270263,wind_stuck_7_days,2014
14471,US-Twt,US-Bi1,2014-01-13,0.62249402,1.4,1.4,-0.45478066780384996,0.45478066780384996,0.074202605222961,0.475685929242531,0.09864620027666124,0.08780476186147587,-0.012283897400880105,0.45478066780384996,1.1365509253852144,0.3305983152241958,0.94521933219615,True,0.94521933219615,True,0.94521933219615,True,0.94521933219615,True,0.94521933219615,True,0.94521933219615,True,1.4,False,1.0589144991471124,0.9606130012097536,True,True,0.75,0.9661514437543264,0.94521933219615,wind_stuck_7_days,2014
14472,US-Twt,US-Bi1,2014-01-21,0.89128422,1.5,1.5,-0.5837318404851537,0.5837318404851537,0.17353912627992268,0.5841077820381069,0.09413130233003497,0.09109618240280623,-0.016084758600570584,0.5837318404851537,1.1365509253852144,0.3305983152241958,0.9162681595148463,True,0.9162681595148463,True,0.9162681595148463,True,0.9162681595148463,True,0.9162681595148463,True,0.9162681595148463,True,1.5,False,1.0622011196361347,1.0808254779578894,True,True,0.75,0.7180943251163487,0.9137252654920152,wind_stuck_7_days,2014
14473,US-Twt,US-Bi1,2014-02-22,2.52795384,2.0,2.0,-0.16247592172771466,0.16247592172771466,0.13497992584444113,0.49033233948135857,0.030643946579732267,0.028559105954230543,-0.012283897400880105,-0.16247592172771463,1.1365509253852144,0.3305983152241958,1.8375240782722853,True,1.8375240782722853,True,1.8375240782722853,True,1.8375240782722853,True,1.8375240782722853,True,1.8375240782722853,True,2.0,False,1.878143058704214,1.8375240782722853,True,True,0.75,1.0,1.8375240782722853,wind_stuck_7_days,2014
14474,US-Twt,US-Bi1,2014-03-10,3.75006801,2.5,2.5,-0.1989906810537811,0.1989906810537811,0.14719283450006093,0.5421454612876236,0.023873972592886445,0.028559105954230543,-0.008259194526469157,-0.19899068105378115,1.1365509253852144,0.3305983152241958,2.301009318946219,True,2.301009318946219,True,2.301009318946219,True,2.301009318946219,True,2.301009318946219,True,2.301009318946219,True,2.5,False,2.350756989209664,2.3300784814628885,True,True,0.75,0.8539169655446671,2.301009318946219,wind_stuck_7_days,2014
14475,US-Twt,US-Bi1,2014-03-18,3.65526418,3.2,3.2,-0.4026399526075129,0.4026399526075129,0.11963401873549423,0.4101731951128892,0.0369983507078979,0.05663994134295701,0.006246402406003181,-0.40263995260751284,1.1365509253852144,0.3305983152241958,2.797360047392487,True,2.797360047392487,True,2.797360047392487,True,2.797360047392487,True,2.797360047392487,True,2.797360047392487,True,2.797360047392487,True,2.8980200355443655,2.9614694228883667,True,True,0.75,0.592416563649235,2.797360047392487,wind_stuck_7_days,2014
14476,US-Twt,US-Bi1,2014-04-03,2.22919128,2.3,2.3,-0.07284626033337138,0.07284626033337138,0.1585546786469129,0.41940800344167944,0.013504396121581753,0.011430322777225433,-0.012060055726159636,0.06877117966662782,1.1365509253852144,0.3305983152241958,2.2271537396666283,True,2.2271537396666283,True,2.2271537396666283,True,2.2271537396666283,True,2.2271537396666283,True,2.2271537396666283,True,2.3,False,2.245365304749971,2.2271537396666283,True,True,0.75,1.0,2.2271537396666283,wind_stuck_7_days,2014
14477,US-Twt,US-Bi1,2014-04-19,4.76454871,5.9,5.9,-1.6511010213182238,1.6511010213182238,0.17925624266033283,0.6271176920542361,-0.08438320037128556,0.3224016339992391,-0.13410898326366055,0.6198015586817776,1.1365509253852144,0.3305983152241958,4.248898978681776,True,4.248898978681776,True,4.248898978681776,True,5.9,False,5.9,False,4.248898978681776,True,5.9,False,4.661674234011333,5.40364963894398,True,True,0.75,0.30061780269491856,4.248898978681776,wind_stuck_7_days,2014
14478,US-Twt,US-Bi1,2014-04-27,2.20250438,1.3,1.3,0.6490083131892757,0.6490083131892757,0.12814913713179496,0.4117092308758691,0.10360147554130196,0.0972621764834584,-0.08321273606428248,0.6490083131892757,1.1365509253852144,0.3305983152241958,1.9490083131892757,True,1.9490083131892757,True,1.9490083131892757,True,1.9490083131892757,True,1.9490083131892757,True,1.9490083131892757,True,1.3,False,1.7867562348919568,1.6822543152250093,True,True,0.75,0.5889821554774589,1.9490083131892757,wind_stuck_7_days,2014
14479,US-Twt,US-Bi1,2014-05-05,0.78809342,1.4,1.4,0.7091567864398195,0.7091567864398195,0.15903377955235168,0.4721488770774814,0.08920909032355029,0.08951272480826707,-0.04329299221448999,-0.7091567864398196,1.1365509253852144,0.3305983152241958,2.1091567864398195,True,2.1091567864398195,True,2.1091567864398195,True,2.1091567864398195,True,2.1091567864398195,True,2.1091567864398195,True,1.4,False,1.9318675898298645,1.6816592941040724,True,True,0.75,0.3971749258976804,2.1091567864398195,wind_stuck_7_days,2014
14480,US-Twt,US-Bi1,2014-05-13,1.34084734,1.1,1.1,-0.5414336615303229,0.5414336615303229,0.10167693059491979,0.34746793027960743,0.07411614776854647,0.0768785932638269,-0.013332763588878194,-0.5414336615303229,1.1365509253852144,0.3305983152241958,0.5585663384696772,True,0.5585663384696772,True,0.5585663384696772,True,0.5585663384696772,True,0.5585663384696772,True,0.5585663384696772,True,1.1,False,0.6939247538522579,0.7286668030474089,True,True,0.75,0.6858332300637623,0.5585663384696772,wind_stuck_7_days,2014
14481,US-Twt,US-Bi1,2014-05-21,1.53755628,1.5,1.5,-0.045552575665323426,0.045552575665323426,0.1729660922980718,0.37668199249464623,0.014371386908438387,0.010620584229627378,-0.0015791616680982505,-0.04555257566532342,1.1365509253852144,0.3305983152241958,1.4544474243346766,True,1.4544474243346766,True,1.4544474243346766,True,1.4544474243346766,True,1.4544474243346766,True,1.4544474243346766,True,1.5,False,1.4658355682510074,1.4544474243346766,True,True,0.75,1.0,1.4544474243346766,wind_stuck_7_days,2014
14482,US-Twt,US-Bi1,2014-05-29,2.95949776,2.1,2.1,-0.23674457760679607,0.23674457760679607,0.19357102556505448,0.5092991368888244,-0.010186293281358363,-0.006212649466464699,-0.08460909844908286,-0.23674457760679601,1.1365509253852144,0.3305983152241958,1.863255422393204,True,1.863255422393204,True,1.863255422393204,True,2.1,False,2.1,False,2.1,False,2.1,False,1.922441566794903,2.0313457429689326,True,True,0.75,0.28999294397818925,1.863255422393204,wind_stuck_7_days,2014
14483,US-Twt,US-Bi1,2014-06-06,2.53879271,3.9,3.9,-0.7385854100231373,0.7385854100231373,0.23338393384498474,0.5091225867945226,-0.10326897006469171,-0.07104198128747753,-0.1139619679695391,0.7385854100231373,1.1365509253852144,0.3305983152241958,3.1614145899768626,True,3.1614145899768626,True,3.1614145899768626,True,3.9,False,3.9,False,3.9,False,3.9,False,3.346060942482647,3.812920099336371,True,True,0.75,0.11790092179169986,3.1614145899768626,wind_stuck_7_days,2014
14484,US-Twt,US-Bi1,2014-06-14,6.53249215,6.2,6.2,-0.2973158523196874,0.2973158523196874,0.2406321372581311,0.4099974815044779,-0.12717669303993506,-0.10990560338021753,-0.10091792570201802,-0.2973158523196874,1.1365509253852144,0.3305983152241958,5.902684147680313,True,5.902684147680313,True,5.902684147680313,True,6.2,False,6.2,False,6.2,False,6.2,False,5.977013110760234,6.2,True,False,0.75,0.0,5.902684147680313,wind_stuck_7_days,2014
14485,US-Twt,US-Bi1,2014-06-22,7.28175256,7.5,7.5,-0.14827600146613423,0.14827600146613423,0.39930239205973017,0.6878253121801913,-0.04336577321585452,-0.10611047974956835,-0.07179709176191441,0.14827600146613423,1.1365509253852144,0.3305983152241958,7.351723998533866,True,7.5,False,7.351723998533866,True,7.5,False,7.5,False,7.5,False,7.5,False,7.388792998900399,7.5,True,False,0.75,0.0,7.351723998533866,wind_stuck_7_days,2014
14486,US-Twt,US-Bi1,2014-06-30,9.69183582,8.7,8.7,1.0259868092672184,1.0259868092672184,0.44640254517727573,0.9525046428509286,-0.033742711345758535,-0.053043048380403954,-0.12285248100816483,0.9576848307327823,1.1365509253852144,0.3305983152241958,9.725986809267217,True,8.7,False,8.7,False,8.7,False,8.7,False,8.7,False,8.7,False,9.469490106950413,9.181168111398966,True,True,0.75,0.4689807968804458,10.06833368930318,wind_stuck_7_days,2014
14487,US-Twt,US-Bi1,2014-07-08,8.02011877,7.1,7.1,1.5083639873938515,1.5083639873938515,0.3739779917900668,0.8868754666479564,0.2151364576081438,0.14157128160387128,-0.32283453687889835,0.3318735526061489,1.1365509253852144,0.3305983152241958,8.608363987393851,True,7.1,False,8.608363987393851,True,8.608363987393851,True,8.608363987393851,True,8.608363987393851,True,7.1,False,8.231272990545389,8.392937727430823,True,True,0.75,0.8571788628186212,8.608363987393851,wind_stuck_7_days,2014
14488,US-Twt,US-Bi1,2014-07-24,7.1213697,7.8,7.8,0.66548702444601,0.66548702444601,0.22281451722642437,0.5953571592645825,-0.2905314891436845,-0.20632853491646283,-0.10058454820423902,-0.66548702444601,1.1365509253852144,0.3305983152241958,8.46548702444601,True,8.46548702444601,True,8.46548702444601,True,7.8,False,7.8,False,7.8,False,7.8,False,8.299115268334507,7.8,True,False,0.75,0.0,8.46548702444601,wind_stuck_7_days,2014
14489,US-Twt,US-Bi1,2014-08-01,9.1960357,8.2,8.2,0.7657776258353906,0.7657776258353906,0.3563486941645454,0.5526246992357006,-0.03923737643425247,-0.013599704917372014,-0.10314245672229806,0.7657776258353906,1.1365509253852144,0.3305983152241958,8.96577762583539,True,8.2,False,8.96577762583539,True,8.2,False,8.2,False,8.2,False,8.2,False,8.774333219376542,8.2,True,False,0.75,0.0,9.03080374704295,wind_stuck_7_days,2014
14490,US-Twt,US-Bi1,2014-08-09,7.16122094,6.9,6.9,0.8047884110522425,0.8047884110522425,0.17388446067675173,0.44321019010378276,0.16216692787778417,0.11345944364034322,-0.009957311398406596,-0.2823465310522437,1.1365509253852144,0.3305983152241958,7.704788411052243,True,7.704788411052243,True,7.704788411052243,True,7.704788411052243,True,7.704788411052243,True,7.704788411052243,True,6.9,False,7.503591308289183,7.704788411052243,True,True,0.75,1.0,7.704788411052243,wind_stuck_7_days,2014
14491,US-Twt,US-Bi1,2014-08-17,6.54242554,6.7,6.7,0.6231009465972717,0.6231009465972717,0.18322794198922432,0.26796272812906385,-0.14543347068849324,-0.15778858330213819,-0.04092655798794713,-0.6231009465972717,1.1365509253852144,0.3305983152241958,7.323100946597272,True,7.323100946597272,True,7.323100946597272,True,6.7,False,6.7,False,6.7,False,6.7,False,7.167325709947954,6.7,True,False,0.75,0.0,7.323100946597272,wind_stuck_7_days,2014
14492,US-Twt,US-Bi1,2014-08-25,5.80873825,6.1,6.1,0.4744924922449615,0.4744924922449615,0.1521047395319306,0.6042732008139089,-0.031949172258843,-0.0023950550912604563,0.00016100240275553112,-0.4744924922449615,1.1365509253852144,0.3305983152241958,6.5744924922449615,True,6.5744924922449615,True,6.5744924922449615,True,6.1,False,6.1,False,6.1,False,6.5744924922449615,True,6.455869369183721,6.250488714440326,True,True,0.75,0.3171572088070795,6.5744924922449615,wind_stuck_7_days,2014
14493,US-Twt,US-Bi1,2014-09-02,5.78514893,5.4,5.4,0.023196445832212913,0.023196445832212913,0.1413475901813241,0.45250464896188614,-0.008158507403172567,-0.012824392573945551,0.006246402406003181,0.02319644583221292,1.1365509253852144,0.3305983152241958,5.423196445832213,True,5.423196445832213,True,5.423196445832213,True,5.4,False,5.4,False,5.4,False,5.423196445832213,True,5.41739733437416,5.421610264582519,True,True,0.75,0.9316196428898019,5.423196445832213,wind_stuck_7_days,2014
14494,US-Twt,US-Bi1,2014-09-10,4.07596124,5.0,5.0,0.0058232531325464795,0.0058232531325464795,0.21524596032155685,0.4461567316530675,-0.009772803603852426,-0.012824392573945551,-0.0009695257422353634,-0.005823253132546502,1.1365509253852144,0.3305983152241958,5.005823253132546,True,5.005823253132546,True,5.005823253132546,True,5.0,False,5.0,False,5.0,False,5.0,False,5.00436743984941,5.005823253132546,True,True,0.75,1.0,5.005823253132546,wind_stuck_7_days,2014
14495,US-Twt,US-Bi1,2014-10-04,2.27629314,2.6,2.6,-0.25234819205295894,0.25234819205295894,0.35587458128051724,0.6482941242760587,0.052892035186183184,0.043611197718201745,-0.003527434260294452,0.25234819205295894,1.1365509253852144,0.3305983152241958,2.347651807947041,True,2.6,False,2.347651807947041,True,2.347651807947041,True,2.347651807947041,True,2.347651807947041,True,2.6,False,2.4107388559602807,2.359719856443612,True,True,0.75,0.9521769964017087,2.347651807947041,wind_stuck_7_days,2014
14496,US-Twt,US-Bi1,2014-10-12,2.1619319,2.4,2.4,-0.5999218941313645,0.5999218941313645,0.1420123120152736,0.5499927878951545,0.06575971587245086,0.07974877182301685,0.006246402406003181,-0.12378569413136453,1.1365509253852144,0.3305983152241958,1.8000781058686353,True,1.8000781058686353,True,1.8000781058686353,True,1.8000781058686353,True,1.8000781058686353,True,1.8000781058686353,True,1.8000781058686353,True,1.9500585794014764,1.9954041903171136,True,True,0.75,0.6744141423088191,1.8000781058686353,wind_stuck_7_days,2014
14497,US-Twt,US-Bi1,2014-10-28,1.3387133,2.3,2.3,-0.5629795850547492,0.5629795850547492,0.12636018138091895,0.4590611222764071,0.13680853899814102,0.08078557486312014,-0.008259194526469157,0.5629795850547492,1.1365509253852144,0.3305983152241958,1.7370204149452506,True,1.7370204149452506,True,1.7370204149452506,True,1.7370204149452506,True,1.7370204149452506,True,1.7370204149452506,True,2.3,False,1.8777653112089379,1.862203592887796,True,True,0.75,0.7776417098137378,1.7370204149452506,wind_stuck_7_days,2014
14498,US-Twt,US-Bi1,2014-11-05,1.52324036,1.7,1.7,-0.41509779422722987,0.41509779422722987,0.11750637102065725,0.38031511905864657,0.08773025451085292,0.08158542025704574,-0.012283897400880105,-0.061578514227229875,1.1365509253852144,0.3305983152241958,1.2849022057727701,True,1.2849022057727701,True,1.2849022057727701,True,1.2849022057727701,True,1.2849022057727701,True,1.2849022057727701,True,1.7,False,1.3886766543295774,1.4586978654681202,True,True,0.75,0.5813139406849942,1.2849022057727701,wind_stuck_7_days,2014
14499,US-Twt,US-Bi1,2014-11-29,1.16727952,0.4,0.4,0.2321208024515029,0.2321208024515029,0.16099968181779786,0.4578001484545422,0.013086135998767436,0.011430322777225433,-0.016084758600570584,0.2321208024515029,1.1365509253852144,0.3305983152241958,0.6321208024515029,True,0.6321208024515029,True,0.6321208024515029,True,0.6321208024515029,True,0.6321208024515029,True,0.6321208024515029,True,0.4,False,0.5740906018386271,0.5547017893276306,True,True,0.75,0.6664710258355776,0.6321208024515029,wind_stuck_7_days,2014
14500,US-Twt,US-Bi1,2014-12-31,5.0789433,2.0,2.0,-0.5323944406588428,0.5323944406588428,0.13316295050722843,0.7096814684362608,0.14130111478630514,0.08078557486312014,-0.012283897400880105,-0.5323944406588428,1.1365509253852144,0.3305983152241958,1.4676055593411572,True,1.4676055593411572,True,1.4676055593411572,True,1.4676055593411572,True,1.4676055593411572,True,1.4676055593411572,True,2.0,False,1.600704169505868,1.5458087009712749,True,True,0.75,0.8531105217151768,1.4676055593411572,wind_stuck_7_days,2014
15147,US-Var,SLM001,2014-01-05,0.2246204,0.1,0.1,0.06649484706272472,0.06649484706272472,0.09408954876797417,0.3857329406858863,0.012517771494700018,0.010535594434976628,-0.012283897400880105,0.06649484706272472,1.1365509253852144,0.3305983152241958,0.16649484706272472,True,0.16649484706272472,True,0.16649484706272472,True,0.16649484706272472,True,0.16649484706272472,True,0.16649484706272472,True,0.1,False,0.14987113529704355,0.16649484706272472,True,True,0.75,1.0,0.16649484706272472,wind_stuck_7_days,2014
15148,US-Var,SLM001,2014-01-13,0.16992709,0.3,0.3,0.07623738342477655,0.07623738342477655,0.10450352941428706,0.30344215355639675,0.014700432199447291,0.011430322777225433,-0.012283897400880105,-0.07623738342477654,1.1365509253852144,0.3305983152241958,0.37623738342477653,True,0.37623738342477653,True,0.37623738342477653,True,0.37623738342477653,True,0.37623738342477653,True,0.37623738342477653,True,0.3,False,0.3571780375685824,0.37623738342477653,True,True,0.75,1.0,0.37623738342477653,wind_stuck_7_days,2014
15149,US-Var,SLM001,2014-01-14,0.17065146,0.2,0.2,0.011403593735719702,0.011403593735719702,0.09645091243832796,0.30283009460208216,0.012517771494700018,0.010535594434976628,-0.012283897400880105,-0.011403593735719704,1.1365509253852144,0.3305983152241958,0.2114035937357197,True,0.2114035937357197,True,0.2114035937357197,True,0.2114035937357197,True,0.2114035937357197,True,0.2114035937357197,True,0.2,False,0.2085526953017898,0.2114035937357197,True,True,0.75,1.0,0.22194145137556753,wind_stuck_7_days,2014
15150,US-Var,SLM001,2014-01-21,0.17145632,0.2,0.2,-0.00649659762040376,0.00649659762040376,0.12494181117807612,0.5962446225129551,0.002191330486393614,0.010535594434976628,-0.012283897400880105,0.006496597620403759,1.1365509253852144,0.3305983152241958,0.19350340237959626,True,0.19350340237959626,True,0.19350340237959626,True,0.19350340237959626,True,0.19350340237959626,True,0.19350340237959626,True,0.2,False,0.19512755178469718,0.19350340237959626,True,True,0.75,1.0,0.20468576397560123,wind_stuck_7_days,2014
15151,US-Var,SLM001,2014-01-22,0.15600484,0.2,0.2,0.050419391912788894,0.050419391912788894,0.11362799272583271,0.3780398054435913,0.012517771494700018,0.010535594434976628,-0.012283897400880105,-0.050419391912788894,1.1365509253852144,0.3305983152241958,0.2504193919127889,True,0.2504193919127889,True,0.2504193919127889,True,0.2504193919127889,True,0.2504193919127889,True,0.2504193919127889,True,0.2,False,0.23781454393459167,0.2504193919127889,True,True,0.75,1.0,0.2504193919127889,wind_stuck_7_days,2014
15152,US-Var,SLM001,2014-02-22,1.2680119,0.6,0.6,0.38554420148965285,0.38554420148965285,0.14208919659804875,0.4966598019712,0.026653922100273984,0.02061926422853999,-0.018369297404127755,0.38554420148965285,1.1365509253852144,0.3305983152241958,0.9855442014896528,True,0.9855442014896528,True,0.9855442014896528,True,0.9855442014896528,True,0.9855442014896528,True,0.9855442014896528,True,0.6,False,0.8891581511172396,0.8791783198307905,True,True,0.75,0.7241149490826491,0.9855442014896528,wind_stuck_7_days,2014
15153,US-Var,SLM001,2014-02-23,1.33420106,1.2,1.2,0.1465931570431001,0.1465931570431001,0.1343573680629136,0.38545100201615917,0.01511869232226161,0.011430322777225433,-0.012283897400880105,0.12180896295690008,1.1365509253852144,0.3305983152241958,1.3465931570431,True,1.3465931570431,True,1.3465931570431,True,1.3465931570431,True,1.3465931570431,True,1.3465931570431,True,1.2,False,1.309944867782325,1.3465931570431,True,True,0.75,1.0,1.3464346331088772,wind_stuck_7_days,2014
15154,US-Var,SLM001,2014-03-11,2.82158676,1.9,1.9,0.09272052132133729,0.09272052132133729,0.10517682605653195,0.46865168660636164,0.01511869232226161,0.011430322777225433,0.0022216995315922283,0.09272052132133735,1.1365509253852144,0.3305983152241958,1.9927205213213373,True,1.9927205213213373,True,1.9927205213213373,True,1.9927205213213373,True,1.9927205213213373,True,1.9927205213213373,True,1.9927205213213373,True,1.969540390991003,1.9927205213213373,True,True,0.75,1.0,1.9927205213213373,wind_stuck_7_days,2014
15155,US-Var,SLM001,2014-03-18,2.55266291,2.7,2.7,-0.2881355455110576,0.2881355455110576,0.10072092183678431,0.4000740814550034,0.0547373155110699,0.05525427184674336,0.006246402406003181,0.006538634488942763,1.1365509253852144,0.3305983152241958,2.4118644544889425,True,2.4118644544889425,True,2.4118644544889425,True,2.4118644544889425,True,2.4118644544889425,True,2.4118644544889425,True,2.4118644544889425,True,2.483898340866707,2.4396690998202004,True,True,0.75,0.9035015090486619,2.4118644544889425,wind_stuck_7_days,2014
15156,US-Var,SLM001,2014-03-19,2.76316574,2.4,2.4,-0.1840114614364737,0.1840114614364737,0.1937039918379384,0.4795783908471094,0.02902965037905241,0.028559105954230543,-0.012060055726159636,-0.18401146143647373,1.1365509253852144,0.3305983152241958,2.215988538563526,True,2.215988538563526,True,2.215988538563526,True,2.215988538563526,True,2.215988538563526,True,2.215988538563526,True,2.4,False,2.2619914039226447,2.2236363266677652,True,True,0.75,0.9584385230977616,2.2117162279481173,wind_stuck_7_days,2014
15157,US-Var,SLM001,2014-04-12,3.34145213,4.3,4.3,-1.1607808847840533,1.1607808847840533,0.15633516453935611,0.38670211548536315,-0.003131665891108552,0.33197936875860806,-0.07637189724433324,0.7563148552159464,1.1365509253852144,0.3305983152241958,3.1392191152159468,True,3.1392191152159468,True,3.1392191152159468,True,4.3,False,4.3,False,3.1392191152159468,True,4.3,False,3.42941433641196,3.463251715422835,True,True,0.75,0.7208494691337288,3.1392191152159468,wind_stuck_7_days,2014
15158,US-Var,SLM001,2014-04-19,3.58308073,4.3,4.3,-0.8958419561849622,0.8958419561849622,0.17316320454536918,0.3624166765641091,-0.23600896777259217,-0.052185806252109945,-0.03397368432460104,0.5379965838150378,1.1365509253852144,0.3305983152241958,3.4041580438150376,True,3.4041580438150376,True,3.4041580438150376,True,4.3,False,4.3,False,4.3,False,4.3,False,3.6281185328612784,3.8990064615985514,True,True,0.75,0.44761638549406874,3.4041580438150376,wind_stuck_7_days,2014
15159,US-Var,SLM001,2014-04-20,3.9649397,4.2,4.2,-0.6156169911181502,0.6156169911181502,0.19714427924143296,0.3840451251835835,-0.04894608009268549,0.03170064333764575,0.002445541206312702,-0.14549639111814971,1.1365509253852144,0.3305983152241958,3.58438300888185,True,3.58438300888185,True,3.58438300888185,True,4.2,False,4.2,False,3.58438300888185,True,3.58438300888185,True,3.7382872566613874,3.8468524159502353,True,True,0.75,0.5736482084556179,3.58438300888185,wind_stuck_7_days,2014
15160,US-Var,SLM001,2014-04-28,3.79284341,4.2,4.2,-0.7315805954740098,0.7315805954740098,0.1668597467331237,0.29014583915751085,-0.04894608009268549,0.03170064333764575,0.002445541206312702,0.0827325845259903,1.1365509253852144,0.3305983152241958,3.4684194045259904,True,3.4684194045259904,True,3.4684194045259904,True,4.2,False,4.2,False,3.4684194045259904,True,3.4684194045259904,True,3.651314553394493,3.932210883408013,True,True,0.75,0.36604185273459827,3.4684194045259904,wind_stuck_7_days,2014
15161,US-Var,SLM001,2014-05-05,2.3655329,4.0,4.0,-0.7304069801186328,0.7304069801186328,0.18638152976708963,0.4356434722023363,0.003166231387611791,0.03170064333764575,0.002445541206312702,0.7304069801186328,1.1365509253852144,0.3305983152241958,3.269593019881367,True,3.269593019881367,True,3.269593019881367,True,3.269593019881367,True,3.269593019881367,True,3.269593019881367,True,3.269593019881367,True,3.4521947649110256,3.7246000075716834,True,True,0.75,0.3770500555506548,3.269593019881367,wind_stuck_7_days,2014
15162,US-Var,SLM001,2014-05-13,2.09878257,3.8,3.8,0.1380162463685545,0.1380162463685545,0.25363570234386357,0.6833379184190974,0.011488510613085728,-0.0047692877605983505,-0.0009695257422353634,-0.13801624636855458,1.1365509253852144,0.3305983152241958,3.938016246368554,True,3.938016246368554,True,3.938016246368554,True,3.938016246368554,True,3.938016246368554,True,3.8,False,3.8,False,3.9035121847764156,3.938016246368554,True,True,0.75,1.0,3.938016246368554,wind_stuck_7_days,2014
15163,US-Var,SLM001,2014-05-14,2.2053685,4.2,4.2,0.4297438126683465,0.4297438126683465,0.2845994049362287,0.7017298617407963,0.005815563296313861,-0.0024126627662069155,-0.007054925745483016,-0.4297438126683466,1.1365509253852144,0.3305983152241958,4.629743812668346,True,4.629743812668346,True,4.629743812668346,True,4.629743812668346,True,4.629743812668346,True,4.2,False,4.2,False,4.52230785950126,4.332743157014288,True,True,0.75,0.3088890476166824,4.629743812668346,wind_stuck_7_days,2014
15164,US-Var,SLM001,2014-05-21,1.53034494,3.5,3.5,-0.4469103876667435,0.4469103876667435,0.15745147915077873,0.38002391231967075,-0.03990780365489791,0.04169265725512499,0.006246402406003181,0.4469103876667435,1.1365509253852144,0.3305983152241958,3.0530896123332565,True,3.0530896123332565,True,3.0530896123332565,True,3.5,False,3.5,False,3.0530896123332565,True,3.0530896123332565,True,3.1648172092499425,3.0530896123332565,True,True,0.75,1.0,3.0530896123332565,wind_stuck_7_days,2014
15165,US-Var,SLM001,2014-05-22,1.24735559,2.8,2.8,-1.023761580540534,1.023761580540534,0.1986045810671976,0.45955059577851565,-0.12623530787380005,-0.03923501484596943,0.03320165772198842,1.023761580540534,1.1365509253852144,0.3305983152241958,1.7762384194594658,True,1.7762384194594658,True,1.7762384194594658,True,2.8,False,2.8,False,2.8,False,1.7762384194594658,True,2.0321788145945994,2.601129665431071,True,True,0.75,0.19425453967898226,1.7762384194594658,wind_stuck_7_days,2014
15166,US-Var,SLM001,2014-05-29,0.61290988,2.5,2.5,-0.7868863898338186,0.7868863898338186,0.26727390189858574,0.4799007026614678,0.02651576223581146,0.019153222535960693,-0.02616310790260259,0.7868863898338185,1.1365509253852144,0.3305983152241958,1.7131136101661815,True,1.7131136101661815,True,1.7131136101661815,True,1.7131136101661815,True,1.7131136101661815,True,1.7131136101661815,True,2.5,False,1.9098352076246359,2.2283452333667824,True,True,0.75,0.3452274307229893,1.7131136101661815,wind_stuck_7_days,2014
15167,US-Var,SLM001,2014-05-30,0.63654261,2.0,2.0,-0.37079667436844754,0.37079667436844754,0.19229356425013858,0.46156169771422045,0.004886956117088191,0.006458127392200058,-0.017133624788568672,0.37079667436844754,1.1365509253852144,0.3305983152241958,1.6292033256315523,True,1.6292033256315523,True,1.6292033256315523,True,1.6292033256315523,True,1.6292033256315523,True,1.6292033256315523,True,2.0,False,1.7219024942236643,1.7592903698248312,True,True,0.75,0.6491687946909255,1.6292033256315523,wind_stuck_7_days,2014
15168,US-Var,SLM001,2014-06-06,0.28466217,3.1,3.1,-0.752902694409902,0.752902694409902,0.2568985158126969,0.5964033207930237,-0.09059417431059658,-0.05285102698114907,-0.038642528741976344,0.7529026944099022,1.1365509253852144,0.3305983152241958,2.347097305590098,True,2.347097305590098,True,2.347097305590098,True,3.1,False,3.1,False,3.1,False,3.1,False,2.5353229791925735,2.8657801711427924,True,True,0.75,0.3110891096501927,2.347097305590098,wind_stuck_7_days,2014
15169,US-Var,SLM001,2014-06-07,0.26248173,2.9,2.9,-0.9437379174267235,0.9437379174267235,0.2559175988495863,0.54813268039155,-0.09484996995533831,-0.037170752359890036,-0.15038119350045281,0.9437379174267235,1.1365509253852144,0.3305983152241958,1.9562620825732764,True,1.9562620825732764,True,1.9562620825732764,True,2.9,False,2.9,False,2.9,False,2.9,False,2.1921965619299573,2.7888762487700354,True,True,0.75,0.11774852867304968,1.9562620825732764,wind_stuck_7_days,2014
15170,US-Var,SLM001,2014-06-15,0.1688591,2.5,2.5,-0.5033149014169861,0.5033149014169861,0.17297709927839766,0.5067940211701462,0.040167545224130526,0.04139184446213907,-0.0805843955746719,0.503314901416986,1.1365509253852144,0.3305983152241958,1.996685098583014,True,1.996685098583014,True,1.996685098583014,True,1.996685098583014,True,1.996685098583014,True,1.996685098583014,True,2.5,False,2.1225138239372603,2.311790209504001,True,True,0.75,0.3739404296716246,1.996685098583014,wind_stuck_7_days,2014
15171,US-Var,SLM001,2014-06-22,0.19685315,2.9,2.9,-0.5106730042017286,0.5106730042017286,0.19967530116596197,0.5341529818566151,0.008167594083684594,0.03446468912163437,-0.0805843955746719,0.5106730042017285,1.1365509253852144,0.3305983152241958,2.3893269957982715,True,2.3893269957982715,True,2.3893269957982715,True,2.3893269957982715,True,2.3893269957982715,True,2.3893269957982715,True,2.9,False,2.5169952468487033,2.766629797547317,True,True,0.75,0.2611655626111739,2.3893269957982715,wind_stuck_7_days,2014
15172,US-Var,SLM001,2014-06-23,0.19067865,2.3,2.3,-0.816725357956475,0.816725357956475,0.21013050619801077,0.43322882433861387,0.02587886005637425,-0.01419068585940823,-0.12272766255850077,0.816725357956475,1.1365509253852144,0.3305983152241958,1.4832746420435248,True,1.4832746420435248,True,1.4832746420435248,True,1.4832746420435248,True,1.4832746420435248,True,2.3,False,2.3,False,1.6874559815326435,2.1270256337861175,True,True,0.75,0.21179012568763725,1.4832746420435248,wind_stuck_7_days,2014
15173,US-Var,SLM001,2014-06-30,0.02680779,2.0,2.0,-0.3449312482572986,0.3449312482572986,0.2076135702066807,0.5506892194271258,0.0037069511887215375,0.00996816148582443,-0.08802416539763093,0.3449312482572986,1.1365509253852144,0.3305983152241958,1.6550687517427014,True,1.6550687517427014,True,1.6550687517427014,True,1.6550687517427014,True,1.6550687517427014,True,1.6550687517427014,True,2.0,False,1.741301563807026,1.8047483840038705,True,True,0.75,0.5660595176070655,1.6550687517427014,wind_stuck_7_days,2014
15174,US-Var,SLM001,2014-07-01,0.03770034,2.9,2.9,-0.6917318027427546,0.6917318027427546,0.22978522863878417,0.568973956092794,-0.029377031565180085,0.02312604502756277,-0.1139619679695391,0.6917318027427548,1.1365509253852144,0.3305983152241958,2.2082681972572455,True,2.2082681972572455,True,2.2082681972572455,True,2.9,False,2.9,False,2.2082681972572455,True,2.9,False,2.3812011479429342,2.7573358899154834,True,True,0.75,0.20624194162946619,2.2082681972572455,wind_stuck_7_days,2014
15175,US-Var,SLM001,2014-07-09,-0.0294977,2.1,2.1,-0.9514351043787379,0.9514351043787379,0.1958065306543236,0.4338830347769891,-0.12458894346585407,-0.05453630685428443,-0.037064110353343276,0.9514351043787379,1.1365509253852144,0.3305983152241958,1.1485648956212622,True,1.1485648956212622,True,1.1485648956212622,True,2.1,False,2.1,False,2.1,False,2.1,False,1.3864236717159466,1.9114643048924118,True,True,0.75,0.19815927984988227,1.1485648956212622,wind_stuck_7_days,2014
15176,US-Var,SLM001,2014-07-16,-0.02885222,1.9,1.9,0.9870019687901106,0.9870019687901106,0.2231299715485567,0.5026504386800179,0.04939196516563428,0.04023310067220158,-0.14402656922055235,-0.9870019687901106,1.1365509253852144,0.3305983152241958,2.8870019687901105,True,2.8870019687901105,True,2.8870019687901105,True,2.8870019687901105,True,2.8870019687901105,True,2.8870019687901105,True,1.9,False,2.640251476592583,2.576391615152824,True,True,0.75,0.685299154957067,2.8870019687901105,wind_stuck_7_days,2014
15177,US-Var,SLM001,2014-07-17,-0.00261861,2.8,2.8,-0.9717200090549227,0.9717200090549227,0.20135718887208176,0.35335854203234435,-0.13139122503175277,-0.03923501484596943,-0.005005523519088155,0.9717200090549227,1.1365509253852144,0.3305983152241958,1.828279990945077,True,1.828279990945077,True,1.828279990945077,True,2.8,False,2.8,False,2.8,False,2.8,False,2.0712099932088077,2.634298050025835,True,True,0.75,0.17052437783526128,1.828279990945077,wind_stuck_7_days,2014
15178,US-Var,SLM001,2014-07-24,0.12032654,1.5,1.5,-0.7412658910083337,0.7412658910083337,0.19881681306476487,0.4405350513941567,0.06489022035149412,0.06607798644624031,-0.0015791616680982505,0.7412658910083337,1.1365509253852144,0.3305983152241958,0.7587341089916663,True,0.7587341089916663,True,0.7587341089916663,True,0.7587341089916663,True,0.7587341089916663,True,0.7587341089916663,True,1.5,False,0.9440505817437497,1.214544483812525,True,True,0.75,0.38509193482405324,0.7587341089916663,wind_stuck_7_days,2014
15179,US-Var,SLM001,2014-07-25,0.07481193,2.4,2.4,-0.24908145866109238,0.24908145866109238,0.3021019258744424,0.6571951683414575,0.007614632503472766,-0.0006555909425602108,-0.029003409702079527,0.24908145866109255,1.1365509253852144,0.3305983152241958,2.1509185413389074,True,2.1509185413389074,True,2.1509185413389074,True,2.1509185413389074,True,2.1509185413389074,True,2.4,False,2.4,False,2.2131889060041807,2.2454571212875516,True,True,0.75,0.6204511549883116,2.1509185413389074,wind_stuck_7_days,2014
15180,US-Var,SLM001,2014-08-01,0.06990015,2.0,2.0,0.02117106413702092,0.02117106413702092,0.2860064853927281,0.588231909024462,-0.01618037881892405,-0.005274674987147971,-0.08802416539763093,-0.021171064137020856,1.1365509253852144,0.3305983152241958,2.021171064137021,True,2.021171064137021,True,2.021171064137021,True,2.0,False,2.0,False,2.0,False,2.0,False,2.015878298102766,2.0141892338011407,True,True,0.75,0.6702182615529818,1.8515563251244986,wind_stuck_7_days,2014
15181,US-Var,SLM001,2014-08-02,0.03789901,5.4,5.4,0.428160808105852,0.428160808105852,0.15343031630005774,0.6123412037979767,-0.10249909714309803,-0.048127392848195394,-0.07678353437498142,-0.42816080810585166,1.1365509253852144,0.3305983152241958,5.828160808105852,True,5.828160808105852,True,5.828160808105852,True,5.4,False,5.4,False,5.4,False,5.4,False,5.721120606079389,5.4,True,False,0.75,0.0,5.828160808105852,wind_stuck_7_days,2014
15182,US-Var,SLM001,2014-08-09,0.0131572,1.7,1.7,-1.0640711202982867,1.0640711202982867,0.15274432698843896,0.35545005436349697,-0.1301975313418257,-0.07065187784376038,0.03297781604726795,1.0640711202982867,1.1365509253852144,0.3305983152241958,0.6359288797017133,True,0.6359288797017133,True,0.6359288797017133,True,1.7,False,1.7,False,1.7,False,0.6359288797017133,True,0.901946659776285,1.532559989547168,True,True,0.75,0.15735791269844276,0.6359288797017133,wind_stuck_7_days,2014
15183,US-Var,SLM001,2014-08-10,0.01822141,1.7,1.7,-1.1325262638105826,1.1325262638105826,0.1485172387684069,0.39981110705901013,-0.1301975313418257,-0.07065187784376038,0.0008929979693814032,1.1325262638105826,1.1365509253852144,0.3305983152241958,0.5674737361894173,True,0.5674737361894173,True,0.5674737361894173,True,1.7,False,1.7,False,1.7,False,0.5674737361894173,True,0.850605302142063,1.7,True,False,0.75,0.0,0.5674737361894173,wind_stuck_7_days,2014
15184,US-Var,SLM001,2014-08-17,0.12215389,1.3,1.3,-0.6710105031696917,0.6710105031696917,0.2168711397462415,0.3796725019052394,0.059734303193541366,0.06607798644624031,-0.027293390321796417,0.6710105031696917,1.1365509253852144,0.3305983152241958,0.6289894968303084,True,0.6289894968303084,True,0.6289894968303084,True,0.6289894968303084,True,0.6289894968303084,True,0.6289894968303084,True,1.3,False,0.7967421226227313,0.9809527971036464,True,True,0.75,0.47547274057447936,0.6289894968303084,wind_stuck_7_days,2014
15185,US-Var,SLM001,2014-08-18,-0.01574121,2.5,2.5,-1.0001611307531033,1.0001611307531033,0.19926712327850293,0.4114469726316193,-0.13139122503175277,-0.05348271080407699,0.03320165772198842,1.0001611307531033,1.1365509253852144,0.3305983152241958,1.4998388692468967,True,1.4998388692468967,True,1.4998388692468967,True,2.5,False,2.5,False,2.5,False,1.4998388692468967,True,1.7498791519351724,2.3102818826554254,True,True,0.75,0.18968755284633018,1.4998388692468967,wind_stuck_7_days,2014
15186,US-Var,SLM001,2014-08-25,-0.03536666,1.9,1.9,-0.8082635706092232,0.8082635706092232,0.23270269420958287,0.4690457089295018,0.038469870956439216,0.01560119252659809,-0.036059084910758085,0.8082635706092232,1.1365509253852144,0.3305983152241958,1.0917364293907768,True,1.0917364293907768,True,1.0917364293907768,True,1.0917364293907768,True,1.0917364293907768,True,1.0917364293907768,True,1.9,False,1.2938023220430825,1.6334275304678336,True,True,0.75,0.32980883863321847,1.0917364293907768,wind_stuck_7_days,2014
15187,US-Var,SLM001,2014-08-26,0.00503449,1.3,1.3,-0.4278143643467942,0.4278143643467942,0.13407115319524512,0.406188128279076,0.07009490570726118,0.0810741406677932,0.0022216995315922283,0.4278143643467942,1.1365509253852144,0.3305983152241958,0.8721856356532058,True,0.8721856356532058,True,0.8721856356532058,True,0.8721856356532058,True,0.8721856356532058,True,0.8721856356532058,True,0.8721856356532058,True,0.9791392267399044,1.0905867620917964,True,True,0.75,0.4894955741562,0.8721856356532058,wind_stuck_7_days,2014
15188,US-Var,SLM001,2014-09-02,0.00315692,1.2,1.2,-0.4876137766196461,0.4876137766196461,0.06286459450748075,0.28973482025171543,0.07803357273916968,0.06970679451349655,0.0022216995315922283,0.4876137766196461,1.1365509253852144,0.3305983152241958,0.7123862233803538,True,0.7123862233803538,True,0.7123862233803538,True,0.7123862233803538,True,0.7123862233803538,True,0.7123862233803538,True,0.7123862233803538,True,0.8342896675352653,0.8546746467344215,True,True,0.75,0.7081944149722885,0.7123862233803538,wind_stuck_7_days,2014
15189,US-Var,SLM001,2014-09-03,0.03765176,1.4,1.4,-0.4850985700260787,0.4850985700260787,0.10743966768407556,0.35942394967015423,0.08105845205751953,0.08729348227222333,0.0022216995315922283,0.4850985700260787,1.1365509253852144,0.3305983152241958,0.9149014299739212,True,0.9149014299739212,True,0.9149014299739212,True,0.9149014299739212,True,0.9149014299739212,True,0.9149014299739212,True,0.9149014299739212,True,1.036176072480441,1.0564559019964874,True,True,0.75,0.7081944149722885,0.9149014299739212,wind_stuck_7_days,2014
15190,US-Var,SLM001,2014-09-10,0.02504538,1.1,1.1,-0.24219418385761574,0.24219418385761574,0.17125341520748394,0.4292487135479764,0.03756932316681941,0.043611197718201745,-0.0015791616680982505,0.2421941838576157,1.1365509253852144,0.3305983152241958,0.8578058161423844,True,0.8578058161423844,True,0.8578058161423844,True,0.8578058161423844,True,0.8578058161423844,True,0.8578058161423844,True,1.1,False,0.9183543621067882,0.8787987848237936,True,True,0.75,0.9133217472565284,0.8578058161423844,wind_stuck_7_days,2014
15191,US-Var,SLM001,2014-09-11,-0.00338202,0.9,0.9,-0.19590589228513228,0.19590589228513228,0.21500601711890574,0.48979460785892853,0.02902965037905241,0.028559105954230543,-0.004994228616646318,0.19590589228513222,1.1365509253852144,0.3305983152241958,0.7040941077148677,True,0.7040941077148677,True,0.7040941077148677,True,0.7040941077148677,True,0.7040941077148677,True,0.7040941077148677,True,0.9,False,0.7530705807861509,0.727583389102429,True,True,0.75,0.8800991582561809,0.7040941077148677,wind_stuck_7_days,2014
15192,US-Var,SLM001,2014-09-19,-0.01817754,1.2,1.2,-0.1621986368290859,0.1621986368290859,0.2302516814930758,0.47628372062491786,0.02902965037905241,0.028559105954230543,-0.004994228616646318,0.16219863682908597,1.1365509253852144,0.3305983152241958,1.037801363170914,True,1.037801363170914,True,1.037801363170914,True,1.037801363170914,True,1.037801363170914,True,1.037801363170914,True,1.2,False,1.0783510223781856,1.037801363170914,True,True,0.75,1.0,1.037801363170914,wind_stuck_7_days,2014
15193,US-Var,SLM001,2014-09-26,0.76245626,1.2,1.2,0.18651311482742597,0.18651311482742597,0.09611120385952306,0.4903876272507378,0.01511869232226161,0.011430322777225433,-0.012283897400880105,-0.18651311482742594,1.1365509253852144,0.3305983152241958,1.386513114827426,True,1.386513114827426,True,1.386513114827426,True,1.386513114827426,True,1.386513114827426,True,1.386513114827426,True,1.2,False,1.3398848361205695,1.3767483127411086,True,True,0.75,0.9476454934798966,1.386513114827426,wind_stuck_7_days,2014
15194,US-Var,SLM001,2014-10-04,0.32596702,0.6,0.6,0.009562549437295531,0.009562549437295531,0.30456524200936946,0.8002663209167518,0.016103180349597682,0.011430322777225433,-0.01949982554911865,-0.009562549437295509,1.1365509253852144,0.3305983152241958,0.6095625494372955,True,0.6095625494372955,True,0.6095625494372955,True,0.6095625494372955,True,0.6095625494372955,True,0.6095625494372955,True,0.6,False,0.6071719120779716,0.6095625494372955,True,True,0.75,1.0,0.6992553879115909,wind_stuck_7_days,2014
15195,US-Var,SLM001,2014-10-05,0.2608974,0.8,0.8,-0.017762074430180116,0.017762074430180116,0.30149963087579174,0.7488428771221143,0.016103180349597682,0.011430322777225433,-0.01949982554911865,0.017762074430180075,1.1365509253852144,0.3305983152241958,0.78223792556982,True,0.78223792556982,True,0.78223792556982,True,0.78223792556982,True,0.78223792556982,True,0.78223792556982,True,0.8,False,0.786678444177365,0.78223792556982,True,True,0.75,1.0,0.8395396103007788,wind_stuck_7_days,2014
15196,US-Var,SLM001,2014-10-12,0.20022319,0.3,0.3,0.1954529541972796,0.1954529541972796,0.1155663663731483,0.40526621429785364,0.014700432199447291,0.011430322777225433,0.0022216995315922283,-0.1954529541972796,1.1365509253852144,0.3305983152241958,0.4954529541972796,True,0.4954529541972796,True,0.4954529541972796,True,0.4954529541972796,True,0.4954529541972796,True,0.4954529541972796,True,0.4954529541972796,True,0.4465897156479597,0.47305079509628567,True,True,0.75,0.8853833691437458,0.4954529541972796,wind_stuck_7_days,2014
15197,US-Var,SLM001,2014-10-13,0.12161484,0.4,0.4,0.09279775217589323,0.09279775217589323,0.11597583563436017,0.29758520892397927,0.014700432199447291,0.011430322777225433,0.0022216995315922283,-0.09279775217589326,1.1365509253852144,0.3305983152241958,0.4927977521758933,True,0.4927977521758933,True,0.4927977521758933,True,0.4927977521758933,True,0.4927977521758933,True,0.4927977521758933,True,0.4927977521758933,True,0.46959831413191994,0.4927977521758933,True,True,0.75,1.0,0.4927977521758933,wind_stuck_7_days,2014
15198,US-Var,SLM001,2014-10-20,0.01853128,0.2,0.2,0.3831476204003929,0.3831476204003929,0.11635720295713878,0.5411259260021027,0.06690232727724632,0.06339786849835082,-0.018369297404127755,-0.38314762040039285,1.1365509253852144,0.3305983152241958,0.5831476204003929,True,0.5831476204003929,True,0.5831476204003929,True,0.5831476204003929,True,0.5831476204003929,True,0.5831476204003929,True,0.2,False,0.4873607153002947,0.5024228531131658,True,True,0.75,0.7893115786472352,0.5831476204003929,wind_stuck_7_days,2014
15199,US-Var,SLM001,2014-10-21,0.24688027,0.7,0.7,-0.035297831688894186,0.035297831688894186,0.08857728969180685,0.3701843358183596,0.01511869232226161,0.011430322777225433,-0.012283897400880105,0.035297831688894166,1.1365509253852144,0.3305983152241958,0.6647021683111057,True,0.6647021683111057,True,0.6647021683111057,True,0.6647021683111057,True,0.6647021683111057,True,0.6647021683111057,True,0.7,False,0.6735266262333293,0.6647021683111057,True,True,0.75,1.0,0.6647021683111057,wind_stuck_7_days,2014
15200,US-Var,SLM001,2014-10-28,0.32548514,0.8,0.8,-0.32499788011925035,0.32499788011925035,0.16028064764024508,0.3442783501164507,0.04090199604047603,0.05280013916951629,-0.016084758600570584,0.32499788011925035,1.1365509253852144,0.3305983152241958,0.4750021198807497,True,0.4750021198807497,True,0.4750021198807497,True,0.4750021198807497,True,0.4750021198807497,True,0.4750021198807497,True,0.8,False,0.5562515899105622,0.554093286289786,True,True,0.75,0.7566409775349436,0.4750021198807497,wind_stuck_7_days,2014
15201,US-Var,SLM001,2014-10-29,0.22421148,0.8,0.8,-0.34481665645493076,0.34481665645493076,0.10903690508811795,0.41310379370496186,0.050718849145511655,0.05280013916951629,-0.012283897400880105,0.34481665645493076,1.1365509253852144,0.3305983152241958,0.4551833435450693,True,0.4551833435450693,True,0.4551833435450693,True,0.4551833435450693,True,0.4551833435450693,True,0.4551833435450693,True,0.8,False,0.541387507658802,0.5677447231274484,True,True,0.75,0.6735616523296015,0.4551833435450693,wind_stuck_7_days,2014
15202,US-Var,SLM001,2014-11-05,0.31599972,0.6,0.6,-0.23617897348858694,0.23617897348858694,0.18485154612757407,0.2799010122991056,0.03756932316681941,0.043611197718201745,-0.016084758600570584,0.23617897348858694,1.1365509253852144,0.3305983152241958,0.363821026511413,True,0.363821026511413,True,0.363821026511413,True,0.363821026511413,True,0.363821026511413,True,0.363821026511413,True,0.6,False,0.4228657698835598,0.3681036596259528,True,True,0.75,0.9818670008964759,0.37435037113541986,wind_stuck_7_days,2014
15203,US-Var,SLM001,2014-11-06,0.40523991,0.5,0.5,-0.18450271658520684,0.18450271658520684,0.10478125705721288,0.34074720307713696,0.030643946579732267,0.028559105954230543,-0.012283897400880105,0.0050174634147932,1.1365509253852144,0.3305983152241958,0.31549728341479316,True,0.31549728341479316,True,0.31549728341479316,True,0.31549728341479316,True,0.31549728341479316,True,0.31549728341479316,True,0.5,False,0.3616229625610949,0.32316548880854945,True,True,0.75,0.9584385230977616,0.31549728341479316,wind_stuck_7_days,2014
15204,US-Var,SLM001,2014-11-14,0.6843686,0.7,0.7,0.1460623312786245,0.1460623312786245,0.1556801810786977,0.45545868395873174,0.013504396121581753,0.011430322777225433,-0.012283897400880105,-0.1460623312786245,1.1365509253852144,0.3305983152241958,0.8460623312786244,True,0.8460623312786244,True,0.8460623312786244,True,0.8460623312786244,True,0.8460623312786244,True,0.8460623312786244,True,0.7,False,0.8095467484589683,0.8460623312786244,True,True,0.75,1.0,0.8460623312786244,wind_stuck_7_days,2014
15205,US-Var,SLM001,2014-12-16,0.87779185,0.7,0.7,0.3809525687032854,0.3809525687032854,0.22241368014159707,0.732040388429688,0.03851742888568784,0.02061926422853999,-0.025585225552366298,-0.025368868703285252,1.1365509253852144,0.3305983152241958,1.0809525687032853,True,1.0809525687032853,True,1.0809525687032853,True,1.0809525687032853,True,1.0809525687032853,True,1.0809525687032853,True,0.7,False,0.985714426527464,0.9929427434450521,True,True,0.75,0.7689743225572473,1.0809525687032853,wind_stuck_7_days,2014
15206,US-Var,SLM001,2014-12-23,0.45890343,0.3,0.3,0.337675399796687,0.337675399796687,0.17780506683691719,0.5281280155950878,0.03242560761647623,0.0231241476539021,-0.022170158603818234,-0.019868539796686957,1.1365509253852144,0.3305983152241958,0.637675399796687,True,0.637675399796687,True,0.637675399796687,True,0.637675399796687,True,0.637675399796687,True,0.637675399796687,True,0.3,False,0.5532565498475153,0.5476976272980608,True,True,0.75,0.7335376738939189,0.637675399796687,wind_stuck_7_days,2014
15207,US-Var,SLM001,2014-12-31,0.42024194,0.4,0.4,0.14002533285405466,0.14002533285405466,0.1569772796141752,0.3207719540942053,0.013086135998767436,0.011430322777225433,-0.012283897400880105,-0.09954145285405475,1.1365509253852144,0.3305983152241958,0.5400253328540547,True,0.5400253328540547,True,0.5400253328540547,True,0.5400253328540547,True,0.5400253328540547,True,0.5400253328540547,True,0.4,False,0.505018999640541,0.5400253328540547,True,True,0.75,1.0,0.5400253328540547,wind_stuck_7_days,2014
15658,US-WCr,US-WCr,2014-05-24,1.9366004,2.2,2.2,0.17254129335529883,0.17254129335529883,0.1766799098804668,0.3791728929577436,0.0026946861824172974,-0.002889556650828854,0.002445541206312702,-0.17254129335529883,1.1365509253852144,0.3305983152241958,2.372541293355299,True,2.372541293355299,True,2.372541293355299,True,2.372541293355299,True,2.372541293355299,True,2.2,False,2.372541293355299,True,2.329405970016474,2.372541293355299,True,True,0.75,1.0,2.372541293355299,wind_stuck_7_days,2014
15659,US-WCr,US-WCr,2014-06-17,4.6901136,5.9,5.9,-0.4075987783920153,0.4075987783920153,0.1937488168200153,0.4194453942634083,-0.014923671243285502,0.020386616686115196,0.002445541206312702,0.4075987783920153,1.1365509253852144,0.3305983152241958,5.492401221607985,True,5.492401221607985,True,5.492401221607985,True,5.9,False,5.9,False,5.492401221607985,True,5.492401221607985,True,5.594300916205989,5.779729634985225,True,True,0.75,0.2950704746693417,5.492401221607985,wind_stuck_7_days,2014
15660,US-WCr,US-WCr,2014-08-12,3.23475154,4.2,4.2,0.509698872843266,0.509698872843266,0.18398766128030475,0.7471680987259277,0.05133115647756564,0.017481839235687684,-0.06848329745708966,-0.5096988728432659,1.1365509253852144,0.3305983152241958,4.7096988728432665,True,4.7096988728432665,True,4.7096988728432665,True,4.7096988728432665,True,4.7096988728432665,True,4.7096988728432665,True,4.2,False,4.58227415463245,4.5425326448374115,True,True,0.75,0.6720294336274539,4.7096988728432665,wind_stuck_7_days,2014
15934,US-Wkg,US-CMW,2014-02-07,0.24436595,1.3,1.3,-0.3506762374205813,0.3506762374205813,0.06995081405144242,0.3542913352840916,0.050718849145511655,0.05280013916951629,-0.012283897400880105,0.3506762374205813,1.1365509253852144,0.3305983152241958,0.9493237625794188,True,0.9493237625794188,True,0.9493237625794188,True,0.9493237625794188,True,0.9493237625794188,True,0.9493237625794188,True,1.3,False,1.036992821934564,1.0855519166439431,True,True,0.75,0.6115272735142874,0.9493237625794188,wind_stuck_7_days,2014
15935,US-Wkg,US-CMW,2014-02-15,0.17397719,0.3,0.3,0.49061002130375775,0.49061002130375775,0.16365549996707446,0.621179510212239,0.12512812695888773,0.13893967221429407,-0.007664561671345901,-0.4906100213037577,1.1365509253852144,0.3305983152241958,0.7906100213037577,True,0.7906100213037577,True,0.7906100213037577,True,0.7906100213037577,True,0.7906100213037577,True,0.7906100213037577,True,0.3,False,0.6679575159778184,0.7906100213037577,True,True,0.75,1.0,0.7906100213037577,wind_stuck_7_days,2014
15936,US-Wkg,US-CMW,2014-03-03,1.90940357,1.4,1.4,-0.07729769199431823,0.07729769199431823,0.12597803154025353,0.34300849575018083,0.01511869232226161,0.011430322777225433,-0.012283897400880105,-0.07729769199431824,1.1365509253852144,0.3305983152241958,1.3227023080056817,True,1.3227023080056817,True,1.3227023080056817,True,1.3227023080056817,True,1.3227023080056817,True,1.3227023080056817,True,1.4,False,1.3420267310042613,1.3227023080056817,True,True,0.75,1.0,1.3227023080056817,wind_stuck_7_days,2014
15937,US-Wkg,US-CMW,2014-03-11,0.42045989,0.6,0.6,0.05119053605285724,0.05119053605285724,0.17902572722911922,0.41365211247898354,0.013504396121581753,0.011430322777225433,-0.0015791616680982505,-0.05119053605285723,1.1365509253852144,0.3305983152241958,0.6511905360528573,True,0.6511905360528573,True,0.6511905360528573,True,0.6511905360528573,True,0.6511905360528573,True,0.6511905360528573,True,0.6,False,0.6383929020396429,0.6511905360528573,True,True,0.75,1.0,0.6511905360528573,wind_stuck_7_days,2014
15938,US-Wkg,US-CMW,2014-03-19,0.39973705,0.4,0.4,-0.06451491188676493,0.06451491188676493,0.11459107097078956,0.2982865083348124,0.015567422986303925,0.013410028522380093,0.0022216995315922283,-0.06398901188676485,1.1365509253852144,0.3305983152241958,0.3354850881132351,True,0.3354850881132351,True,0.3354850881132351,True,0.3354850881132351,True,0.3354850881132351,True,0.3354850881132351,True,0.3354850881132351,True,0.3516138160849263,0.3354850881132351,True,True,0.75,1.0,0.3354850881132351,wind_stuck_7_days,2014
15939,US-Wkg,US-CMW,2014-03-27,0.29526772,1.0,1.0,-0.3511591618332429,0.3511591618332429,0.13190064697823312,0.432929348644039,0.03313110092636989,0.03660156507881574,0.0022216995315922283,0.3511591618332429,1.1365509253852144,0.3305983152241958,0.6488408381667571,True,0.6488408381667571,True,0.6488408381667571,True,0.6488408381667571,True,0.6488408381667571,True,0.6488408381667571,True,0.6488408381667571,True,0.7366306286250678,0.7840212682299448,True,True,0.75,0.6150451283757715,0.6488408381667571,wind_stuck_7_days,2014
15940,US-Wkg,US-CMW,2014-04-04,0.26059973,0.3,0.3,0.2470906340047355,0.2470906340047355,0.0890744059439808,0.4105486060898194,0.015567422986303925,0.013410028522380093,0.0022216995315922283,-0.24709063400473552,1.1365509253852144,0.3305983152241958,0.5470906340047355,True,0.5470906340047355,True,0.5470906340047355,True,0.5470906340047355,True,0.5470906340047355,True,0.5470906340047355,True,0.5470906340047355,True,0.4853179755035516,0.5336082552445375,True,True,0.75,0.9454354924681619,0.5470906340047355,wind_stuck_7_days,2014
15941,US-Wkg,US-CMW,2014-04-28,0.23619463,0.7,0.7,0.22205863983705262,0.22205863983705262,0.04350565949472881,0.3856617664768147,0.015985683109118243,0.010620584229627378,0.0022216995315922283,-0.22205863983705265,1.1365509253852144,0.3305983152241958,0.9220586398370526,True,0.9220586398370526,True,0.9220586398370526,True,0.9220586398370526,True,0.9220586398370526,True,0.9220586398370526,True,0.9220586398370526,True,0.8665439798777894,0.8576246707164759,True,True,0.75,0.70983354141114,0.9220586398370526,wind_stuck_7_days,2014
15942,US-Wkg,US-CMW,2014-05-06,0.33722077,0.4,0.4,0.03313009335890819,0.03313009335890819,0.1391262924682486,0.4180119881902943,0.010471978488986795,0.008235465893308267,-0.08080823724939237,-0.03313009335890818,1.1365509253852144,0.3305983152241958,0.43313009335890823,True,0.43313009335890823,True,0.43313009335890823,True,0.43313009335890823,True,0.43313009335890823,True,0.43313009335890823,True,0.4,False,0.42484757001918116,0.424481514852886,True,True,0.75,0.738950976916075,0.43313009335890823,wind_stuck_7_days,2014
15943,US-Wkg,US-CMW,2014-05-14,0.14922995,0.3,0.3,0.23693483436505,0.23693483436505,0.1286036402821834,0.44039384817683747,0.016819364563407074,0.015084009275819099,-0.08080823724939237,-0.23693483436505003,1.1365509253852144,0.3305983152241958,0.53693483436505,True,0.53693483436505,True,0.53693483436505,True,0.53693483436505,True,0.53693483436505,True,0.53693483436505,True,0.3,False,0.4777011257737875,0.53693483436505,True,True,0.75,1.0,0.53693483436505,wind_stuck_7_days,2014
15944,US-Wkg,US-CMW,2014-05-22,0.15102541,0.2,0.2,0.5904823571342306,0.5904823571342306,0.18689194555039876,0.40328723603741023,0.1747301082828181,0.1992267652178499,-0.07657433650297153,-0.5904823571342306,1.1365509253852144,0.3305983152241958,0.7904823571342305,True,0.7904823571342305,True,0.7904823571342305,True,0.7904823571342305,True,0.7904823571342305,True,0.7904823571342305,True,0.2,False,0.642861767850673,0.6410073910608431,True,True,0.75,0.7468595559758473,0.7904823571342305,wind_stuck_7_days,2014
15945,US-Wkg,US-CMW,2014-05-30,0.26530604,0.3,0.3,0.18220030631049527,0.18220030631049527,0.1692910847921157,0.3580836734732219,0.015599491193570049,0.01548286188158305,-0.029613045627942407,-0.18220030631049527,1.1365509253852144,0.3305983152241958,0.48220030631049526,True,0.48220030631049526,True,0.48220030631049526,True,0.48220030631049526,True,0.48220030631049526,True,0.48220030631049526,True,0.3,False,0.43665022973287143,0.48220030631049526,True,True,0.75,1.0,0.48220030631049526,wind_stuck_7_days,2014
15946,US-Wkg,US-CMW,2014-06-07,0.1389327,0.9,0.9,-0.2785722900921205,0.2785722900921205,0.1467093025933426,0.32949328698953895,0.009987639789354602,0.016629758983769838,-0.08080823724939237,0.2785722900921205,1.1365509253852144,0.3305983152241958,0.6214277099078795,True,0.6214277099078795,True,0.6214277099078795,True,0.6214277099078795,True,0.6214277099078795,True,0.6214277099078795,True,0.9,False,0.6910707824309097,0.7308776647228703,True,True,0.75,0.6071039413905919,0.6214277099078795,wind_stuck_7_days,2014
15947,US-Wkg,US-CMW,2014-06-15,0.22140017,0.2,0.2,0.5700917032039221,0.5700917032039221,0.14795902115846707,0.4651343213953451,0.18095408398575033,0.20373004523043425,-0.07277347530328104,-0.5272913632039222,1.1365509253852144,0.3305983152241958,0.7700917032039221,True,0.7700917032039221,True,0.7700917032039221,True,0.7700917032039221,True,0.7700917032039221,True,0.7700917032039221,True,0.2,False,0.6275687774029416,0.6023613938113803,True,True,0.75,0.7057836336682407,0.7700917032039221,wind_stuck_7_days,2014
15948,US-Wkg,US-CMW,2014-06-23,0.049776,1.0,1.0,-0.21874514182003982,0.21874514182003982,0.1339556074027619,0.3471530076449915,0.003104703645342581,0.0072974914139915395,-0.08080823724939237,0.2187451418200398,1.1365509253852144,0.3305983152241958,0.7812548581799602,True,0.7812548581799602,True,0.7812548581799602,True,0.7812548581799602,True,0.7812548581799602,True,0.7812548581799602,True,1.0,False,0.8359411436349702,0.9640597061147492,True,True,0.75,0.1643021352895629,0.7812548581799602,wind_stuck_7_days,2014
15949,US-Wkg,US-CMW,2014-07-01,0.13862657,0.6,0.6,0.35076646034197484,0.35076646034197484,0.1150844740407159,0.4537507593884046,0.026396334170921697,0.017567733463086564,-0.08080823724939237,-0.3507664603419748,1.1365509253852144,0.3305983152241958,0.9507664603419748,True,0.9507664603419748,True,0.9507664603419748,True,0.9507664603419748,True,0.9507664603419748,True,0.9507664603419748,True,0.6,False,0.8630748452564811,0.7861264960365428,True,True,0.75,0.5306279735385232,0.9507664603419748,wind_stuck_7_days,2014
15950,US-Wkg,US-CMW,2014-09-27,2.56812698,2.5,2.5,-0.5663098435582208,0.5663098435582208,0.15077551219998692,0.38842379281083395,0.04541232242144512,0.1317886463796782,0.006246402406003181,-0.5663098435582208,1.1365509253852144,0.3305983152241958,1.9336901564417792,True,1.9336901564417792,True,1.9336901564417792,True,1.9336901564417792,True,1.9336901564417792,True,1.9336901564417792,True,1.9336901564417792,True,2.0752676173313342,2.059613844971035,True,True,0.75,0.7776417098137378,1.9336901564417792,wind_stuck_7_days,2014
15951,US-Wkg,US-CMW,2014-10-05,1.77870524,2.2,2.2,-0.8116978821387508,0.8116978821387508,0.18010746242296707,0.546544691673367,0.042757370588729755,0.03710197865654679,-0.0063201533826489605,0.030891637861249377,1.1365509253852144,0.3305983152241958,1.3883021178612494,True,1.3883021178612494,True,1.3883021178612494,True,1.3883021178612494,True,1.3883021178612494,True,1.3883021178612494,True,2.2,False,1.5912265883959371,1.8995182371370019,True,True,0.75,0.37018916702265625,1.3883021178612494,wind_stuck_7_days,2014
15952,US-Wkg,US-CMW,2014-10-21,1.05112407,1.7,1.7,-0.5106759063339391,0.5106759063339391,0.1098122964387715,0.38418121819802353,0.07546192516611437,0.09563558150046485,-0.012283897400880105,0.5106759063339391,1.1365509253852144,0.3305983152241958,1.1893240936660607,True,1.1893240936660607,True,1.1893240936660607,True,1.1893240936660607,True,1.1893240936660607,True,1.1893240936660607,True,1.7,False,1.3169930702495456,1.2950945457623486,True,True,0.75,0.7928814522392548,1.1893240936660607,wind_stuck_7_days,2014
15953,US-Wkg,US-CMW,2014-11-06,0.57917508,1.0,1.0,-0.00989905819484784,0.00989905819484784,0.09302561234049359,0.5540204074820532,0.00876932084616859,0.011430322777225433,-0.012283897400880105,0.00989905819484782,1.1365509253852144,0.3305983152241958,0.9901009418051522,True,0.9901009418051522,True,0.9901009418051522,True,0.9901009418051522,True,0.9901009418051522,True,0.9901009418051522,True,1.0,False,0.9925757063538642,0.9901009418051522,True,True,0.75,1.0,0.9901009418051522,wind_stuck_7_days,2014
15954,US-Wkg,US-CMW,2014-11-14,0.50412175,0.9,0.9,-0.13665322452845383,0.13665322452845383,0.11162229839969515,0.41023001358383054,0.025192972397682867,0.028559105954230543,-0.012283897400880105,0.13665322452845385,1.1365509253852144,0.3305983152241958,0.7633467754715462,True,0.7633467754715462,True,0.7633467754715462,True,0.7633467754715462,True,0.7633467754715462,True,0.7633467754715462,True,0.9,False,0.7975100816036597,0.7633467754715462,True,True,0.75,1.0,0.7633467754715462,wind_stuck_7_days,2014
15955,US-Wkg,US-CMW,2014-11-30,0.25976297,0.9,0.9,-0.3102174337181678,0.3102174337181678,0.0838592571663148,0.3185768640564088,0.050718849145511655,0.05280013916951629,-0.012283897400880105,0.3102174337181678,1.1365509253852144,0.3305983152241958,0.5897825662818322,True,0.5897825662818322,True,0.5897825662818322,True,0.5897825662818322,True,0.5897825662818322,True,0.5897825662818322,True,0.9,False,0.6673369247113742,0.6415288607918487,True,True,0.75,0.8331934672729325,0.5897825662818322,wind_stuck_7_days,2014
1334,LYS_NE,LYS_NE,2015-06-23,1.42254557,5.0,5.0,0.4902991544140485,0.4902991544140485,0.23373996717131956,0.580844273313921,0.002722709115227547,0.018341182111928745,-0.006447906331227204,-0.4902991544140485,1.0931697313213173,0.30718203349378476,5.490299154414048,True,5.490299154414048,True,5.490299154414048,True,5.490299154414048,True,5.490299154414048,True,5.490299154414048,True,5.0,False,5.3677243658105365,5.330048786449124,True,True,0.75,0.673157976059661,5.490299154414048,wind_stuck_7_days,2015
1335,LYS_NE,LYS_NE,2015-06-30,3.93436079,1.1,1.1,1.9555102331070728,1.9555102331070728,0.402715999243806,0.9826645659660848,0.27502966021868214,0.13886848748832023,-0.6197833870489311,1.9555102331070728,1.0931697313213173,0.30718203349378476,3.055510233107073,True,1.1,False,1.1,False,3.055510233107073,True,1.1,False,3.055510233107073,True,1.1,False,2.5666326748303048,2.2779462758207134,True,True,0.75,0.6023728517897331,3.055510233107073,wind_stuck_7_days,2015
1336,LYS_NE,LYS_NE,2015-07-01,2.27907686,1.2,1.2,0.022237835302244664,0.022237835302244664,0.21746339220060498,0.5039500200784097,0.013537197051699628,0.011664479798481838,-0.0023858715664631072,0.02223783530224477,1.0931697313213173,0.30718203349378476,1.2222378353022447,True,1.2222378353022447,True,1.2222378353022447,True,1.2222378353022447,True,1.2222378353022447,True,1.2222378353022447,True,1.2,False,1.2166783764766835,1.2222378353022447,True,True,0.75,1.0,1.2222378353022447,wind_stuck_7_days,2015
1337,LYS_NE,LYS_NE,2015-07-16,2.62913159,6.2,6.2,-0.248059772002571,0.248059772002571,0.23801489485128718,0.5404461688854159,-0.02794455369309195,-0.009414519426877868,0.0028811908292402464,0.2480597720025708,1.0931697313213173,0.30718203349378476,5.951940227997429,True,5.951940227997429,True,5.951940227997429,True,6.2,False,6.2,False,6.2,False,5.951940227997429,True,6.013955170998072,6.2,True,False,0.75,0.0,5.951940227997429,wind_stuck_7_days,2015
1338,LYS_NE,LYS_NE,2015-07-24,4.68453606,4.7,4.7,-1.1296938768116809,1.1296938768116809,0.14206646222342934,0.5737478718290391,-0.26842228252035466,-0.04346420154696692,-0.18769666237835197,-1.0987659968116807,1.0931697313213173,0.30718203349378476,3.5703061231883195,True,3.5703061231883195,True,3.5703061231883195,True,4.7,False,4.7,False,4.7,False,4.7,False,3.8527295923912392,4.626799172542367,True,True,0.75,0.0647970472002791,3.5703061231883195,wind_stuck_7_days,2015
1339,LYS_NE,LYS_NE,2015-07-25,5.02823108,4.9,4.9,-1.0251903391277117,1.0251903391277117,0.1474346593258005,0.5897929603548178,-0.08776348921058767,0.020727850648462866,-0.18769666237835197,-1.0251903391277117,1.0931697313213173,0.30718203349378476,3.8748096608722884,True,3.8748096608722884,True,3.8748096608722884,True,4.9,False,4.9,False,3.8748096608722884,True,4.9,False,4.131107245654217,4.705694017159827,True,True,0.75,0.18953161712926397,3.8748096608722884,wind_stuck_7_days,2015
1340,LYS_NE,LYS_NE,2015-08-02,5.88340924,5.6,5.6,-0.04348233053383066,0.04348233053383066,0.20444949431014836,0.43381384153144814,-0.004122904419901492,0.011828761066172241,0.011153954727089748,-0.04348233053383066,1.0931697313213173,0.30718203349378476,5.556517669466169,True,5.556517669466169,True,5.556517669466169,True,5.6,False,5.6,False,5.556517669466169,True,5.556517669466169,True,5.567388252099627,5.556517669466169,True,True,0.75,1.0,5.556517669466169,wind_stuck_7_days,2015
1341,LYS_NE,LYS_NE,2015-08-10,5.48558902,5.9,5.9,0.2053804015414073,0.2053804015414073,0.05540137592954117,0.44219442099312667,-0.0016938580988835562,0.010382121704348104,0.011153954727089748,-0.20538040154140735,1.0931697313213173,0.30718203349378476,6.1053804015414075,True,6.1053804015414075,True,6.1053804015414075,True,5.9,False,5.9,False,6.1053804015414075,True,6.1053804015414075,True,6.0540353011560555,6.046119312522293,True,True,0.75,0.7114569424621253,6.1053804015414075,wind_stuck_7_days,2015
1342,LYS_NE,LYS_NE,2015-08-17,6.0766362,5.5,5.5,0.39510791557221153,0.39510791557221153,0.14647556413251087,0.46185876150616245,0.011118746888648704,0.0102284661207713,0.01420826368726369,0.39510791557221153,1.0931697313213173,0.30718203349378476,5.895107915572211,True,5.895107915572211,True,5.895107915572211,True,5.895107915572211,True,5.895107915572211,True,5.895107915572211,True,5.895107915572211,True,5.796330936679158,5.830039783719939,True,True,0.75,0.8353155447213995,5.895107915572211,wind_stuck_7_days,2015
1343,LYS_NE,LYS_NE,2015-08-18,6.60868692,6.3,6.3,0.24736890486977195,0.24736890486977195,0.11005160068309977,0.6147793388817945,-0.021746962752177346,0.011828761066172241,0.011153954727089748,0.24736890486977195,1.0931697313213173,0.30718203349378476,6.547368904869772,True,6.547368904869772,True,6.547368904869772,True,6.3,False,6.3,False,6.547368904869772,True,6.547368904869772,True,6.485526678652329,6.468212265076912,True,True,0.75,0.6800056990407404,6.547368904869772,wind_stuck_7_days,2015
1344,LYS_NE,LYS_NE,2015-08-25,5.98624712,6.0,6.0,-0.10522272239969484,0.10522272239969484,0.13950643770874438,0.4139981751568194,-0.0030960559987828185,0.011828761066172241,0.011153954727089748,-0.07771696239969446,1.0931697313213173,0.30718203349378476,5.894777277600305,True,5.894777277600305,True,5.894777277600305,True,6.0,False,6.0,False,5.894777277600305,True,5.894777277600305,True,5.921082958200229,5.894777277600305,True,True,0.75,1.0,5.894777277600305,wind_stuck_7_days,2015
1345,LYS_NE,LYS_NE,2015-09-03,6.66010586,6.3,6.3,-0.0038789358168664022,0.0038789358168664022,0.24397026587761972,0.6547967901262753,-0.02794455369309195,-0.009414519426877868,0.0028811908292402464,-0.00387893581686638,1.0931697313213173,0.30718203349378476,6.296121064183134,True,6.296121064183134,True,6.296121064183134,True,6.3,False,6.3,False,6.3,False,6.296121064183134,True,6.29709079813735,6.3,True,False,0.75,0.0,6.296121064183134,wind_stuck_7_days,2015
1346,LYS_NE,LYS_NE,2015-09-10,5.76162754,5.6,5.6,-0.10177937536768908,0.10177937536768908,0.13853441914761716,0.44184051525436835,-0.0016938580988835562,0.011828761066172241,0.011153954727089748,-0.1017793753676891,1.0931697313213173,0.30718203349378476,5.49822062463231,True,5.49822062463231,True,5.49822062463231,True,5.6,False,5.6,False,5.49822062463231,True,5.49822062463231,True,5.523665468474233,5.49822062463231,True,True,0.75,1.0,5.49822062463231,wind_stuck_7_days,2015
1347,LYS_NE,LYS_NE,2015-09-18,5.98354086,5.5,5.5,-0.16972166660634547,0.16972166660634547,0.2165544219598419,0.5642338305074409,-0.004122904419901492,0.011828761066172241,0.011153954727089748,-0.16972166660634547,1.0931697313213173,0.30718203349378476,5.330278333393655,True,5.330278333393655,True,5.330278333393655,True,5.5,False,5.5,False,5.330278333393655,True,5.330278333393655,True,5.372708750045241,5.3318603346399875,True,True,0.75,0.9906788492125608,5.330278333393655,wind_stuck_7_days,2015
1348,LYS_NE,LYS_NE,2015-09-26,3.62097588,3.3,3.3,-0.6692215976209284,0.6692215976209284,0.18700477614492267,0.3547772808499776,0.07383903206262182,0.08683051764436035,0.009607970468886694,-0.6692215976209284,1.0931697313213173,0.30718203349378476,2.6307784023790717,True,2.6307784023790717,True,2.6307784023790717,True,2.6307784023790717,True,2.6307784023790717,True,2.6307784023790717,True,2.6307784023790717,True,2.7980838017843035,2.8736652251505648,True,True,0.75,0.6370606931471547,2.6307784023790717,wind_stuck_7_days,2015
1349,LYS_NE,LYS_NE,2015-09-27,4.04315244,4.2,4.2,-0.2653284883105505,0.2653284883105505,0.17537994076111846,0.4281787688959959,-0.0049895450722566214,0.0023381321272893797,0.011153954727089748,0.04836663168944971,1.0931697313213173,0.30718203349378476,3.9346715116894497,True,3.9346715116894497,True,3.9346715116894497,True,4.2,False,4.2,False,3.9346715116894497,True,3.9346715116894497,True,4.001003633767088,4.034462229815161,True,True,0.75,0.6238974609883846,3.9346715116894497,wind_stuck_7_days,2015
1350,LYS_NE,LYS_NE,2015-10-12,3.63721344,3.4,3.4,-0.420163022166936,0.420163022166936,0.18167134510807714,0.40241078064383284,0.05993345693271664,0.0655104831862014,0.009607970468886694,-0.420163022166936,1.0931697313213173,0.30718203349378476,2.979836977833064,True,2.979836977833064,True,2.979836977833064,True,2.979836977833064,True,2.979836977833064,True,2.979836977833064,True,2.979836977833064,True,3.084877733374798,3.0200731986590963,True,True,0.75,0.9042366445801939,2.979836977833064,wind_stuck_7_days,2015
1351,LYS_NE,LYS_NE,2015-10-13,3.13587878,3.1,3.1,-0.5663082697614208,0.5663082697614208,0.17142725040525292,0.39428849239493574,0.0973522903509486,0.11786273653004486,0.009607970468886694,-0.5663082697614208,1.0931697313213173,0.30718203349378476,2.533691730238579,True,2.533691730238579,True,2.533691730238579,True,2.533691730238579,True,2.533691730238579,True,2.533691730238579,True,2.533691730238579,True,2.6752687976789344,2.571790123209808,True,True,0.75,0.9327249927194612,2.533691730238579,wind_stuck_7_days,2015
1406,LYS_NW,LYS_NE,2015-06-23,1.09237733,5.1,5.1,0.44979201542109515,0.44979201542109515,0.22014952212407138,0.5803011163165278,0.008689700567630765,0.0102284661207713,-0.0019716598263386947,-0.44979201542109504,1.0931697313213173,0.30718203349378476,5.549792015421095,True,5.549792015421095,True,5.549792015421095,True,5.549792015421095,True,5.549792015421095,True,5.549792015421095,True,5.1,False,5.437344011565821,5.441595272122095,True,True,0.75,0.7594516141027846,5.549792015421095,wind_stuck_7_days,2015
1407,LYS_NW,LYS_NE,2015-06-30,1.70169333,1.6,1.6,1.9341399072735128,1.9341399072735128,0.35111559122341174,0.9490134716697808,0.3098099727311789,0.13886848748832023,-0.6197833870489311,-1.7307532472735132,1.0931697313213173,0.30718203349378476,3.534139907273513,True,1.6,False,1.6,False,3.534139907273513,True,1.6,False,3.534139907273513,True,1.6,False,3.0506049304551346,2.673548361141828,True,True,0.75,0.5550520710030589,3.534139907273513,wind_stuck_7_days,2015
1408,LYS_NW,LYS_NE,2015-07-01,5.33837667,1.7,1.7,-0.0797781739611251,0.0797781739611251,0.19035581325192352,0.5413486235053799,0.017828339840951404,0.01762492399476881,-0.0023858715664631072,-0.07977817396112519,1.0931697313213173,0.30718203349378476,1.6202218260388748,True,1.6202218260388748,True,1.6202218260388748,True,1.6202218260388748,True,1.6202218260388748,True,1.6202218260388748,True,1.7,False,1.6401663695291562,1.6202218260388748,True,True,0.75,1.0,1.6202218260388748,wind_stuck_7_days,2015
1409,LYS_NW,LYS_NE,2015-07-16,2.36864733,6.4,6.4,-0.11797597646805809,0.11797597646805809,0.25498638552696357,0.5354822355701139,-0.02794455369309195,-0.009414519426877868,0.0028811908292402464,0.11797597646805791,1.0931697313213173,0.30718203349378476,6.2820240235319424,True,6.2820240235319424,True,6.2820240235319424,True,6.4,False,6.4,False,6.4,False,6.2820240235319424,True,6.3115180176489565,6.4,True,False,0.75,0.0,6.2820240235319424,wind_stuck_7_days,2015
1410,LYS_NW,LYS_NE,2015-07-24,5.3660978,5.0,5.0,-1.0685447055757604,1.0685447055757604,0.15233392235939697,0.5609217994673104,-0.09642745615139309,0.020727850648462866,-0.18769666237835197,-1.0685447055757604,1.0931697313213173,0.30718203349378476,3.9314552944242394,True,3.9314552944242394,True,3.9314552944242394,True,5.0,False,5.0,False,3.9314552944242394,True,5.0,False,4.1985914708181795,4.812817623131837,True,True,0.75,0.17517505434394037,3.9314552944242394,wind_stuck_7_days,2015
1411,LYS_NW,LYS_NE,2015-07-25,5.82088907,5.4,5.4,-0.9080608439998551,0.9080608439998551,0.18890897269006016,0.5861275885726276,-0.0760087207918926,-0.11195673522556465,-0.1235851796559008,-0.9080608439998552,1.0931697313213173,0.30718203349378476,4.491939156000146,True,4.491939156000146,True,4.491939156000146,True,5.4,False,5.4,False,5.4,False,5.4,False,4.718954367000109,5.372871882295868,True,True,0.75,0.02987477973902861,4.491939156000146,wind_stuck_7_days,2015
1412,LYS_NW,LYS_NE,2015-08-02,6.13158533,5.8,5.8,0.006579824364930639,0.006579824364930639,0.195520348446927,0.4462558331432153,-0.004122904419901492,0.011828761066172241,0.011153954727089748,0.006579824364930653,1.0931697313213173,0.30718203349378476,5.80657982436493,True,5.80657982436493,True,5.80657982436493,True,5.8,False,5.8,False,5.80657982436493,True,5.80657982436493,True,5.804934868273698,5.80657982436493,True,True,0.75,1.0,5.80657982436493,wind_stuck_7_days,2015
1413,LYS_NW,LYS_NE,2015-08-10,5.47012067,5.9,5.9,0.2053804015414073,0.2053804015414073,0.05540137592954117,0.44219442099312667,-0.0016938580988835562,0.010382121704348104,0.011153954727089748,-0.20538040154140735,1.0931697313213173,0.30718203349378476,6.1053804015414075,True,6.1053804015414075,True,6.1053804015414075,True,5.9,False,5.9,False,6.1053804015414075,True,6.1053804015414075,True,6.0540353011560555,6.046119312522293,True,True,0.75,0.7114569424621253,6.1053804015414075,wind_stuck_7_days,2015
1414,LYS_NW,LYS_NE,2015-08-17,5.94508523,5.5,5.5,0.39510791557221153,0.39510791557221153,0.14647556413251087,0.46185876150616245,0.011118746888648704,0.0102284661207713,0.01420826368726369,0.39510791557221153,1.0931697313213173,0.30718203349378476,5.895107915572211,True,5.895107915572211,True,5.895107915572211,True,5.895107915572211,True,5.895107915572211,True,5.895107915572211,True,5.895107915572211,True,5.796330936679158,5.830039783719939,True,True,0.75,0.8353155447213995,5.895107915572211,wind_stuck_7_days,2015
1415,LYS_NW,LYS_NE,2015-08-18,5.9618277,6.4,6.4,0.26787746841497684,0.26787746841497684,0.12151599530589578,0.614931116849817,-0.003809191262823912,0.014065587748061333,0.011153954727089748,-0.26787746841497684,1.0931697313213173,0.30718203349378476,6.667877468414977,True,6.667877468414977,True,6.667877468414977,True,6.4,False,6.4,False,6.667877468414977,True,6.667877468414977,True,6.600908101311233,6.667877468414977,True,True,0.75,1.0,6.667877468414977,wind_stuck_7_days,2015
1416,LYS_NW,LYS_NE,2015-08-25,6.14805333,6.0,6.0,-0.10522272239969484,0.10522272239969484,0.13950643770874438,0.4139981751568194,-0.0030960559987828185,0.011828761066172241,0.011153954727089748,-0.10522272239969482,1.0931697313213173,0.30718203349378476,5.894777277600305,True,5.894777277600305,True,5.894777277600305,True,6.0,False,6.0,False,5.894777277600305,True,5.894777277600305,True,5.921082958200229,5.894777277600305,True,True,0.75,1.0,5.894777277600305,wind_stuck_7_days,2015
1417,LYS_NW,LYS_NE,2015-09-03,6.91107067,6.4,6.4,0.04936333039235205,0.04936333039235205,0.2557751970246455,0.6482340479290984,-0.02794455369309195,-0.009414519426877868,0.0028811908292402464,0.04936333039235208,1.0931697313213173,0.30718203349378476,6.4493633303923525,True,6.4493633303923525,True,6.4493633303923525,True,6.4,False,6.4,False,6.4,False,6.4493633303923525,True,6.437022497794264,6.4,True,False,0.75,0.0,6.4493633303923525,wind_stuck_7_days,2015
1418,LYS_NW,LYS_NE,2015-09-10,6.15628733,5.6,5.6,-0.10177937536768908,0.10177937536768908,0.13853441914761716,0.44184051525436835,-0.0016938580988835562,0.011828761066172241,0.011153954727089748,-0.1017793753676891,1.0931697313213173,0.30718203349378476,5.49822062463231,True,5.49822062463231,True,5.49822062463231,True,5.6,False,5.6,False,5.49822062463231,True,5.49822062463231,True,5.523665468474233,5.49822062463231,True,True,0.75,1.0,5.49822062463231,wind_stuck_7_days,2015
1419,LYS_NW,LYS_NE,2015-09-18,7.171814,5.7,5.7,-0.09989865306446566,0.09989865306446566,0.23109970961317286,0.6093407585088761,-0.004122904419901492,0.011828761066172241,0.011153954727089748,-0.09989865306446566,1.0931697313213173,0.30718203349378476,5.600101346935535,True,5.600101346935535,True,5.600101346935535,True,5.7,False,5.7,False,5.600101346935535,True,5.600101346935535,True,5.625076010201651,5.600101346935535,True,True,0.75,1.0,5.600101346935535,wind_stuck_7_days,2015
1420,LYS_NW,LYS_NE,2015-09-26,3.93036267,3.3,3.3,-0.6692215976209284,0.6692215976209284,0.18700477614492267,0.3547772808499776,0.07383903206262182,0.08683051764436035,0.009607970468886694,-0.6692215976209284,1.0931697313213173,0.30718203349378476,2.6307784023790717,True,2.6307784023790717,True,2.6307784023790717,True,2.6307784023790717,True,2.6307784023790717,True,2.6307784023790717,True,2.6307784023790717,True,2.7980838017843035,2.8736652251505648,True,True,0.75,0.6370606931471547,2.6307784023790717,wind_stuck_7_days,2015
1421,LYS_NW,LYS_NE,2015-09-27,4.44910467,4.1,4.1,-0.280230335099054,0.280230335099054,0.16605833478997895,0.4077945557774071,-0.002808438096981725,0.0023381321272893797,0.011153954727089748,-0.28023033509905404,1.0931697313213173,0.30718203349378476,3.819769664900946,True,3.819769664900946,True,3.819769664900946,True,4.1,False,4.1,False,3.819769664900946,True,3.819769664900946,True,3.8898272486757093,3.94056140524963,True,True,0.75,0.5689555154477194,3.819769664900946,wind_stuck_7_days,2015
1422,LYS_NW,LYS_NE,2015-10-12,3.95506467,3.4,3.4,-0.420163022166936,0.420163022166936,0.18167134510807714,0.40241078064383284,0.05993345693271664,0.0655104831862014,0.009607970468886694,-0.420163022166936,1.0931697313213173,0.30718203349378476,2.979836977833064,True,2.979836977833064,True,2.979836977833064,True,2.979836977833064,True,2.979836977833064,True,2.979836977833064,True,2.979836977833064,True,3.084877733374798,3.0200731986590963,True,True,0.75,0.9042366445801939,2.979836977833064,wind_stuck_7_days,2015
1423,LYS_NW,LYS_NE,2015-10-13,3.41711,3.1,3.1,-0.5663082697614208,0.5663082697614208,0.17142725040525292,0.39428849239493574,0.0973522903509486,0.11786273653004486,0.009607970468886694,-0.5663082697614208,1.0931697313213173,0.30718203349378476,2.533691730238579,True,2.533691730238579,True,2.533691730238579,True,2.533691730238579,True,2.533691730238579,True,2.533691730238579,True,2.533691730238579,True,2.6752687976789344,2.571790123209808,True,True,0.75,0.9327249927194612,2.533691730238579,wind_stuck_7_days,2015
1484,LYS_SE,LYS_NE,2015-06-22,1.6638111,2.2,2.2,1.084667625089208,1.084667625089208,0.11785634889113834,0.5263385150997392,0.019053663344186348,0.11352026575831589,-0.043784677825565235,-1.084667625089208,1.0931697313213173,0.30718203349378476,3.284667625089208,True,3.284667625089208,True,3.284667625089208,True,3.284667625089208,True,3.284667625089208,True,3.284667625089208,True,2.2,False,3.013500718816906,2.7286084699502458,True,True,0.75,0.4873460382914725,3.284667625089208,wind_stuck_7_days,2015
1485,LYS_SE,LYS_NE,2015-06-23,1.45143918,4.5,4.5,0.4625370332876562,0.4625370332876562,0.260462960838681,0.6168618768030845,0.011386676056032956,-5.235013817651011e-05,-0.006447906331227204,-0.4625370332876564,1.0931697313213173,0.30718203349378476,4.962537033287656,True,4.962537033287656,True,4.962537033287656,True,4.962537033287656,True,4.962537033287656,True,4.5,False,4.5,False,4.846902774965742,4.817107336283115,True,True,0.75,0.6855825879047036,4.962537033287656,wind_stuck_7_days,2015
1486,LYS_SE,LYS_NE,2015-06-30,3.8966244,1.5,1.5,-0.3091106690526692,0.3091106690526692,0.1509673771316947,0.31982854312025755,0.022962484254926665,0.022480011128025387,0.005886892331386395,-0.30911066905266926,1.0931697313213173,0.30718203349378476,1.1908893309473307,True,1.1908893309473307,True,1.1908893309473307,True,1.1908893309473307,True,1.1908893309473307,True,1.1908893309473307,True,1.1908893309473307,True,1.2681669982104982,1.3546881881853514,True,True,0.75,0.47009639706059125,1.1908893309473307,wind_stuck_7_days,2015
1487,LYS_SE,LYS_NE,2015-07-16,3.14368536,6.3,6.3,-0.18364052442447024,0.18364052442447024,0.2485340782302363,0.5364610905902734,-0.02794455369309195,-0.009414519426877868,0.0028811908292402464,0.1836405244244701,1.0931697313213173,0.30718203349378476,6.116359475575529,True,6.116359475575529,True,6.116359475575529,True,6.3,False,6.3,False,6.3,False,6.116359475575529,True,6.162269606681647,6.3,True,False,0.75,0.0,6.116359475575529,wind_stuck_7_days,2015
1488,LYS_SE,LYS_NE,2015-07-24,4.4198327,5.0,5.0,-1.0685447055757604,1.0685447055757604,0.15233392235939697,0.5609217994673104,-0.09642745615139309,0.020727850648462866,-0.18769666237835197,0.09178989442424013,1.0931697313213173,0.30718203349378476,3.9314552944242394,True,3.9314552944242394,True,3.9314552944242394,True,5.0,False,5.0,False,3.9314552944242394,True,5.0,False,4.1985914708181795,4.812817623131837,True,True,0.75,0.17517505434394037,3.9314552944242394,wind_stuck_7_days,2015
1489,LYS_SE,LYS_NE,2015-07-25,4.72372077,5.1,5.1,-0.9910344884760315,0.9910344884760315,0.15378760436892253,0.5940830641170741,-0.09330500446798463,-0.07231983051448668,-0.18769666237835197,-0.238476028476032,1.0931697313213173,0.30718203349378476,4.1089655115239685,True,4.1089655115239685,True,4.1089655115239685,True,5.1,False,5.1,False,5.1,False,5.1,False,4.356724133642976,5.034621691220546,True,True,0.75,0.06596976143584006,4.1089655115239685,wind_stuck_7_days,2015
1490,LYS_SE,LYS_NE,2015-08-09,7.32283746,6.6,6.6,-0.10202332541034868,0.10202332541034868,0.16629447690060686,0.36373467980898083,-0.021994902097920384,0.011828761066172241,0.004115828040883528,-0.10202332541034864,1.0931697313213173,0.30718203349378476,6.497976674589651,True,6.497976674589651,True,6.497976674589651,True,6.6,False,6.6,False,6.497976674589651,True,6.497976674589651,True,6.523482505942238,6.497976674589651,True,True,0.75,1.0,6.497976674589651,wind_stuck_7_days,2015
1491,LYS_SE,LYS_NE,2015-08-10,5.35597821,6.1,6.1,0.25642969013234246,0.25642969013234246,0.054964630746883056,0.48893040188507547,0.014841715490570607,0.012618948386237198,0.011153954727089748,-0.2564296901323424,1.0931697313213173,0.30718203349378476,6.356429690132342,True,6.356429690132342,True,6.356429690132342,True,6.356429690132342,True,6.356429690132342,True,6.356429690132342,True,6.356429690132342,True,6.292322267599257,6.268548087658214,True,True,0.75,0.6572877250338202,6.356429690132342,wind_stuck_7_days,2015
1492,LYS_SE,LYS_NE,2015-08-17,6.14928677,5.5,5.5,0.39510791557221153,0.39510791557221153,0.14647556413251087,0.46185876150616245,0.011118746888648704,0.0102284661207713,0.01420826368726369,0.39510791557221153,1.0931697313213173,0.30718203349378476,5.895107915572211,True,5.895107915572211,True,5.895107915572211,True,5.895107915572211,True,5.895107915572211,True,5.895107915572211,True,5.895107915572211,True,5.796330936679158,5.830039783719939,True,True,0.75,0.8353155447213995,5.895107915572211,wind_stuck_7_days,2015
1493,LYS_SE,LYS_NE,2015-08-18,6.2417847,6.2,6.2,0.22457251020559924,0.22457251020559924,0.1001686324243859,0.6185295650590226,-0.021746962752177346,0.011828761066172241,0.011153954727089748,-0.14100311020559922,1.0931697313213173,0.30718203349378476,6.424572510205599,True,6.424572510205599,True,6.424572510205599,True,6.2,False,6.2,False,6.424572510205599,True,6.424572510205599,True,6.3684293826542,6.385032583645651,True,True,0.75,0.8239324727512327,6.424572510205599,wind_stuck_7_days,2015
1494,LYS_SE,LYS_NE,2015-08-25,6.04840649,5.9,5.9,-0.14868927108925528,0.14868927108925528,0.1410522416439505,0.40616132748924577,-0.0016938580988835562,0.011828761066172241,0.011153954727089748,-0.14868927108925528,1.0931697313213173,0.30718203349378476,5.751310728910745,True,5.751310728910745,True,5.751310728910745,True,5.9,False,5.9,False,5.751310728910745,True,5.751310728910745,True,5.788483046683059,5.751310728910745,True,True,0.75,1.0,5.751310728910745,wind_stuck_7_days,2015
1495,LYS_SE,LYS_NE,2015-09-03,6.73174734,6.2,6.2,-0.05318030834143321,0.05318030834143321,0.23532228826427848,0.664158864917623,-0.02794455369309195,-0.009414519426877868,0.0028811908292402464,-0.05318030834143317,1.0931697313213173,0.30718203349378476,6.146819691658567,True,6.146819691658567,True,6.146819691658567,True,6.2,False,6.2,False,6.2,False,6.146819691658567,True,6.1601147687439255,6.2,True,False,0.75,0.0,6.146819691658567,wind_stuck_7_days,2015
1496,LYS_SE,LYS_NE,2015-09-18,5.86275329,5.5,5.5,-0.16972166660634547,0.16972166660634547,0.2165544219598419,0.5642338305074409,-0.004122904419901492,0.011828761066172241,0.011153954727089748,-0.16972166660634547,1.0931697313213173,0.30718203349378476,5.330278333393655,True,5.330278333393655,True,5.330278333393655,True,5.5,False,5.5,False,5.330278333393655,True,5.330278333393655,True,5.372708750045241,5.3318603346399875,True,True,0.75,0.9906788492125608,5.330278333393655,wind_stuck_7_days,2015
1497,LYS_SE,LYS_NE,2015-09-26,3.68354037,3.4,3.4,-0.666833178850623,0.666833178850623,0.1922558253523816,0.3677763310394247,0.07383903206262182,0.08683051764436035,0.009607970468886694,-0.666833178850623,1.0931697313213173,0.30718203349378476,2.7331668211493767,True,2.7331668211493767,True,2.7331668211493767,True,2.7331668211493767,True,2.7331668211493767,True,2.7331668211493767,True,2.7331668211493767,True,2.8998751158620326,2.9751867928679014,True,True,0.75,0.6370606931471547,2.7331668211493767,wind_stuck_7_days,2015
1498,LYS_SE,LYS_NE,2015-09-27,4.04296429,4.0,4.0,-0.3019174344626765,0.3019174344626765,0.15839017246280584,0.3921063735025966,-0.0025604987512386867,0.0023381321272893797,0.011153954727089748,-0.3019174344626765,1.0931697313213173,0.30718203349378476,3.6980825655373235,True,3.6980825655373235,True,3.6980825655373235,True,4.0,False,4.0,False,3.6980825655373235,True,3.6980825655373235,True,3.7735619241529927,3.8489356349515824,True,True,0.75,0.5003499228763231,3.6980825655373235,wind_stuck_7_days,2015
1499,LYS_SE,LYS_NE,2015-10-13,3.23190785,3.2,3.2,-0.5375609756988069,0.5375609756988069,0.18733526863803385,0.4050409758530559,0.07383903206262182,0.08365900720343299,0.009607970468886694,-0.5375609756988069,1.0931697313213173,0.30718203349378476,2.662439024301193,True,2.662439024301193,True,2.662439024301193,True,2.662439024301193,True,2.662439024301193,True,2.662439024301193,True,2.662439024301193,True,2.796829268225895,2.7597944073750686,True,True,0.75,0.8188942511176197,2.662439024301193,wind_stuck_7_days,2015
1500,LYS_SE,LYS_NE,2015-10-28,0.87548307,2.4,2.4,-0.44812521963074997,0.44812521963074997,0.11586746582949539,0.5109728844391113,0.09192583796447631,0.1100428467643639,0.007702138166582763,0.4481252196307499,1.0931697313213173,0.30718203349378476,1.95187478036925,True,1.95187478036925,True,1.95187478036925,True,1.95187478036925,True,1.95187478036925,True,1.95187478036925,True,1.95187478036925,True,2.0639060852769373,2.0454783285636458,True,True,0.75,0.7911218916187664,1.95187478036925,wind_stuck_7_days,2015
1558,LYS_SW,LYS_NE,2015-06-22,1.25178495,2.2,2.2,1.084667625089208,1.084667625089208,0.11785634889113834,0.5263385150997392,0.019053663344186348,0.11352026575831589,-0.043784677825565235,-1.0846676250892082,1.0931697313213173,0.30718203349378476,3.284667625089208,True,3.284667625089208,True,3.284667625089208,True,3.284667625089208,True,3.284667625089208,True,3.284667625089208,True,2.2,False,3.013500718816906,2.7286084699502458,True,True,0.75,0.4873460382914725,3.284667625089208,wind_stuck_7_days,2015
1559,LYS_SW,LYS_NE,2015-06-23,1.162911,4.9,4.9,0.29171450425786605,0.29171450425786605,0.21474419200762254,0.6036500390962913,-0.0049895450722566214,0.0037847714891135194,0.00562511468184325,-0.2917145042578664,1.0931697313213173,0.30718203349378476,5.191714504257867,True,5.191714504257867,True,5.191714504257867,True,4.9,False,4.9,False,5.191714504257867,True,5.191714504257867,True,5.1187858781934,5.054919332159069,True,True,0.75,0.5310648935787058,5.191714504257867,wind_stuck_7_days,2015
1560,LYS_SW,LYS_NE,2015-06-30,1.525824,1.8,1.8,-0.4524660099378516,0.4524660099378516,0.12830858775872414,0.27932140175602294,0.007532675709426422,0.04091638227535312,0.005886892331386395,0.09588599006214837,1.0931697313213173,0.30718203349378476,1.3475339900621486,True,1.3475339900621486,True,1.3475339900621486,True,1.3475339900621486,True,1.3475339900621486,True,1.3475339900621486,True,1.3475339900621486,True,1.4606504925466113,1.5066786622503088,True,True,0.75,0.6482726465795307,1.3475339900621486,wind_stuck_7_days,2015
1561,LYS_SW,LYS_NE,2015-07-16,3.056946,5.8,5.8,-0.5026707771876573,0.5026707771876573,0.20227451876767288,0.5384225702595815,-0.05483289799538437,-0.0658088177966438,0.0028811908292402464,0.5026707771876575,1.0931697313213173,0.30718203349378476,5.297329222812342,True,5.297329222812342,True,5.297329222812342,True,5.8,False,5.8,False,5.8,False,5.297329222812342,True,5.4229969171092565,5.7639922716343515,True,True,0.75,0.0716328260956497,5.297329222812342,wind_stuck_7_days,2015
1562,LYS_SW,LYS_NE,2015-07-24,6.651639,6.4,6.4,-0.37161677807357846,0.37161677807357846,0.2584319578960036,0.4804297258729897,-0.04367012895340806,-0.04383428018883896,0.0028811908292402464,-0.3716167780735784,1.0931697313213173,0.30718203349378476,6.028383221926422,True,6.028383221926422,True,6.028383221926422,True,6.4,False,6.4,False,6.4,False,6.028383221926422,True,6.121287416444816,6.4,True,False,0.75,0.0,6.028383221926422,wind_stuck_7_days,2015
1563,LYS_SW,LYS_NE,2015-07-25,6.614553,5.6,5.6,-0.8365297506074623,0.8365297506074623,0.212095626649654,0.5606962110906457,-0.0760087207918926,-0.11195673522556465,-0.04235735068582566,-0.8365297506074623,1.0931697313213173,0.30718203349378476,4.763470249392538,True,4.763470249392538,True,4.763470249392538,True,5.6,False,5.6,False,5.6,False,5.6,False,4.972602687044403,5.570653595882979,True,True,0.75,0.03508112424657963,4.763470249392538,wind_stuck_7_days,2015
1564,LYS_SW,LYS_NE,2015-08-09,7.6821,6.6,6.6,-0.10202332541034868,0.10202332541034868,0.16629447690060686,0.36373467980898083,-0.021994902097920384,0.011828761066172241,0.004115828040883528,-0.10202332541034864,1.0931697313213173,0.30718203349378476,6.497976674589651,True,6.497976674589651,True,6.497976674589651,True,6.6,False,6.6,False,6.497976674589651,True,6.497976674589651,True,6.523482505942238,6.497976674589651,True,True,0.75,1.0,6.497976674589651,wind_stuck_7_days,2015
1565,LYS_SW,LYS_NE,2015-08-10,5.501973,6.0,6.0,0.23302836231706103,0.23302836231706103,0.0523705433575234,0.4629670142418399,-0.0030960559987828185,0.010382121704348104,0.011153954727089748,-0.23302836231706103,1.0931697313213173,0.30718203349378476,6.233028362317061,True,6.233028362317061,True,6.233028362317061,True,6.0,False,6.0,False,6.233028362317061,True,6.233028362317061,True,6.174771271737796,6.18039969632401,True,True,0.75,0.7741533885843337,6.233028362317061,wind_stuck_7_days,2015
1566,LYS_SW,LYS_NE,2015-08-17,6.27813,5.5,5.5,0.39510791557221153,0.39510791557221153,0.14647556413251087,0.46185876150616245,0.011118746888648704,0.0102284661207713,0.01420826368726369,0.39510791557221153,1.0931697313213173,0.30718203349378476,5.895107915572211,True,5.895107915572211,True,5.895107915572211,True,5.895107915572211,True,5.895107915572211,True,5.895107915572211,True,5.895107915572211,True,5.796330936679158,5.830039783719939,True,True,0.75,0.8353155447213995,5.895107915572211,wind_stuck_7_days,2015
1567,LYS_SW,LYS_NE,2015-08-18,6.19402425,6.3,6.3,0.24736890486977195,0.24736890486977195,0.11005160068309977,0.6147793388817945,-0.021746962752177346,0.011828761066172241,0.011153954727089748,-0.24736890486977192,1.0931697313213173,0.30718203349378476,6.547368904869772,True,6.547368904869772,True,6.547368904869772,True,6.3,False,6.3,False,6.547368904869772,True,6.547368904869772,True,6.485526678652329,6.468212265076912,True,True,0.75,0.6800056990407404,6.547368904869772,wind_stuck_7_days,2015
1568,LYS_SW,LYS_NE,2015-08-25,6.262236,5.9,5.9,-0.14868927108925528,0.14868927108925528,0.1410522416439505,0.40616132748924577,-0.0016938580988835562,0.011828761066172241,0.011153954727089748,-0.14868927108925534,1.0931697313213173,0.30718203349378476,5.751310728910745,True,5.751310728910745,True,5.751310728910745,True,5.9,False,5.9,False,5.751310728910745,True,5.751310728910745,True,5.788483046683059,5.751310728910745,True,True,0.75,1.0,5.751310728910745,wind_stuck_7_days,2015
1569,LYS_SW,LYS_NE,2015-09-03,7.1048829,6.1,6.1,-0.1009099535990324,0.1009099535990324,0.2276422625242595,0.6655208600251721,-0.02794455369309195,-0.009414519426877868,0.0028811908292402464,-0.10090995359903232,1.0931697313213173,0.30718203349378476,5.999090046400967,True,5.999090046400967,True,5.999090046400967,True,6.1,False,6.1,False,6.1,False,5.999090046400967,True,6.024317534800725,6.1,True,False,0.75,0.0,5.999090046400967,wind_stuck_7_days,2015
1570,LYS_SW,LYS_NE,2015-09-18,7.059585,5.5,5.5,-0.16972166660634547,0.16972166660634547,0.2165544219598419,0.5642338305074409,-0.004122904419901492,0.011828761066172241,0.011153954727089748,-0.16972166660634547,1.0931697313213173,0.30718203349378476,5.330278333393655,True,5.330278333393655,True,5.330278333393655,True,5.5,False,5.5,False,5.330278333393655,True,5.330278333393655,True,5.372708750045241,5.3318603346399875,True,True,0.75,0.9906788492125608,5.330278333393655,wind_stuck_7_days,2015
1571,LYS_SW,LYS_NE,2015-09-26,3.690057,3.5,3.5,-0.6756066736402835,0.6756066736402835,0.20703967682744037,0.388006161740394,0.07383903206262182,0.10190569100888448,0.009607970468886694,-0.6756066736402835,1.0931697313213173,0.30718203349378476,2.8243933263597167,True,2.8243933263597167,True,2.8243933263597167,True,2.8243933263597167,True,2.8243933263597167,True,2.8243933263597167,True,2.8243933263597167,True,2.993294994769787,3.0478573124250854,True,True,0.75,0.6692395223669021,2.8243933263597167,wind_stuck_7_days,2015
1572,LYS_SW,LYS_NE,2015-09-27,4.063566,3.8,3.8,-0.35223508639907336,0.35223508639907336,0.1374775363483264,0.3612550222477616,-0.0025604987512386867,0.0023381321272893797,0.009607970468886694,-0.3522350863990733,1.0931697313213173,0.30718203349378476,3.4477649136009263,True,3.4477649136009263,True,3.4477649136009263,True,3.8,False,3.8,False,3.4477649136009263,True,3.4477649136009263,True,3.535823685200695,3.6718002061867074,True,True,0.75,0.3639608851119547,3.4477649136009263,wind_stuck_7_days,2015
1573,LYS_SW,LYS_NE,2015-10-12,3.62913,2.7,2.7,-0.5257188087652367,0.5257188087652367,0.12813916460487704,0.44917235300974817,0.13020441786237855,0.14243716977312765,0.009607970468886694,-0.5257188087652367,1.0931697313213173,0.30718203349378476,2.1742811912347637,True,2.1742811912347637,True,2.1742811912347637,True,2.1742811912347637,True,2.1742811912347637,True,2.1742811912347637,True,2.1742811912347637,True,2.3057108934260726,2.2037161640803946,True,True,0.75,0.944010044238734,2.1742811912347637,wind_stuck_7_days,2015
1574,LYS_SW,LYS_NE,2015-10-13,2.950986,3.1,3.1,-0.5663082697614208,0.5663082697614208,0.17142725040525292,0.39428849239493574,0.0973522903509486,0.11786273653004486,0.009607970468886694,-0.2682802697614204,1.0931697313213173,0.30718203349378476,2.533691730238579,True,2.533691730238579,True,2.533691730238579,True,2.533691730238579,True,2.533691730238579,True,2.533691730238579,True,2.533691730238579,True,2.6752687976789344,2.571790123209808,True,True,0.75,0.9327249927194612,2.533691730238579,wind_stuck_7_days,2015
1575,LYS_SW,LYS_NE,2015-10-28,1.398672,2.4,2.4,-0.44812521963074997,0.44812521963074997,0.11586746582949539,0.5109728844391113,0.09192583796447631,0.1100428467643639,0.007702138166582763,0.4481252196307499,1.0931697313213173,0.30718203349378476,1.95187478036925,True,1.95187478036925,True,1.95187478036925,True,1.95187478036925,True,1.95187478036925,True,1.95187478036925,True,1.95187478036925,True,2.0639060852769373,2.0454783285636458,True,True,0.75,0.7911218916187664,1.95187478036925,wind_stuck_7_days,2015
1672,MB_Pch,MB_Pch,2015-01-02,0.38916865,0.7,0.7,-0.373622178281015,0.373622178281015,0.1779201996036096,0.4566012632138438,0.0552189738910848,0.05985641248407273,0.0012810480540339452,0.24804052171898489,1.0931697313213173,0.30718203349378476,0.32637782171898494,True,0.32637782171898494,True,0.32637782171898494,True,0.32637782171898494,True,0.32637782171898494,True,0.32637782171898494,True,0.32637782171898494,True,0.4197833662892387,0.4485336992750289,True,True,0.75,0.6730497153084793,0.3614436913303668,wind_stuck_7_days,2015
1673,MB_Pch,MB_Pch,2015-02-27,1.10888084,0.7,0.7,0.38508456402909785,0.38508456402909785,0.0796154585451778,0.3959371991757294,0.05764802021210274,0.05985641248407273,-0.0016609736364151207,0.38508456402909785,1.0931697313213173,0.30718203349378476,1.0850845640290978,True,1.0850845640290978,True,1.0850845640290978,True,1.0850845640290978,True,1.0850845640290978,True,1.0850845640290978,True,0.7,False,0.9888134230218233,1.0850845640290978,True,True,0.75,1.0,1.0850845640290978,wind_stuck_7_days,2015
1674,MB_Pch,MB_Pch,2015-03-07,0.94765612,1.6,1.6,-0.03405327835710698,0.03405327835710698,0.1237196956947894,0.421423614629678,0.017862133454878578,0.014089492107855886,0.005886892331386395,0.03405327835710703,1.0931697313213173,0.30718203349378476,1.565946721642893,True,1.565946721642893,True,1.565946721642893,True,1.565946721642893,True,1.565946721642893,True,1.565946721642893,True,1.565946721642893,True,1.5744600412321699,1.565946721642893,True,True,0.75,1.0,1.5688258325965583,wind_stuck_7_days,2015
1675,MB_Pch,MB_Pch,2015-03-15,1.38706885,2.4,2.4,-0.21600973078552074,0.21600973078552074,0.19497632729335918,0.9121368656863604,0.012666203490808953,0.014089492107855886,-0.01632411503143885,0.21600973078552077,1.0931697313213173,0.30718203349378476,2.1839902692144793,True,2.1839902692144793,True,2.4,False,2.1839902692144793,True,2.4,False,2.1839902692144793,True,2.4,False,2.2379927019108594,2.252888786090277,True,True,0.75,0.6810397539719721,2.1839902692144793,wind_stuck_7_days,2015
1676,MB_Pch,MB_Pch,2015-03-23,2.35190045,2.8,2.8,-0.11101856031832924,0.11101856031832924,0.08825626945454487,0.38800184446063424,0.017862133454878578,0.014089492107855886,0.009607970468886694,0.11101856031832924,1.0931697313213173,0.30718203349378476,2.6889814396816707,True,2.6889814396816707,True,2.6889814396816707,True,2.6889814396816707,True,2.6889814396816707,True,2.6889814396816707,True,2.6889814396816707,True,2.7167360797612528,2.6889814396816707,True,True,0.75,1.0,2.6889814396816707,wind_stuck_7_days,2015
1677,MB_Pch,MB_Pch,2015-03-31,2.88075592,3.8,3.8,-0.5902798842559543,0.5902798842559543,0.1658040955284443,0.6745928959247983,0.03271196990099376,-0.01142349101750375,0.009607970468886694,0.5902798842559543,1.0931697313213173,0.30718203349378476,3.2097201157440454,True,3.2097201157440454,True,3.2097201157440454,True,3.2097201157440454,True,3.2097201157440454,True,3.8,False,3.2097201157440454,True,3.357290086808034,3.4555579049470238,True,True,0.75,0.5835233492449838,3.2097201157440454,wind_stuck_7_days,2015
1678,MB_Pch,MB_Pch,2015-04-16,2.87527321,3.7,3.7,-0.37504212740820064,0.37504212740820064,0.182794263369162,0.5766504174002955,0.029695990884919456,0.032538734006235394,0.009607970468886694,0.37504212740820064,1.0931697313213173,0.30718203349378476,3.3249578725917996,True,3.3249578725917996,True,3.3249578725917996,True,3.3249578725917996,True,3.3249578725917996,True,3.3249578725917996,True,3.3249578725917996,True,3.4187184044438497,3.4534158017365604,True,True,0.75,0.6574840004441808,3.3249578725917996,wind_stuck_7_days,2015
1679,MB_Pch,MB_Pch,2015-05-02,4.56699705,4.7,4.7,-0.31035894612243026,0.31035894612243026,0.19550745745485631,0.38372388097508914,-0.0049895450722566214,0.0037847714891135194,0.011153954727089748,-0.04435304612243057,1.0931697313213173,0.30718203349378476,4.38964105387757,True,4.38964105387757,True,4.38964105387757,True,4.7,False,4.7,False,4.38964105387757,True,4.38964105387757,True,4.467230790408178,4.554101377632324,True,True,0.75,0.47009639706059125,4.38964105387757,wind_stuck_7_days,2015
1680,MB_Pch,MB_Pch,2015-05-10,5.29613208,5.1,5.1,-0.6008190792545747,0.6008190792545747,0.16588163543075207,0.5132959941580747,-0.007276655536286792,-0.0011426747585559357,0.011153954727089748,-0.6008190792545747,1.0931697313213173,0.30718203349378476,4.499180920745425,True,4.499180920745425,True,4.499180920745425,True,5.1,False,5.1,False,5.1,False,4.499180920745425,True,4.649385690559068,4.806815524555877,True,True,0.75,0.4879746425627348,4.499180920745425,wind_stuck_7_days,2015
1681,MB_Pch,MB_Pch,2015-05-18,3.89537956,4.2,4.2,-0.5694585393166373,0.5694585393166373,0.09607571032490937,0.4623658504585171,-0.029685096579302725,-0.010375154342174342,0.011153954727089748,0.03978234068336339,1.0931697313213173,0.30718203349378476,3.630541460683363,True,3.630541460683363,True,3.630541460683363,True,4.2,False,4.2,False,4.2,False,3.630541460683363,True,3.772906095512522,3.7617845423932623,True,True,0.75,0.7695300488997957,3.630541460683363,wind_stuck_7_days,2015
1682,MB_Pch,MB_Pch,2015-05-26,3.77690583,5.0,5.0,-0.34234317876749765,0.34234317876749765,0.17558093605672934,0.5251968879574266,-0.0049895450722566214,0.0037847714891135194,0.011153954727089748,0.34234317876749765,1.0931697313213173,0.30718203349378476,4.657656821232503,True,4.657656821232503,True,4.657656821232503,True,5.0,False,5.0,False,4.657656821232503,True,4.657656821232503,True,4.743242615924377,4.859944349957852,True,True,0.75,0.4091089255710493,4.657656821232503,wind_stuck_7_days,2015
1683,MB_Pch,MB_Pch,2015-06-03,5.38850431,5.7,5.7,-0.7083780404743101,0.7083780404743101,0.15155586199310545,0.5213161202408731,-0.09525680575304908,-0.04791299392099461,0.0028811908292402464,-0.08538666047430987,1.0931697313213173,0.30718203349378476,4.99162195952569,True,4.99162195952569,True,4.99162195952569,True,5.7,False,5.7,False,5.7,False,4.99162195952569,True,5.168716469644267,5.655827967592619,True,True,0.75,0.062356580644150554,4.99162195952569,wind_stuck_7_days,2015
1684,MB_Pch,MB_Pch,2015-06-11,6.2861831,6.3,6.3,-0.4243785666625154,0.4243785666625154,0.2428760968434524,0.5473402840595262,-0.03680838147581757,-0.05161702640619149,0.0028811908292402464,-0.3967447666625151,1.0931697313213173,0.30718203349378476,5.875621433337485,True,5.875621433337485,True,5.875621433337485,True,6.3,False,6.3,False,6.3,False,5.875621433337485,True,5.9817160750031135,6.2241524495897425,True,True,0.75,0.17872615718261387,5.875621433337485,wind_stuck_7_days,2015
1685,MB_Pch,MB_Pch,2015-06-19,4.87595064,6.5,6.5,-0.09162423324602323,0.09162423324602323,0.14955905622335772,0.7114879198073842,-0.04416641412546853,-0.009414519426877868,0.0019930631949117202,0.09162423324602331,1.0931697313213173,0.30718203349378476,6.408375766753977,True,6.408375766753977,True,6.408375766753977,True,6.5,False,6.5,False,6.5,False,6.408375766753977,True,6.431281825065483,6.5,True,False,0.75,0.0,6.408375766753977,wind_stuck_7_days,2015
1686,MB_Pch,MB_Pch,2015-07-05,8.26227628,6.6,6.6,0.5226640206645061,0.5226640206645061,0.18039900396251793,0.733933773921597,0.058432444858208824,0.06928840428155648,-0.013204064636735758,0.5226640206645061,1.0931697313213173,0.30718203349378476,7.122664020664506,True,7.122664020664506,True,7.122664020664506,True,7.122664020664506,True,7.122664020664506,True,7.122664020664506,True,6.6,False,6.991998015498379,7.069534460626888,True,True,0.75,0.8983485414395472,7.122664020664506,wind_stuck_7_days,2015
1687,MB_Pch,MB_Pch,2015-07-13,6.55474988,6.3,6.3,0.021584240189962776,0.021584240189962776,0.17412694332613388,0.5001107196401408,-0.044414353471211566,-0.009414519426877868,0.0028811908292402464,0.021584240189962772,1.0931697313213173,0.30718203349378476,6.321584240189963,True,6.321584240189963,True,6.321584240189963,True,6.3,False,6.3,False,6.3,False,6.321584240189963,True,6.316188180142472,6.3,True,False,0.75,0.0,6.321584240189963,wind_stuck_7_days,2015
1688,MB_Pch,MB_Pch,2015-07-21,6.7761933,6.3,6.3,0.17142057552624174,0.17142057552624174,0.2104636582616966,0.6756829472667383,-0.005525102319800754,0.011828761066172241,0.011153954727089748,0.17142057552624174,1.0931697313213173,0.30718203349378476,6.471420575526242,True,6.471420575526242,True,6.471420575526242,True,6.3,False,6.3,False,6.471420575526242,True,6.471420575526242,True,6.428565431644681,6.471420575526242,True,True,0.75,1.0,6.471420575526242,wind_stuck_7_days,2015
1689,MB_Pch,MB_Pch,2015-07-29,6.68252299,5.9,5.9,1.9069887703013244,1.9069887703013244,0.2923426824568327,0.9824632531293458,0.41646503219655573,0.9312970882693846,-0.5485522710992679,-0.34194279030132546,1.0931697313213173,0.30718203349378476,7.8069887703013245,True,7.8069887703013245,True,5.9,False,7.8069887703013245,True,5.9,False,7.8069887703013245,True,5.9,False,7.330241577725994,7.190299652462908,True,True,0.75,0.6766162824645406,7.679342027787552,wind_stuck_7_days,2015
1690,MB_Pch,MB_Pch,2015-08-22,4.59852345,5.4,5.4,1.3477973828920908e-05,1.3477973828920908e-05,0.16734565976373567,0.4768004178091451,-0.001941797444626594,0.011828761066172241,0.011153954727089748,-1.3477973828890377e-05,1.0931697313213173,0.30718203349378476,5.400013477973829,True,5.400013477973829,True,5.400013477973829,True,5.4,False,5.4,False,5.400013477973829,True,5.400013477973829,True,5.400010108480372,5.400013477973829,True,True,0.75,1.0,5.400013477973829,wind_stuck_7_days,2015
1691,MB_Pch,MB_Pch,2015-08-30,2.35078591,5.1,5.1,-0.36819778836657446,0.36819778836657446,0.15110374587892833,0.40875805914708574,0.01649408616170422,0.01600607394870739,0.011153954727089748,0.3681977883665746,1.0931697313213173,0.30718203349378476,4.7318022116334255,True,4.7318022116334255,True,4.7318022116334255,True,4.7318022116334255,True,4.7318022116334255,True,4.7318022116334255,True,4.7318022116334255,True,4.823851658725069,5.008962388976109,True,True,0.75,0.24725192247286068,4.7318022116334255,wind_stuck_7_days,2015
1692,MB_Pch,MB_Pch,2015-09-07,2.64856835,5.3,5.3,0.5379086374884849,0.5379086374884849,0.23266264467508127,0.6409306070129548,0.045881116640545234,0.033973276219182065,-0.006165937950529531,-0.5379086374884849,1.0931697313213173,0.30718203349378476,5.837908637488485,True,5.837908637488485,True,5.837908637488485,True,5.837908637488485,True,5.837908637488485,True,5.837908637488485,True,5.3,False,5.7034314781163635,5.716101090360968,True,True,0.75,0.7735534649596985,5.837908637488485,wind_stuck_7_days,2015
1693,MB_Pch,MB_Pch,2015-09-15,4.48178151,2.6,2.6,0.4210822936567955,0.4210822936567955,0.20391658878067984,0.4760021947707139,0.049072465455550655,0.03327248436428861,-0.012112128400000938,0.4210822936567955,1.0931697313213173,0.30718203349378476,3.0210822936567956,True,3.0210822936567956,True,3.0210822936567956,True,3.0210822936567956,True,3.0210822936567956,True,3.0210822936567956,True,2.6,False,2.915811720242597,3.0157931996212133,True,True,0.75,0.9874392865355361,3.0210822936567956,wind_stuck_7_days,2015
1694,MB_Pch,MB_Pch,2015-09-23,3.05849806,3.8,3.8,-0.4365826340216474,0.4365826340216474,0.12841440778955027,0.44657103338365267,-0.02203065900131537,-5.235013817651011e-05,0.009607970468886694,0.4365826340216474,1.0931697313213173,0.30718203349378476,3.3634173659783526,True,3.3634173659783526,True,3.3634173659783526,True,3.8,False,3.8,False,3.8,False,3.3634173659783526,True,3.4725630244837644,3.491745029531943,True,True,0.75,0.7060632889323133,3.3634173659783526,wind_stuck_7_days,2015
1695,MB_Pch,MB_Pch,2015-10-09,1.80333674,3.3,3.3,-0.32656860612640987,0.32656860612640987,0.17475705869251207,0.5558167256420334,-0.0049895450722566214,-0.001225499037343489,0.009607970468886694,0.3265686061264099,1.0931697313213173,0.30718203349378476,2.97343139387359,True,2.97343139387359,True,2.97343139387359,True,3.3,False,3.3,False,3.3,False,2.97343139387359,True,3.0550735454051923,3.1560845351124454,True,True,0.75,0.44068983419626945,2.97343139387359,wind_stuck_7_days,2015
1696,MB_Pch,MB_Pch,2015-10-17,3.18141822,2.3,2.3,0.20425787747797308,0.20425787747797308,0.17751610344856583,0.7161626086545914,0.015433087133860643,0.014089492107855886,0.008358106838629331,0.20425787747797308,1.0931697313213173,0.30718203349378476,2.504257877477973,True,2.504257877477973,True,2.504257877477973,True,2.504257877477973,True,2.504257877477973,True,2.504257877477973,True,2.504257877477973,True,2.4531934081084796,2.4496071597733526,True,True,0.75,0.7324425457690681,2.504257877477973,wind_stuck_7_days,2015
1697,MB_Pch,MB_Pch,2015-11-26,1.34871643,0.8,0.8,0.03690420690317668,0.03690420690317668,0.14272337250880454,0.45130000555971767,0.017862133454878578,0.014089492107855886,0.0012810480540339452,0.03690420690317664,1.0931697313213173,0.30718203349378476,0.8369042069031767,True,0.8369042069031767,True,0.8369042069031767,True,0.8369042069031767,True,0.8369042069031767,True,0.8369042069031767,True,0.8369042069031767,True,0.8276781551773825,0.8369042069031767,True,True,0.75,1.0,0.8369042069031767,wind_stuck_7_days,2015
1698,MB_Pch,MB_Pch,2015-12-04,1.06483817,0.7,0.7,0.32849259883430754,0.32849259883430754,0.17765411948465243,0.48478019289883606,0.02053343793390873,0.021033371766201243,0.0012810480540339452,0.32849259883430754,1.0931697313213173,0.30718203349378476,1.0284925988343074,True,1.0284925988343074,True,1.0284925988343074,True,1.0284925988343074,True,1.0284925988343074,True,1.0284925988343074,True,1.0284925988343074,True,0.9463694491257306,0.8439510106528404,True,True,0.75,0.43821690705868754,1.0284925988343074,wind_stuck_7_days,2015
1699,MB_Pch,MB_Pch,2015-12-12,0.85523514,0.6,0.6,0.19126370643720345,0.19126370643720345,0.11839259462217296,0.4394369388114672,0.017862133454878578,0.014089492107855886,0.0012810480540339452,0.19126370643720345,1.0931697313213173,0.30718203349378476,0.7912637064372035,True,0.7912637064372035,True,0.7912637064372035,True,0.7912637064372035,True,0.7912637064372035,True,0.7912637064372035,True,0.7912637064372035,True,0.7434477798279026,0.7547725458654504,True,True,0.75,0.8092102194844064,0.7912637064372035,wind_stuck_7_days,2015
2080,SLM001,SLM001,2015-01-01,0.3484456,0.5,0.5,-0.07994417016048841,0.07994417016048841,0.0712264392042781,0.3130578381468251,0.017862133454878578,0.014089492107855886,0.0012810480540339452,0.07994417016048841,1.0931697313213173,0.30718203349378476,0.4200558298395116,True,0.4200558298395116,True,0.4200558298395116,True,0.4200558298395116,True,0.4200558298395116,True,0.4200558298395116,True,0.4200558298395116,True,0.4400418723796337,0.4200558298395116,True,True,0.75,1.0,0.4200558298395116,wind_stuck_7_days,2015
2081,SLM001,SLM001,2015-02-25,1.20494411,1.6,1.6,-0.038914291375671275,0.038914291375671275,0.09930732861856487,0.44947067458340345,0.017862133454878578,0.014089492107855886,0.006542861003432963,0.03891429137567126,1.0931697313213173,0.30718203349378476,1.5610857086243288,True,1.5610857086243288,True,1.5610857086243288,True,1.5610857086243288,True,1.5610857086243288,True,1.5610857086243288,True,1.5610857086243288,True,1.5708142814682466,1.5610857086243288,True,True,0.75,1.0,1.5610857086243288,wind_stuck_7_days,2015
2082,SLM001,SLM001,2015-02-26,1.42844013,1.6,1.6,0.30316034035732026,0.30316034035732026,0.1363271777975196,0.5270157520496388,0.022962484254926665,0.021033371766201243,0.005886892331386395,-0.30316034035732026,1.0931697313213173,0.30718203349378476,1.9031603403573203,True,1.9031603403573203,True,1.9031603403573203,True,1.9031603403573203,True,1.9031603403573203,True,1.9031603403573203,True,1.9031603403573203,True,1.8273702552679902,1.7507488363149415,True,True,0.75,0.4972577750020372,1.9031603403573203,wind_stuck_7_days,2015
2083,SLM001,SLM001,2015-03-05,1.42652181,1.6,1.6,-0.026151939450173932,0.026151939450173932,0.10647906421452963,0.34156988450249226,0.017862133454878578,0.014089492107855886,0.006542861003432963,0.02615193945017394,1.0931697313213173,0.30718203349378476,1.5738480605498262,True,1.5738480605498262,True,1.5738480605498262,True,1.5738480605498262,True,1.5738480605498262,True,1.5738480605498262,True,1.5738480605498262,True,1.5803860454123697,1.5738480605498262,True,True,0.75,1.0,1.5738480605498262,wind_stuck_7_days,2015
2084,SLM001,SLM001,2015-03-13,1.22790723,1.8,1.8,0.1955727120124507,0.1955727120124507,0.11701616346277637,0.40768084196845533,0.017862133454878578,0.014089492107855886,0.005886892331386395,-0.19557271201245063,1.0931697313213173,0.30718203349378476,1.9955727120124507,True,1.9955727120124507,True,1.9955727120124507,True,1.9955727120124507,True,1.9955727120124507,True,1.9955727120124507,True,1.9955727120124507,True,1.9466795340093381,1.9520742284946169,True,True,0.75,0.7775840858868659,1.9955727120124507,wind_stuck_7_days,2015
2085,SLM001,SLM001,2015-03-21,1.46409864,2.4,2.4,-0.011466779659116532,0.011466779659116532,0.08135025566286003,0.2883448449278253,0.017862133454878578,0.014089492107855886,0.007702138166582763,0.011466779659116577,1.0931697313213173,0.30718203349378476,2.3885332203408836,True,2.3885332203408836,True,2.3885332203408836,True,2.3885332203408836,True,2.3885332203408836,True,2.3885332203408836,True,2.3885332203408836,True,2.3913999152556626,2.3885332203408836,True,True,0.75,1.0,2.3885332203408836,wind_stuck_7_days,2015
2086,SLM001,SLM001,2015-03-29,2.08542036,2.7,2.7,-0.22100784558829484,0.22100784558829484,0.1004650920131338,0.40139115358759303,0.017862133454878578,0.014089492107855886,0.009607970468886694,0.22100784558829484,1.0931697313213173,0.30718203349378476,2.4789921544117055,True,2.4789921544117055,True,2.4789921544117055,True,2.4789921544117055,True,2.4789921544117055,True,2.4789921544117055,True,2.4789921544117055,True,2.534244115808779,2.5628571742373185,True,True,0.75,0.6205337434860054,2.4789921544117055,wind_stuck_7_days,2015
2087,SLM001,SLM001,2015-04-23,2.05256084,3.8,3.8,-0.8483573796985837,0.8483573796985837,0.13861246748604097,0.38583313168798183,0.06909875895876091,0.04961545919273749,-0.021627874979241707,0.8483573796985837,1.0931697313213173,0.30718203349378476,2.951642620301416,True,2.951642620301416,True,2.951642620301416,True,2.951642620301416,True,2.951642620301416,True,2.951642620301416,True,3.8,False,3.163731965226062,3.4139816083236587,True,True,0.75,0.455018605264554,2.951642620301416,wind_stuck_7_days,2015
2088,SLM001,SLM001,2015-04-30,4.18951765,5.0,5.0,-0.7097530638396785,0.7097530638396785,0.18766919003181998,0.48990373353477484,-0.015424753963964912,0.0036516823470203667,0.011153954727089748,0.7097530638396785,1.0931697313213173,0.30718203349378476,4.2902469361603215,True,4.2902469361603215,True,4.2902469361603215,True,5.0,False,5.0,False,4.2902469361603215,True,4.2902469361603215,True,4.467685202120241,4.806923984119338,True,True,0.75,0.27203266279139954,4.2902469361603215,wind_stuck_7_days,2015
2089,SLM001,SLM001,2015-05-08,1.66909124,3.2,3.2,-0.5354810026401282,0.5354810026401282,0.16625703247537887,0.48287049776660274,0.07602013903789673,0.08365900720343299,0.009607970468886694,0.5354810026401282,1.0931697313213173,0.30718203349378476,2.664518997359872,True,2.664518997359872,True,2.664518997359872,True,2.664518997359872,True,2.664518997359872,True,2.664518997359872,True,2.664518997359872,True,2.798389248019904,2.7614976853553004,True,True,0.75,0.8188942511176197,2.664518997359872,wind_stuck_7_days,2015
2090,SLM001,SLM001,2015-05-09,2.61894766,4.1,4.1,-0.8075741155072201,0.8075741155072201,0.10985489737489995,0.4364117946988693,-0.05512123804613478,-0.045041610518135995,0.011153954727089748,0.8075741155072201,1.0931697313213173,0.30718203349378476,3.2924258844927796,True,3.2924258844927796,True,3.2924258844927796,True,4.1,False,4.1,False,4.1,False,3.2924258844927796,True,3.4943194133695847,3.9467513829738583,True,True,0.75,0.18976415177681744,3.2924258844927796,wind_stuck_7_days,2015
2091,SLM001,SLM001,2015-05-24,3.63063715,4.1,4.1,-0.960119533819182,0.960119533819182,0.14136272956279447,0.40794525138546434,-0.05512123804613478,-0.04608994719346541,-0.027525820332952297,-0.021393833819182917,1.0931697313213173,0.30718203349378476,3.1398804661808177,True,3.1398804661808177,True,3.1398804661808177,True,4.1,False,4.1,False,4.1,False,4.1,False,3.379910349635613,3.6128409585555303,True,True,0.75,0.507394156961518,3.1398804661808177,wind_stuck_7_days,2015
2092,SLM001,SLM001,2015-05-25,3.50258328,4.6,4.6,-1.0955191367655739,1.0955191367655739,0.09028223341304135,0.31229631057023327,-0.17875731902715816,-0.018209526186606033,-0.021180011971207342,1.0955191367655739,1.0931697313213173,0.30718203349378476,3.5044808632344258,True,3.5044808632344258,True,3.5044808632344258,True,4.6,False,4.6,False,4.6,False,4.6,False,3.7783606474258193,4.296900678787267,True,True,0.75,0.27667186363134394,3.5044808632344258,wind_stuck_7_days,2015
2093,SLM001,SLM001,2015-06-02,3.84261656,4.5,4.5,-0.8193772127556354,0.8193772127556354,0.1463463308624785,0.39973036867388595,-0.05512123804613478,-0.04608994719346541,0.011153954727089748,0.4953896672443643,1.0931697313213173,0.30718203349378476,3.6806227872443644,True,3.6806227872443644,True,3.6806227872443644,True,4.5,False,4.5,False,4.5,False,3.6806227872443644,True,3.8854670904332735,4.350591170813449,True,True,0.75,0.18234437919511606,3.6806227872443644,wind_stuck_7_days,2015
2094,SLM001,SLM001,2015-06-18,4.73503811,5.7,5.7,-0.25246283695232574,0.25246283695232574,0.2383666697208691,0.4670389827008866,-0.045154173407389094,-0.007177692744988771,0.0028811908292402464,0.25246283695232574,1.0931697313213173,0.30718203349378476,5.4475371630476745,True,5.4475371630476745,True,5.4475371630476745,True,5.7,False,5.7,False,5.7,False,5.4475371630476745,True,5.510652872285756,5.7,True,False,0.75,0.0,5.4475371630476745,wind_stuck_7_days,2015
2095,SLM001,SLM001,2015-06-25,5.49677615,5.5,5.5,0.24158633782046487,0.24158633782046487,0.13544545838500882,0.5930250104727958,-0.025515507372074014,-0.009414519426877868,0.0028811908292402464,-0.24158633782046487,1.0931697313213173,0.30718203349378476,5.741586337820465,True,5.741586337820465,True,5.741586337820465,True,5.5,False,5.5,False,5.5,False,5.741586337820465,True,5.681189753365349,5.5,True,False,0.75,0.0,5.741586337820465,wind_stuck_7_days,2015
2096,SLM001,SLM001,2015-06-26,6.29389145,5.7,5.7,0.15257974781127298,0.15257974781127298,0.13891340933430216,0.5665459240890497,-0.025515507372074014,-0.009414519426877868,0.0028811908292402464,0.15257974781127298,1.0931697313213173,0.30718203349378476,5.852579747811273,True,5.852579747811273,True,5.852579747811273,True,5.7,False,5.7,False,5.7,False,5.852579747811273,True,5.8144348108584545,5.7,True,False,0.75,0.0,5.852579747811273,wind_stuck_7_days,2015
2097,SLM001,SLM001,2015-07-03,5.93832131,4.9,4.9,-0.32163056007241986,0.32163056007241986,0.16865097293425604,0.4533851204410285,-0.002808438096981725,0.0037847714891135194,0.00562511468184325,-0.32163056007241986,1.0931697313213173,0.30718203349378476,4.578369439927581,True,4.578369439927581,True,4.578369439927581,True,4.9,False,4.9,False,4.578369439927581,True,4.578369439927581,True,4.658777079945685,4.756886361070333,True,True,0.75,0.4449628135381263,4.578369439927581,wind_stuck_7_days,2015
2098,SLM001,SLM001,2015-07-04,6.29162089,5.8,5.8,-0.6238615476117818,0.6238615476117818,0.1950388096396551,0.5161593323789455,-0.06272964109575811,-0.06298816728551872,0.0028811908292402464,-0.6238615476117819,1.0931697313213173,0.30718203349378476,5.176138452388218,True,5.176138452388218,True,5.176138452388218,True,5.8,False,5.8,False,5.8,False,5.176138452388218,True,5.332103839291164,5.708219658384708,True,True,0.75,0.1471165228352962,5.176138452388218,wind_stuck_7_days,2015
2099,SLM001,SLM001,2015-07-11,4.76067246,4.7,4.7,-0.3920285012788657,0.3920285012788657,0.13991038304749365,0.4561780287625428,0.005151755436245482,-5.235013817651011e-05,0.011153954727089748,-0.3920285012788657,1.0931697313213173,0.30718203349378476,4.307971498721135,True,4.307971498721135,True,4.307971498721135,True,4.307971498721135,True,4.307971498721135,True,4.7,False,4.307971498721135,True,4.405978624040851,4.404139475285648,True,True,0.75,0.7546913649114878,4.307971498721135,wind_stuck_7_days,2015
2100,SLM001,SLM001,2015-07-19,5.15752313,4.7,4.7,-0.9009485054329183,0.9009485054329183,0.22175017791060833,0.31353987967632113,-0.08204198287775664,-0.09765462346148038,-0.1235851796559008,-0.9009485054329183,1.0931697313213173,0.30718203349378476,3.799051494567082,True,3.799051494567082,True,3.799051494567082,True,4.7,False,4.7,False,4.7,False,4.7,False,4.0242886209253115,4.617593736255794,True,True,0.75,0.09146611959204988,3.799051494567082,wind_stuck_7_days,2015
2101,SLM001,SLM001,2015-07-20,5.12902746,4.8,4.8,-1.0787038182221447,1.0787038182221447,0.20193637189027266,0.4478175348825162,-0.01678740937635555,0.020727850648462866,-0.18769666237835197,-1.0787038182221447,1.0931697313213173,0.30718203349378476,3.721296181777855,True,3.721296181777855,True,3.721296181777855,True,4.8,False,4.8,False,3.721296181777855,True,4.8,False,3.9909721363333914,4.599430141397424,True,True,0.75,0.1859359865186562,3.721296181777855,wind_stuck_7_days,2015
2102,SLM001,SLM001,2015-07-27,5.312473,4.1,4.1,-1.2302858752676948,1.2302858752676948,0.34815655124209777,0.4758177344689541,-0.08507240143128957,-0.1062355570209465,-0.1944967025433938,-1.230285875267695,1.0931697313213173,0.30718203349378476,2.8697141247323046,True,4.1,False,2.8697141247323046,True,4.1,False,4.1,False,4.1,False,4.1,False,3.177285593549229,3.98661778287513,True,True,0.75,0.09215924477731592,2.8697141247323046,wind_stuck_7_days,2015
2103,SLM001,SLM001,2015-07-28,4.8398154,4.9,4.9,-0.214731003243008,0.214731003243008,0.1956475058118398,0.5174477374159561,-0.02794455369309195,-0.009414519426877868,0.0028811908292402464,-0.09436180324300728,1.0931697313213173,0.30718203349378476,4.685268996756992,True,4.685268996756992,True,4.685268996756992,True,4.9,False,4.9,False,4.9,False,4.685268996756992,True,4.738951747567745,4.9,True,False,0.75,0.0,4.685268996756992,wind_stuck_7_days,2015
2104,SLM001,SLM001,2015-08-05,4.5379718,4.1,4.1,-1.354308578284812,1.354308578284812,0.15393864009579633,0.3557924022100544,-0.4040898784414753,-0.05449956003682234,0.0011745331216846916,-1.354308578284812,1.0931697313213173,0.30718203349378476,2.7456914217151875,True,2.7456914217151875,True,2.7456914217151875,True,4.1,False,4.1,False,4.1,False,2.7456914217151875,True,3.0842685662863905,3.816547751191975,True,True,0.75,0.2092966502264997,2.7456914217151875,wind_stuck_7_days,2015
2105,SLM001,SLM001,2015-08-12,4.93150281,4.5,4.5,-0.9542372690052601,0.9542372690052601,0.1436650536783552,0.2960491679018233,-0.05512123804613478,-0.04608994719346541,-0.027525820332952297,-0.9542372690052601,1.0931697313213173,0.30718203349378476,3.54576273099474,True,3.54576273099474,True,3.54576273099474,True,4.5,False,4.5,False,4.5,False,4.5,False,3.7843220482460547,4.016869269431016,True,True,0.75,0.5063004205155618,3.54576273099474,wind_stuck_7_days,2015
2106,SLM001,SLM001,2015-08-13,4.81178719,4.7,4.7,-0.7482421305129152,0.7482421305129152,0.14892048718363154,0.32206421145167746,-0.04795191862125593,-0.003088258466064656,0.011153954727089748,-0.7482421305129152,1.0931697313213173,0.30718203349378476,3.9517578694870847,True,3.9517578694870847,True,3.9517578694870847,True,4.7,False,4.7,False,4.7,False,3.9517578694870847,True,4.138818402115314,4.535775920190292,True,True,0.75,0.21947986235035105,3.9517578694870847,wind_stuck_7_days,2015
2107,SLM001,SLM001,2015-08-20,3.94759718,4.3,4.3,-1.1272038648127503,1.1272038648127503,0.18393060837457484,0.30777838087135967,-0.12301083370026214,-0.041940391538707024,-0.021180011971207342,-0.42239822481275024,1.0931697313213173,0.30718203349378476,3.17279613518725,True,3.17279613518725,True,3.17279613518725,True,4.3,False,4.3,False,4.3,False,4.3,False,3.454597101390437,3.962487794883772,True,True,0.75,0.2994242795399704,3.17279613518725,wind_stuck_7_days,2015
2108,SLM001,SLM001,2015-08-21,3.88753542,4.2,4.2,-0.9783288225341927,0.9783288225341927,0.16096914240438115,0.3491206869107867,0.0032977150860306844,-0.0139018217588148,-0.021180011971207342,-0.3533996625341921,1.0931697313213173,0.30718203349378476,3.2216711774658076,True,3.2216711774658076,True,3.2216711774658076,True,3.2216711774658076,True,3.2216711774658076,True,4.2,False,4.2,False,3.466253383099356,3.699339514502272,True,True,0.75,0.5117507263057558,3.2216711774658076,wind_stuck_7_days,2015
2109,SLM001,SLM001,2015-08-29,3.2941466,2.5,2.5,0.05477275689136015,0.05477275689136015,0.14909002687192038,0.42914967448178054,0.017862133454878578,0.014089492107855886,0.009607970468886694,0.054772756891360186,1.0931697313213173,0.30718203349378476,2.55477275689136,True,2.55477275689136,True,2.55477275689136,True,2.55477275689136,True,2.55477275689136,True,2.55477275689136,True,2.55477275689136,True,2.54107956766852,2.55477275689136,True,True,0.75,1.0,2.55477275689136,wind_stuck_7_days,2015
2110,SLM001,SLM001,2015-09-05,2.99940202,2.9,2.9,-1.476017357549843,1.476017357549843,0.1375336913344792,0.45850437889181983,0.05950979976855605,-0.07316846337477734,-0.09988801585838689,-1.476017357549843,1.0931697313213173,0.30718203349378476,1.423982642450157,True,1.423982642450157,True,1.423982642450157,True,1.423982642450157,True,1.423982642450157,True,2.9,False,2.9,False,1.7929869818376176,2.508064684810655,True,True,0.75,0.265535708766968,1.423982642450157,wind_stuck_7_days,2015
2111,SLM001,SLM001,2015-09-22,3.08467121,3.2,3.2,-0.6756849569448945,0.6756849569448945,0.11278890819781079,0.4110459388722448,-0.029685096579302725,0.0013158735621239671,0.009607970468886694,-0.4450273769448946,1.0931697313213173,0.30718203349378476,2.524315043055106,True,2.524315043055106,True,2.524315043055106,True,3.2,False,3.2,False,2.524315043055106,True,2.524315043055106,True,2.693236282291329,2.8005475244806943,True,True,0.75,0.5911815431342856,2.524315043055106,wind_stuck_7_days,2015
2112,SLM001,SLM001,2015-10-07,1.16755385,2.2,2.2,-0.5080377387685285,0.5080377387685285,0.07595608972659816,0.3451871715577472,0.11171683056759027,0.1100428467643639,0.007702138166582763,0.5080377387685285,1.0931697313213173,0.30718203349378476,1.6919622612314718,True,1.6919622612314718,True,1.6919622612314718,True,1.6919622612314718,True,1.6919622612314718,True,1.6919622612314718,True,1.6919622612314718,True,1.8189716959236037,1.8171427171459493,True,True,0.75,0.7536000844781491,1.6919622612314718,wind_stuck_7_days,2015
2113,SLM001,SLM001,2015-10-16,1.89993193,2.5,2.5,-0.24832683002250683,0.24832683002250683,0.2328818381272888,0.5069990410194508,0.01114194434460886,0.008129047911568913,0.009607970468886694,0.24832683002250683,1.0931697313213173,0.30718203349378476,2.2516731699774932,True,2.2516731699774932,True,2.2516731699774932,True,2.2516731699774932,True,2.2516731699774932,True,2.2516731699774932,True,2.2516731699774932,True,2.31375487748312,2.374256775209834,True,True,0.75,0.506361816718594,2.2516731699774932,wind_stuck_7_days,2015
2114,SLM001,SLM001,2015-10-31,0.44183911,1.8,1.8,-0.3959146253145276,0.3959146253145276,0.10303872346007087,0.41897947454992907,0.07361096844563259,0.09372279897009979,0.005886892331386395,0.3959146253145276,1.0931697313213173,0.30718203349378476,1.4040853746854725,True,1.4040853746854725,True,1.4040853746854725,True,1.4040853746854725,True,1.4040853746854725,True,1.4040853746854725,True,1.4040853746854725,True,1.5030640310141044,1.4534213438154375,True,True,0.75,0.8753873537993933,1.4040853746854725,wind_stuck_7_days,2015
2115,SLM001,SLM001,2015-11-16,1.13712485,1.0,1.0,0.18411729734684812,0.18411729734684812,0.14189136084250792,0.4122428182409402,0.017862133454878578,0.014089492107855886,0.006542861003432963,0.09013240265315181,1.0931697313213173,0.30718203349378476,1.1841172973468481,True,1.1841172973468481,True,1.1841172973468481,True,1.1841172973468481,True,1.1841172973468481,True,1.1841172973468481,True,1.1841172973468481,True,1.138087973010136,1.1592874938606612,True,True,0.75,0.865141386257634,1.1841172973468481,wind_stuck_7_days,2015
2116,SLM001,SLM001,2015-12-26,0.75430015,0.5,0.5,0.08829806500807087,0.08829806500807087,0.07773919462066631,0.2980603965480034,0.017862133454878578,0.014089492107855886,0.0012810480540339452,0.08829806500807086,1.0931697313213173,0.30718203349378476,0.5882980650080709,True,0.5882980650080709,True,0.5882980650080709,True,0.5882980650080709,True,0.5882980650080709,True,0.5882980650080709,True,0.5882980650080709,True,0.5662235487560532,0.5882980650080709,True,True,0.75,1.0,0.5882980650080709,wind_stuck_7_days,2015
2670,US-A32,US-A32,2015-06-25,5.03245271,5.1,5.1,-0.8780246924025665,0.8780246924025665,0.22354164818038652,0.5167184512190816,-0.08204198287775664,-0.11195673522556465,-0.1235851796559008,-0.7429301124025678,1.0931697313213173,0.30718203349378476,4.221975307597433,True,4.221975307597433,True,4.221975307597433,True,5.1,False,5.1,False,5.1,False,5.1,False,4.441481480698075,5.044123538521491,True,True,0.75,0.06363882697377411,4.221975307597433,wind_stuck_7_days,2015
2671,US-A32,US-A32,2015-07-11,5.52219901,5.4,5.4,0.20940732179459678,0.20940732179459678,0.26790498188096434,0.6451839639431539,-0.004122904419901492,0.011828761066172241,-5.09343316465558e-06,0.034990698205401655,1.0931697313213173,0.30718203349378476,5.609407321794597,True,5.609407321794597,True,5.609407321794597,True,5.4,False,5.4,False,5.609407321794597,True,5.4,False,5.557055491345948,5.5489842928931665,True,True,0.75,0.7114569424621253,5.609407321794597,wind_stuck_7_days,2015
2672,US-A32,US-A32,2015-07-19,6.8310396,5.7,5.7,-1.2482988730558089,1.2482988730558089,0.20335728758896623,0.5852975115967393,0.23019413234470995,0.23448216538068017,-0.17943846765488775,-1.248298873055809,1.0931697313213173,0.30718203349378476,4.451701126944191,True,4.451701126944191,True,4.451701126944191,True,4.451701126944191,True,4.451701126944191,True,4.451701126944191,True,5.7,False,4.763775845208143,5.539265057383331,True,True,0.75,0.1287631881163146,4.451701126944191,wind_stuck_7_days,2015
2673,US-A32,US-A32,2015-09-05,3.24081495,3.6,3.6,-0.6637734530454442,0.6637734530454442,0.2731094129945215,0.6935822700884586,0.027854448004421578,-0.014807636477729556,0.0039777623538787875,0.05459664695455624,1.0931697313213173,0.30718203349378476,2.936226546954556,True,2.936226546954556,True,2.936226546954556,True,2.936226546954556,True,2.936226546954556,True,3.6,False,2.936226546954556,True,3.102169910215917,3.3568778508972086,True,True,0.75,0.3662727817560767,2.936226546954556,wind_stuck_7_days,2015
2674,US-A32,US-A32,2015-09-13,3.51153681,3.0,3.0,-0.341893246406891,0.341893246406891,0.21749514186969177,0.5796793693929905,0.016242295144656943,0.011812513955282142,0.009607970468886694,-0.341893246406891,1.0931697313213173,0.30718203349378476,2.658106753593109,True,2.658106753593109,True,2.658106753593109,True,2.658106753593109,True,2.658106753593109,True,2.658106753593109,True,2.658106753593109,True,2.743580065194832,2.8601284213024787,True,True,0.75,0.4091089255710493,2.658106753593109,wind_stuck_7_days,2015
2675,US-A32,US-A32,2015-10-23,1.85044931,0.5,0.5,0.3165959898580738,0.3165959898580738,0.15567853814039123,0.5536263826557993,0.038811936730600544,0.0284995860636811,0.005886892331386395,0.3165959898580739,1.0931697313213173,0.30718203349378476,0.8165959898580738,True,0.8165959898580738,True,0.8165959898580738,True,0.8165959898580738,True,0.8165959898580738,True,0.8165959898580738,True,0.8165959898580738,True,0.7374469923935554,0.6543414158577177,True,True,0.75,0.4875027505146449,0.8165959898580738,wind_stuck_7_days,2015
2893,US-ADR,US-ADR,2015-01-03,0.2262518,0.4,0.4,-0.207880094254969,0.207880094254969,0.16673251660664853,0.273955952891885,0.02936258924630441,0.011268208097704032,0.0012810480540339452,0.13961630574503103,1.0931697313213173,0.30718203349378476,0.19211990574503102,True,0.19211990574503102,True,0.19211990574503102,True,0.19211990574503102,True,0.19211990574503102,True,0.19211990574503102,True,0.19211990574503102,True,0.24408992930877327,0.2541005643253006,True,True,0.75,0.7018441866576746,0.19211990574503102,wind_stuck_7_days,2015
2894,US-ADR,US-ADR,2015-01-12,-0.00670272,0.0,0.0,0.38017169578119125,0.38017169578119125,0.1164557158359235,0.3924313481236874,0.1480789808566831,0.1476350435331315,-0.00692278658581414,-0.38017169578119125,1.0931697313213173,0.30718203349378476,0.38017169578119125,True,0.38017169578119125,True,0.38017169578119125,True,0.38017169578119125,True,0.38017169578119125,True,0.38017169578119125,True,0.0,False,0.28512877183589347,0.38017169578119125,True,True,0.75,1.0,0.38017169578119125,wind_stuck_7_days,2015
2895,US-ADR,US-ADR,2015-01-28,-0.20379729,1.0,1.0,-0.13966381324235116,0.13966381324235116,0.06546241673021751,0.3079554581349445,0.017862133454878578,0.014089492107855886,0.0012810480540339452,0.1396638132423511,1.0931697313213173,0.30718203349378476,0.8603361867576489,True,0.8603361867576489,True,0.8603361867576489,True,0.8603361867576489,True,0.8603361867576489,True,0.8603361867576489,True,0.8603361867576489,True,0.8952521400682366,0.8603361867576489,True,True,0.75,1.0,0.8603361867576489,wind_stuck_7_days,2015
2896,US-ADR,US-ADR,2015-03-16,0.54685994,0.3,0.3,0.41563326153842184,0.41563326153842184,0.13047636427905993,0.4231692333742515,0.14772554197053744,0.15294334603757806,0.009692578679969305,0.07808661846157827,1.0931697313213173,0.30718203349378476,0.7156332615384218,True,0.7156332615384218,True,0.7156332615384218,True,0.7156332615384218,True,0.7156332615384218,True,0.7156332615384218,True,0.7156332615384218,True,0.6117249461538163,0.7156332615384218,True,True,0.75,1.0,0.7156332615384218,wind_stuck_7_days,2015
2897,US-ADR,US-ADR,2015-03-24,0.07535544,0.5,0.5,0.1490309981645174,0.1490309981645174,0.11244930821360972,0.33492483344571794,0.017862133454878578,0.014089492107855886,0.005886892331386395,-0.14903099816451743,1.0931697313213173,0.30718203349378476,0.6490309981645174,True,0.6490309981645174,True,0.6490309981645174,True,0.6490309981645174,True,0.6490309981645174,True,0.6490309981645174,True,0.6490309981645174,True,0.611773248623388,0.6490309981645174,True,True,0.75,1.0,0.6490309981645174,wind_stuck_7_days,2015
2898,US-ADR,US-ADR,2015-03-25,0.03607426,0.5,0.5,0.18249879693037957,0.18249879693037957,0.112348663908747,0.32768614268292734,0.017862133454878578,0.014089492107855886,0.005886892331386395,-0.18249879693037963,1.0931697313213173,0.30718203349378476,0.6824987969303795,True,0.6824987969303795,True,0.6824987969303795,True,0.6824987969303795,True,0.6824987969303795,True,0.6824987969303795,True,0.6824987969303795,True,0.6368740976977847,0.657887262166699,True,True,0.75,0.865141386257634,0.6824987969303795,wind_stuck_7_days,2015
2899,US-ADR,US-ADR,2015-04-01,0.02400064,0.6,0.6,0.0947212402721375,0.0947212402721375,0.08535826704121084,0.3549794608417683,0.017862133454878578,0.014089492107855886,0.005886892331386395,-0.09472124027213746,1.0931697313213173,0.30718203349378476,0.6947212402721374,True,0.6947212402721374,True,0.6947212402721374,True,0.6947212402721374,True,0.6947212402721374,True,0.6947212402721374,True,0.6947212402721374,True,0.6710409302041032,0.6947212402721374,True,True,0.75,1.0,0.6947212402721374,wind_stuck_7_days,2015
2900,US-ADR,US-ADR,2015-04-02,0.15617405,0.4,0.4,0.16911801844859498,0.16911801844859498,0.060710622360147425,0.3608080868907395,0.029610528592047446,0.011268208097704032,0.005886892331386395,-0.16911801844859498,1.0931697313213173,0.30718203349378476,0.569118018448595,True,0.569118018448595,True,0.569118018448595,True,0.569118018448595,True,0.569118018448595,True,0.569118018448595,True,0.569118018448595,True,0.5268385138364462,0.5652779272710167,True,True,0.75,0.9772934237711306,0.569118018448595,wind_stuck_7_days,2015
2901,US-ADR,US-ADR,2015-04-09,0.01340104,0.0,0.0,0.6917516709619632,0.6917516709619632,0.14420107886579,0.5365074686705027,0.29791096116783095,0.31957162017715485,-0.037072659599428286,-0.6649495909619633,1.0931697313213173,0.30718203349378476,0.6917516709619632,True,0.6917516709619632,True,0.6917516709619632,True,0.6917516709619632,True,0.6917516709619632,True,0.6917516709619632,True,0.0,False,0.5188137532214724,0.6917516709619632,True,True,0.75,1.0,0.6917516709619632,wind_stuck_7_days,2015
2902,US-ADR,US-ADR,2015-04-10,0.03436356,0.1,0.1,0.44266052704508746,0.44266052704508746,0.11849078817309296,0.3671575039204932,0.16350979415762526,0.1654007777488422,0.009692578679969305,-0.4426605270450874,1.0931697313213173,0.30718203349378476,0.5426605270450875,True,0.5426605270450875,True,0.5426605270450875,True,0.5426605270450875,True,0.5426605270450875,True,0.5426605270450875,True,0.5426605270450875,True,0.4319953952838156,0.5426605270450875,True,True,0.75,1.0,0.5426605270450875,wind_stuck_7_days,2015
2903,US-ADR,US-ADR,2015-04-17,0.07312363,0.3,0.3,0.3271079551132355,0.3271079551132355,0.1130545845816225,0.34891949801502353,0.05056033186776941,0.04260264028641755,0.005886892331386395,-0.3271079551132355,1.0931697313213173,0.30718203349378476,0.6271079551132355,True,0.6271079551132355,True,0.6271079551132355,True,0.6271079551132355,True,0.6271079551132355,True,0.6271079551132355,True,0.6271079551132355,True,0.5453309663349266,0.47499082678529786,True,True,0.75,0.5349635313048899,0.6271079551132355,wind_stuck_7_days,2015
2904,US-ADR,US-ADR,2015-04-18,0.28868316,0.1,0.1,0.2760071838362737,0.2760071838362737,0.13905004652038214,0.4557243092303592,0.06634458405485733,0.05506007199768167,0.005886892331386395,0.10135913616372627,1.0931697313213173,0.30718203349378476,0.37600718383627374,True,0.37600718383627374,True,0.37600718383627374,True,0.37600718383627374,True,0.37600718383627374,True,0.37600718383627374,True,0.37600718383627374,True,0.3070053878772053,0.3117524863682434,True,True,0.75,0.7671991845467835,0.37600718383627374,wind_stuck_7_days,2015
2905,US-ADR,US-ADR,2015-04-26,-0.16013685,0.5,0.5,0.3546155269056184,0.3546155269056184,0.14027047448818206,0.3942690679504251,0.038811936730600544,0.033933312692747415,0.005886892331386395,-0.3546155269056184,1.0931697313213173,0.30718203349378476,0.8546155269056184,True,0.8546155269056184,True,0.8546155269056184,True,0.8546155269056184,True,0.8546155269056184,True,0.8546155269056184,True,0.8546155269056184,True,0.7659616451792137,0.6557211755010379,True,True,0.75,0.4391267829129304,0.8546155269056184,wind_stuck_7_days,2015
2906,US-ADR,US-ADR,2015-07-06,0.38844698,0.0,0.0,0.24200633085708723,0.24200633085708723,0.1961000684937476,0.3934710316573862,0.05142798417636249,0.040521199934906105,-0.0023858715664631072,0.24200633085708723,1.0931697313213173,0.30718203349378476,0.24200633085708723,True,0.24200633085708723,True,0.24200633085708723,True,0.24200633085708723,True,0.24200633085708723,True,0.24200633085708723,True,0.0,False,0.18150474814281542,0.14863563394567306,True,True,0.75,0.6141807671694643,0.24200633085708723,wind_stuck_7_days,2015
2907,US-ADR,US-ADR,2015-07-14,0.03754202,0.0,0.0,0.044495902762288334,0.044495902762288334,0.15048620501780796,0.4560694163355836,0.05385703049738043,0.040521199934906105,-0.0023858715664631072,0.03058813723771167,1.0931697313213173,0.30718203349378476,0.044495902762288334,True,0.044495902762288334,True,0.044495902762288334,True,0.044495902762288334,True,0.044495902762288334,True,0.044495902762288334,True,0.0,False,0.033371927071716254,0.044495902762288334,True,True,0.75,1.0,0.044495902762288334,wind_stuck_7_days,2015
2908,US-ADR,US-ADR,2015-07-15,0.08634454,0.1,0.1,-0.00267967788461497,0.00267967788461497,0.13324638466033686,0.44570805918620343,0.037246913624268366,0.020253990679623367,-0.0023858715664631072,0.00267967788461497,1.0931697313213173,0.30718203349378476,0.09732032211538504,True,0.09732032211538504,True,0.09732032211538504,True,0.09732032211538504,True,0.09732032211538504,True,0.09732032211538504,True,0.1,False,0.09799024158653878,0.09732032211538504,True,True,0.75,1.0,0.09732032211538504,wind_stuck_7_days,2015
2909,US-ADR,US-ADR,2015-07-22,0.83508433,2.0,2.0,-0.6937312787264882,0.6937312787264882,0.17482250692996418,0.35947778409628345,0.010219684327648002,0.07434322494661928,-0.0023858715664631072,0.6937312787264882,1.0931697313213173,0.30718203349378476,1.3062687212735118,True,1.3062687212735118,True,1.3062687212735118,True,1.3062687212735118,True,1.3062687212735118,True,1.3062687212735118,True,2.0,False,1.479701540955134,1.7491739494726686,True,True,0.75,0.3615608207659071,1.3062687212735118,wind_stuck_7_days,2015
2910,US-ADR,US-ADR,2015-07-23,0.58245171,0.1,0.1,0.10763887152604643,0.10763887152604643,0.1583606342172538,0.45969168049808495,0.037246913624268366,0.020253990679623367,-0.0023858715664631072,0.10763887152604645,1.0931697313213173,0.30718203349378476,0.20763887152604643,True,0.20763887152604643,True,0.20763887152604643,True,0.20763887152604643,True,0.20763887152604643,True,0.20763887152604643,True,0.1,False,0.18072915364453482,0.20763887152604643,True,True,0.75,1.0,0.20763887152604643,wind_stuck_7_days,2015
2911,US-ADR,US-ADR,2015-07-31,0.10388702,1.5,1.5,0.14668594359695755,0.14668594359695755,0.23524440298871624,0.557948147258936,0.01114194434460886,0.00957568727339305,0.005886892331386395,-0.14668594359695764,1.0931697313213173,0.30718203349378476,1.6466859435969576,True,1.6466859435969576,True,1.6466859435969576,True,1.6466859435969576,True,1.6466859435969576,True,1.6466859435969576,True,1.6466859435969576,True,1.6100144576977182,1.6466859435969576,True,True,0.75,1.0,1.6466859435969576,wind_stuck_7_days,2015
2912,US-ADR,US-ADR,2015-10-03,0.04364483,0.1,0.1,0.21356565357567034,0.21356565357567034,0.09017900856251017,0.30861600875446904,0.034851660917177604,0.012731471525468276,0.005886892331386395,-0.2135656535756703,1.0931697313213173,0.30718203349378476,0.31356565357567034,True,0.31356565357567034,True,0.31356565357567034,True,0.31356565357567034,True,0.31356565357567034,True,0.31356565357567034,True,0.31356565357567034,True,0.2601742401817527,0.2410425542378905,True,True,0.75,0.6604177772804486,0.31356565357567034,wind_stuck_7_days,2015
3316,US-ARM,US-A32,2015-01-08,0.3545262,0.9,0.9,-0.5743296792068475,0.5743296792068475,0.15356491390611732,0.5184958424520747,0.13020441786237855,0.15027438935379844,-0.022230637677080195,0.5166179207931525,1.0931697313213173,0.30718203349378476,0.3256703207931525,True,0.3256703207931525,True,0.3256703207931525,True,0.3256703207931525,True,0.3256703207931525,True,0.3256703207931525,True,0.9,False,0.4692527405948644,0.3314707988360842,True,True,0.75,0.9899004382797312,0.3256703207931525,wind_stuck_7_days,2015
3317,US-ARM,US-A32,2015-01-16,0.54917233,1.1,1.1,-0.5696756508117641,0.5696756508117641,0.10267644860867049,0.3784585126233177,0.13020441786237855,0.15027438935379844,0.005886892331386395,0.5319796891882361,1.0931697313213173,0.30718203349378476,0.530324349188236,True,0.530324349188236,True,0.530324349188236,True,0.530324349188236,True,0.530324349188236,True,0.530324349188236,True,0.530324349188236,True,0.6727432618911771,0.5793332674617784,True,True,0.75,0.9139704879369398,0.530324349188236,wind_stuck_7_days,2015
3318,US-ARM,US-A32,2015-01-24,0.6698199,1.1,1.1,-0.42121897323233065,0.42121897323233065,0.11633951369628999,0.39155752361807966,0.09192583796447631,0.1100428467643639,0.005886892331386395,0.42121897323233065,1.0931697313213173,0.30718203349378476,0.6787810267676695,True,0.6787810267676695,True,0.6787810267676695,True,0.6787810267676695,True,0.6787810267676695,True,0.6787810267676695,True,0.6787810267676695,True,0.7840857700757521,0.7191183690108829,True,True,0.75,0.9042366445801939,0.6787810267676695,wind_stuck_7_days,2015
3319,US-ARM,US-A32,2015-02-09,0.75185104,1.0,1.0,-0.03035335577806378,0.03035335577806378,0.06790862055105197,0.2943891784977823,0.017862133454878578,0.014089492107855886,0.006542861003432963,0.03035335577806378,1.0931697313213173,0.30718203349378476,0.9696466442219362,True,0.9696466442219362,True,0.9696466442219362,True,0.9696466442219362,True,0.9696466442219362,True,0.9696466442219362,True,0.9696466442219362,True,0.9772349831664522,0.9696466442219362,True,True,0.75,1.0,0.9696466442219362,wind_stuck_7_days,2015
3320,US-ARM,US-A32,2015-02-25,1.03261422,1.2,1.2,-0.5528117783120752,0.5528117783120752,0.1361418054447588,0.4496891607292165,0.13020441786237855,0.14560868021405504,0.006542861003432963,-0.2180402183120751,1.0931697313213173,0.30718203349378476,0.6471882216879248,True,0.6471882216879248,True,0.6471882216879248,True,0.6471882216879248,True,0.6471882216879248,True,0.6471882216879248,True,0.6471882216879248,True,0.7853911662659436,0.6729888988032289,True,True,0.75,0.9533282789413741,0.6471882216879248,wind_stuck_7_days,2015
3321,US-ARM,US-A32,2015-08-20,3.1362182,1.6,1.6,-0.2176649142455934,0.2176649142455934,0.16908977865241695,0.420247495191704,0.01761419410913554,0.014089492107855886,0.005886892331386395,-0.2176649142455933,1.0931697313213173,0.30718203349378476,1.3823350857544068,True,1.3823350857544068,True,1.3823350857544068,True,1.3823350857544068,True,1.3823350857544068,True,1.3823350857544068,True,1.3823350857544068,True,1.436751314315805,1.4542813631712639,True,True,0.75,0.6694631394029842,1.3823350857544068,wind_stuck_7_days,2015
3322,US-ARM,US-A32,2015-09-05,0.56912114,3.6,3.6,-0.48560126466570513,0.48560126466570513,0.2574206407555289,0.699983243587712,-0.01868204340151825,-0.017807772693261698,0.009607970468886694,0.4856012646657053,1.0931697313213173,0.30718203349378476,3.114398735334295,True,3.114398735334295,True,3.114398735334295,True,3.6,False,3.6,False,3.6,False,3.114398735334295,True,3.235799051500721,3.3106174322328865,True,True,0.75,0.5959263058475122,3.114398735334295,wind_stuck_7_days,2015
3323,US-ARM,US-A32,2015-09-13,4.70745604,3.4,3.4,-0.24073807514225426,0.24073807514225426,0.2386753065075768,0.4746924918358861,-0.01008989587230471,-0.002015686357408448,0.009607970468886694,-0.24073807514225432,1.0931697313213173,0.30718203349378476,3.159261924857746,True,3.159261924857746,True,3.159261924857746,True,3.4,False,3.4,False,3.4,False,3.159261924857746,True,3.2194464436433092,3.269284977306585,True,True,0.75,0.542976106360303,3.159261924857746,wind_stuck_7_days,2015
3324,US-ARM,US-A32,2015-09-21,3.82233313,2.5,2.5,0.41055470852714515,0.41055470852714515,0.19621127209718628,0.5654767784425138,0.049072465455550655,0.03967472452689335,0.012662279429060633,0.41055470852714515,1.0931697313213173,0.30718203349378476,2.9105547085271453,True,2.9105547085271453,True,2.9105547085271453,True,2.9105547085271453,True,2.9105547085271453,True,2.9105547085271453,True,2.9105547085271453,True,2.807916031395359,2.909015439838746,True,True,0.75,0.9962507586530399,2.9105547085271453,wind_stuck_7_days,2015
3325,US-ARM,US-A32,2015-10-07,1.54494724,1.4,1.4,-0.25912012164330395,0.25912012164330395,0.1641825200965838,0.45679417313774595,0.022962484254926665,0.021033371766201243,0.005886892331386395,-0.25912012164330395,1.0931697313213173,0.30718203349378476,1.140879878356696,True,1.140879878356696,True,1.140879878356696,True,1.140879878356696,True,1.140879878356696,True,1.140879878356696,True,1.140879878356696,True,1.205659908767522,1.243098430215473,True,True,0.75,0.6055167340516778,1.140879878356696,wind_stuck_7_days,2015
3326,US-ARM,US-A32,2015-11-08,1.05213922,1.0,1.0,-0.18307387230897,0.18307387230897,0.06430537297467324,0.2894479847764206,0.017862133454878578,0.014089492107855886,0.006542861003432963,-0.18307387230897,1.0931697313213173,0.30718203349378476,0.81692612769103,True,0.81692612769103,True,0.81692612769103,True,0.81692612769103,True,0.81692612769103,True,0.81692612769103,True,0.81692612769103,True,0.8626945957682726,0.8416152163230646,True,True,0.75,0.865141386257634,0.81692612769103,wind_stuck_7_days,2015
3327,US-ARM,US-A32,2015-11-24,0.75775941,1.4,1.4,-0.2012387947429178,0.2012387947429178,0.12617974728647394,0.6401125800351559,0.017862133454878578,0.014089492107855886,0.005886892331386395,0.20123879474291784,1.0931697313213173,0.30718203349378476,1.1987612052570822,True,1.1987612052570822,True,1.1987612052570822,True,1.1987612052570822,True,1.1987612052570822,True,1.1987612052570822,True,1.1987612052570822,True,1.2490709039428116,1.2526041448709981,True,True,0.75,0.7324425457690681,1.1987612052570822,wind_stuck_7_days,2015
3328,US-ARM,US-A32,2015-12-02,1.50376828,1.0,1.0,-0.1299750040024348,0.1299750040024348,0.12572687721568632,0.3054357548672375,0.017862133454878578,0.014089492107855886,0.0012810480540339452,-0.12997500400243478,1.0931697313213173,0.30718203349378476,0.8700249959975652,True,0.8700249959975652,True,0.8700249959975652,True,0.8700249959975652,True,0.8700249959975652,True,0.8700249959975652,True,0.8700249959975652,True,0.9025187469981739,0.8700249959975652,True,True,0.75,1.0,0.8700249959975652,wind_stuck_7_days,2015
3329,US-ARM,US-A32,2015-12-10,1.62656096,1.0,1.0,0.17951695114446625,0.17951695114446625,0.10168851617348013,0.448236137339115,0.017862133454878578,0.014089492107855886,0.006542861003432963,0.17951695114446625,1.0931697313213173,0.30718203349378476,1.1795169511444663,True,1.1795169511444663,True,1.1795169511444663,True,1.1795169511444663,True,1.1795169511444663,True,1.1795169511444663,True,1.1795169511444663,True,1.1346377133583496,1.1591135974720812,True,True,0.75,0.8863430247544403,1.1795169511444663,wind_stuck_7_days,2015
3330,US-ARM,US-A32,2015-12-18,0.9327153,1.0,1.0,-0.29488501086318164,0.29488501086318164,0.10758556147471818,0.3499924679806956,0.022962484254926665,0.021033371766201243,0.0012810480540339452,-0.1603156108631817,1.0931697313213173,0.30718203349378476,0.7051149891368184,True,0.7051149891368184,True,0.7051149891368184,True,0.7051149891368184,True,0.7051149891368184,True,0.7051149891368184,True,0.7051149891368184,True,0.7788362418526138,0.8390954356652846,True,True,0.75,0.5456518927961742,0.7051149891368184,wind_stuck_7_days,2015
5422,US-CMW,US-CMW,2015-01-01,0.42710368,1.3,1.3,-0.38684061897122307,0.38684061897122307,0.11359536740138894,0.5022535734689544,0.07361096844563259,0.09372279897009979,0.0012810480540339452,0.38684061897122307,1.0931697313213173,0.30718203349378476,0.913159381028777,True,0.913159381028777,True,0.913159381028777,True,0.913159381028777,True,0.913159381028777,True,0.913159381028777,True,0.913159381028777,True,1.0098695357715828,0.940758025587366,True,True,0.75,0.9286562909758914,0.913159381028777,wind_stuck_7_days,2015
5423,US-CMW,US-CMW,2015-01-17,0.66641777,1.3,1.3,-0.6360495792534622,0.6360495792534622,0.12418147875964348,0.4433913820395379,0.13020441786237855,0.15027438935379844,0.006542861003432963,0.6311148807465379,1.0931697313213173,0.30718203349378476,0.6639504207465379,True,0.6639504207465379,True,0.6639504207465379,True,0.6639504207465379,True,0.6639504207465379,True,0.6639504207465379,True,0.6639504207465379,True,0.8229628155599034,0.8338216171215342,True,True,0.75,0.7329277435033038,0.6639504207465379,wind_stuck_7_days,2015
5424,US-CMW,US-CMW,2015-02-18,0.65575673,1.6,1.6,-0.33865298250748543,0.33865298250748543,0.06128844285080005,0.42751498397928617,0.022962484254926665,0.021033371766201243,0.005886892331386395,0.33865298250748543,1.0931697313213173,0.30718203349378476,1.2613470174925148,True,1.2613470174925148,True,1.2613470174925148,True,1.2613470174925148,True,1.2613470174925148,True,1.2613470174925148,True,1.2613470174925148,True,1.346010263119386,1.4627844994672696,True,True,0.75,0.40518025123164964,1.2613470174925148,wind_stuck_7_days,2015
5425,US-CMW,US-CMW,2015-02-26,0.4485914,1.2,1.2,-0.5925425911339369,0.5925425911339369,0.0724836872698681,0.4978684309407235,0.13020441786237855,0.15734374056761646,0.005886892331386395,0.5925425911339369,1.0931697313213173,0.30718203349378476,0.607457408866063,True,0.607457408866063,True,0.607457408866063,True,0.607457408866063,True,0.607457408866063,True,0.607457408866063,True,0.607457408866063,True,0.7555930566495472,0.70267247675257,True,True,0.75,0.8393110144128274,0.607457408866063,wind_stuck_7_days,2015
5426,US-CMW,US-CMW,2015-03-06,0.58566359,1.8,1.8,-0.9714356553243265,0.9714356553243265,0.19191408049495204,0.6986320340295168,0.023808103100668082,0.036487543065588504,-0.026447074366910718,0.9714356553243265,1.0931697313213173,0.30718203349378476,0.8285643446756735,True,0.8285643446756735,True,0.8285643446756735,True,0.8285643446756735,True,0.8285643446756735,True,0.8285643446756735,True,1.8,False,1.0714232585067551,1.3447076899841521,True,True,0.75,0.46867984258189765,0.8285643446756735,wind_stuck_7_days,2015
5427,US-CMW,US-CMW,2015-03-14,0.37043098,1.2,1.2,-0.5411773422035682,0.5411773422035682,0.13984585551910014,0.6706260524462644,0.04662115650496814,0.040799015651037746,0.005886892331386395,0.5411773422035682,1.0931697313213173,0.30718203349378476,0.6588226577964318,True,0.6588226577964318,True,0.6588226577964318,True,0.6588226577964318,True,0.6588226577964318,True,0.6588226577964318,True,0.6588226577964318,True,0.7941169933473238,0.8339569252152255,True,True,0.75,0.6763828531592228,0.6588226577964318,wind_stuck_7_days,2015
5428,US-CMW,US-CMW,2015-03-22,1.23450915,2.2,2.2,-0.5675136585820398,0.5675136585820398,0.06844737630707465,0.5006771299815803,0.024251242899436087,0.05208821398111261,0.007702138166582763,0.5675136585820398,1.0931697313213173,0.30718203349378476,1.6324863414179602,True,1.6324863414179602,True,1.6324863414179602,True,1.6324863414179602,True,1.6324863414179602,True,1.6324863414179602,True,1.6324863414179602,True,1.7743647560634703,1.709204415781295,True,True,0.75,0.8648172194568527,1.6324863414179602,wind_stuck_7_days,2015
5429,US-CMW,US-CMW,2015-04-07,1.00909097,1.8,1.8,-1.2769565577684279,1.2769565577684279,0.18090517754811253,0.47477602895862797,-0.004279201666415828,0.08814751447196895,-0.2398472391029679,0.3048615022315724,1.0931697313213173,0.30718203349378476,0.5230434422315722,True,0.5230434422315722,True,0.5230434422315722,True,1.8,False,1.8,False,0.5230434422315722,True,1.8,False,0.8422825816736792,1.666658340584552,True,True,0.75,0.10442145318433696,0.5230434422315722,wind_stuck_7_days,2015
5430,US-CMW,US-CMW,2015-04-15,2.33279738,2.4,2.4,-1.0327309306174264,1.0327309306174264,0.17301062529354388,0.5336054252129802,0.07744211819144502,0.08156131495663407,-0.024631828531714348,-0.8983256906174268,1.0931697313213173,0.30718203349378476,1.3672690693825735,True,1.3672690693825735,True,1.3672690693825735,True,1.3672690693825735,True,1.3672690693825735,True,1.3672690693825735,True,2.4,False,1.6254518020369302,1.915416453829009,True,True,0.75,0.4692253633589523,1.3672690693825735,wind_stuck_7_days,2015
5431,US-CMW,US-CMW,2015-04-23,1.29443099,2.3,2.3,-0.8642280671470963,0.8642280671470963,0.16396656615922547,0.5089217583343506,0.008634431689982004,0.04827746933762278,-0.10328136518501556,0.8642280671470963,1.0931697313213173,0.30718203349378476,1.4357719328529035,True,1.4357719328529035,True,1.4357719328529035,True,1.4357719328529035,True,1.4357719328529035,True,1.4357719328529035,True,2.3,False,1.6518289496396776,2.0994693732944225,True,True,0.75,0.23203438343254604,1.4357719328529035,wind_stuck_7_days,2015
5432,US-CMW,US-CMW,2015-05-01,1.13812267,3.0,3.0,-1.4393897212288087,1.4393897212288087,0.1642737614664969,0.6166224557171032,-0.2251195262467652,0.1743823643556268,-0.2453929590867423,1.4393897212288087,1.0931697313213173,0.30718203349378476,1.5606102787711913,True,1.5606102787711913,True,1.5606102787711913,True,3.0,False,3.0,False,1.5606102787711913,True,3.0,False,1.9204577090783934,2.8090388720680703,True,True,0.75,0.13266811977016618,1.5606102787711913,wind_stuck_7_days,2015
5433,US-CMW,US-CMW,2015-05-09,1.04762672,3.5,3.5,-0.8144078872971724,0.8144078872971724,0.12904897359538056,0.4044555664772095,-0.05512123804613478,-0.07772468833649707,0.009607970468886694,0.8144078872971723,1.0931697313213173,0.30718203349378476,2.6855921127028277,True,2.6855921127028277,True,2.6855921127028277,True,3.5,False,3.5,False,3.5,False,2.6855921127028277,True,2.8891940845271207,3.3476294705072673,True,True,0.75,0.18709363191264577,2.6855921127028277,wind_stuck_7_days,2015
5434,US-CMW,US-CMW,2015-05-17,1.02100727,3.0,3.0,-0.5999889174603124,0.5999889174603124,0.19686080533167163,0.3288457684033221,0.013374704793842911,0.04863623523170852,0.009607970468886694,0.5999889174603124,1.0931697313213173,0.30718203349378476,2.4000110825396876,True,2.4000110825396876,True,2.4000110825396876,True,2.4000110825396876,True,2.4000110825396876,True,2.4000110825396876,True,2.4000110825396876,True,2.5500083119047656,2.665300739692447,True,True,0.75,0.5578424043635647,2.4000110825396876,wind_stuck_7_days,2015
5435,US-CMW,US-CMW,2015-05-25,1.23539403,2.9,2.9,-0.705292908647532,0.705292908647532,0.146605629302564,0.42475358100241234,0.005984420857482892,0.06786732056564347,0.009607970468886694,0.705292908647532,1.0931697313213173,0.30718203349378476,2.194707091352468,True,2.194707091352468,True,2.194707091352468,True,2.194707091352468,True,2.194707091352468,True,2.194707091352468,True,2.194707091352468,True,2.371030318514351,2.664000131413682,True,True,0.75,0.33461256407479084,2.194707091352468,wind_stuck_7_days,2015
5436,US-CMW,US-CMW,2015-06-02,1.45432867,3.5,3.5,-0.1846251666389172,0.1846251666389172,0.18395416546834023,0.6318490412675379,-0.018317178308092343,-0.0024378993153877154,0.0004986597088468877,0.18462516663891715,1.0931697313213173,0.30718203349378476,3.3153748333610826,True,3.3153748333610826,True,3.3153748333610826,True,3.5,False,3.5,False,3.5,False,3.3153748333610826,True,3.361531125020812,3.316852330544761,True,True,0.75,0.9919973142850691,3.3153748333610826,wind_stuck_7_days,2015
5437,US-CMW,US-CMW,2015-06-18,3.89932047,4.9,4.9,-0.03355788311673035,0.03355788311673035,0.28007840055534233,0.6799466316301095,-0.07523740821860721,-0.009414519426877868,-0.011798865770332775,0.03355788311673036,1.0931697313213173,0.30718203349378476,4.86644211688327,True,4.86644211688327,True,4.86644211688327,True,4.9,False,4.9,False,4.9,False,4.9,False,4.874831587662452,4.9,True,False,0.75,0.0,4.961837992525624,wind_stuck_7_days,2015
5438,US-CMW,US-CMW,2015-06-26,4.7150885,5.1,5.1,-0.16729927767425484,0.16729927767425484,0.17114209957579882,0.47903776983461216,-0.02576344671781705,-0.009414519426877868,0.0028811908292402464,0.16729927767425484,1.0931697313213173,0.30718203349378476,4.932700722325745,True,4.932700722325745,True,4.932700722325745,True,5.1,False,5.1,False,5.1,False,4.932700722325745,True,4.974525541744309,5.1,True,False,0.75,0.0,4.932700722325745,wind_stuck_7_days,2015
5439,US-CMW,US-CMW,2015-07-12,3.80700663,3.9,3.9,0.38833854231342546,0.38833854231342546,0.28409952902044516,0.5593664346855464,0.01773964757048934,-5.235013817651011e-05,0.006198208048243971,-0.38833854231342546,1.0931697313213173,0.30718203349378476,4.288338542313426,True,4.288338542313426,True,4.288338542313426,True,4.288338542313426,True,4.288338542313426,True,3.9,False,4.288338542313426,True,4.191253906735069,4.251352465098499,True,True,0.75,0.904758160252156,4.288338542313426,wind_stuck_7_days,2015
5440,US-CMW,US-CMW,2015-07-20,5.09785054,5.6,5.6,0.0005068501082492183,0.0005068501082492183,0.23656446749070328,0.4592817153106227,-0.004122904419901492,0.011828761066172241,0.011153954727089748,-0.000506850108249246,1.0931697313213173,0.30718203349378476,5.600506850108249,True,5.600506850108249,True,5.600506850108249,True,5.6,False,5.6,False,5.600506850108249,True,5.600506850108249,True,5.600380137581187,5.600506850108249,True,True,0.75,1.0,5.600506850108249,wind_stuck_7_days,2015
5441,US-CMW,US-CMW,2015-07-28,4.1935897,5.4,5.4,0.24627192215039556,0.24627192215039556,0.13011745423585397,0.4674525848596319,-0.0016938580988835562,0.011828761066172241,0.011153954727089748,-0.2462719221503955,1.0931697313213173,0.30718203349378476,5.646271922150396,True,5.646271922150396,True,5.646271922150396,True,5.4,False,5.4,False,5.646271922150396,True,5.646271922150396,True,5.584703941612797,5.526410678974338,True,True,0.75,0.5132971630324163,5.646271922150396,wind_stuck_7_days,2015
5442,US-CMW,US-CMW,2015-08-13,6.30002028,5.9,5.9,0.20010546021939124,0.20010546021939124,0.16601577549957314,0.5558568734285272,-0.001941797444626594,0.011828761066172241,0.003628362699083576,0.20010546021939124,1.0931697313213173,0.30718203349378476,6.100105460219392,True,6.100105460219392,True,6.100105460219392,True,5.9,False,5.9,False,6.100105460219392,True,6.100105460219392,True,6.050079095164544,6.048573179448862,True,True,0.75,0.7424743896841656,6.100105460219392,wind_stuck_7_days,2015
5443,US-CMW,US-CMW,2015-08-21,3.65547088,5.4,5.4,-0.48923355593273055,0.48923355593273055,0.17718702429392422,0.35905431286887646,-0.0015610194111879475,-0.0039633252696810155,0.011153954727089748,0.48923355593273055,1.0931697313213173,0.30718203349378476,4.91076644406727,True,4.91076644406727,True,4.91076644406727,True,5.4,False,5.4,False,5.4,False,4.91076644406727,True,5.033074833050453,5.085980925773132,True,True,0.75,0.6418592314833902,4.91076644406727,wind_stuck_7_days,2015
5444,US-CMW,US-CMW,2015-09-14,3.63675755,4.4,4.4,-0.7542897532956762,0.7542897532956762,0.1729195686555196,0.4372857353097621,-0.013243646988690015,-0.003088258466064656,0.011153954727089748,0.7542897532956762,1.0931697313213173,0.30718203349378476,3.6457102467043243,True,3.6457102467043243,True,3.6457102467043243,True,4.4,False,4.4,False,4.4,False,3.6457102467043243,True,3.834282685028243,4.222384016410843,True,True,0.75,0.23547447491247114,3.6457102467043243,wind_stuck_7_days,2015
5445,US-CMW,US-CMW,2015-09-30,3.43177654,3.9,3.9,-0.13256464345136182,0.13256464345136182,0.23365708714079386,0.35803549468713514,-0.01008989587230471,0.00010130544540028067,0.011153954727089748,0.13256464345136182,1.0931697313213173,0.30718203349378476,3.767435356548638,True,3.767435356548638,True,3.767435356548638,True,3.9,False,3.9,False,3.767435356548638,True,3.767435356548638,True,3.8005765174114785,3.767435356548638,True,True,0.75,1.0,3.767435356548638,wind_stuck_7_days,2015
5446,US-CMW,US-CMW,2015-10-08,4.6462797,3.6,3.6,-0.82594675628782,0.82594675628782,0.2334420561879032,0.558004086026465,0.06666971263774296,0.02144289708980511,0.009607970468886694,-0.82594675628782,1.0931697313213173,0.30718203349378476,2.77405324371218,True,2.77405324371218,True,2.77405324371218,True,2.77405324371218,True,2.77405324371218,True,2.77405324371218,True,2.77405324371218,True,2.980539932784135,3.291672891608883,True,True,0.75,0.37330143383198117,2.77405324371218,wind_stuck_7_days,2015
5447,US-CMW,US-CMW,2015-11-01,1.8421675,1.9,1.9,-0.6711751069629205,0.6711751069629205,0.11375107817355189,0.3404258215068409,0.13020441786237855,0.15027438935379844,0.005886892331386395,-0.5555101069629206,1.0931697313213173,0.30718203349378476,1.2288248930370793,True,1.2288248930370793,True,1.2288248930370793,True,1.2288248930370793,True,1.2288248930370793,True,1.2288248930370793,True,1.2288248930370793,True,1.3966186697778096,1.4046564026902775,True,True,0.75,0.7380243876313607,1.2288248930370793,wind_stuck_7_days,2015
5448,US-CMW,US-CMW,2015-11-09,0.9140787,1.8,1.8,-0.7982318446680199,0.7982318446680199,0.12433535202065646,0.3414031693440615,0.12303509843749966,0.17604927829209366,0.005886892331386395,0.7982318446680199,1.0931697313213173,0.30718203349378476,1.0017681553319802,True,1.0017681553319802,True,1.0017681553319802,True,1.0017681553319802,True,1.0017681553319802,True,1.0017681553319802,True,1.0017681553319802,True,1.201326116498985,1.3811471096375583,True,True,0.75,0.524725858984792,1.0017681553319802,wind_stuck_7_days,2015
5449,US-CMW,US-CMW,2015-11-17,1.0130689,1.6,1.6,-0.5907165363857511,0.5907165363857511,0.15324474386998477,0.45337122483105696,0.13020441786237855,0.15027438935379844,0.005886892331386395,0.5831456636142492,1.0931697313213173,0.30718203349378476,1.0092834636142491,True,1.0092834636142491,True,1.0092834636142491,True,1.0092834636142491,True,1.0092834636142491,True,1.0092834636142491,True,1.0092834636142491,True,1.1569625977106868,1.0861183184323684,True,True,0.75,0.8699293991527193,1.0092834636142491,wind_stuck_7_days,2015
6810,US-GLE,US-GLE,2015-06-18,3.82077809,5.1,5.1,-1.6770954065418195,1.6770954065418195,0.16259375534731044,0.3417033924729008,-0.11497926744070783,0.23748946380279792,-0.10635598284607989,0.8813484134581795,1.0931697313213173,0.30718203349378476,3.4229045934581803,True,3.4229045934581803,True,3.4229045934581803,True,5.1,False,5.1,False,3.4229045934581803,True,5.1,False,3.842178445093635,4.321622769056412,True,True,0.75,0.46412221267042064,3.4229045934581803,wind_stuck_7_days,2015
6811,US-GLE,US-GLE,2015-06-26,3.330648,4.7,4.7,-1.3182125313806392,1.3182125313806392,0.11062532266780281,0.3743389264632486,-0.06264295708391085,-0.1825459830093492,0.0011745331216846916,1.3182125313806392,1.0931697313213173,0.30718203349378476,3.381787468619361,True,3.381787468619361,True,3.381787468619361,True,4.7,False,4.7,False,4.7,False,3.381787468619361,True,3.7113406014645207,4.254513746022859,True,True,0.75,0.33794721516609955,3.381787468619361,wind_stuck_7_days,2015
6812,US-GLE,US-GLE,2015-06-27,3.59001027,4.4,4.4,-1.241158324759261,1.241158324759261,0.18565718491233352,0.3146307809827123,-0.23674161067098268,-0.20828487568611231,-0.012921817247743066,0.37882113524073957,1.0931697313213173,0.30718203349378476,3.1588416752407396,True,3.1588416752407396,True,3.1588416752407396,True,4.4,False,4.4,False,4.4,False,4.4,False,3.4691312564305545,4.015531959547622,True,True,0.75,0.30976550918832296,3.1588416752407396,wind_stuck_7_days,2015
6813,US-GLE,US-GLE,2015-07-04,4.16262766,4.8,4.8,-1.0176211288311103,1.0176211288311103,0.0747273992305892,0.4476365510176648,-0.06859330362210131,0.14123915457807648,-0.021180011971207342,0.2571235511688892,1.0931697313213173,0.30718203349378476,3.7823788711688895,True,3.7823788711688895,True,3.7823788711688895,True,4.8,False,4.8,False,3.7823788711688895,True,4.8,False,4.036784153376667,4.006770017377838,True,True,0.75,0.779494411179635,3.7823788711688895,wind_stuck_7_days,2015
6814,US-GLE,US-GLE,2015-07-05,2.48491919,3.6,3.6,0.31973502785939695,0.31973502785939695,0.13371712882561132,0.6590512251352645,-0.0025604987512386867,-0.001225499037343489,0.009607970468886694,-0.3197350278593969,1.0931697313213173,0.30718203349378476,3.919735027859397,True,3.919735027859397,True,3.919735027859397,True,3.6,False,3.6,False,3.6,False,3.919735027859397,True,3.8398012708945477,3.7409039764140974,True,True,0.75,0.44068983419626945,3.919735027859397,wind_stuck_7_days,2015
6815,US-GLE,US-GLE,2015-07-28,3.90992965,5.7,5.7,-2.0284195714785254,2.0284195714785254,0.4306237113360038,1.1432617766962772,1.1560449764918392,0.8298937935844238,-0.16119473267957715,1.551721128521475,1.0931697313213173,0.30718203349378476,3.671580428521475,True,5.7,False,5.7,False,3.671580428521475,True,5.7,False,3.671580428521475,True,5.7,False,4.178685321391106,3.721723253568271,True,True,0.75,0.9752798554343237,3.671580428521475,wind_stuck_7_days,2015
6816,US-GLE,US-GLE,2015-07-29,3.59775554,4.2,4.2,-1.2719500929442504,1.2719500929442504,0.19729078096125288,0.4100366075720846,-0.15139635699633058,-0.17928437666652103,-0.012921817247743066,-0.06746117294425025,1.0931697313213173,0.30718203349378476,2.9280499070557497,True,2.9280499070557497,True,2.9280499070557497,True,4.2,False,4.2,False,4.2,False,4.2,False,3.2460374302918122,3.775646739861368,True,True,0.75,0.33362414334697627,2.9280499070557497,wind_stuck_7_days,2015
6817,US-GLE,US-GLE,2015-08-06,4.15220155,5.0,5.0,-1.198139633674538,1.198139633674538,0.2893808686714099,0.8929321526784223,0.28176621582876343,0.31467605634479195,-0.1878532396073443,0.49745726632546194,1.0931697313213173,0.30718203349378476,3.801860366325462,True,3.801860366325462,True,5.0,False,3.801860366325462,True,5.0,False,3.801860366325462,True,5.0,False,4.101395274744096,3.8890697741042324,True,True,0.75,0.9272126509067142,3.801860366325462,wind_stuck_7_days,2015
6818,US-GLE,US-GLE,2015-08-14,2.26624865,3.5,3.5,-0.03890610194146505,0.03890610194146505,0.16957937178764987,0.37634480699061684,-0.007908788897029813,-0.0034623257192325876,0.009607970468886694,0.038906101941465154,1.0931697313213173,0.30718203349378476,3.461093898058535,True,3.461093898058535,True,3.461093898058535,True,3.5,False,3.5,False,3.5,False,3.461093898058535,True,3.470820423543901,3.461093898058535,True,True,0.75,1.0,3.461093898058535,wind_stuck_7_days,2015
6819,US-GLE,US-GLE,2015-08-21,4.02374595,4.7,4.7,-1.3559337580387996,1.3559337580387996,0.26704375399723423,0.5987019395756984,-0.16896646209446375,-0.2244679384204983,-0.1117666080031789,-0.003425658038799906,1.0931697313213173,0.30718203349378476,3.3440662419612006,True,3.3440662419612006,True,3.3440662419612006,True,4.7,False,4.7,False,4.7,False,4.7,False,3.6830496814709006,3.9450926746241826,True,True,0.75,0.556743514128377,3.3440662419612006,wind_stuck_7_days,2015
6820,US-GLE,US-GLE,2015-08-22,3.35252787,2.8,2.8,-0.2751318243622376,0.2751318243622376,0.30256079529552016,0.7990511153016614,0.016242295144656943,0.010365874593458004,0.0015979148298669774,-0.2751318243622376,1.0931697313213173,0.30718203349378476,2.5248681756377622,True,2.5248681756377622,True,2.5248681756377622,True,2.5248681756377622,True,2.5248681756377622,True,2.5248681756377622,True,2.5248681756377622,True,2.5936511317283215,2.6560923286709213,True,True,0.75,0.5230498931290856,2.5248681756377622,wind_stuck_7_days,2015
6821,US-GLE,US-GLE,2015-08-29,2.39563776,3.5,3.5,-0.9354270108464812,0.9354270108464812,0.1227157199808274,0.28589275131793424,0.06909875895876091,0.03574500885388942,-0.02907180459115536,0.9354270108464812,1.0931697313213173,0.30718203349378476,2.5645729891535187,True,2.5645729891535187,True,2.5645729891535187,True,2.5645729891535187,True,2.5645729891535187,True,2.5645729891535187,True,3.5,False,2.798429741865139,2.9490505364622526,True,True,0.75,0.5889817774656575,2.5645729891535187,wind_stuck_7_days,2015
6822,US-GLE,US-GLE,2015-09-06,3.07714577,3.4,3.4,-0.7499441928379537,0.7499441928379537,0.13965414461967884,0.4306253030558563,0.07626807838363976,0.06691515451299355,0.009607970468886694,-0.10423573283795384,1.0931697313213173,0.30718203349378476,2.650055807162046,True,2.650055807162046,True,2.650055807162046,True,2.650055807162046,True,2.650055807162046,True,2.650055807162046,True,2.650055807162046,True,2.837541855371535,2.9909381087853704,True,True,0.75,0.545456442120912,2.650055807162046,wind_stuck_7_days,2015
6823,US-GLE,US-GLE,2015-09-22,1.06177971,2.2,2.2,-0.5174724906641227,0.5174724906641227,0.18023271971208601,0.35351537205022127,0.10928778424657234,0.1100428467643639,0.007702138166582763,0.5174724906641227,1.0931697313213173,0.30718203349378476,1.6825275093358774,True,1.6825275093358774,True,1.6825275093358774,True,1.6825275093358774,True,1.6825275093358774,True,1.6825275093358774,True,1.6825275093358774,True,1.8118956320019082,1.7025204199316522,True,True,0.75,0.9613643025349697,1.6825275093358774,wind_stuck_7_days,2015
6824,US-GLE,US-GLE,2015-10-16,0.66978818,2.0,2.0,-0.9301728318871445,0.9301728318871445,0.14400592531539977,0.34625556934828405,0.12303509843749966,0.17604927829209366,-0.032792882728655666,0.9301728318871445,1.0931697313213173,0.30718203349378476,1.0698271681128555,True,1.0698271681128555,True,1.0698271681128555,True,1.0698271681128555,True,1.0698271681128555,True,1.0698271681128555,True,2.0,False,1.3023703760846417,1.3687787126082487,True,True,0.75,0.6786064543630271,1.0698271681128555,wind_stuck_7_days,2015
6825,US-GLE,US-GLE,2015-10-17,0.62799941,0.9,0.9,-0.09387547292693099,0.09387547292693099,0.14219808293966982,0.2950609292157625,0.017862133454878578,0.014089492107855886,0.006542861003432963,0.09387547292693099,1.0931697313213173,0.30718203349378476,0.806124527073069,True,0.806124527073069,True,0.806124527073069,True,0.806124527073069,True,0.806124527073069,True,0.806124527073069,True,0.806124527073069,True,0.8295933953048018,0.806124527073069,True,True,0.75,1.0,0.806124527073069,wind_stuck_7_days,2015
7110,US-IB1,US-IB1,2015-03-26,3.79919582,0.9,0.9,0.7356231378289586,0.7356231378289586,0.1955002311974852,0.5709988823878882,-0.07973975437962767,-0.08696136164894788,-0.15371539586955002,0.7356231378289584,1.0931697313213173,0.30718203349378476,1.6356231378289587,True,1.6356231378289587,True,1.6356231378289587,True,0.9,False,0.9,False,0.9,False,0.9,False,1.451717353371719,1.346097126408323,True,True,0.75,0.6064207383754778,1.634891149019305,wind_stuck_7_days,2015
7111,US-IB1,US-IB1,2015-05-21,2.18407619,1.3,1.3,0.4749660094185333,0.4749660094185333,0.10899740095752801,0.45668176556012724,0.05150151177656858,0.03967472452689335,0.005216332175080794,0.4749660094185333,1.0931697313213173,0.30718203349378476,1.7749660094185333,True,1.7749660094185333,True,1.7749660094185333,True,1.7749660094185333,True,1.7749660094185333,True,1.7749660094185333,True,1.7749660094185333,True,1.6562245070639001,1.6639692093266065,True,True,0.75,0.7663058031714477,1.7749660094185333,wind_stuck_7_days,2015
7112,US-IB1,US-IB1,2015-06-06,1.64433748,0.9,0.9,0.9221091883946239,0.9221091883946239,0.16869921105129082,0.6024506038208685,-0.07780568079089328,-0.07608540862742444,-0.04442013999450035,0.5665657716053759,1.0931697313213173,0.30718203349378476,1.8221091883946239,True,1.8221091883946239,True,1.8221091883946239,True,0.9,False,0.9,False,0.9,False,0.9,False,1.5915818912959678,1.2397934505903545,True,True,0.75,0.3684958949188318,1.8221091883946239,wind_stuck_7_days,2015
7113,US-IB1,US-IB1,2015-11-13,1.55466642,0.7,0.7,0.3817277803018391,0.3817277803018391,0.2024373910360071,0.7284903315867872,0.0552189738910848,0.057371002242242994,-0.00692278658581414,0.3817277803018391,1.0931697313213173,0.30718203349378476,1.081727780301839,True,1.081727780301839,True,1.081727780301839,True,1.081727780301839,True,1.081727780301839,True,1.081727780301839,True,0.7,False,0.9862958352263793,1.081727780301839,True,True,0.75,1.0,0.9493702448047531,wind_stuck_7_days,2015
7220,US-IB2,US-IB1,2015-03-26,0.84109985,1.3,1.3,0.285190639752939,0.285190639752939,0.21353219182551642,0.5654198908052602,0.016242295144656943,0.010365874593458004,0.0012810480540339452,-0.285190639752939,1.0931697313213173,0.30718203349378476,1.585190639752939,True,1.585190639752939,True,1.585190639752939,True,1.585190639752939,True,1.585190639752939,True,1.585190639752939,True,1.585190639752939,True,1.5138929798147043,1.4601061845397953,True,True,0.75,0.5614005588629957,1.5836459170571524,wind_stuck_7_days,2015
7221,US-IB2,US-IB1,2015-04-11,1.10162638,1.2,1.2,0.35842027470613846,0.35842027470613846,0.09829714878370852,0.30216566282607155,0.022962484254926665,0.021033371766201243,0.005886892331386395,-0.35842027470613846,1.0931697313213173,0.30718203349378476,1.5584202747061384,True,1.5584202747061384,True,1.5584202747061384,True,1.5584202747061384,True,1.5584202747061384,True,1.5584202747061384,True,1.5584202747061384,True,1.4688152060296038,1.348534737435196,True,True,0.75,0.41441499802704157,1.5584202747061384,wind_stuck_7_days,2015
7222,US-IB2,US-IB1,2015-05-13,3.14171479,3.3,3.3,-0.7360316716473845,0.7360316716473845,0.32919133471288103,0.5697696140771169,0.08861366499549725,0.07365509532607857,0.0015979148298669774,-0.4194612516473848,1.0931697313213173,0.30718203349378476,2.5639683283526153,True,3.3,False,2.5639683283526153,True,2.5639683283526153,True,2.5639683283526153,True,2.5639683283526153,True,2.5639683283526153,True,2.7479762462644617,2.88539617985184,True,True,0.75,0.5632961679762967,2.5639683283526153,wind_stuck_7_days,2015
7223,US-IB2,US-IB1,2015-11-05,0.65939529,0.1,0.1,1.0050787484599817,1.0050787484599817,0.21605756492783768,0.7773339935003231,0.2773327607884426,0.30452678337271094,-0.25219492429989226,0.1137118315400183,1.0931697313213173,0.30718203349378476,1.1050787484599818,True,1.1050787484599818,True,1.1050787484599818,True,1.1050787484599818,True,1.1050787484599818,True,1.1050787484599818,True,0.1,False,0.8538090613449862,0.9064388990397816,True,True,0.75,0.8023638946455058,1.1050787484599818,wind_stuck_7_days,2015
7224,US-IB2,US-IB1,2015-11-13,0.91154434,0.5,0.5,0.5307105492547135,0.5307105492547135,0.21398175260956637,0.7478708135310826,0.1311152147915828,0.10752853901991533,-0.09744937249445088,0.2923781307452864,1.0931697313213173,0.30718203349378476,1.0307105492547135,True,1.0307105492547135,True,1.0307105492547135,True,1.0307105492547135,True,1.0307105492547135,True,1.0307105492547135,True,0.5,False,0.8980329119410351,1.0307105492547135,True,True,0.75,1.0,0.8956354417601794,wind_stuck_7_days,2015
7339,US-Jo2,US-Jo2,2015-01-11,0.40432384,0.4,0.4,0.04050066726781311,0.04050066726781311,0.08181149666078516,0.3493654917151203,0.029610528592047446,0.011268208097704032,0.0012810480540339452,-0.031852987267813174,1.0931697313213173,0.30718203349378476,0.4405006672678131,True,0.4405006672678131,True,0.4405006672678131,True,0.4405006672678131,True,0.4405006672678131,True,0.4405006672678131,True,0.4405006672678131,True,0.43037550045085987,0.4405006672678131,True,True,0.75,1.0,0.4405006672678131,wind_stuck_7_days,2015
7340,US-Jo2,US-Jo2,2015-01-19,0.61014682,0.2,0.2,0.07145563762068427,0.07145563762068427,0.08789965649568514,0.25163845490951964,0.034851660917177604,0.012731471525468276,0.006542861003432963,0.07145563762068424,1.0931697313213173,0.30718203349378476,0.27145563762068425,True,0.27145563762068425,True,0.27145563762068425,True,0.27145563762068425,True,0.27145563762068425,True,0.27145563762068425,True,0.27145563762068425,True,0.25359172821551323,0.27145563762068425,True,True,0.75,1.0,0.27145563762068425,wind_stuck_7_days,2015
7341,US-Jo2,US-Jo2,2015-02-04,1.42927453,0.8,0.8,-0.13180074118323304,0.13180074118323304,0.10075363874176485,0.32260589588801564,0.017862133454878578,0.014089492107855886,0.005886892331386395,-0.13180074118323304,1.0931697313213173,0.30718203349378476,0.668199258816767,True,0.668199258816767,True,0.668199258816767,True,0.668199258816767,True,0.668199258816767,True,0.668199258816767,True,0.668199258816767,True,0.7011494441125753,0.668199258816767,True,True,0.75,1.0,0.668199258816767,wind_stuck_7_days,2015
7342,US-Jo2,US-Jo2,2015-02-12,0.43979034,0.6,0.6,0.1617416250761603,0.1617416250761603,0.07862052006732373,0.40827321660399357,0.017862133454878578,0.014089492107855886,0.006542861003432963,-0.1617416250761603,1.0931697313213173,0.30718203349378476,0.7617416250761603,True,0.7617416250761603,True,0.7617416250761603,True,0.7617416250761603,True,0.7617416250761603,True,0.7617416250761603,True,0.7617416250761603,True,0.7213062188071202,0.7617416250761603,True,True,0.75,1.0,0.7617416250761603,wind_stuck_7_days,2015
7343,US-Jo2,US-Jo2,2015-02-28,0.44741813,0.5,0.5,0.1270357107053368,0.1270357107053368,0.10161539062258969,0.37196621552214854,0.017862133454878578,0.014089492107855886,0.005886892331386395,-0.1270357107053368,1.0931697313213173,0.30718203349378476,0.6270357107053368,True,0.6270357107053368,True,0.6270357107053368,True,0.6270357107053368,True,0.6270357107053368,True,0.6270357107053368,True,0.6270357107053368,True,0.5952767830290027,0.6270357107053368,True,True,0.75,1.0,0.6270357107053368,wind_stuck_7_days,2015
7344,US-Jo2,US-Jo2,2015-03-08,0.94606194,0.7,0.7,0.26263516948786536,0.26263516948786536,0.08128726076081581,0.3310991557324566,0.022962484254926665,0.021033371766201243,0.005886892331386395,0.2294887105121347,1.0931697313213173,0.30718203349378476,0.9626351694878653,True,0.9626351694878653,True,0.9626351694878653,True,0.9626351694878653,True,0.9626351694878653,True,0.9626351694878653,True,0.9626351694878653,True,0.896976377115899,0.8751514511498838,True,True,0.75,0.6669002155782356,0.9626351694878653,wind_stuck_7_days,2015
7345,US-Jo2,US-Jo2,2015-03-16,0.36299409,1.8,1.8,-0.2614554248402984,0.2614554248402984,0.12510827130561783,0.44812404459546895,0.022962484254926665,0.021033371766201243,0.005886892331386395,0.2614554248402985,1.0931697313213173,0.30718203349378476,1.5385445751597016,True,1.5385445751597016,True,1.5385445751597016,True,1.5385445751597016,True,1.5385445751597016,True,1.5385445751597016,True,1.5385445751597016,True,1.6039084313697762,1.6416843650506086,True,True,0.75,0.6055167340516778,1.5385445751597016,wind_stuck_7_days,2015
7346,US-Jo2,US-Jo2,2015-03-24,0.68568084,0.2,0.2,0.26735443387211094,0.26735443387211094,0.10232112789064221,0.2747540911111336,0.06634458405485733,0.05506007199768167,0.005886892331386395,0.26735443387211094,1.0931697313213173,0.30718203349378476,0.46735443387211095,True,0.46735443387211095,True,0.46735443387211095,True,0.46735443387211095,True,0.46735443387211095,True,0.46735443387211095,True,0.46735443387211095,True,0.4005158254040832,0.41293945859408254,True,True,0.75,0.7964687755877733,0.46735443387211095,wind_stuck_7_days,2015
7347,US-Jo2,US-Jo2,2015-04-01,0.60705256,0.1,0.1,0.45074992668909797,0.45074992668909797,0.13700831841515815,0.3850753816508383,0.18994571569358698,0.19811411689719818,0.009692578679969305,0.45074992668909797,1.0931697313213173,0.30718203349378476,0.550749926689098,True,0.550749926689098,True,0.550749926689098,True,0.550749926689098,True,0.550749926689098,True,0.550749926689098,True,0.550749926689098,True,0.43806244501682345,0.550749926689098,True,True,0.75,1.0,0.550749926689098,wind_stuck_7_days,2015
7348,US-Jo2,US-Jo2,2015-04-17,0.80642725,0.7,0.7,0.11156320562240066,0.11156320562240066,0.05020990121639109,0.346537100960708,0.017862133454878578,0.014089492107855886,0.005886892331386395,0.10129129437759951,1.0931697313213173,0.30718203349378476,0.8115632056224006,True,0.8115632056224006,True,0.8115632056224006,True,0.8115632056224006,True,0.8115632056224006,True,0.8115632056224006,True,0.8115632056224006,True,0.7836724042168004,0.8115632056224006,True,True,0.75,1.0,0.8115632056224006,wind_stuck_7_days,2015
7349,US-Jo2,US-Jo2,2015-04-25,1.67655368,1.4,1.4,-0.19442384507538052,0.19442384507538052,0.12581944178272508,0.4076753187956033,0.017862133454878578,0.015536131469680026,0.005886892331386395,-0.19442384507538052,1.0931697313213173,0.30718203349378476,1.2055761549246193,True,1.2055761549246193,True,1.2055761549246193,True,1.2055761549246193,True,1.2055761549246193,True,1.2055761549246193,True,1.2055761549246193,True,1.2541821161934645,1.2467484745596547,True,True,0.75,0.7882342074909982,1.2055761549246193,wind_stuck_7_days,2015
7350,US-Jo2,US-Jo2,2015-05-03,0.95257017,0.4,0.4,0.33496922325613027,0.33496922325613027,0.17016661377161896,0.3315542017592775,0.05031239252202638,0.04803636691548386,0.005886892331386395,0.33496922325613027,1.0931697313213173,0.30718203349378476,0.7349692232561302,True,0.7349692232561302,True,0.7349692232561302,True,0.7349692232561302,True,0.7349692232561302,True,0.7349692232561302,True,0.7349692232561302,True,0.6512269174420977,0.5765333825591261,True,True,0.75,0.5270137382864633,0.7349692232561302,wind_stuck_7_days,2015
7351,US-Jo2,US-Jo2,2015-05-11,0.34725106,0.4,0.4,0.575301896384856,0.575301896384856,0.10882929799542017,0.3073397986790683,0.245394770577799,0.2621049481169073,0.015004339120108182,-0.575301896384856,1.0931697313213173,0.30718203349378476,0.975301896384856,True,0.975301896384856,True,0.975301896384856,True,0.975301896384856,True,0.975301896384856,True,0.975301896384856,True,0.975301896384856,True,0.8314764222886419,0.975301896384856,True,True,0.75,1.0,0.975301896384856,wind_stuck_7_days,2015
7352,US-Jo2,US-Jo2,2015-05-19,0.43838317,0.5,0.5,0.19058889961167283,0.19058889961167283,0.0765084816694727,0.3692437148195832,0.02025738616196934,0.02161201126201098,-0.0023858715664631072,-0.19058889961167286,1.0931697313213173,0.30718203349378476,0.6905888996116728,True,0.6905888996116728,True,0.6905888996116728,True,0.6905888996116728,True,0.6905888996116728,True,0.6905888996116728,True,0.5,False,0.6429416747087546,0.6768407587772368,True,True,0.75,0.9278649445878119,0.6905888996116728,wind_stuck_7_days,2015
7353,US-Jo2,US-Jo2,2015-11-11,0.67536769,0.4,0.4,0.20336052310606992,0.20336052310606992,0.07736226429095505,0.26124844967175787,0.029610528592047446,0.011268208097704032,0.005886892331386395,0.20336052310606992,1.0931697313213173,0.30718203349378476,0.6033605231060699,True,0.6033605231060699,True,0.6033605231060699,True,0.6033605231060699,True,0.6033605231060699,True,0.6033605231060699,True,0.6033605231060699,True,0.5525203923295525,0.5489498992527393,True,True,0.75,0.7324425457690681,0.6033605231060699,wind_stuck_7_days,2015
7354,US-Jo2,US-Jo2,2015-11-19,0.47874014,0.4,0.4,-0.07123416298664785,0.07123416298664785,0.08116620385778218,0.25575827712517774,0.029610528592047446,0.011268208097704032,0.005886892331386395,-0.07123416298664786,1.0931697313213173,0.30718203349378476,0.32876583701335216,True,0.32876583701335216,True,0.32876583701335216,True,0.32876583701335216,True,0.32876583701335216,True,0.32876583701335216,True,0.32876583701335216,True,0.34657437776001415,0.32876583701335216,True,True,0.75,1.0,0.32876583701335216,wind_stuck_7_days,2015
7355,US-Jo2,US-Jo2,2015-12-05,0.73472978,0.7,0.7,-0.17439538336060423,0.17439538336060423,0.08934562200010857,0.4142445727940924,0.017862133454878578,0.014089492107855886,0.0012810480540339452,-0.17439538336060423,1.0931697313213173,0.30718203349378476,0.5256046166393957,True,0.5256046166393957,True,0.5256046166393957,True,0.5256046166393957,True,0.5256046166393957,True,0.5256046166393957,True,0.5256046166393957,True,0.5692034624795468,0.5361636610457005,True,True,0.75,0.9394534178438004,0.5256046166393957,wind_stuck_7_days,2015
7356,US-Jo2,US-Jo2,2015-12-13,1.61070291,0.6,0.6,0.057990538856193895,0.057990538856193895,0.13429882564365736,0.23638424911523762,0.017862133454878578,0.014089492107855886,0.006542861003432963,0.057990538856193874,1.0931697313213173,0.30718203349378476,0.6579905388561939,True,0.6579905388561939,True,0.6579905388561939,True,0.6579905388561939,True,0.6579905388561939,True,0.6579905388561939,True,0.6579905388561939,True,0.6434929041421454,0.6579905388561939,True,True,0.75,1.0,0.6579905388561939,wind_stuck_7_days,2015
7357,US-Jo2,US-Jo2,2015-12-21,0.48383396,0.2,0.2,0.15774452390216367,0.15774452390216367,0.0560890243769968,0.32781062923267823,0.034851660917177604,0.012731471525468276,0.006542861003432963,0.15774452390216367,1.0931697313213173,0.30718203349378476,0.3577445239021637,True,0.3577445239021637,True,0.3577445239021637,True,0.3577445239021637,True,0.3577445239021637,True,0.3577445239021637,True,0.3577445239021637,True,0.3183083929266228,0.3577445239021637,True,True,0.75,1.0,0.3577445239021637,wind_stuck_7_days,2015
7554,US-KLS,US-KLS,2015-02-08,0.87190372,1.2,1.2,0.16770384985417638,0.16770384985417638,0.09313983569375905,0.45133178561595744,0.017862133454878578,0.014089492107855886,0.005886892331386395,-0.1677038498541764,1.0931697313213173,0.30718203349378476,1.3677038498541763,True,1.3677038498541763,True,1.3677038498541763,True,1.3677038498541763,True,1.3677038498541763,True,1.3677038498541763,True,1.3677038498541763,True,1.3257778873906323,1.3638958696035877,True,True,0.75,0.9772934237711306,1.3677038498541763,wind_stuck_7_days,2015
7555,US-KLS,US-KLS,2015-02-17,0.93768293,0.6,0.6,0.2929690433605439,0.2929690433605439,0.11298112505013697,0.40713355929648787,0.038811936730600544,0.0284995860636811,0.0012810480540339452,0.2929690433605439,1.0931697313213173,0.30718203349378476,0.892969043360544,True,0.892969043360544,True,0.892969043360544,True,0.892969043360544,True,0.892969043360544,True,0.892969043360544,True,0.892969043360544,True,0.819726782520408,0.7613464720401971,True,True,0.75,0.5507287397652975,0.8835729106218081,wind_stuck_7_days,2015
7556,US-KLS,US-KLS,2015-02-24,0.56583181,1.4,1.4,-0.8054263233674952,0.8054263233674952,0.128751381266182,0.3881453653092709,0.12303509843749966,0.17604927829209366,0.006542861003432963,0.8054263233674952,1.0931697313213173,0.30718203349378476,0.5945736766325047,True,0.5945736766325047,True,0.5945736766325047,True,0.5945736766325047,True,0.5945736766325047,True,0.5945736766325047,True,0.5945736766325047,True,0.7959302574743785,0.9887014784157729,True,True,0.75,0.510659398198688,0.5945736766325047,wind_stuck_7_days,2015
7557,US-KLS,US-KLS,2015-03-05,0.75283861,0.8,0.8,-0.21498044404296915,0.21498044404296915,0.11036973357529484,0.2581276434080475,0.017862133454878578,0.014089492107855886,0.006542861003432963,-0.12065766404296899,1.0931697313213173,0.30718203349378476,0.5850195559570309,True,0.5850195559570309,True,0.5850195559570309,True,0.5850195559570309,True,0.5850195559570309,True,0.5850195559570309,True,0.5850195559570309,True,0.6387646669677731,0.6580230929863785,True,True,0.75,0.6604177772804486,0.5850195559570309,wind_stuck_7_days,2015
7558,US-KLS,US-KLS,2015-03-12,1.67801709,1.6,1.6,-0.22918070414155328,0.22918070414155328,0.09467367209333594,0.38260538649824527,0.017862133454878578,0.014089492107855886,0.005886892331386395,-0.22918070414155328,1.0931697313213173,0.30718203349378476,1.3708192958584469,True,1.3708192958584469,True,1.3708192958584469,True,1.3708192958584469,True,1.3708192958584469,True,1.3708192958584469,True,1.3708192958584469,True,1.428114471893835,1.4678845934902436,True,True,0.75,0.5764682808032369,1.3708192958584469,wind_stuck_7_days,2015
7559,US-KLS,US-KLS,2015-03-13,0.77775384,1.8,1.8,-0.36341470641474116,0.36341470641474116,0.06176696471307974,0.32508107808049946,0.022962484254926665,0.021033371766201243,0.005886892331386395,0.36341470641474116,1.0931697313213173,0.30718203349378476,1.4365852935852588,True,1.4365852935852588,True,1.4365852935852588,True,1.4365852935852588,True,1.4365852935852588,True,1.4365852935852588,True,1.4365852935852588,True,1.5274389701889441,1.6552896632988783,True,True,0.75,0.39819614932141334,1.4365852935852588,wind_stuck_7_days,2015
7560,US-KLS,US-KLS,2015-03-20,1.84833028,2.3,2.3,-0.34847112112736983,0.34847112112736983,0.12490173531244322,0.3072121716202549,0.022962484254926665,0.021033371766201243,0.007702138166582763,0.34847112112736983,1.0931697313213173,0.30718203349378476,1.95152887887263,True,1.95152887887263,True,1.95152887887263,True,1.95152887887263,True,1.95152887887263,True,1.95152887887263,True,1.95152887887263,True,2.0386466591544723,2.1679895351636636,True,True,0.75,0.3788275608298834,1.95152887887263,wind_stuck_7_days,2015
7561,US-KLS,US-KLS,2015-03-21,2.42171966,1.9,1.9,-0.2919430473579335,0.2919430473579335,0.0763048597806328,0.3607227467410088,0.022962484254926665,0.021033371766201243,0.005886892331386395,-0.2919430473579335,1.0931697313213173,0.30718203349378476,1.6080569526420665,True,1.6080569526420665,True,1.6080569526420665,True,1.6080569526420665,True,1.6080569526420665,True,1.6080569526420665,True,1.6080569526420665,True,1.6810427144815498,1.7464481530012863,True,True,0.75,0.525965075682906,1.6080569526420665,wind_stuck_7_days,2015
7562,US-KLS,US-KLS,2015-03-28,1.97700537,2.5,2.5,-0.2856342056386679,0.2856342056386679,0.14939047922160498,0.36736331436443964,0.022962484254926665,0.021033371766201243,0.009607970468886694,0.2856342056386679,1.0931697313213173,0.30718203349378476,2.214365794361332,True,2.214365794361332,True,2.214365794361332,True,2.214365794361332,True,2.214365794361332,True,2.214365794361332,True,2.214365794361332,True,2.285774345770999,2.339644797324064,True,True,0.75,0.5614005588629957,2.214365794361332,wind_stuck_7_days,2015
7563,US-KLS,US-KLS,2015-04-05,2.97102775,2.5,2.5,-0.22928823510877033,0.22928823510877033,0.1479343325571197,0.5082269650970543,0.017862133454878578,0.014089492107855886,0.009607970468886694,-0.2292882351087704,1.0931697313213173,0.30718203349378476,2.27071176489123,True,2.27071176489123,True,2.27071176489123,True,2.27071176489123,True,2.27071176489123,True,2.27071176489123,True,2.27071176489123,True,2.3280338236684224,2.367822605298439,True,True,0.75,0.5764682808032369,2.27071176489123,wind_stuck_7_days,2015
7564,US-KLS,US-KLS,2015-04-21,5.32295037,3.4,3.4,-0.5149514601890692,0.5149514601890692,0.10260328808422246,0.4040025694407598,-0.021788353478928983,-0.01675943601793229,0.009607970468886694,-0.5149514601890695,1.0931697313213173,0.30718203349378476,2.8850485398109305,True,2.8850485398109305,True,2.8850485398109305,True,3.4,False,3.4,False,3.4,False,2.8850485398109305,True,3.013786404858198,2.975402813295685,True,True,0.75,0.8245382711380608,2.8850485398109305,wind_stuck_7_days,2015
7565,US-KLS,US-KLS,2015-04-22,3.40735601,3.0,3.0,-0.5455324911052178,0.5455324911052178,0.11526646241438847,0.2803429459848723,0.13020441786237855,0.14243716977312765,0.009607970468886694,-0.5455324911052178,1.0931697313213173,0.30718203349378476,2.454467508894782,True,2.454467508894782,True,2.454467508894782,True,2.454467508894782,True,2.454467508894782,True,2.454467508894782,True,2.454467508894782,True,2.5908506316710866,2.5269909394129333,True,True,0.75,0.8670593746465534,2.454467508894782,wind_stuck_7_days,2015
7566,US-KLS,US-KLS,2015-04-29,3.05416855,3.5,3.5,-0.48543619344737887,0.48543619344737887,0.17726827033460935,0.376427725632272,0.05993345693271664,0.0655104831862014,0.009607970468886694,0.40622670655262116,1.0931697313213173,0.30718203349378476,3.014563806552621,True,3.014563806552621,True,3.014563806552621,True,3.014563806552621,True,3.014563806552621,True,3.014563806552621,True,3.014563806552621,True,3.1359228549144658,3.1715431686323514,True,True,0.75,0.6766220479669552,3.014563806552621,wind_stuck_7_days,2015
7567,US-KLS,US-KLS,2015-04-30,4.5922336,3.6,3.6,-0.4296437769746501,0.4296437769746501,0.13664178938498325,0.40025217571048977,-0.021788353478928983,-0.01675943601793229,0.009607970468886694,-0.42964377697465017,1.0931697313213173,0.30718203349378476,3.17035622302535,True,3.17035622302535,True,3.17035622302535,True,3.6,False,3.6,False,3.6,False,3.17035622302535,True,3.2777671672690127,3.2371438149687046,True,True,0.75,0.8445512409986675,3.17035622302535,wind_stuck_7_days,2015
7568,US-KLS,US-KLS,2015-05-31,4.90507821,4.6,4.6,-0.6524737298747292,0.6524737298747292,0.29378981301785445,0.48121697138714536,0.08861366499549725,0.09021466310458617,0.003143899088070033,-0.6524737298747292,1.0931697313213173,0.30718203349378476,3.9475262701252705,True,3.9475262701252705,True,3.9475262701252705,True,3.9475262701252705,True,3.9475262701252705,True,3.9475262701252705,True,3.9475262701252705,True,4.1106447025939525,4.181541161833968,True,True,0.75,0.6413420479723727,3.9475262701252705,wind_stuck_7_days,2015
7569,US-KLS,US-KLS,2015-06-09,8.40624534,5.7,5.7,0.18563695889682008,0.18563695889682008,0.19808845049093302,0.6521778860609395,-0.004122904419901492,0.011828761066172241,0.003628362699083576,0.1856369588968203,1.0931697313213173,0.30718203349378476,5.8856369588968205,True,5.8856369588968205,True,5.8856369588968205,True,5.7,False,5.7,False,5.8856369588968205,True,5.8856369588968205,True,5.839227719172615,5.861553956063931,True,True,0.75,0.8702682753692638,5.8856369588968205,wind_stuck_7_days,2015
7570,US-KLS,US-KLS,2015-06-24,12.4651197,6.6,6.6,-0.6587390140668793,0.6587390140668793,0.24321502830667624,0.6143992915215267,-0.03267389462346774,-0.06298816728551872,0.0019930631949117202,-0.658739014066879,1.0931697313213173,0.30718203349378476,5.941260985933121,True,5.941260985933121,True,5.941260985933121,True,6.6,False,6.6,False,6.6,False,5.941260985933121,True,6.10594573944984,6.552197262573657,True,True,0.75,0.07256703551110776,5.941260985933121,wind_stuck_7_days,2015
7571,US-KLS,US-KLS,2015-06-25,8.40643334,6.1,6.1,-0.6630417986633829,0.6630417986633829,0.24942953856674085,0.6097791309817645,-0.03267389462346774,-0.06298816728551872,0.0028811908292402464,-0.6630417986633828,1.0931697313213173,0.30718203349378476,5.4369582013366164,True,5.4369582013366164,True,5.4369582013366164,True,6.1,False,6.1,False,6.1,False,5.4369582013366164,True,5.602718651002462,6.043450792022911,True,True,0.75,0.08528754611109708,5.4369582013366164,wind_stuck_7_days,2015
7572,US-KLS,US-KLS,2015-07-18,6.69178263,6.1,6.1,-0.8129449624184512,0.8129449624184512,0.25894837283767724,0.4912148132144923,-0.08204198287775664,-0.11932674275433472,-0.04235735068582566,-0.812944962418451,1.0931697313213173,0.30718203349378476,5.287055037581548,True,5.287055037581548,True,5.287055037581548,True,6.1,False,6.1,False,6.1,False,6.1,False,5.490291278186161,6.054715891996816,True,True,0.75,0.0557037808174205,5.287055037581548,wind_stuck_7_days,2015
7573,US-KLS,US-KLS,2015-08-03,2.7570653,3.8,3.8,-0.7773718244379999,0.7773718244379999,0.11305157418958074,0.5357668472159076,-0.05512123804613478,-0.06776206648631977,0.009607970468886694,0.7773718244379999,1.0931697313213173,0.30718203349378476,3.0226281755619997,True,3.0226281755619997,True,3.0226281755619997,True,3.8,False,3.8,False,3.8,False,3.0226281755619997,True,3.2169711316715,3.641678658967912,True,True,0.75,0.20366230940585733,3.0226281755619997,wind_stuck_7_days,2015
7574,US-KLS,US-KLS,2015-08-11,4.60753842,2.4,2.4,0.11205577804259717,0.11205577804259717,0.15802035193843597,0.35995537036641095,0.017862133454878578,0.014089492107855886,0.007702138166582763,0.11205577804259725,1.0931697313213173,0.30718203349378476,2.512055778042597,True,2.512055778042597,True,2.512055778042597,True,2.512055778042597,True,2.512055778042597,True,2.512055778042597,True,2.512055778042597,True,2.484041833531948,2.512055778042597,True,True,0.75,1.0,2.512055778042597,wind_stuck_7_days,2015
7575,US-KLS,US-KLS,2015-08-12,3.21766579,3.4,3.4,-0.3389294054598366,0.3389294054598366,0.18320863686366018,0.4050812035507172,-0.0049895450722566214,-0.001225499037343489,0.009607970468886694,0.02573901454016353,1.0931697313213173,0.30718203349378476,3.0610705945401633,True,3.0610705945401633,True,3.0610705945401633,True,3.4,False,3.4,False,3.4,False,3.0610705945401633,True,3.1458029459051224,3.2626724983459896,True,True,0.75,0.40518025123164964,3.0610705945401633,wind_stuck_7_days,2015
7576,US-KLS,US-KLS,2015-08-28,3.36406904,3.8,3.8,0.6946102461961204,0.6946102461961204,0.20842326931341895,0.5705694307440037,0.037623823878130576,0.04207049137157166,-0.03452029838097104,-0.6946102461961203,1.0931697313213173,0.30718203349378476,4.49461024619612,True,4.49461024619612,True,4.49461024619612,True,4.49461024619612,True,4.49461024619612,True,4.49461024619612,True,3.8,False,4.32095768464709,4.123392668351571,True,True,0.75,0.4655742844603288,4.49461024619612,wind_stuck_7_days,2015
7577,US-KLS,US-KLS,2015-09-04,3.4255811,4.6,4.6,-1.075819159853663,1.075819159853663,0.27859735964319204,0.7585732845147317,-0.05100449026868137,-0.06476069995997084,-0.1933268704933599,1.075819159853663,1.0931697313213173,0.30718203349378476,3.524180840146337,True,3.524180840146337,True,3.524180840146337,True,4.6,False,4.6,False,4.6,False,4.6,False,3.7931356301097523,4.537889780048317,True,True,0.75,0.05773295575078839,3.524180840146337,wind_stuck_7_days,2015
7578,US-KLS,US-KLS,2015-09-13,4.3969897,3.7,3.7,-0.2915168941793699,0.2915168941793699,0.12442393517030789,0.433435420910212,-0.0025604987512386867,0.0037847714891135194,0.009607970468886694,-0.2915168941793699,1.0931697313213173,0.30718203349378476,3.4084831058206304,True,3.4084831058206304,True,3.4084831058206304,True,3.7,False,3.7,False,3.4084831058206304,True,3.4084831058206304,True,3.481362329365473,3.545185611616238,True,True,0.75,0.5310648935787058,3.4084831058206304,wind_stuck_7_days,2015
7579,US-KLS,US-KLS,2015-11-07,2.45817036,1.3,1.3,-0.39469312038115417,0.39469312038115417,0.1220131928065376,0.4447216312440144,0.07361096844563259,0.09372279897009979,0.0012810480540339452,-0.3946931203811541,1.0931697313213173,0.30718203349378476,0.9053068796188459,True,0.9053068796188459,True,0.9053068796188459,True,0.9053068796188459,True,0.9053068796188459,True,0.9053068796188459,True,0.9053068796188459,True,1.0039801597141345,0.9544906337867161,True,True,0.75,0.8753873537993933,0.9053068796188459,wind_stuck_7_days,2015
7580,US-KLS,US-KLS,2015-11-08,1.72935891,1.0,1.0,-0.16825155959878751,0.16825155959878751,0.10417646438579976,0.3524274336382656,0.017862133454878578,0.014089492107855886,0.005886892331386395,-0.16825155959878746,1.0931697313213173,0.30718203349378476,0.8317484404012125,True,0.8317484404012125,True,0.8317484404012125,True,0.8317484404012125,True,0.8317484404012125,True,0.8317484404012125,True,0.8317484404012125,True,0.8738113303009094,0.8355688572648685,True,True,0.75,0.9772934237711306,0.8317484404012125,wind_stuck_7_days,2015
7665,US-KM4,US-KM4,2015-03-28,0.54273627,0.7,0.7,0.29241214533997106,0.29241214533997106,0.13345551982023846,0.48970208757941364,0.022962484254926665,0.021033371766201243,0.006542861003432963,-0.29241214533997106,1.0931697313213173,0.30718203349378476,0.992412145339971,True,0.992412145339971,True,0.992412145339971,True,0.992412145339971,True,0.992412145339971,True,0.992412145339971,True,0.992412145339971,True,0.9193091090049783,0.8610397722951493,True,True,0.75,0.5507287397652975,0.992412145339971,wind_stuck_7_days,2015
7666,US-KM4,US-KM4,2015-05-07,5.38343572,4.6,4.6,-0.5726958434792873,0.5726958434792873,0.21047660580021604,0.5982761014698701,0.009853464237899503,-0.01142349101750375,0.011153954727089748,-0.5726958434792873,1.0931697313213173,0.30718203349378476,4.027304156520712,True,4.027304156520712,True,4.027304156520712,True,4.027304156520712,True,4.027304156520712,True,4.6,False,4.027304156520712,True,4.170478117390534,4.288418738073491,True,True,0.75,0.5440606309163439,4.027304156520712,wind_stuck_7_days,2015
7667,US-KM4,US-KM4,2015-10-22,1.25414886,1.3,1.3,0.21247835709927482,0.21247835709927482,0.15542399546796778,0.4610388013696339,0.017862133454878578,0.014089492107855886,0.006542861003432963,-0.21247835709927482,1.0931697313213173,0.30718203349378476,1.5124783570992748,True,1.5124783570992748,True,1.5124783570992748,True,1.5124783570992748,True,1.5124783570992748,True,1.5124783570992748,True,1.5124783570992748,True,1.4593587678244562,1.4403244843157046,True,True,0.75,0.6604177772804486,1.5124783570992748,wind_stuck_7_days,2015
7668,US-KM4,US-KM4,2015-11-15,0.78261327,0.6,0.6,0.17381940494328177,0.17381940494328177,0.1568785797257816,0.44062951603083844,0.017862133454878578,0.014089492107855886,0.005886892331386395,0.17381940494328177,1.0931697313213173,0.30718203349378476,0.7738194049432817,True,0.7738194049432817,True,0.7738194049432817,True,0.7738194049432817,True,0.7738194049432817,True,0.7738194049432817,True,0.7738194049432817,True,0.7303645537074613,0.7632952340615416,True,True,0.75,0.9394534178438004,0.7738194049432817,wind_stuck_7_days,2015
7983,US-MMS,US-MMS,2015-01-15,0.21826019,0.7,0.7,-0.2772745374544944,0.2772745374544944,0.0934525246814671,0.30840762289739504,0.022962484254926665,0.021033371766201243,0.0012810480540339452,0.2772745374544944,1.0931697313213173,0.30718203349378476,0.4227254625455056,True,0.4227254625455056,True,0.4227254625455056,True,0.4227254625455056,True,0.4227254625455056,True,0.4227254625455056,True,0.4227254625455056,True,0.4920440969091292,0.5257458723241925,True,True,0.75,0.6284534067770491,0.4227254625455056,wind_stuck_7_days,2015
7984,US-MMS,US-MMS,2015-03-28,0.54460062,1.6,1.6,-0.4141708515677804,0.4141708515677804,0.10393602591196328,0.45382033026536134,0.09192583796447631,0.1100428467643639,0.006542861003432963,0.41417085156778044,1.0931697313213173,0.30718203349378476,1.1858291484322196,True,1.1858291484322196,True,1.1858291484322196,True,1.1858291484322196,True,1.1858291484322196,True,1.1858291484322196,True,1.1858291484322196,True,1.289371861324165,1.222149590779945,True,True,0.75,0.9123056530650583,1.1858291484322196,wind_stuck_7_days,2015
7985,US-MMS,US-MMS,2015-04-05,1.17778128,1.0,1.0,0.3664220198222158,0.3664220198222158,0.11550881405740225,0.3356253133656275,0.022962484254926665,0.021033371766201243,0.005886892331386395,-0.0108594598222157,1.0931697313213173,0.30718203349378476,1.366422019822216,True,1.366422019822216,True,1.366422019822216,True,1.366422019822216,True,1.366422019822216,True,1.366422019822216,True,1.366422019822216,True,1.2748165148666617,1.1807728442034149,True,True,0.75,0.49334601749950546,1.366422019822216,wind_stuck_7_days,2015
7986,US-MMS,US-MMS,2015-04-21,0.99829893,3.0,3.0,-0.028209758048712584,0.028209758048712584,0.2800744290809943,0.8214977635749688,0.01114194434460886,0.008129047911568913,0.002462831767285093,0.02820975804871262,1.0931697313213173,0.30718203349378476,2.9717902419512874,True,2.9717902419512874,True,2.9717902419512874,True,2.9717902419512874,True,2.9717902419512874,True,2.9717902419512874,True,2.9717902419512874,True,2.9788426814634654,2.9717902419512874,True,True,0.75,1.0,2.966612787074784,wind_stuck_7_days,2015
7987,US-MMS,US-MMS,2015-05-23,4.85317889,4.9,4.9,-0.6447848923482471,0.6447848923482471,0.12957282811785892,0.4246966948242818,0.07626807838363976,0.07378836417505383,0.011153954727089748,-0.5511426723482458,1.0931697313213173,0.30718203349378476,4.255215107651753,True,4.255215107651753,True,4.255215107651753,True,4.255215107651753,True,4.255215107651753,True,4.255215107651753,True,4.255215107651753,True,4.416411330738815,4.481620918059835,True,True,0.75,0.6488661364512864,4.255215107651753,wind_stuck_7_days,2015
7988,US-MMS,US-MMS,2015-08-03,4.76722626,5.3,5.3,1.1480242899998523,1.1480242899998523,0.20218286559247106,0.5221397189615231,-0.011525918140760972,-0.0312668238634797,-0.05098641397992891,-1.1480242899998523,1.0931697313213173,0.30718203349378476,6.448024289999852,True,6.448024289999852,True,6.448024289999852,True,5.3,False,5.3,False,5.3,False,5.3,False,6.161018217499889,6.364637646821237,True,True,0.75,0.927365088086572,6.448024289999852,wind_stuck_7_days,2015
7989,US-MMS,US-MMS,2015-08-11,4.30609782,3.6,3.6,1.54395137987016,1.54395137987016,0.19574981725628077,0.5984750366680841,0.47035158219183953,0.5076273089245757,-0.17534796066212704,-0.13175573987016076,1.0931697313213173,0.30718203349378476,5.14395137987016,True,5.14395137987016,True,5.14395137987016,True,5.14395137987016,True,5.14395137987016,True,5.14395137987016,True,3.6,False,4.75796353490262,4.702796769170306,True,True,0.75,0.7142691042920323,5.14395137987016,wind_stuck_7_days,2015
7990,US-MMS,US-MMS,2015-08-19,2.63398705,3.7,3.7,1.37763377985774,1.37763377985774,0.37005693587873784,0.983792011836058,0.08158346627110818,0.13822256252675563,-0.6011265782904638,-1.37763377985774,1.0931697313213173,0.30718203349378476,5.07763377985774,True,3.7,False,3.7,False,5.07763377985774,True,3.7,False,5.07763377985774,True,3.7,False,4.733225334893305,4.718383096508279,True,True,0.75,0.7392262816126945,5.050636670155958,wind_stuck_7_days,2015
7991,US-MMS,US-MMS,2015-09-04,4.6639949,4.9,4.9,-0.3014226815464601,0.3014226815464601,0.10820159262894304,0.4475971822107482,-0.0025604987512386867,0.0023381321272893797,0.011153954727089748,0.17058751845354136,1.0931697313213173,0.30718203349378476,4.598577318453541,True,4.598577318453541,True,4.598577318453541,True,4.9,False,4.9,False,4.598577318453541,True,4.598577318453541,True,4.673932988840155,4.749183184535054,True,True,0.75,0.5003499228763231,4.598577318453541,wind_stuck_7_days,2015
7992,US-MMS,US-MMS,2015-10-06,1.231705,2.6,2.6,-0.17870061268533538,0.17870061268533538,0.15334625573549202,0.39215071686166336,0.017862133454878578,0.014089492107855886,0.009607970468886694,0.17870061268533544,1.0931697313213173,0.30718203349378476,2.4212993873146647,True,2.4212993873146647,True,2.4212993873146647,True,2.4212993873146647,True,2.4212993873146647,True,2.4212993873146647,True,2.4212993873146647,True,2.4659745404859987,2.441609958427008,True,True,0.75,0.8863430247544403,2.4212993873146647,wind_stuck_7_days,2015
7993,US-MMS,US-MMS,2015-10-14,1.84230214,2.7,2.7,-0.7908806112101056,0.7908806112101056,0.10668220922858042,0.4251361944856408,0.12303509843749966,0.17604927829209366,0.009607970468886694,0.7908806112101056,1.0931697313213173,0.30718203349378476,1.9091193887898945,True,1.9091193887898945,True,1.9091193887898945,True,1.9091193887898945,True,1.9091193887898945,True,1.9091193887898945,True,1.9091193887898945,True,2.106839541592421,2.2777835895148737,True,True,0.75,0.5338560643674201,1.9091193887898945,wind_stuck_7_days,2015
7994,US-MMS,US-MMS,2015-10-22,0.84362403,2.2,2.2,-0.15185344805979645,0.15185344805979645,0.13831709710555504,0.4538951806991739,0.017862133454878578,0.014089492107855886,0.007702138166582763,0.1518534480597964,1.0931697313213173,0.30718203349378476,2.048146551940204,True,2.048146551940204,True,2.048146551940204,True,2.048146551940204,True,2.048146551940204,True,2.048146551940204,True,2.048146551940204,True,2.086109913955153,2.048146551940204,True,True,0.75,1.0,2.048146551940204,wind_stuck_7_days,2015
7995,US-MMS,US-MMS,2015-11-07,-0.03259553,0.5,0.5,0.3296363741048185,0.3296363741048185,0.08765110547319235,0.31690859687316564,0.038811936730600544,0.0284995860636811,0.0012810480540339452,-0.3296363741048185,1.0931697313213173,0.30718203349378476,0.8296363741048185,True,0.8296363741048185,True,0.8296363741048185,True,0.8296363741048185,True,0.8296363741048185,True,0.8296363741048185,True,0.8296363741048185,True,0.7472272805786139,0.644452232314254,True,True,0.75,0.43821690705868754,0.8296363741048185,wind_stuck_7_days,2015
7996,US-MMS,US-MMS,2015-11-15,0.12457728,0.7,0.7,-0.04761719854696624,0.04761719854696624,0.09411884229840099,0.3617244000851644,0.017862133454878578,0.014089492107855886,0.005886892331386395,0.04761719854696622,1.0931697313213173,0.30718203349378476,0.6523828014530337,True,0.6523828014530337,True,0.6523828014530337,True,0.6523828014530337,True,0.6523828014530337,True,0.6523828014530337,True,0.6523828014530337,True,0.6642871010897753,0.6523828014530337,True,True,0.75,1.0,0.6523828014530337,wind_stuck_7_days,2015
7997,US-MMS,US-MMS,2015-11-23,0.30000077,0.6,0.6,-0.030463272795998808,0.030463272795998808,0.07886413832314473,0.23691484982705596,0.017862133454878578,0.014089492107855886,0.0012810480540339452,0.030463272795998808,1.0931697313213173,0.30718203349378476,0.5695367272040012,True,0.5695367272040012,True,0.5695367272040012,True,0.5695367272040012,True,0.5695367272040012,True,0.5695367272040012,True,0.5695367272040012,True,0.5771525454030009,0.5695367272040012,True,True,0.75,1.0,0.5695367272040012,wind_stuck_7_days,2015
8196,US-MOz,US-MOz,2015-01-19,0.40219593,0.5,0.5,-0.050874260916360395,0.050874260916360395,0.08435481321801075,0.3585834419774879,0.017862133454878578,0.014089492107855886,0.0012810480540339452,0.050874260916360395,1.0931697313213173,0.30718203349378476,0.4491257390836396,True,0.4491257390836396,True,0.4491257390836396,True,0.4491257390836396,True,0.4491257390836396,True,0.4491257390836396,True,0.4491257390836396,True,0.4618443043127297,0.4491257390836396,True,True,0.75,1.0,0.4491257390836396,wind_stuck_7_days,2015
8197,US-MOz,US-MOz,2015-01-27,0.23338911,0.9,0.9,-0.15208847652687726,0.15208847652687726,0.11174088206132342,0.3698715100523079,0.017862133454878578,0.014089492107855886,0.0012810480540339452,0.1520884765268773,1.0931697313213173,0.30718203349378476,0.7479115234731227,True,0.7479115234731227,True,0.7479115234731227,True,0.7479115234731227,True,0.7479115234731227,True,0.7479115234731227,True,0.7479115234731227,True,0.7859336426048421,0.7479115234731227,True,True,0.75,1.0,0.7479115234731227,wind_stuck_7_days,2015
8198,US-MOz,US-MOz,2015-02-04,0.20115003,0.4,0.4,0.33337413931644483,0.33337413931644483,0.14902603790138125,0.4463243292034974,0.05056033186776941,0.04260264028641755,0.0012810480540339452,-0.3333741393164448,1.0931697313213173,0.30718203349378476,0.7333741393164448,True,0.7333741393164448,True,0.7333741393164448,True,0.7333741393164448,True,0.7333741393164448,True,0.7333741393164448,True,0.7333741393164448,True,0.6500306044873336,0.5783430068144537,True,True,0.75,0.5349635313048899,0.649761389161422,wind_stuck_7_days,2015
8199,US-MOz,US-MOz,2015-02-12,0.3080775,0.6,0.6,0.014473710383454168,0.014473710383454168,0.13969010227629416,0.6088323834687269,0.017862133454878578,0.014089492107855886,0.0012810480540339452,-0.014473710383454186,1.0931697313213173,0.30718203349378476,0.6144737103834541,True,0.6144737103834541,True,0.6144737103834541,True,0.6144737103834541,True,0.6144737103834541,True,0.6144737103834541,True,0.6144737103834541,True,0.6108552827875906,0.6144737103834541,True,True,0.75,1.0,0.748943240646529,wind_stuck_7_days,2015
8200,US-MOz,US-MOz,2015-03-08,0.5740156,1.7,1.7,-0.16321168529116498,0.16321168529116498,0.15970284128509277,0.4008572923282802,0.017862133454878578,0.014089492107855886,0.005886892331386395,0.16321168529116492,1.0931697313213173,0.30718203349378476,1.536788314708835,True,1.536788314708835,True,1.536788314708835,True,1.536788314708835,True,1.536788314708835,True,1.536788314708835,True,1.536788314708835,True,1.5775912360316262,1.536788314708835,True,True,0.75,1.0,1.536788314708835,wind_stuck_7_days,2015
8201,US-MOz,US-MOz,2015-03-16,0.49779137,1.5,1.5,0.0849548992246254,0.0849548992246254,0.10583684631758875,0.6155216390310394,0.017862133454878578,0.014089492107855886,0.005886892331386395,-0.0849548992246254,1.0931697313213173,0.30718203349378476,1.5849548992246254,True,1.5849548992246254,True,1.5849548992246254,True,1.5849548992246254,True,1.5849548992246254,True,1.5849548992246254,True,1.5849548992246254,True,1.563716174418469,1.5849548992246254,True,True,0.75,1.0,1.5849548992246254,wind_stuck_7_days,2015
8202,US-MOz,US-MOz,2015-08-15,4.83102452,5.3,5.3,0.19047637410415363,0.19047637410415363,0.2129700567338954,0.4629208738633744,-0.004122904419901492,0.010382121704348104,0.011153954727089748,-0.19047637410415363,1.0931697313213173,0.30718203349378476,5.490476374104153,True,5.490476374104153,True,5.490476374104153,True,5.3,False,5.3,False,5.490476374104153,True,5.490476374104153,True,5.4428572805781155,5.454135428495416,True,True,0.75,0.8092102194844064,5.490476374104153,wind_stuck_7_days,2015
8203,US-MOz,US-MOz,2015-08-31,4.83591213,5.1,5.1,-0.49828498233075036,0.49828498233075036,0.14895572819014735,0.46544308047098537,-0.015821362026525752,0.008675575623678933,0.011153954727089748,0.029890757669249646,1.0931697313213173,0.30718203349378476,4.60171501766925,True,4.60171501766925,True,4.60171501766925,True,5.1,False,5.1,False,4.60171501766925,True,4.60171501766925,True,4.726286263251937,4.734680693881761,True,True,0.75,0.7331533541497502,4.60171501766925,wind_stuck_7_days,2015
8204,US-MOz,US-MOz,2015-09-16,2.75373904,3.7,3.7,-0.4773477487202203,0.4773477487202203,0.20035980074792487,0.3161371923631125,-0.0075280108635911655,-0.014244141528628823,0.009607970468886694,0.4773477487202203,1.0931697313213173,0.30718203349378476,3.2226522512797797,True,3.2226522512797797,True,3.2226522512797797,True,3.7,False,3.7,False,3.7,False,3.2226522512797797,True,3.341989188459835,3.3942511920534812,True,True,0.75,0.6405158687062797,3.2226522512797797,wind_stuck_7_days,2015
8205,US-MOz,US-MOz,2015-09-24,2.88420254,4.0,4.0,-0.3796625184717676,0.3796625184717676,0.14304871359876656,0.40711940415548076,0.03212503720593738,0.032538734006235394,0.011153954727089748,0.3796625184717676,1.0931697313213173,0.30718203349378476,3.6203374815282325,True,3.6203374815282325,True,3.6203374815282325,True,3.6203374815282325,True,3.6203374815282325,True,3.6203374815282325,True,3.6203374815282325,True,3.715253111146174,3.7503779685364695,True,True,0.75,0.6574840004441808,3.6203374815282325,wind_stuck_7_days,2015
8206,US-MOz,US-MOz,2015-10-10,1.59573321,2.7,2.7,-0.45351856876061525,0.45351856876061525,0.16583975329687276,0.39217019754970184,0.09167789861873328,0.1100428467643639,0.009607970468886694,0.45351856876061525,1.0931697313213173,0.30718203349378476,2.246481431239385,True,2.246481431239385,True,2.246481431239385,True,2.246481431239385,True,2.246481431239385,True,2.246481431239385,True,2.246481431239385,True,2.359861073429539,2.348395141947035,True,True,0.75,0.775282165433354,2.246481431239385,wind_stuck_7_days,2015
8207,US-MOz,US-MOz,2015-10-26,0.54578233,2.0,2.0,-0.5396867295236542,0.5396867295236542,0.0945805923403969,0.38673752984825044,0.13020441786237855,0.14243716977312765,0.005886892331386395,0.5396867295236542,1.0931697313213173,0.30718203349378476,1.460313270476346,True,1.460313270476346,True,1.460313270476346,True,1.460313270476346,True,1.460313270476346,True,1.460313270476346,True,1.460313270476346,True,1.5952349528572594,1.5182898652144745,True,True,0.75,0.8925736143460472,1.460313270476346,wind_stuck_7_days,2015
8208,US-MOz,US-MOz,2015-12-05,0.52504523,0.5,0.5,0.04896216868976563,0.04896216868976563,0.07382251635465972,0.30752983350184226,0.017862133454878578,0.014089492107855886,0.006542861003432963,0.001128291310234432,1.0931697313213173,0.30718203349378476,0.5489621686897657,True,0.5489621686897657,True,0.5489621686897657,True,0.5489621686897657,True,0.5489621686897657,True,0.5489621686897657,True,0.5489621686897657,True,0.5367216265173242,0.5489621686897657,True,True,0.75,1.0,0.5489621686897657,wind_stuck_7_days,2015
8419,US-Me2,US-Me1,2015-01-07,0.44274185,0.7,0.7,-0.06440607721530875,0.06440607721530875,0.12465460797458013,0.31149098327894453,0.017862133454878578,0.014089492107855886,0.0012810480540339452,0.06440607721530875,1.0931697313213173,0.30718203349378476,0.6355939227846912,True,0.6355939227846912,True,0.6355939227846912,True,0.6355939227846912,True,0.6355939227846912,True,0.6355939227846912,True,0.6355939227846912,True,0.6516954420885184,0.6355939227846912,True,True,0.75,1.0,0.6355939227846912,wind_stuck_7_days,2015
8420,US-Me2,US-Me1,2015-02-16,0.63611422,1.6,1.6,-0.31054943708248517,0.31054943708248517,0.12194853758747848,0.39308055832064404,0.022962484254926665,0.021033371766201243,0.0012810480540339452,0.31054943708248517,1.0931697313213173,0.30718203349378476,1.2894505629175148,True,1.2894505629175148,True,1.2894505629175148,True,1.2894505629175148,True,1.2894505629175148,True,1.2894505629175148,True,1.2894505629175148,True,1.3670879221881362,1.4554137534026501,True,True,0.75,0.4655820598346354,1.2894505629175148,wind_stuck_7_days,2015
8421,US-Me2,US-Me1,2015-02-24,0.85912052,1.8,1.8,-0.8678901321781171,0.8678901321781171,0.20914457184779722,0.4604700472104265,0.12060605211648175,0.1506792172256612,-0.032136914056609095,0.8678901321781171,1.0931697313213173,0.30718203349378476,0.932109867821883,True,0.932109867821883,True,0.932109867821883,True,0.932109867821883,True,0.932109867821883,True,0.932109867821883,True,1.8,False,1.1490824008664122,1.4180795632410717,True,True,0.75,0.44005620365844517,0.932109867821883,wind_stuck_7_days,2015
8422,US-Me2,US-Me1,2015-03-04,0.59218696,1.9,1.9,-0.880664014217477,0.880664014217477,0.16078467076606756,0.4044446791216007,0.12303509843749966,0.17604927829209366,-0.032136914056609095,0.880664014217477,1.0931697313213173,0.30718203349378476,1.019335985782523,True,1.019335985782523,True,1.019335985782523,True,1.019335985782523,True,1.019335985782523,True,1.019335985782523,True,1.9,False,1.2395019893368922,1.5221179423355458,True,True,0.75,0.4290876560912109,1.019335985782523,wind_stuck_7_days,2015
8423,US-Me2,US-Me1,2015-03-12,1.88287219,2.5,2.5,-0.4626992414259551,0.4626992414259551,0.21815073980278013,0.5378565091653285,0.0852056488542066,0.09937534959162066,0.010263939140933261,0.4626992414259551,1.0931697313213173,0.30718203349378476,2.037300758574045,True,2.037300758574045,True,2.037300758574045,True,2.037300758574045,True,2.037300758574045,True,2.037300758574045,True,2.037300758574045,True,2.1529755689305334,2.158149903011712,True,True,0.75,0.7388170681559111,2.037300758574045,wind_stuck_7_days,2015
8424,US-Me2,US-Me1,2015-04-13,1.94863429,2.8,2.8,-0.7053140259401739,0.7053140259401739,0.14560775310959923,0.3736817274638878,0.13020441786237855,0.16950547468773336,0.009607970468886694,0.7053140259401739,1.0931697313213173,0.30718203349378476,2.094685974059826,True,2.094685974059826,True,2.094685974059826,True,2.094685974059826,True,2.094685974059826,True,2.094685974059826,True,2.094685974059826,True,2.2710144805448693,2.3306810028294658,True,True,0.75,0.6654043162475584,2.094685974059826,wind_stuck_7_days,2015
8425,US-Me2,US-Me1,2015-05-07,1.97346068,3.8,3.8,-1.3858499952090064,1.3858499952090064,0.2589458171140551,0.6163399368467124,0.48541343579965046,0.4532215152354019,-0.09988801585838689,1.3858499952090064,1.0931697313213173,0.30718203349378476,2.4141500047909936,True,2.4141500047909936,True,2.4141500047909936,True,2.4141500047909936,True,2.4141500047909936,True,2.4141500047909936,True,3.8,False,2.760612503593245,2.5433671938867106,True,True,0.75,0.9067596135639273,2.4141500047909936,wind_stuck_7_days,2015
8426,US-Me2,US-Me1,2015-06-08,4.79182528,5.4,5.4,0.25962402356506903,0.25962402356506903,0.19579180554064637,0.607062420846928,0.0009774463801465972,0.014065587748061333,0.003628362699083576,-0.2596240235650691,1.0931697313213173,0.30718203349378476,5.659624023565069,True,5.659624023565069,True,5.659624023565069,True,5.659624023565069,True,5.659624023565069,True,5.659624023565069,True,5.659624023565069,True,5.594718017673802,5.558840556064372,True,True,0.75,0.6118099314663833,5.659624023565069,wind_stuck_7_days,2015
8427,US-Me2,US-Me1,2015-06-16,3.77064737,4.5,4.5,-1.236509950440193,1.236509950440193,0.23099576256305226,0.4179973838014881,-0.20473354138410546,-0.09010718522592914,-0.012921817247743066,0.22219530955980726,1.0931697313213173,0.30718203349378476,3.263490049559807,True,3.263490049559807,True,3.263490049559807,True,4.5,False,4.5,False,4.5,False,4.5,False,3.5726175371698554,4.209676758626918,True,True,0.75,0.23479248288275237,3.263490049559807,wind_stuck_7_days,2015
8428,US-Me2,US-Me1,2015-07-02,3.04222235,5.3,5.3,0.1711302389764832,0.1711302389764832,0.17622045378482623,0.41368875838445496,-0.004122904419901492,0.011828761066172241,0.00562511468184325,-0.17113023897648327,1.0931697313213173,0.30718203349378476,5.471130238976483,True,5.471130238976483,True,5.471130238976483,True,5.3,False,5.3,False,5.471130238976483,True,5.471130238976483,True,5.428347679232362,5.469535108214693,True,True,0.75,0.9906788492125608,5.471130238976483,wind_stuck_7_days,2015
8429,US-Me2,US-Me1,2015-07-18,1.72690522,5.5,5.5,-0.5857493007693386,0.5857493007693386,0.14191863996819223,0.5132686396344321,-0.0419849271688527,-0.0011426747585559357,0.011153954727089748,0.5857493007693386,1.0931697313213173,0.30718203349378476,4.914250699230662,True,4.914250699230662,True,4.914250699230662,True,5.5,False,5.5,False,5.5,False,4.914250699230662,True,5.060688024422996,5.217808357591038,True,True,0.75,0.48176180840220223,4.914250699230662,wind_stuck_7_days,2015
8430,US-Me2,US-Me1,2015-08-19,0.68536098,3.6,3.6,-0.8918535478213586,0.8918535478213586,0.15537994668188093,0.46299118491779756,-0.05512123804613478,-0.0920268001005814,-0.02907180459115536,0.8918535478213587,1.0931697313213173,0.30718203349378476,2.7081464521786414,True,2.7081464521786414,True,2.7081464521786414,True,3.6,False,3.6,False,3.6,False,3.6,False,2.931109839133981,3.5255154368285586,True,True,0.75,0.08351658560241679,2.7081464521786414,wind_stuck_7_days,2015
8431,US-Me2,US-Me1,2015-08-27,0.58371502,3.0,3.0,-0.9276737661737394,0.9276737661737394,0.15121551797011903,0.45730583674918,0.017081923474557253,0.06115734908124878,-0.02907180459115536,0.9276737661737395,1.0931697313213173,0.30718203349378476,2.0723262338262605,True,2.0723262338262605,True,2.0723262338262605,True,2.0723262338262605,True,2.0723262338262605,True,2.0723262338262605,True,3.0,False,2.3042446753696955,2.458685714961911,True,True,0.75,0.5835179400089978,2.0723262338262605,wind_stuck_7_days,2015
8432,US-Me2,US-Me1,2015-09-12,0.47692951,3.3,3.3,-0.653727263458646,0.653727263458646,0.09058568253116908,0.47140722061700036,0.07626807838363976,0.06906622684017674,0.009607970468886694,0.653727263458646,1.0931697313213173,0.30718203349378476,2.646272736541354,True,2.646272736541354,True,2.646272736541354,True,2.646272736541354,True,2.646272736541354,True,2.646272736541354,True,2.646272736541354,True,2.809704552406015,2.8850433142524743,True,True,0.75,0.6347550560338153,2.646272736541354,wind_stuck_7_days,2015
8433,US-Me2,US-Me1,2015-09-20,1.18473164,3.4,3.4,-0.5163334427624755,0.5163334427624755,0.2011334063240181,0.35601641987231625,0.05993345693271664,0.0655104831862014,0.009607970468886694,0.5163334427624755,1.0931697313213173,0.30718203349378476,2.8836665572375244,True,2.8836665572375244,True,2.8836665572375244,True,2.8836665572375244,True,2.8836665572375244,True,2.8836665572375244,True,2.8836665572375244,True,3.012749917928143,2.951910435431481,True,True,0.75,0.867829831380203,2.8836665572375244,wind_stuck_7_days,2015
8434,US-Me2,US-Me1,2015-09-28,0.51363913,2.9,2.9,-0.9544872464386313,0.9544872464386313,0.07682378883801504,0.31181942080325364,0.12303509843749966,0.17604927829209366,-0.02907180459115536,0.9544872464386311,1.0931697313213173,0.30718203349378476,1.9455127535613688,True,1.9455127535613688,True,1.9455127535613688,True,1.9455127535613688,True,1.9455127535613688,True,1.9455127535613688,True,2.9,False,2.1841345651710267,2.2631164827589494,True,True,0.75,0.6672519927504335,1.9455127535613688,wind_stuck_7_days,2015
8435,US-Me2,US-Me1,2015-10-14,0.42698985,1.6,1.6,-0.3944909901082096,0.3944909901082096,0.08163488654863707,0.4462373467196231,0.07361096844563259,0.09372279897009979,0.006542861003432963,0.39449099010820965,1.0931697313213173,0.30718203349378476,1.2055090098917904,True,1.2055090098917904,True,1.2055090098917904,True,1.2055090098917904,True,1.2055090098917904,True,1.2055090098917904,True,1.2055090098917904,True,1.304131757418843,1.2546675760714718,True,True,0.75,0.8753873537993933,1.2055090098917904,wind_stuck_7_days,2015
8436,US-Me2,US-Me1,2015-10-22,0.57393276,1.7,1.7,-0.3713338601695809,0.3713338601695809,0.10901661767203469,0.26889746568734185,0.05764802021210274,0.05985641248407273,0.006542861003432963,0.3713338601695809,1.0931697313213173,0.30718203349378476,1.328666139830419,True,1.328666139830419,True,1.328666139830419,True,1.328666139830419,True,1.328666139830419,True,1.328666139830419,True,1.328666139830419,True,1.4214996048728143,1.4558539281153238,True,True,0.75,0.6574840004441808,1.328666139830419,wind_stuck_7_days,2015
8437,US-Me2,US-Me1,2015-11-23,0.44255186,0.7,0.7,-0.062358239628257504,0.062358239628257504,0.07148183089500697,0.30951606041011,0.017862133454878578,0.014089492107855886,0.0012810480540339452,0.06235823962825751,1.0931697313213173,0.30718203349378476,0.6376417603717425,True,0.6376417603717425,True,0.6376417603717425,True,0.6376417603717425,True,0.6376417603717425,True,0.6376417603717425,True,0.6376417603717425,True,0.6532313202788068,0.6376417603717425,True,True,0.75,1.0,0.6376417603717425,wind_stuck_7_days,2015
8610,US-Me6,US-Me1,2015-01-31,0.55630599,0.6,0.6,-0.05717630146640686,0.05717630146640686,0.08404136005468582,0.43233711575156264,0.017862133454878578,0.014089492107855886,0.0012810480540339452,0.030211718533593036,1.0931697313213173,0.30718203349378476,0.5428236985335931,True,0.5428236985335931,True,0.5428236985335931,True,0.5428236985335931,True,0.5428236985335931,True,0.5428236985335931,True,0.5428236985335931,True,0.5571177739001948,0.5428236985335931,True,True,0.75,1.0,0.5428236985335931,wind_stuck_7_days,2015
8611,US-Me6,US-Me1,2015-02-24,1.14956664,1.3,1.3,-0.8491447942361832,0.8491447942361832,0.18358553715251372,0.4999804114375048,0.12060605211648175,0.16174716652800936,-0.02534895311674202,-0.548278074236183,1.0931697313213173,0.30718203349378476,0.4508552057638169,True,0.4508552057638169,True,0.4508552057638169,True,0.4508552057638169,True,0.4508552057638169,True,0.4508552057638169,True,1.3,False,0.6631414043228627,0.9152869092312914,True,True,0.75,0.45305947039899497,0.4508552057638169,wind_stuck_7_days,2015
8612,US-Me6,US-Me1,2015-03-04,0.56202786,1.1,1.1,-0.33633542721906384,0.33633542721906384,0.078788368236967,0.31029653624433945,0.022962484254926665,0.021033371766201243,0.006542861003432963,0.33633542721906384,1.0931697313213173,0.30718203349378476,0.7636645727809362,True,0.7636645727809362,True,0.7636645727809362,True,0.7636645727809362,True,0.7636645727809362,True,0.7636645727809362,True,0.7636645727809362,True,0.8477484295857022,0.9623751749918329,True,True,0.75,0.40918920182181306,0.7636645727809362,wind_stuck_7_days,2015
8613,US-Me6,US-Me1,2015-03-28,2.26728283,1.5,1.5,0.0969135586751213,0.0969135586751213,0.14364847596823788,0.42787332132344325,0.017862133454878578,0.014089492107855886,0.005886892331386395,0.0969135586751213,1.0931697313213173,0.30718203349378476,1.5969135586751213,True,1.5969135586751213,True,1.5969135586751213,True,1.5969135586751213,True,1.5969135586751213,True,1.5969135586751213,True,1.5969135586751213,True,1.572685169006341,1.5969135586751213,True,True,0.75,1.0,1.5969135586751213,wind_stuck_7_days,2015
8614,US-Me6,US-Me1,2015-04-29,1.83955612,3.4,3.4,-1.1929536267159155,1.1929536267159155,0.25849023289809164,0.4353407303685555,0.2981388537653647,0.15358218398285123,-0.014467801505946124,1.1929536267159155,1.0931697313213173,0.30718203349378476,2.2070463732840846,True,2.2070463732840846,True,2.2070463732840846,True,2.2070463732840846,True,2.2070463732840846,True,2.2070463732840846,True,3.4,False,2.5052847799630635,2.7720576146694014,True,True,0.75,0.5263761903798914,2.2070463732840846,wind_stuck_7_days,2015
8615,US-Me6,US-Me1,2015-06-08,3.70875427,1.8,1.8,-0.984562190412863,0.984562190412863,0.22581457960376208,0.47739463712564395,0.016157791865138334,0.02167267053264557,-0.18952088119817606,-0.984562190412863,1.0931697313213173,0.30718203349378476,0.8154378095871371,True,0.8154378095871371,True,0.8154378095871371,True,0.8154378095871371,True,0.8154378095871371,True,0.8154378095871371,True,1.8,False,1.0615783571903528,1.3509428893593394,True,True,0.75,0.45609826886847493,0.8154378095871371,wind_stuck_7_days,2015
8616,US-Me6,US-Me1,2015-06-16,2.3880422,2.8,2.8,-0.3798361275529235,0.3798361275529235,0.1283014978962848,0.446198517140236,0.03158678750556842,0.03504807455701334,0.009607970468886694,0.3798361275529235,1.0931697313213173,0.30718203349378476,2.4201638724470764,True,2.4201638724470764,True,2.4201638724470764,True,2.4201638724470764,True,2.4201638724470764,True,2.4201638724470764,True,2.4201638724470764,True,2.515122904335307,2.5112312925606566,True,True,0.75,0.7602455019213736,2.4201638724470764,wind_stuck_7_days,2015
8617,US-Me6,US-Me1,2015-07-02,2.27589371,2.1,2.1,-0.6767888138017603,0.6767888138017603,0.2685188194508571,0.4193896077847169,0.005928541538396219,0.04045170530498018,-0.030013932128310005,-0.6767888138017603,1.0931697313213173,0.30718203349378476,1.4232111861982397,True,1.4232111861982397,True,1.4232111861982397,True,1.4232111861982397,True,1.4232111861982397,True,1.4232111861982397,True,2.1,False,1.5924083896486798,1.8394916107133086,True,True,0.75,0.38491828466153954,1.4232111861982397,wind_stuck_7_days,2015
8618,US-Me6,US-Me1,2015-07-18,0.86821223,2.0,2.0,0.133237332783702,0.133237332783702,0.20167509864257369,0.5281335906669269,0.015433087133860643,0.013050721227850282,0.000358052286139897,-0.13323733278370198,1.0931697313213173,0.30718203349378476,2.133237332783702,True,2.133237332783702,True,2.133237332783702,True,2.133237332783702,True,2.133237332783702,True,2.133237332783702,True,2.133237332783702,True,2.0999279995877767,2.133237332783702,True,True,0.75,1.0,2.133237332783702,wind_stuck_7_days,2015
8619,US-Me6,US-Me1,2015-10-14,0.43651194,1.2,1.2,-0.3033116326432903,0.3033116326432903,0.07652846267238221,0.30880362085550855,0.022962484254926665,0.021033371766201243,0.005886892331386395,0.3033116326432903,1.0931697313213173,0.30718203349378476,0.8966883673567096,True,0.8966883673567096,True,0.8966883673567096,True,0.8966883673567096,True,0.8966883673567096,True,0.8966883673567096,True,0.8966883673567096,True,0.9725162755175323,1.0491759324195622,True,True,0.75,0.4972577750020372,0.8966883673567096,wind_stuck_7_days,2015
8620,US-Me6,US-Me1,2015-10-22,0.52531104,1.1,1.1,-0.25346091796744263,0.25346091796744263,0.14835929231379577,0.30386329101539633,0.022962484254926665,0.021033371766201243,0.006542861003432963,0.25346091796744263,1.0931697313213173,0.30718203349378476,0.8465390820325575,True,0.8465390820325575,True,0.8465390820325575,True,0.8465390820325575,True,0.8465390820325575,True,0.8465390820325575,True,0.8465390820325575,True,0.9099043115244181,0.9759448145988956,True,True,0.75,0.4894450252762025,0.8465390820325575,wind_stuck_7_days,2015
8783,US-NC3,US-NC2,2015-04-12,1.83198103,1.4,1.4,0.18083457131849118,0.18083457131849118,0.11517534515371737,0.3419683390251494,0.017862133454878578,0.014089492107855886,0.005886892331386395,0.18083457131849118,1.0931697313213173,0.30718203349378476,1.580834571318491,True,1.580834571318491,True,1.580834571318491,True,1.580834571318491,True,1.580834571318491,True,1.580834571318491,True,1.580834571318491,True,1.5356259284888683,1.560281460922604,True,True,0.75,0.8863430247544403,1.580834571318491,wind_stuck_7_days,2015
8784,US-NC3,US-NC2,2015-06-07,3.25965953,2.6,2.6,-0.2570238997892892,0.2570238997892892,0.4480652831818631,0.7102968681232157,-0.02181129941558718,0.010365874593458004,0.0015979148298669774,-0.2570238997892892,1.0931697313213173,0.30718203349378476,2.342976100210711,True,2.6,False,2.342976100210711,True,2.6,False,2.6,False,2.342976100210711,True,2.342976100210711,True,2.407232075158033,2.3489678130948444,True,True,0.75,0.9766881099810345,2.342976100210711,wind_stuck_7_days,2015
8785,US-NC3,US-NC2,2015-06-15,5.60354836,5.1,5.1,-0.5108087724231076,0.5108087724231076,0.22818894608720972,0.761470597044736,0.01242182877181596,-0.0039633252696810155,0.011153954727089748,-0.5108087724231076,1.0931697313213173,0.30718203349378476,4.589191227576892,True,4.589191227576892,True,4.589191227576892,True,4.589191227576892,True,4.589191227576892,True,5.1,False,4.589191227576892,True,4.716893420682669,4.796742004585573,True,True,0.75,0.5936820426475277,4.589191227576892,wind_stuck_7_days,2015
8786,US-NC3,US-NC2,2015-06-23,4.50675685,6.2,6.2,-1.1098949071842665,1.1098949071842665,0.2589996745234876,0.5581066426153818,0.0879837654176345,0.19093233567662937,-0.16668495519956267,1.1098949071842665,1.0931697313213173,0.30718203349378476,5.090105092815733,True,5.090105092815733,True,5.090105092815733,True,5.090105092815733,True,5.090105092815733,True,5.090105092815733,True,6.2,False,5.367578819611801,6.064959527715838,True,True,0.75,0.1216696025993592,5.090105092815733,wind_stuck_7_days,2015
8787,US-NC3,US-NC2,2015-07-01,4.04331129,4.1,4.1,0.4004832399032295,0.4004832399032295,0.3126642957853053,0.538069135673384,0.01773964757048934,-5.235013817651011e-05,0.006198208048243971,-0.4004832399032295,1.0931697313213173,0.30718203349378476,4.500483239903229,True,4.500483239903229,True,4.500483239903229,True,4.500483239903229,True,4.500483239903229,True,4.1,False,4.500483239903229,True,4.400362429927422,4.375968250331851,True,True,0.75,0.6890881386160733,4.500483239903229,wind_stuck_7_days,2015
8889,US-NC4,US-NC4,2015-02-07,0.63024076,1.3,1.3,-0.40403149608624417,0.40403149608624417,0.1025269598562199,0.377655849446537,0.07361096844563259,0.1100428467643639,0.006542861003432963,0.40403149608624417,1.0931697313213173,0.30718203349378476,0.8959685039137559,True,0.8959685039137559,True,0.8959685039137559,True,0.8959685039137559,True,0.8959685039137559,True,0.8959685039137559,True,0.8959685039137559,True,0.9969763779353169,0.9595668308047804,True,True,0.75,0.842590670511863,0.8959685039137559,wind_stuck_7_days,2015
8890,US-NC4,US-NC4,2015-03-11,0.69080929,2.5,2.5,0.16162258805596197,0.16162258805596197,0.13834347308157785,0.5442323547214827,0.017862133454878578,0.014089492107855886,0.009607970468886694,-0.16162258805596186,1.0931697313213173,0.30718203349378476,2.661622588055962,True,2.661622588055962,True,2.661622588055962,True,2.661622588055962,True,2.661622588055962,True,2.661622588055962,True,2.661622588055962,True,2.6212169410419714,2.661622588055962,True,True,0.75,1.0,2.661622588055962,wind_stuck_7_days,2015
8891,US-NC4,US-NC4,2015-04-28,1.61569179,5.1,5.1,-1.923972099291451,1.923972099291451,0.29917046524463264,0.618387269807595,0.5331944728158639,0.7637929349811206,-0.0196756851319031,1.923972099291451,1.0931697313213173,0.30718203349378476,3.1760279007085486,True,3.1760279007085486,True,3.1760279007085486,True,3.1760279007085486,True,3.1760279007085486,True,3.1760279007085486,True,5.1,False,3.6570209255314112,3.6606121010613437,True,True,0.75,0.7481334575843097,3.1760279007085486,wind_stuck_7_days,2015
8892,US-NC4,US-NC4,2015-06-07,4.54167112,6.4,6.4,-1.2847916302028841,1.2847916302028841,0.30398886187200547,0.8089573962637759,0.5267515594807185,0.5577365143849164,-0.020931872886762782,1.2847916302028841,1.0931697313213173,0.30718203349378476,5.1152083697971165,True,5.1152083697971165,True,5.1152083697971165,True,5.1152083697971165,True,5.1152083697971165,True,5.1152083697971165,True,6.4,False,5.436406277347837,5.134605293968561,True,True,0.75,0.9849026692613323,5.1152083697971165,wind_stuck_7_days,2015
8893,US-NC4,US-NC4,2015-06-23,4.74806003,7.0,7.0,-1.4758098846728247,1.4758098846728247,0.1963876451473073,0.44756242340654956,0.27043103498602433,0.9850303567861824,-0.1928723349000976,1.4758098846728247,1.0931697313213173,0.30718203349378476,5.524190115327175,True,5.524190115327175,True,5.524190115327175,True,5.524190115327175,True,5.524190115327175,True,5.524190115327175,True,7.0,False,5.893142586495381,5.817162371537527,True,True,0.75,0.8014837417386582,5.524190115327175,wind_stuck_7_days,2015
8894,US-NC4,US-NC4,2015-10-21,0.97596391,2.6,2.6,-0.34510899291483,0.34510899291483,0.1365621951899113,0.47001336166255864,0.022962484254926665,0.021033371766201243,0.010263939140933261,0.3451089929148301,1.0931697313213173,0.30718203349378476,2.25489100708517,True,2.25489100708517,True,2.25489100708517,True,2.25489100708517,True,2.25489100708517,True,2.25489100708517,True,2.25489100708517,True,2.3411682553138777,2.4692632019936176,True,True,0.75,0.3788275608298834,2.25489100708517,wind_stuck_7_days,2015
8895,US-NC4,US-NC4,2015-11-14,1.21796848,1.6,1.6,-0.1004172928994526,0.1004172928994526,0.13152120627639638,0.4698445420748231,0.017862133454878578,0.014089492107855886,0.006542861003432963,0.10041729289945261,1.0931697313213173,0.30718203349378476,1.4995827071005474,True,1.4995827071005474,True,1.4995827071005474,True,1.4995827071005474,True,1.4995827071005474,True,1.4995827071005474,True,1.4995827071005474,True,1.5246870303254108,1.4995827071005474,True,True,0.75,1.0,1.4995827071005474,wind_stuck_7_days,2015
8896,US-NC4,US-NC4,2015-12-08,1.25479358,0.8,0.8,0.20533201348671026,0.20533201348671026,0.15629679895153306,0.37903247181631705,0.017862133454878578,0.014089492107855886,0.0012810480540339452,0.20533201348671026,1.0931697313213173,0.30718203349378476,1.0053320134867103,True,1.0053320134867103,True,1.0053320134867103,True,1.0053320134867103,True,1.0053320134867103,True,1.0053320134867103,True,1.0053320134867103,True,0.9539990101150327,0.9441110800003629,True,True,0.75,0.7018441866576746,1.0053320134867103,wind_stuck_7_days,2015
9085,US-NR1,US-NR1,2015-03-23,1.51134796,3.0,3.0,-1.4596157799438896,1.4596157799438896,0.14087368506899028,0.5229755874934382,0.31512203711034287,0.561723497722879,-0.09988801585838689,1.4596157799438896,1.0931697313213173,0.30718203349378476,1.5403842200561104,True,1.5403842200561104,True,1.5403842200561104,True,1.5403842200561104,True,1.5403842200561104,True,1.5403842200561104,True,3.0,False,1.9052881650420828,2.057866646325429,True,True,0.75,0.6454666814514629,1.5403842200561104,wind_stuck_7_days,2015
9086,US-NR1,US-NR1,2015-03-31,1.37174857,4.6,4.6,-2.1748863651110666,2.1748863651110666,0.3543034112741388,0.7428521696687836,1.1331827416321794,0.8224442193089627,-0.07212834977707451,2.1748863651110666,1.0931697313213173,0.30718203349378476,2.425113634888933,True,4.6,False,2.425113634888933,True,2.425113634888933,True,2.425113634888933,True,2.425113634888933,True,4.6,False,2.9688352261667,2.597681637970992,True,True,0.75,0.9206542438950613,2.425113634888933,wind_stuck_7_days,2015
9087,US-NR1,US-NR1,2015-06-19,5.44574691,5.2,5.2,-1.4185674355226274,1.4185674355226274,0.14484709770007134,0.43742965721399274,-0.3797802915151918,0.13024282806906703,-0.09204004951874323,-1.4185674355226274,1.0931697313213173,0.30718203349378476,3.781432564477373,True,3.781432564477373,True,3.781432564477373,True,5.2,False,5.2,False,3.781432564477373,True,5.2,False,4.136074423358029,4.795928486135739,True,True,0.75,0.2848447692692125,3.781432564477373,wind_stuck_7_days,2015
9088,US-NR1,US-NR1,2015-07-29,3.16606597,4.0,4.0,-1.0496822667469499,1.0496822667469499,0.21922475255992976,0.42663279433860435,-0.02766072566234312,-0.005303036092745564,-0.021180011971207342,0.6181857932530501,1.0931697313213173,0.30718203349378476,2.9503177332530504,True,2.9503177332530504,True,2.9503177332530504,True,4.0,False,4.0,False,4.0,False,4.0,False,3.2127382999397875,3.538030381275653,True,True,0.75,0.44010424235900314,2.9503177332530504,wind_stuck_7_days,2015
9089,US-NR1,US-NR1,2015-08-06,4.04170812,4.2,4.2,-0.5335323836110977,0.5335323836110977,0.26472227919530555,0.6785019284924496,0.030530862925718858,-0.014595001458431118,0.011153954727089748,-0.21694862361109735,1.0931697313213173,0.30718203349378476,3.6664676163889025,True,3.6664676163889025,True,3.6664676163889025,True,3.6664676163889025,True,3.6664676163889025,True,4.2,False,3.6664676163889025,True,3.799850712291677,3.8935439824590725,True,True,0.75,0.5743906592262435,3.6664676163889025,wind_stuck_7_days,2015
9090,US-NR1,US-NR1,2015-08-30,4.05383735,4.6,4.6,-0.9352382470285434,0.9352382470285434,0.23750562701847824,0.46280618503108545,0.06666971263774296,0.03531334742865319,-0.027525820332952297,0.15708705297145542,1.0931697313213173,0.30718203349378476,3.6647617529714562,True,3.6647617529714562,True,3.6647617529714562,True,3.6647617529714562,True,3.6647617529714562,True,3.6647617529714562,True,4.6,False,3.898571314728592,3.9336885162980253,True,True,0.75,0.7124510634792705,3.6647617529714562,wind_stuck_7_days,2015
9091,US-NR1,US-NR1,2015-09-15,1.63734753,3.3,3.3,-0.7770911045373985,0.7770911045373985,0.14472801899284046,0.45975971139023236,0.06909875895876091,0.014072889561035055,0.009607970468886694,0.7770911045373985,1.0931697313213173,0.30718203349378476,2.522908895462601,True,2.522908895462601,True,2.522908895462601,True,2.522908895462601,True,2.522908895462601,True,2.522908895462601,True,2.522908895462601,True,2.717181671596951,2.906678218235972,True,True,0.75,0.5061462928444816,2.522908895462601,wind_stuck_7_days,2015
9092,US-NR1,US-NR1,2015-10-17,1.49823994,1.7,1.7,-0.5136525651777845,0.5136525651777845,0.1140230084114536,0.3939196535714483,0.11171683056759027,0.1100428467643639,0.006542861003432963,-0.11013244517778442,1.0931697313213173,0.30718203349378476,1.1863474348222156,True,1.1863474348222156,True,1.1863474348222156,True,1.1863474348222156,True,1.1863474348222156,True,1.1863474348222156,True,1.1863474348222156,True,1.3147605761166616,1.3129113834896036,True,True,0.75,0.7536000844781491,1.1863474348222156,wind_stuck_7_days,2015
9093,US-NR1,US-NR1,2015-10-25,3.36792739,2.2,2.2,-1.1494636686429434,1.1494636686429434,0.10950938981764004,0.4235414481258627,0.06720732589710036,0.28742867133628053,-0.01571766513620349,-1.1494636686429436,1.0931697313213173,0.30718203349378476,1.0505363313570568,True,1.0505363313570568,True,1.0505363313570568,True,1.0505363313570568,True,1.0505363313570568,True,1.0505363313570568,True,2.2,False,1.3379022485177927,1.5570506191088285,True,True,0.75,0.5593472838077932,1.0505363313570568,wind_stuck_7_days,2015
9094,US-NR1,US-NR1,2015-11-02,1.26769903,2.0,2.0,-0.7925881960138119,0.7925881960138119,0.13416773879873006,0.35093512791173576,0.12303509843749966,0.17604927829209366,0.005886892331386395,0.6720137439861882,1.0931697313213173,0.30718203349378476,1.207411803986188,True,1.207411803986188,True,1.207411803986188,True,1.207411803986188,True,1.207411803986188,True,1.207411803986188,True,1.207411803986188,True,1.405558852989641,1.584108478025446,True,True,0.75,0.524725858984792,1.207411803986188,wind_stuck_7_days,2015
9095,US-NR1,US-NR1,2015-11-10,1.04821585,1.3,1.3,-0.533338131425446,0.533338131425446,0.10859802250899506,0.3253091175636242,0.13020441786237855,0.14243716977312765,0.006542861003432963,-0.02976983142544598,1.0931697313213173,0.30718203349378476,0.7666618685745541,True,0.7666618685745541,True,0.7666618685745541,True,0.7666618685745541,True,0.7666618685745541,True,0.7666618685745541,True,0.7666618685745541,True,0.8999964014309156,0.8161799363001339,True,True,0.75,0.9071544582922779,0.7666618685745541,wind_stuck_7_days,2015
9096,US-NR1,US-NR1,2015-12-04,0.61883685,0.5,0.5,-0.14371240130675444,0.14371240130675444,0.08329224665202407,0.29587182097570747,0.017862133454878578,0.014089492107855886,0.006542861003432963,-0.14371240130675444,1.0931697313213173,0.30718203349378476,0.35628759869324556,True,0.35628759869324556,True,0.35628759869324556,True,0.35628759869324556,True,0.35628759869324556,True,0.35628759869324556,True,0.35628759869324556,True,0.39221569901993414,0.35628759869324556,True,True,0.75,1.0,0.35628759869324556,wind_stuck_7_days,2015
9399,US-Ne1,US-Ne1,2015-01-16,0.66423264,0.5,0.5,-0.10726016631262036,0.10726016631262036,0.07622442023712338,0.2767754075314701,0.017862133454878578,0.014089492107855886,0.006542861003432963,-0.10726016631262036,1.0931697313213173,0.30718203349378476,0.39273983368737964,True,0.39273983368737964,True,0.39273983368737964,True,0.39273983368737964,True,0.39273983368737964,True,0.39273983368737964,True,0.39273983368737964,True,0.4195548752655347,0.39273983368737964,True,True,0.75,1.0,0.39273983368737964,wind_stuck_7_days,2015
9400,US-Ne1,US-Ne1,2015-03-05,0.47586659,0.2,0.2,0.25276140990348184,0.25276140990348184,0.16144636503798496,0.5890042996019412,0.055801464192899566,0.027141565481293484,0.0012810480540339452,0.25276140990348184,1.0931697313213173,0.30718203349378476,0.45276140990348185,True,0.45276140990348185,True,0.45276140990348185,True,0.45276140990348185,True,0.45276140990348185,True,0.45276140990348185,True,0.45276140990348185,True,0.3895710574276114,0.3242575662809054,True,True,0.75,0.49160022619099075,0.6615586029180396,wind_stuck_7_days,2015
9401,US-Ne1,US-Ne1,2015-03-13,1.64321937,0.6,0.6,0.2998169191497275,0.2998169191497275,0.1616405414287977,0.4454892112579019,0.038811936730600544,0.0284995860636811,0.005886892331386395,0.2998169191497275,1.0931697313213173,0.30718203349378476,0.8998169191497275,True,0.8998169191497275,True,0.8998169191497275,True,0.8998169191497275,True,0.8998169191497275,True,0.8998169191497275,True,0.8998169191497275,True,0.8248626893622957,0.7570763522805715,True,True,0.75,0.5239075657439071,0.8998169191497275,wind_stuck_7_days,2015
9402,US-Ne1,US-Ne1,2015-03-21,0.69468754,0.4,0.4,0.6825432857101712,0.6825432857101712,0.1018335961045085,0.4307467743702632,0.245394770577799,0.2750568047223399,-0.09971582728168665,-0.09316820571017126,1.0931697313213173,0.30718203349378476,1.0825432857101713,True,1.0825432857101713,True,1.0825432857101713,True,1.0825432857101713,True,1.0825432857101713,True,1.0825432857101713,True,0.4,False,0.9119074642826285,1.0825432857101713,True,True,0.75,1.0,1.0825432857101713,wind_stuck_7_days,2015
9403,US-Ne1,US-Ne1,2015-04-22,1.63453163,1.6,1.6,0.1120173596885948,0.1120173596885948,0.09173788532456864,0.3430523574325024,0.017862133454878578,0.014089492107855886,0.005886892331386395,-0.042954099688595176,1.0931697313213173,0.30718203349378476,1.7120173596885948,True,1.7120173596885948,True,1.7120173596885948,True,1.7120173596885948,True,1.7120173596885948,True,1.7120173596885948,True,1.7120173596885948,True,1.6840130197664462,1.7120173596885948,True,True,0.75,1.0,1.7120173596885948,wind_stuck_7_days,2015
9404,US-Ne1,US-Ne1,2015-06-09,4.4318079,2.9,2.9,-0.6013422317724493,0.6013422317724493,0.10772093859834167,0.6122969674049373,0.043466136038773216,0.05511213961268434,0.0013352065710371909,-0.6013422317724495,1.0931697313213173,0.30718203349378476,2.2986577682275504,True,2.2986577682275504,True,2.2986577682275504,True,2.2986577682275504,True,2.2986577682275504,True,2.2986577682275504,True,2.2986577682275504,True,2.448993326170663,2.589890429210741,True,True,0.75,0.5156956461800702,2.2986577682275504,wind_stuck_7_days,2015
9405,US-Ne1,US-Ne1,2015-06-17,4.38776055,3.3,3.3,-0.16409286737624043,0.16409286737624043,0.17048567439945408,0.5630413750935198,-0.007908788897029813,-0.0034623257192325876,0.009607970468886694,-0.16409286737624051,1.0931697313213173,0.30718203349378476,3.1359071326237595,True,3.1359071326237595,True,3.1359071326237595,True,3.3,False,3.3,False,3.3,False,3.1359071326237595,True,3.1769303494678196,3.1359071326237595,True,True,0.75,1.0,3.1359071326237595,wind_stuck_7_days,2015
9406,US-Ne1,US-Ne1,2015-07-03,7.17123068,5.0,5.0,0.05325498771492175,0.05325498771492175,0.3205830207991119,0.6613969314006568,-0.01008989587230471,0.00010130544540028067,0.003143899088070033,0.053254987714921764,1.0931697313213173,0.30718203349378476,5.053254987714921,True,5.0,False,5.053254987714921,True,5.0,False,5.0,False,5.053254987714921,True,5.053254987714921,True,5.039941240786192,5.053254987714921,True,True,0.75,1.0,5.053254987714921,wind_stuck_7_days,2015
9407,US-Ne1,US-Ne1,2015-07-11,6.13118708,5.6,5.6,0.0457243220279707,0.0457243220279707,0.2651655628552838,0.4099529772575604,-0.004122904419901492,0.011828761066172241,0.011153954727089748,0.04572432202797072,1.0931697313213173,0.30718203349378476,5.64572432202797,True,5.64572432202797,True,5.64572432202797,True,5.6,False,5.6,False,5.64572432202797,True,5.64572432202797,True,5.634293241520978,5.64572432202797,True,True,0.75,1.0,5.64572432202797,wind_stuck_7_days,2015
9408,US-Ne1,US-Ne1,2015-09-05,6.23952283,4.9,4.9,-0.14443689423979303,0.14443689423979303,0.24048758682313742,0.6480014105225165,-0.01008989587230471,0.0015479448072244222,0.011153954727089748,-0.1444368942397931,1.0931697313213173,0.30718203349378476,4.755563105760207,True,4.755563105760207,True,4.755563105760207,True,4.9,False,4.9,False,4.755563105760207,True,4.755563105760207,True,4.791672329320155,4.755563105760207,True,True,0.75,1.0,4.755563105760207,wind_stuck_7_days,2015
9409,US-Ne1,US-Ne1,2015-09-13,4.62160657,4.2,4.2,0.10133064677995285,0.10133064677995285,0.19551064768944654,0.3435485352925164,-0.01008989587230471,0.00010130544540028067,0.011153954727089748,0.10133064677995285,1.0931697313213173,0.30718203349378476,4.301330646779953,True,4.301330646779953,True,4.301330646779953,True,4.2,False,4.2,False,4.301330646779953,True,4.301330646779953,True,4.275997985084965,4.301330646779953,True,True,0.75,1.0,4.301330646779953,wind_stuck_7_days,2015
9410,US-Ne1,US-Ne1,2015-09-29,2.37447931,1.3,1.3,0.621874047455383,0.621874047455383,0.22078923259467653,0.6557071319229972,0.08726902056761758,0.07087633584433711,-0.11715152842765916,0.621874047455383,1.0931697313213173,0.30718203349378476,1.921874047455383,True,1.921874047455383,True,1.921874047455383,True,1.921874047455383,True,1.921874047455383,True,1.921874047455383,True,1.3,False,1.7664055355915373,1.8398855249808832,True,True,0.75,0.868158957895116,1.921874047455383,wind_stuck_7_days,2015
9411,US-Ne1,US-Ne1,2015-11-08,0.71062039,0.6,0.6,0.0973113702240915,0.0973113702240915,0.09812476259415194,0.38467436954187184,0.017862133454878578,0.014089492107855886,0.005886892331386395,0.0973113702240915,1.0931697313213173,0.30718203349378476,0.6973113702240915,True,0.6973113702240915,True,0.6973113702240915,True,0.6973113702240915,True,0.6973113702240915,True,0.6973113702240915,True,0.6973113702240915,True,0.6729835276680686,0.6973113702240915,True,True,0.75,1.0,0.6973113702240915,wind_stuck_7_days,2015
9412,US-Ne1,US-Ne1,2015-11-24,1.37529933,0.8,0.8,0.007215501121309194,0.007215501121309194,0.10248063917629809,0.3246411813015042,0.017862133454878578,0.014089492107855886,0.006542861003432963,0.007215501121309198,1.0931697313213173,0.30718203349378476,0.8072155011213092,True,0.8072155011213092,True,0.8072155011213092,True,0.8072155011213092,True,0.8072155011213092,True,0.8072155011213092,True,0.8072155011213092,True,0.8054116258409819,0.8072155011213092,True,True,0.75,1.0,0.8072155011213092,wind_stuck_7_days,2015
9413,US-Ne1,US-Ne1,2015-12-10,2.95572652,0.5,0.5,0.32151996337157396,0.32151996337157396,0.11927786914772569,0.4675373495281008,0.038811936730600544,0.0284995860636811,0.006542861003432963,0.32151996337157396,1.0931697313213173,0.30718203349378476,0.821519963371574,True,0.821519963371574,True,0.821519963371574,True,0.821519963371574,True,0.821519963371574,True,0.821519963371574,True,0.821519963371574,True,0.7411399725286805,0.6483617027236606,True,True,0.75,0.46143854076084845,0.821519963371574,wind_stuck_7_days,2015
9414,US-Ne1,US-Ne1,2015-12-18,0.83644852,0.4,0.4,0.05811551289358259,0.05811551289358259,0.09974565713388356,0.32646475646789364,0.029610528592047446,0.011268208097704032,0.0012810480540339452,0.05811551289358258,1.0931697313213173,0.30718203349378476,0.4581155128935826,True,0.4581155128935826,True,0.4581155128935826,True,0.4581155128935826,True,0.4581155128935826,True,0.4581155128935826,True,0.4581155128935826,True,0.443586634670187,0.4581155128935826,True,True,0.75,1.0,0.4581155128935826,wind_stuck_7_days,2015
9719,US-Ne2,US-Ne1,2015-01-16,0.36029224,0.2,0.2,0.10341135709813323,0.10341135709813323,0.08519159810879665,0.30561662466122297,0.034851660917177604,0.012731471525468276,0.006542861003432963,0.10341135709813323,1.0931697313213173,0.30718203349378476,0.30341135709813327,True,0.30341135709813327,True,0.30341135709813327,True,0.30341135709813327,True,0.30341135709813327,True,0.30341135709813327,True,0.30341135709813327,True,0.27755851782359997,0.30341135709813327,True,True,0.75,1.0,0.30341135709813327,wind_stuck_7_days,2015
9720,US-Ne2,US-Ne1,2015-03-05,0.52772484,0.2,0.2,0.25276140990348184,0.25276140990348184,0.16144636503798496,0.5890042996019412,0.055801464192899566,0.027141565481293484,0.0012810480540339452,0.25276140990348184,1.0931697313213173,0.30718203349378476,0.45276140990348185,True,0.45276140990348185,True,0.45276140990348185,True,0.45276140990348185,True,0.45276140990348185,True,0.45276140990348185,True,0.45276140990348185,True,0.3895710574276114,0.3242575662809054,True,True,0.75,0.49160022619099075,0.6615586029180396,wind_stuck_7_days,2015
9721,US-Ne2,US-Ne1,2015-03-13,1.68003375,0.6,0.6,0.2998169191497275,0.2998169191497275,0.1616405414287977,0.4454892112579019,0.038811936730600544,0.0284995860636811,0.005886892331386395,0.2998169191497275,1.0931697313213173,0.30718203349378476,0.8998169191497275,True,0.8998169191497275,True,0.8998169191497275,True,0.8998169191497275,True,0.8998169191497275,True,0.8998169191497275,True,0.8998169191497275,True,0.8248626893622957,0.7570763522805715,True,True,0.75,0.5239075657439071,0.8998169191497275,wind_stuck_7_days,2015
9722,US-Ne2,US-Ne1,2015-03-21,0.73108143,0.5,0.5,0.6124492612915643,0.6124492612915643,0.10885542462418396,0.41780100751317634,0.19565632399596897,0.18534141817538596,-0.09192545852030895,-0.15028640129156423,1.0931697313213173,0.30718203349378476,1.1124492612915642,True,1.1124492612915642,True,1.1124492612915642,True,1.1124492612915642,True,1.1124492612915642,True,1.1124492612915642,True,0.5,False,0.9593369459686732,1.1124492612915642,True,True,0.75,1.0,1.1124492612915642,wind_stuck_7_days,2015
9723,US-Ne2,US-Ne1,2015-04-22,1.5113814,1.3,1.3,0.31518473640225736,0.31518473640225736,0.12157941799138124,0.39347718329202686,0.022962484254926665,0.021033371766201243,0.005886892331386395,0.10757806359774275,1.0931697313213173,0.30718203349378476,1.6151847364022573,True,1.6151847364022573,True,1.6151847364022573,True,1.6151847364022573,True,1.6151847364022573,True,1.6151847364022573,True,1.6151847364022573,True,1.5363885523016931,1.4467443588025997,True,True,0.75,0.4655820598346354,1.6151847364022573,wind_stuck_7_days,2015
9724,US-Ne2,US-Ne1,2015-04-30,1.33269065,1.0,1.0,0.3663266150832981,0.3663266150832981,0.13624145577013347,0.344203695207999,0.022962484254926665,0.021033371766201243,0.005886892331386395,0.29905468491670184,1.0931697313213173,0.30718203349378476,1.366326615083298,True,1.366326615083298,True,1.366326615083298,True,1.366326615083298,True,1.366326615083298,True,1.366326615083298,True,1.366326615083298,True,1.2747449613124737,1.1807257766554193,True,True,0.75,0.49334601749950546,1.366326615083298,wind_stuck_7_days,2015
9725,US-Ne2,US-Ne1,2015-06-09,4.04788485,2.9,2.9,-0.6013422317724493,0.6013422317724493,0.10772093859834167,0.6122969674049373,0.043466136038773216,0.05511213961268434,0.0013352065710371909,-0.6013422317724493,1.0931697313213173,0.30718203349378476,2.2986577682275504,True,2.2986577682275504,True,2.2986577682275504,True,2.2986577682275504,True,2.2986577682275504,True,2.2986577682275504,True,2.2986577682275504,True,2.448993326170663,2.589890429210741,True,True,0.75,0.5156956461800702,2.2986577682275504,wind_stuck_7_days,2015
9726,US-Ne2,US-Ne1,2015-06-17,4.89287776,3.0,3.0,-0.11616222195665768,0.11616222195665768,0.21882574192347704,0.5474470306294907,0.01114194434460886,0.008129047911568913,0.009607970468886694,-0.1161622219566576,1.0931697313213173,0.30718203349378476,2.8838377780433424,True,2.8838377780433424,True,2.8838377780433424,True,2.8838377780433424,True,2.8838377780433424,True,2.8838377780433424,True,2.8838377780433424,True,2.9128783335325066,2.8838377780433424,True,True,0.75,1.0,2.8838377780433424,wind_stuck_7_days,2015
9727,US-Ne2,US-Ne1,2015-07-03,6.75239479,5.1,5.1,0.01808018596287735,0.01808018596287735,0.3245372374735472,0.6509621716410865,-0.004122904419901492,0.010382121704348104,0.003143899088070033,0.018080185962877415,1.0931697313213173,0.30718203349378476,5.118080185962877,True,5.1,False,5.118080185962877,True,5.1,False,5.1,False,5.118080185962877,True,5.118080185962877,True,5.113560139472158,5.118080185962877,True,True,0.75,1.0,5.118080185962877,wind_stuck_7_days,2015
9728,US-Ne2,US-Ne1,2015-09-05,5.10981399,4.8,4.8,-0.14887181414706094,0.14887181414706094,0.23906370751034403,0.6578229675838747,-0.01008989587230471,0.0015479448072244222,0.011153954727089748,-0.14887181414706097,1.0931697313213173,0.30718203349378476,4.651128185852939,True,4.651128185852939,True,4.651128185852939,True,4.8,False,4.8,False,4.651128185852939,True,4.651128185852939,True,4.688346139389704,4.651128185852939,True,True,0.75,1.0,4.651128185852939,wind_stuck_7_days,2015
9729,US-Ne2,US-Ne1,2015-09-13,3.58555241,4.0,4.0,0.036977015177004004,0.036977015177004004,0.1691883155649778,0.36219160609807516,-0.007908788897029813,0.00010130544540028067,0.011153954727089748,-0.036977015177004025,1.0931697313213173,0.30718203349378476,4.036977015177004,True,4.036977015177004,True,4.036977015177004,True,4.0,False,4.0,False,4.036977015177004,True,4.036977015177004,True,4.027732761382753,4.036977015177004,True,True,0.75,1.0,4.036977015177004,wind_stuck_7_days,2015
9730,US-Ne2,US-Ne1,2015-09-29,2.1276356,1.5,1.5,0.5663930469003745,0.5663930469003745,0.24610738784973826,0.6368982684961433,0.08726902056761758,0.06387527616987798,-0.050191129615248166,0.5663930469003745,1.0931697313213173,0.30718203349378476,2.0663930469003744,True,2.0663930469003744,True,2.0663930469003744,True,2.0663930469003744,True,2.0663930469003744,True,2.0663930469003744,True,1.5,False,1.924794785175281,2.04545426426345,True,True,0.75,0.9630313564908443,2.0663930469003744,wind_stuck_7_days,2015
9731,US-Ne2,US-Ne1,2015-11-08,0.68533593,0.6,0.6,0.0973113702240915,0.0973113702240915,0.09812476259415194,0.38467436954187184,0.017862133454878578,0.014089492107855886,0.005886892331386395,0.07336048977590862,1.0931697313213173,0.30718203349378476,0.6973113702240915,True,0.6973113702240915,True,0.6973113702240915,True,0.6973113702240915,True,0.6973113702240915,True,0.6973113702240915,True,0.6973113702240915,True,0.6729835276680686,0.6973113702240915,True,True,0.75,1.0,0.6973113702240915,wind_stuck_7_days,2015
9732,US-Ne2,US-Ne1,2015-11-24,0.5616526,0.4,0.4,0.1592314684954269,0.1592314684954269,0.09232301136117044,0.33054516509318255,0.029610528592047446,0.011268208097704032,0.006542861003432963,0.1592314684954269,1.0931697313213173,0.30718203349378476,0.5592314684954269,True,0.5592314684954269,True,0.5592314684954269,True,0.5592314684954269,True,0.5592314684954269,True,0.5592314684954269,True,0.5592314684954269,True,0.5194236013715702,0.5592314684954269,True,True,0.75,1.0,0.5592314684954269,wind_stuck_7_days,2015
9733,US-Ne2,US-Ne1,2015-12-10,0.61582899,0.3,0.3,0.3830363386247219,0.3830363386247219,0.14251164844946065,0.49446661738980985,0.11498188183255335,0.11282161004149587,-0.0016609736364151207,0.24862164137527815,1.0931697313213173,0.30718203349378476,0.6830363386247219,True,0.6830363386247219,True,0.6830363386247219,True,0.6830363386247219,True,0.6830363386247219,True,0.6830363386247219,True,0.3,False,0.5872772539685414,0.6830363386247219,True,True,0.75,1.0,0.6830363386247219,wind_stuck_7_days,2015
9734,US-Ne2,US-Ne1,2015-12-18,0.48735324,0.3,0.3,0.12994786642129277,0.12994786642129277,0.10106922603722254,0.3277035881472018,0.029610528592047446,0.011268208097704032,0.0012810480540339452,0.12994786642129277,1.0931697313213173,0.30718203349378476,0.4299478664212928,True,0.4299478664212928,True,0.4299478664212928,True,0.4299478664212928,True,0.4299478664212928,True,0.4299478664212928,True,0.4299478664212928,True,0.39746089981596955,0.4299478664212928,True,True,0.75,1.0,0.4299478664212928,wind_stuck_7_days,2015
10340,US-Ro4,US-Ro1,2015-05-02,0.99885575,2.5,2.5,-0.07865363173205528,0.07865363173205528,0.17247819674070913,0.4102809133331323,0.01761419410913554,0.015536131469680026,0.009607970468886694,0.0786536317320552,1.0931697313213173,0.30718203349378476,2.421346368267945,True,2.421346368267945,True,2.421346368267945,True,2.421346368267945,True,2.421346368267945,True,2.421346368267945,True,2.421346368267945,True,2.4410097762009584,2.421346368267945,True,True,0.75,1.0,2.421346368267945,wind_stuck_7_days,2015
10341,US-Ro4,US-Ro1,2015-05-09,1.1532814,2.1,2.1,0.3058976224389912,0.3058976224389912,0.14294816198613947,0.38095284989849587,0.022962484254926665,0.021033371766201243,0.005886892331386395,-0.3058976224389913,1.0931697313213173,0.30718203349378476,2.4058976224389914,True,2.4058976224389914,True,2.4058976224389914,True,2.4058976224389914,True,2.4058976224389914,True,2.4058976224389914,True,2.4058976224389914,True,2.3294232168292437,2.252109971112426,True,True,0.75,0.4972577750020372,2.4058976224389914,wind_stuck_7_days,2015
10342,US-Ro4,US-Ro1,2015-07-29,5.43643318,5.2,5.2,0.5551811206576872,0.5551811206576872,0.27552257809409025,1.0148522091113399,0.08065368409305458,0.03704424836760649,-0.041730843872430076,-0.08231476065768784,1.0931697313213173,0.30718203349378476,5.755181120657688,True,5.755181120657688,True,5.2,False,5.755181120657688,True,5.2,False,5.755181120657688,True,5.2,False,5.616385840493265,5.537698978743846,True,True,0.75,0.6082681240021195,5.755181120657688,wind_stuck_7_days,2015
10343,US-Ro4,US-Ro1,2015-09-14,2.79416465,3.3,3.3,0.024566931743612914,0.024566931743612914,0.20004496470666888,0.42771334964311675,-0.01008989587230471,-0.0034623257192325876,0.009607970468886694,-0.024566931743612908,1.0931697313213173,0.30718203349378476,3.324566931743613,True,3.324566931743613,True,3.324566931743613,True,3.3,False,3.3,False,3.3,False,3.324566931743613,True,3.3184251988077094,3.324566931743613,True,True,0.75,1.0,3.324566931743613,wind_stuck_7_days,2015
10344,US-Ro4,US-Ro1,2015-09-15,4.01868066,3.6,3.6,-0.06042264522112832,0.06042264522112832,0.20091646924519332,0.37971187480275675,-0.01008989587230471,-0.0034623257192325876,0.009607970468886694,-0.060422645221128335,1.0931697313213173,0.30718203349378476,3.5395773547788716,True,3.5395773547788716,True,3.5395773547788716,True,3.6,False,3.6,False,3.6,False,3.5395773547788716,True,3.554683016084154,3.5395773547788716,True,True,0.75,1.0,3.5395773547788716,wind_stuck_7_days,2015
10345,US-Ro4,US-Ro1,2015-12-19,0.2905783,0.1,0.1,0.28328996485216257,0.28328996485216257,0.1597781515908268,0.3465105150088412,0.06634458405485733,0.05506007199768167,0.0012810480540339452,0.09786663514783744,1.0931697313213173,0.30718203349378476,0.3832899648521626,True,0.3832899648521626,True,0.3832899648521626,True,0.3832899648521626,True,0.3832899648521626,True,0.3832899648521626,True,0.3832899648521626,True,0.312467473639122,0.3032918236770166,True,True,0.75,0.7176103953527132,0.38768470839724745,wind_stuck_7_days,2015
10473,US-Rwf,US-Rwe,2015-01-19,0.48498021,0.4,0.4,0.08096653238182419,0.08096653238182419,0.09597591662696559,0.3239856034112812,0.029610528592047446,0.011268208097704032,0.0012810480540339452,0.08096653238182419,1.0931697313213173,0.30718203349378476,0.4809665323818242,True,0.4809665323818242,True,0.4809665323818242,True,0.4809665323818242,True,0.4809665323818242,True,0.4809665323818242,True,0.4809665323818242,True,0.4607248992863682,0.4809665323818242,True,True,0.75,1.0,0.47675900600780463,wind_stuck_7_days,2015
10474,US-Rwf,US-Rwe,2015-01-26,1.15656088,0.5,0.5,0.07993627208634643,0.07993627208634643,0.08282237341658752,0.31859774783642864,0.017862133454878578,0.014089492107855886,0.0012810480540339452,0.07993627208634646,1.0931697313213173,0.30718203349378476,0.5799362720863465,True,0.5799362720863465,True,0.5799362720863465,True,0.5799362720863465,True,0.5799362720863465,True,0.5799362720863465,True,0.5799362720863465,True,0.5599522040647599,0.5799362720863465,True,True,0.75,1.0,0.5799362720863465,wind_stuck_7_days,2015
10475,US-Rwf,US-Rwe,2015-02-19,0.55958126,0.9,0.9,-0.09261839443191329,0.09261839443191329,0.11663439393609919,0.35985358486343977,0.017862133454878578,0.014089492107855886,0.0012810480540339452,0.09261839443191328,1.0931697313213173,0.30718203349378476,0.8073816055680867,True,0.8073816055680867,True,0.8073816055680867,True,0.8073816055680867,True,0.8073816055680867,True,0.8073816055680867,True,0.8073816055680867,True,0.8305362041760651,0.8073816055680867,True,True,0.75,1.0,0.8073816055680867,wind_stuck_7_days,2015
10476,US-Rwf,US-Rwe,2015-04-01,1.0192511,1.8,1.8,-0.17807934165649209,0.17807934165649209,0.23170326960822027,0.5241795453393489,0.01114194434460886,0.008129047911568913,0.006542861003432963,0.17807934165649209,1.0931697313213173,0.30718203349378476,1.621920658343508,True,1.621920658343508,True,1.621920658343508,True,1.621920658343508,True,1.621920658343508,True,1.621920658343508,True,1.621920658343508,True,1.666440493757631,1.6327027538334347,True,True,0.75,0.9394534178438004,1.621920658343508,wind_stuck_7_days,2015
10477,US-Rwf,US-Rwe,2015-04-17,1.30523911,2.1,2.1,-0.16918256519854546,0.16918256519854546,0.105572878724887,0.35435981099066216,0.017862133454878578,0.014089492107855886,0.005886892331386395,0.16918256519854546,1.0931697313213173,0.30718203349378476,1.9308174348014546,True,1.9308174348014546,True,1.9308174348014546,True,1.9308174348014546,True,1.9308174348014546,True,1.9308174348014546,True,1.9308174348014546,True,1.9731130761010909,1.934658991614731,True,True,0.75,0.9772934237711306,1.9308174348014546,wind_stuck_7_days,2015
10478,US-Rwf,US-Rwe,2015-06-11,6.09523592,4.1,4.1,-0.7502762038462267,0.7502762038462267,0.25178154518266965,0.5265432022129091,-0.015424753963964912,-0.003088258466064656,0.003628362699083576,-0.7502762038462265,1.0931697313213173,0.30718203349378476,3.349723796153773,True,3.349723796153773,True,3.349723796153773,True,4.1,False,4.1,False,4.1,False,3.349723796153773,True,3.5372928471153298,3.9014545065466053,True,True,0.75,0.26462986888770806,3.349723796153773,wind_stuck_7_days,2015
10479,US-Rwf,US-Rwe,2015-06-12,5.97031351,3.8,3.8,-0.6082310621783831,0.6082310621783831,0.26357242628317773,0.534641907533256,-0.015424753963964912,-0.01142349101750375,0.0020823784408805206,-0.6082310621783833,1.0931697313213173,0.30718203349378476,3.1917689378216165,True,3.1917689378216165,True,3.1917689378216165,True,3.8,False,3.8,False,3.8,False,3.1917689378216165,True,3.3438267033662123,3.516806581313228,True,True,0.75,0.4656017035245005,3.1917689378216165,wind_stuck_7_days,2015
10480,US-Rwf,US-Rwe,2015-06-19,6.67587807,3.9,3.9,-0.49375184888695867,0.49375184888695867,0.2543142567252158,0.46546226934041235,-0.0075280108635911655,-0.014244141528628823,0.00562511468184325,-0.49375184888695856,1.0931697313213173,0.30718203349378476,3.4062481511130414,True,3.4062481511130414,True,3.4062481511130414,True,3.9,False,3.9,False,3.9,False,3.4062481511130414,True,3.529686113334781,3.6002736108492583,True,True,0.75,0.6070385150484001,3.4062481511130414,wind_stuck_7_days,2015
10481,US-Rwf,US-Rwe,2015-06-20,4.01571341,3.1,3.1,-0.6264588110815827,0.6264588110815827,0.17801393828291104,0.4159211522734532,-0.019229483371843978,0.01622458240795497,0.009607970468886694,-0.6264588110815827,1.0931697313213173,0.30718203349378476,2.4735411889184173,True,2.4735411889184173,True,2.4735411889184173,True,3.1,False,3.1,False,2.4735411889184173,True,2.4735411889184173,True,2.630155891688813,2.7781430160017915,True,True,0.75,0.5137719803837087,2.4735411889184173,wind_stuck_7_days,2015
10482,US-Rwf,US-Rwe,2015-06-27,4.08675888,3.9,3.9,-0.29085107092477325,0.29085107092477325,0.19913503335629454,0.5927934875329652,-0.011626841884669184,0.0033625585311342506,0.0028811908292402464,-0.29085107092477325,1.0931697313213173,0.30718203349378476,3.6091489290752268,True,3.6091489290752268,True,3.6091489290752268,True,3.9,False,3.9,False,3.6091489290752268,True,3.6091489290752268,True,3.68186169680642,3.7438690364140013,True,True,0.75,0.5368072501489286,3.6091489290752268,wind_stuck_7_days,2015
10483,US-Rwf,US-Rwe,2015-07-14,3.80456332,2.3,2.3,-0.4034511294663444,0.4034511294663444,0.13845905103299425,0.599251041472372,0.03958101090560264,0.039469742913528984,0.007702138166582763,-0.4034511294663443,1.0931697313213173,0.30718203349378476,1.8965488705336555,True,1.8965488705336555,True,1.8965488705336555,True,1.8965488705336555,True,1.8965488705336555,True,1.8965488705336555,True,1.8965488705336555,True,1.9974116529002415,1.9674483806405576,True,True,0.75,0.8242674144928461,1.8965488705336555,wind_stuck_7_days,2015
10484,US-Rwf,US-Rwe,2015-07-29,2.87307415,1.9,1.9,0.017622562027837598,0.017622562027837598,0.17096714671816454,0.573899447293819,0.01761419410913554,0.014089492107855886,0.005886892331386395,0.01762256202783763,1.0931697313213173,0.30718203349378476,1.9176225620278375,True,1.9176225620278375,True,1.9176225620278375,True,1.9176225620278375,True,1.9176225620278375,True,1.9176225620278375,True,1.9176225620278375,True,1.913216921520878,1.9176225620278375,True,True,0.75,1.0,1.9176225620278375,wind_stuck_7_days,2015
10485,US-Rwf,US-Rwe,2015-07-30,3.1971773,1.3,1.3,0.42873049845615807,0.42873049845615807,0.17054990050827687,0.647967921686098,0.04337342326443603,0.039469742913528984,0.009692578679969305,0.4287304984561582,1.0931697313213173,0.30718203349378476,1.7287304984561582,True,1.7287304984561582,True,1.7287304984561582,True,1.7287304984561582,True,1.7287304984561582,True,1.7287304984561582,True,1.7287304984561582,True,1.6215478738421187,1.6960477288963198,True,True,0.75,0.9237684986780096,1.7287304984561582,wind_stuck_7_days,2015
10486,US-Rwf,US-Rwe,2015-08-06,2.22359613,1.8,1.8,-0.2630210088467792,0.2630210088467792,0.18639545696329746,0.4059081722172393,0.02053343793390873,0.021033371766201243,0.005886892331386395,-0.26302100884677926,1.0931697313213173,0.30718203349378476,1.5369789911532208,True,1.5369789911532208,True,1.5369789911532208,True,1.5369789911532208,True,1.5369789911532208,True,1.5369789911532208,True,1.5369789911532208,True,1.6027342433649157,1.6309735086956976,True,True,0.75,0.6426349440502968,1.5369789911532208,wind_stuck_7_days,2015
10487,US-Rwf,US-Rwe,2015-08-15,1.37049026,2.0,2.0,-0.1346503127140696,0.1346503127140696,0.23978117583999742,0.4448965263024457,0.01114194434460886,0.008129047911568913,0.005886892331386395,0.13465031271406958,1.0931697313213173,0.30718203349378476,1.8653496872859303,True,1.8653496872859303,True,1.8653496872859303,True,1.8653496872859303,True,1.8653496872859303,True,1.8653496872859303,True,1.8653496872859303,True,1.8990122654644477,1.8653496872859303,True,True,0.75,1.0,1.8653496872859303,wind_stuck_7_days,2015
10488,US-Rwf,US-Rwe,2015-08-22,1.23016123,1.6,1.6,0.025310138089188056,0.025310138089188056,0.24101472563973098,0.4435400718235174,0.01114194434460886,0.008129047911568913,0.005886892331386395,-0.025310138089188028,1.0931697313213173,0.30718203349378476,1.6253101380891881,True,1.6253101380891881,True,1.6253101380891881,True,1.6253101380891881,True,1.6253101380891881,True,1.6253101380891881,True,1.6253101380891881,True,1.618982603566891,1.6253101380891881,True,True,0.75,1.0,1.6253101380891881,wind_stuck_7_days,2015
10489,US-Rwf,US-Rwe,2015-08-23,1.19585145,1.7,1.7,-0.10293191856821844,0.10293191856821844,0.1720749915574066,0.4971404796610052,0.01761419410913554,0.014089492107855886,0.005886892331386395,0.10293191856821843,1.0931697313213173,0.30718203349378476,1.5970680814317815,True,1.5970680814317815,True,1.5970680814317815,True,1.5970680814317815,True,1.5970680814317815,True,1.5970680814317815,True,1.5970680814317815,True,1.6228010610738361,1.5970680814317815,True,True,0.75,1.0,1.5970680814317815,wind_stuck_7_days,2015
10490,US-Rwf,US-Rwe,2015-08-30,1.27025571,1.4,1.4,0.5009204856063122,0.5009204856063122,0.19575115064521745,0.4975170442654904,0.03252834934835571,0.05786327516363425,0.005216332175080794,-0.5009204856063122,1.0931697313213173,0.30718203349378476,1.9009204856063122,True,1.9009204856063122,True,1.9009204856063122,True,1.9009204856063122,True,1.9009204856063122,True,1.9009204856063122,True,1.9009204856063122,True,1.775690364204734,1.815369228438181,True,True,0.75,0.8292119016362842,1.9009204856063122,wind_stuck_7_days,2015
10491,US-Rwf,US-Rwe,2015-08-31,0.84392655,1.6,1.6,-0.16322807026373784,0.16322807026373784,0.12804733279658484,0.43919692579210406,0.017862133454878578,0.014089492107855886,0.005886892331386395,0.16322807026373787,1.0931697313213173,0.30718203349378476,1.4367719297362622,True,1.4367719297362622,True,1.4367719297362622,True,1.4367719297362622,True,1.4367719297362622,True,1.4367719297362622,True,1.4367719297362622,True,1.4775789473021967,1.4367719297362622,True,True,0.75,1.0,1.4367719297362622,wind_stuck_7_days,2015
10492,US-Rwf,US-Rwe,2015-09-07,0.83203962,0.3,0.3,0.5858385936572132,0.5858385936572132,0.07088039132758886,0.43000887971124335,0.245394770577799,0.26081218770013587,-0.024965059707897953,0.4782406463427866,1.0931697313213173,0.30718203349378476,0.8858385936572133,True,0.8858385936572133,True,0.8858385936572133,True,0.8858385936572133,True,0.8858385936572133,True,0.8858385936572133,True,0.3,False,0.7393789452429099,0.8858385936572133,True,True,0.75,1.0,0.8858385936572133,wind_stuck_7_days,2015
10493,US-Rwf,US-Rwe,2015-09-08,0.84020371,1.5,1.5,-0.21198829307542452,0.21198829307542452,0.09849272026756431,0.4453049633307546,0.017862133454878578,0.014089492107855886,0.005886892331386395,0.21198829307542455,1.0931697313213173,0.30718203349378476,1.2880117069245756,True,1.2880117069245756,True,1.2880117069245756,True,1.2880117069245756,True,1.2880117069245756,True,1.2880117069245756,True,1.2880117069245756,True,1.3410087801934316,1.3599991626776518,True,True,0.75,0.6604177772804486,1.2880117069245756,wind_stuck_7_days,2015
10494,US-Rwf,US-Rwe,2015-09-23,1.70725881,1.2,1.2,-0.15063499073939818,0.15063499073939818,0.14289582422644703,0.41242647160389456,0.017862133454878578,0.014089492107855886,0.005886892331386395,-0.15063499073939823,1.0931697313213173,0.30718203349378476,1.0493650092606017,True,1.0493650092606017,True,1.0493650092606017,True,1.0493650092606017,True,1.0493650092606017,True,1.0493650092606017,True,1.0493650092606017,True,1.0870237569454513,1.0493650092606017,True,True,0.75,1.0,1.0493650092606017,wind_stuck_7_days,2015
10495,US-Rwf,US-Rwe,2015-10-02,2.06719273,1.5,1.5,0.08692018694158314,0.08692018694158314,0.1079191878382681,0.3709852396290985,0.017862133454878578,0.014089492107855886,0.005886892331386395,0.08692018694158316,1.0931697313213173,0.30718203349378476,1.5869201869415832,True,1.5869201869415832,True,1.5869201869415832,True,1.5869201869415832,True,1.5869201869415832,True,1.5869201869415832,True,1.5869201869415832,True,1.5651901402061874,1.5869201869415832,True,True,0.75,1.0,1.5869201869415832,wind_stuck_7_days,2015
10496,US-Rwf,US-Rwe,2015-10-09,1.40219755,0.6,0.6,0.21242762705892398,0.21242762705892398,0.1332309320972065,0.4052749347975106,0.017862133454878578,0.014089492107855886,0.005886892331386395,0.21242762705892393,1.0931697313213173,0.30718203349378476,0.8124276270589239,True,0.8124276270589239,True,0.8124276270589239,True,0.8124276270589239,True,0.8124276270589239,True,0.8124276270589239,True,0.8124276270589239,True,0.759320720294193,0.7402909812952146,True,True,0.75,0.6604177772804486,0.8124276270589239,wind_stuck_7_days,2015
10497,US-Rwf,US-Rwe,2015-10-10,1.19191789,0.7,0.7,0.13101015016460388,0.13101015016460388,0.17254367892320704,0.4512584717588736,0.01761419410913554,0.014089492107855886,0.005886892331386395,0.13101015016460388,1.0931697313213173,0.30718203349378476,0.8310101501646039,True,0.8310101501646039,True,0.8310101501646039,True,0.8310101501646039,True,0.8310101501646039,True,0.8310101501646039,True,0.8310101501646039,True,0.7982576126234529,0.8310101501646039,True,True,0.75,1.0,0.8310101501646039,wind_stuck_7_days,2015
10498,US-Rwf,US-Rwe,2015-10-26,0.43450463,0.7,0.7,0.14013181486157505,0.14013181486157505,0.12489486063350186,0.23875595203045435,0.017862133454878578,0.014089492107855886,0.006542861003432963,-0.14013181486157505,1.0931697313213173,0.30718203349378476,0.8401318148615751,True,0.8401318148615751,True,0.8401318148615751,True,0.8401318148615751,True,0.8401318148615751,True,0.8401318148615751,True,0.8401318148615751,True,0.8050988611461812,0.8401318148615751,True,True,0.75,1.0,0.8401318148615751,wind_stuck_7_days,2015
10499,US-Rwf,US-Rwe,2015-11-11,2.38199422,0.5,0.5,0.06230590220741853,0.06230590220741853,0.12315435149089661,0.2880786815944851,0.017862133454878578,0.014089492107855886,0.0012810480540339452,0.062305902207418606,1.0931697313213173,0.30718203349378476,0.5623059022074185,True,0.5623059022074185,True,0.5623059022074185,True,0.5623059022074185,True,0.5623059022074185,True,0.5623059022074185,True,0.5623059022074185,True,0.5467294266555639,0.5623059022074185,True,True,0.75,1.0,0.5623059022074185,wind_stuck_7_days,2015
10590,US-Rws,US-Rwe,2015-01-19,0.68493166,0.2,0.2,0.23418744245695128,0.23418744245695128,0.10494080849106707,0.3785566290078741,0.034851660917177604,0.012731471525468276,0.0012810480540339452,0.23418744245695128,1.0931697313213173,0.30718203349378476,0.4341874424569513,True,0.4341874424569513,True,0.4341874424569513,True,0.4341874424569513,True,0.4341874424569513,True,0.4341874424569513,True,0.4341874424569513,True,0.3756405818427135,0.3321812513994481,True,True,0.75,0.564425017894569,0.4018445106738524,wind_stuck_7_days,2015
10591,US-Rws,US-Rwe,2015-01-26,0.21964915,0.6,0.6,0.03565192749128999,0.03565192749128999,0.09099468626667455,0.3314679771632165,0.017862133454878578,0.014089492107855886,0.0012810480540339452,-0.03565192749128998,1.0931697313213173,0.30718203349378476,0.63565192749129,True,0.63565192749129,True,0.63565192749129,True,0.63565192749129,True,0.63565192749129,True,0.63565192749129,True,0.63565192749129,True,0.6267389456184674,0.63565192749129,True,True,0.75,1.0,0.63565192749129,wind_stuck_7_days,2015
10592,US-Rws,US-Rwe,2015-02-19,0.97644078,0.9,0.9,-0.05982477724676001,0.05982477724676001,0.12483921909749748,0.36169607991417807,0.017862133454878578,0.014089492107855886,0.0012810480540339452,-0.05982477724676,1.0931697313213173,0.30718203349378476,0.84017522275324,True,0.84017522275324,True,0.84017522275324,True,0.84017522275324,True,0.84017522275324,True,0.84017522275324,True,0.84017522275324,True,0.85513141706493,0.84017522275324,True,True,0.75,1.0,0.84017522275324,wind_stuck_7_days,2015
10593,US-Rws,US-Rwe,2015-03-07,1.33823607,1.4,1.4,-0.23031348058238937,0.23031348058238937,0.17019025874444033,0.4873987645262015,0.01761419410913554,0.014089492107855886,0.006542861003432963,-0.10678562058238955,1.0931697313213173,0.30718203349378476,1.1696865194176105,True,1.1696865194176105,True,1.1696865194176105,True,1.1696865194176105,True,1.1696865194176105,True,1.1696865194176105,True,1.1696865194176105,True,1.227264889563208,1.2672315838028603,True,True,0.75,0.5764682808032369,1.1696865194176105,wind_stuck_7_days,2015
10594,US-Rws,US-Rwe,2015-03-08,1.29822431,1.2,1.2,-0.07627979347769819,0.07627979347769819,0.10650820078083673,0.38281897099606566,0.017862133454878578,0.014089492107855886,0.006542861003432963,-0.0762797934776982,1.0931697313213173,0.30718203349378476,1.1237202065223018,True,1.1237202065223018,True,1.1237202065223018,True,1.1237202065223018,True,1.1237202065223018,True,1.1237202065223018,True,1.1237202065223018,True,1.1427901548917263,1.1237202065223018,True,True,0.75,1.0,1.1237202065223018,wind_stuck_7_days,2015
10595,US-Rws,US-Rwe,2015-04-01,1.6333885,1.5,1.5,0.2089547622588503,0.2089547622588503,0.21273446316602118,0.42770754777174647,0.01114194434460886,0.008129047911568913,0.006542861003432963,0.05782223774114953,1.0931697313213173,0.30718203349378476,1.7089547622588503,True,1.7089547622588503,True,1.7089547622588503,True,1.7089547622588503,True,1.7089547622588503,True,1.7089547622588503,True,1.7089547622588503,True,1.6567160716941376,1.6466536851658105,True,True,0.75,0.7018441866576746,1.7089547622588503,wind_stuck_7_days,2015
10596,US-Rws,US-Rwe,2015-04-16,1.87700615,1.3,1.3,0.16125538932494604,0.16125538932494604,0.06579632474010484,0.31125762427469555,0.017862133454878578,0.014089492107855886,0.005886892331386395,0.16125538932494604,1.0931697313213173,0.30718203349378476,1.461255389324946,True,1.461255389324946,True,1.461255389324946,True,1.461255389324946,True,1.461255389324946,True,1.461255389324946,True,1.461255389324946,True,1.4209415419937095,1.461255389324946,True,True,0.75,1.0,1.461255389324946,wind_stuck_7_days,2015
10597,US-Rws,US-Rwe,2015-04-17,1.85762951,1.4,1.4,0.2128286968317179,0.2128286968317179,0.11725274113409086,0.4210995661357524,0.017862133454878578,0.014089492107855886,0.005886892331386395,0.2128286968317179,1.0931697313213173,0.30718203349378476,1.6128286968317178,True,1.6128286968317178,True,1.6128286968317178,True,1.6128286968317178,True,1.6128286968317178,True,1.6128286968317178,True,1.6128286968317178,True,1.5596215226237884,1.5405558549030975,True,True,0.75,0.6604177772804486,1.6128286968317178,wind_stuck_7_days,2015
10598,US-Rws,US-Rwe,2015-05-02,1.65814078,1.1,1.1,0.35963816059509746,0.35963816059509746,0.10418608290413883,0.4297057525437042,0.022962484254926665,0.021033371766201243,0.005886892331386395,0.35963816059509746,1.0931697313213173,0.30718203349378476,1.4596381605950977,True,1.4596381605950977,True,1.4596381605950977,True,1.4596381605950977,True,1.4596381605950977,True,1.4596381605950977,True,1.4596381605950977,True,1.369728620446323,1.270216148716588,True,True,0.75,0.4732983519739099,1.4596381605950977,wind_stuck_7_days,2015
10599,US-Rws,US-Rwe,2015-05-03,1.75816482,1.5,1.5,0.2096877234131465,0.2096877234131465,0.09931714507368722,0.3546981344709355,0.017862133454878578,0.014089492107855886,0.005886892331386395,0.2096877234131465,1.0931697313213173,0.30718203349378476,1.7096877234131465,True,1.7096877234131465,True,1.7096877234131465,True,1.7096877234131465,True,1.7096877234131465,True,1.7096877234131465,True,1.7096877234131465,True,1.65726579255986,1.6471681096909991,True,True,0.75,0.7018441866576746,1.7096877234131465,wind_stuck_7_days,2015
10600,US-Rws,US-Rwe,2015-05-10,1.84140903,1.8,1.8,0.143891021588416,0.143891021588416,0.11522943235136648,0.44503193537624874,0.017862133454878578,0.014089492107855886,0.005886892331386395,-0.0610729615884163,1.0931697313213173,0.30718203349378476,1.943891021588416,True,1.943891021588416,True,1.943891021588416,True,1.943891021588416,True,1.943891021588416,True,1.943891021588416,True,1.943891021588416,True,1.907918266191312,1.943891021588416,True,True,0.75,1.0,1.943891021588416,wind_stuck_7_days,2015
10601,US-Rws,US-Rwe,2015-06-11,3.23598089,2.0,2.0,0.05329175876149437,0.05329175876149437,0.24147385327944784,0.5480460064170533,0.01114194434460886,0.00957568727339305,0.000358052286139897,0.05329175876149428,1.0931697313213173,0.30718203349378476,2.0532917587614943,True,2.0532917587614943,True,2.0532917587614943,True,2.0532917587614943,True,2.0532917587614943,True,2.0532917587614943,True,2.0532917587614943,True,2.0399688190711207,2.0532917587614943,True,True,0.75,1.0,2.0532917587614943,wind_stuck_7_days,2015
10602,US-Rws,US-Rwe,2015-06-12,2.39043476,1.5,1.5,0.3697480251926847,0.3697480251926847,0.14314444160515202,0.49345514424133885,0.03605007771546636,0.03304293616759691,0.000358052286139897,0.3697480251926847,1.0931697313213173,0.30718203349378476,1.8697480251926848,True,1.8697480251926848,True,1.8697480251926848,True,1.8697480251926848,True,1.8697480251926848,True,1.8697480251926848,True,1.8697480251926848,True,1.7773110188945136,1.6862542971893941,True,True,0.75,0.5037330411496652,1.8697480251926848,wind_stuck_7_days,2015
10603,US-Rws,US-Rwe,2015-06-19,1.05483622,1.0,1.0,0.40598882358990185,0.40598882358990185,0.07225592302646511,0.3455720261547889,0.031560069680792335,0.046891471482695866,0.0006684373937108316,-0.29631638358990164,1.0931697313213173,0.30718203349378476,1.4059888235899018,True,1.4059888235899018,True,1.4059888235899018,True,1.4059888235899018,True,1.4059888235899018,True,1.4059888235899018,True,1.4059888235899018,True,1.3044916176924264,1.3808803291512788,True,True,0.75,0.9381547151554455,1.4059888235899018,wind_stuck_7_days,2015
10604,US-Rws,US-Rwe,2015-06-20,0.816379,0.7,0.7,0.6532734256482627,0.6532734256482627,0.1722096242243639,0.40115742493803025,0.07199292447613848,0.10030464479890223,-0.011804037052130269,-0.4205154256482627,1.0931697313213173,0.30718203349378476,1.3532734256482626,True,1.3532734256482626,True,1.3532734256482626,True,1.3532734256482626,True,1.3532734256482626,True,1.3532734256482626,True,0.7,False,1.189955069236197,1.2489883297642392,True,True,0.75,0.8403653175076911,1.3532734256482626,wind_stuck_7_days,2015
10605,US-Rws,US-Rwe,2015-06-27,0.85381441,3.4,3.4,-0.3819992745426898,0.3819992745426898,0.2048554051159283,0.6232057322304485,-0.001478830489882767,-0.011961606880474233,0.0013352065710371909,0.3819992745426899,1.0931697313213173,0.30718203349378476,3.01800072545731,True,3.01800072545731,True,3.01800072545731,True,3.4,False,3.4,False,3.4,False,3.01800072545731,True,3.1135005440929824,3.085789778709032,True,True,0.75,0.8225414084022139,3.01800072545731,wind_stuck_7_days,2015
10606,US-Rws,US-Rwe,2015-07-13,2.55859021,2.7,2.7,-0.3883725181544785,0.3883725181544785,0.15000186485263922,0.6614263871366357,0.07361096844563259,0.09372279897009979,0.009607970468886694,-0.10555293815447853,1.0931697313213173,0.30718203349378476,2.311627481845522,True,2.311627481845522,True,2.311627481845522,True,2.311627481845522,True,2.311627481845522,True,2.311627481845522,True,2.311627481845522,True,2.4087206113841413,2.339335417773695,True,True,0.75,0.9286562909758914,2.311627481845522,wind_stuck_7_days,2015
10607,US-Rws,US-Rwe,2015-07-14,3.06291723,1.7,1.7,0.006500268800698927,0.006500268800698927,0.18898604265883223,0.5558653036922507,0.015433087133860643,0.014089492107855886,0.005886892331386395,0.006500268800698983,1.0931697313213173,0.30718203349378476,1.706500268800699,True,1.706500268800699,True,1.706500268800699,True,1.706500268800699,True,1.706500268800699,True,1.706500268800699,True,1.706500268800699,True,1.7048752016005242,1.706500268800699,True,True,0.75,1.0,1.706500268800699,wind_stuck_7_days,2015
10608,US-Rws,US-Rwe,2015-07-29,1.03890364,0.6,0.6,0.8267975904252213,0.8267975904252213,0.16694669329558015,0.5564354532300972,-0.03685573093137902,-0.04264729203756211,-0.011804037052130269,0.051009689574778805,1.0931697313213173,0.30718203349378476,1.4267975904252213,True,1.4267975904252213,True,1.4267975904252213,True,0.6,False,0.6,False,0.6,False,0.6,False,1.220098192818916,1.0165519478367853,True,True,0.75,0.5038136935335685,1.4267975904252213,wind_stuck_7_days,2015
10609,US-Rws,US-Rwe,2015-07-30,1.20866544,0.4,0.4,0.7196434502443914,0.7196434502443914,0.2681674173376325,0.5704204123990542,0.21973570642426057,0.23369696917649654,-0.021582521911900812,0.7196434502443914,1.0931697313213173,0.30718203349378476,1.1196434502443915,True,1.1196434502443915,True,1.1196434502443915,True,1.1196434502443915,True,1.1196434502443915,True,1.1196434502443915,True,0.4,False,0.9397325876832935,1.1196434502443915,True,True,0.75,1.0,1.1196434502443915,wind_stuck_7_days,2015
10610,US-Rws,US-Rwe,2015-08-06,0.79632711,0.4,0.4,0.7382110161122885,0.7382110161122885,0.12285903535336289,0.4827121325715321,0.24176936418287945,0.25630349035185646,-0.011804037052130269,0.05444320388771151,1.0931697313213173,0.30718203349378476,1.1382110161122885,True,1.1382110161122885,True,1.1382110161122885,True,1.1382110161122885,True,1.1382110161122885,True,1.1382110161122885,True,0.4,False,0.9536582620842163,1.1382110161122885,True,True,0.75,1.0,1.1382110161122885,wind_stuck_7_days,2015
10611,US-Rws,US-Rwe,2015-08-14,0.84543007,0.5,0.5,0.4559651724324795,0.4559651724324795,0.11984325136361339,0.4569353538380053,0.12138079662385308,0.1253810118138773,0.0014198147821198079,0.23489496756752054,1.0931697313213173,0.30718203349378476,0.9559651724324796,True,0.9559651724324796,True,0.9559651724324796,True,0.9559651724324796,True,0.9559651724324796,True,0.9559651724324796,True,0.9559651724324796,True,0.8419738793243596,0.9126971772399388,True,True,0.75,0.9051067980439933,0.9559651724324796,wind_stuck_7_days,2015
10612,US-Rws,US-Rwe,2015-08-15,0.36417565,0.6,0.6,0.6223952644386643,0.6223952644386643,0.1654135562082696,0.5236833786198197,0.08292402802116704,0.10553870158919697,-0.017880700470715445,-0.6223952644386643,1.0931697313213173,0.30718203349378476,1.2223952644386644,True,1.2223952644386644,True,1.2223952644386644,True,1.2223952644386644,True,1.2223952644386644,True,1.2223952644386644,True,0.6,False,1.0667964483289982,1.1815104061437305,True,True,0.75,0.9343104605209236,1.2223952644386644,wind_stuck_7_days,2015
10613,US-Rws,US-Rwe,2015-08-22,0.57244417,0.1,0.1,0.8967612565874786,0.8967612565874786,0.10507635906818082,0.5102660603480084,0.2699149068301567,0.293858088089425,-0.07908023216534783,0.048127083412521476,1.0931697313213173,0.30718203349378476,0.9967612565874786,True,0.9967612565874786,True,0.9967612565874786,True,0.9967612565874786,True,0.9967612565874786,True,0.9967612565874786,True,0.1,False,0.772570942440609,0.7125639379508972,True,True,0.75,0.6830847490913452,0.9967612565874786,wind_stuck_7_days,2015
10614,US-Rws,US-Rwe,2015-08-23,0.4898999,0.6,0.6,0.5250712793353883,0.5250712793353883,0.21944346920110117,0.4259634580547681,0.10311847304329148,0.08396376331978765,0.015004339120108182,-0.5250712793353884,1.0931697313213173,0.30718203349378476,1.1250712793353883,True,1.1250712793353883,True,1.1250712793353883,True,1.1250712793353883,True,1.1250712793353883,True,1.1250712793353883,True,1.1250712793353883,True,0.9938034595015413,1.1250712793353883,True,True,0.75,1.0,1.1250712793353883,wind_stuck_7_days,2015
10615,US-Rws,US-Rwe,2015-08-30,0.8131374,0.1,0.1,0.930297960048388,0.930297960048388,0.12578073368982584,0.5668266147502787,0.2699149068301567,0.293858088089425,-0.04442013999450035,0.495976839951612,1.0931697313213173,0.30718203349378476,1.0302979600483881,True,1.0302979600483881,True,1.0302979600483881,True,1.0302979600483881,True,1.0302979600483881,True,1.0302979600483881,True,0.1,False,0.7977234700362911,0.8793707125666512,True,True,0.75,0.8377646152487677,1.0302979600483881,wind_stuck_7_days,2015
10616,US-Rws,US-Rwe,2015-08-31,0.408203,1.2,1.2,0.07323448183712229,0.07323448183712229,0.07654006221023676,0.43143787595146926,0.017862133454878578,0.014089492107855886,0.005886892331386395,-0.07323448183712233,1.0931697313213173,0.30718203349378476,1.2732344818371222,True,1.2732344818371222,True,1.2732344818371222,True,1.2732344818371222,True,1.2732344818371222,True,1.2732344818371222,True,1.2732344818371222,True,1.2549258613778416,1.2732344818371222,True,True,0.75,1.0,1.2732344818371222,wind_stuck_7_days,2015
10617,US-Rws,US-Rwe,2015-09-08,0.3964303,0.8,0.8,0.19782507036927985,0.19782507036927985,0.09792605258228436,0.340068615746069,0.017862133454878578,0.014089492107855886,0.005886892331386395,-0.19782507036927988,1.0931697313213173,0.30718203349378476,0.9978250703692799,True,0.9978250703692799,True,0.9978250703692799,True,0.9978250703692799,True,0.9978250703692799,True,0.9978250703692799,True,0.9978250703692799,True,0.9483688027769599,0.9538256265086015,True,True,0.75,0.7775840858868659,0.9978250703692799,wind_stuck_7_days,2015
10618,US-Rws,US-Rwe,2015-09-23,0.84602636,0.5,0.5,0.2196806490843493,0.2196806490843493,0.09993828705049355,0.36312643096898456,0.017862133454878578,0.014089492107855886,0.005886892331386395,0.2196806490843493,1.0931697313213173,0.30718203349378476,0.7196806490843493,True,0.7196806490843493,True,0.7196806490843493,True,0.7196806490843493,True,0.7196806490843493,True,0.7196806490843493,True,0.7196806490843493,True,0.6647604868132619,0.6425665505433186,True,True,0.75,0.6489718194913847,0.7196806490843493,wind_stuck_7_days,2015
10619,US-Rws,US-Rwe,2015-10-02,2.08424978,0.7,0.7,0.491550065101355,0.491550065101355,0.11311728398960162,0.4450607817119841,0.05150151177656858,0.03967472452689335,-0.02030945304238975,0.491550065101355,1.0931697313213173,0.30718203349378476,1.1915500651013549,True,1.1915500651013549,True,1.1915500651013549,True,1.1915500651013549,True,1.1915500651013549,True,1.1915500651013549,True,0.7,False,1.0686625488260162,1.1850455889068776,True,True,0.75,0.9867674187101652,1.1915500651013549,wind_stuck_7_days,2015
10620,US-Rws,US-Rwe,2015-10-09,0.29978668,0.1,0.1,0.5024185870584004,0.5024185870584004,0.1542292041680262,0.4636946333015852,0.21118646974402827,0.22578989507897843,0.005216332175080794,-0.10284522705840035,1.0931697313213173,0.30718203349378476,0.6024185870584003,True,0.6024185870584003,True,0.6024185870584003,True,0.6024185870584003,True,0.6024185870584003,True,0.6024185870584003,True,0.6024185870584003,True,0.4768139402938003,0.6024185870584003,True,True,0.75,1.0,0.6024185870584003,wind_stuck_7_days,2015
10621,US-Rws,US-Rwe,2015-10-10,0.41235932,0.2,0.2,0.36048114408837306,0.36048114408837306,0.17121835396793994,0.5321269621876716,0.06609664470911428,0.05506007199768167,0.005886892331386395,0.06423749591162686,1.0931697313213173,0.30718203349378476,0.560481144088373,True,0.560481144088373,True,0.560481144088373,True,0.560481144088373,True,0.560481144088373,True,0.560481144088373,True,0.560481144088373,True,0.4703608580662798,0.4067688194318926,True,True,0.75,0.5735912205749173,0.560481144088373,wind_stuck_7_days,2015
10622,US-Rws,US-Rwe,2015-10-26,1.3120169,0.6,0.6,0.19021181979699975,0.19021181979699975,0.12770580471867607,0.2812058601332021,0.017862133454878578,0.014089492107855886,0.006542861003432963,0.19021181979699975,1.0931697313213173,0.30718203349378476,0.7902118197969997,True,0.7902118197969997,True,0.7902118197969997,True,0.7902118197969997,True,0.7902118197969997,True,0.7902118197969997,True,0.7902118197969997,True,0.7426588648477498,0.7539213484464585,True,True,0.75,0.8092102194844064,0.7902118197969997,wind_stuck_7_days,2015
10994,US-SCg,US-SCg,2015-01-03,0.15850211,0.1,0.1,0.29843515042748103,0.29843515042748103,0.10234473241169316,0.38231718049513425,0.06634458405485733,0.05506007199768167,0.0012810480540339452,-0.18143093042748104,1.0931697313213173,0.30718203349378476,0.398435150427481,True,0.398435150427481,True,0.398435150427481,True,0.398435150427481,True,0.398435150427481,True,0.398435150427481,True,0.398435150427481,True,0.3238263628206108,0.2948802149017133,True,True,0.75,0.6530069082766062,0.398435150427481,wind_stuck_7_days,2015
10995,US-SCg,US-SCg,2015-01-04,0.83687441,0.1,0.1,0.33168283528332654,0.33168283528332654,0.07792286843683995,0.4938887404054796,0.06634458405485733,0.05506007199768167,0.006542861003432963,0.33168283528332654,1.0931697313213173,0.30718203349378476,0.4316828352833265,True,0.4316828352833265,True,0.4316828352833265,True,0.4316828352833265,True,0.4316828352833265,True,0.4316828352833265,True,0.4316828352833265,True,0.34876212646249494,0.27743822083638653,True,True,0.75,0.5349635313048899,0.4316828352833265,wind_stuck_7_days,2015
10996,US-SCg,US-SCg,2015-01-27,1.03537945,0.6,0.6,0.4191932541418404,0.4191932541418404,0.12806390038208063,0.579038730687617,0.06735096425224248,0.04714093882437321,-0.04105927644485146,0.4191932541418404,1.0931697313213173,0.30718203349378476,1.0191932541418405,True,1.0191932541418405,True,1.0191932541418405,True,1.0191932541418405,True,1.0191932541418405,True,1.0191932541418405,True,0.6,False,0.9143949406063803,1.0191932541418405,True,True,0.75,1.0,1.0191932541418405,wind_stuck_7_days,2015
10997,US-SCg,US-SCg,2015-02-04,1.40469801,0.5,0.5,0.5595530518708949,0.5595530518708949,0.12146101914687098,0.6153165846367024,0.18863949402590935,0.17272848751618053,-0.024965059707897953,0.5595530518708949,1.0931697313213173,0.30718203349378476,1.0595530518708949,True,1.0595530518708949,True,1.0595530518708949,True,1.0595530518708949,True,1.0595530518708949,True,1.0595530518708949,True,0.5,False,0.9196647889031712,1.0595530518708949,True,True,0.75,1.0,1.0595530518708949,wind_stuck_7_days,2015
10998,US-SCg,US-SCg,2015-02-05,2.27611852,0.3,0.3,0.6932017690723737,0.6932017690723737,0.1697536831523132,0.6047157760037937,0.23603152022258206,0.26139451919060097,-0.09971582728168665,0.6932017690723737,1.0931697313213173,0.30718203349378476,0.9932017690723738,True,0.9932017690723738,True,0.9932017690723738,True,0.9932017690723738,True,0.9932017690723738,True,0.9932017690723738,True,0.3,False,0.8199013268042803,0.9932017690723738,True,True,0.75,1.0,0.9932017690723738,wind_stuck_7_days,2015
10999,US-SCg,US-SCg,2015-02-12,1.45250225,2.0,2.0,-0.2218612528479092,0.2218612528479092,0.25216248932927504,0.8589132286158205,0.01114194434460886,0.008129047911568913,0.00552200872238897,0.2218612528479092,1.0931697313213173,0.30718203349378476,1.7781387471520909,True,1.7781387471520909,True,1.7781387471520909,True,1.7781387471520909,True,1.7781387471520909,True,1.7781387471520909,True,1.7781387471520909,True,1.8336040603640682,1.8623276062357916,True,True,0.75,0.6205337434860054,1.7781387471520909,wind_stuck_7_days,2015
11000,US-SCg,US-SCg,2015-03-08,1.6346768,1.7,1.7,-0.005878940527919976,0.005878940527919976,0.10922366913566108,0.4326723126845894,0.017862133454878578,0.014089492107855886,0.005886892331386395,0.005878940527919978,1.0931697313213173,0.30718203349378476,1.69412105947208,True,1.69412105947208,True,1.69412105947208,True,1.69412105947208,True,1.69412105947208,True,1.69412105947208,True,1.69412105947208,True,1.69559079460406,1.69412105947208,True,True,0.75,1.0,1.69412105947208,wind_stuck_7_days,2015
11001,US-SCg,US-SCg,2015-03-09,1.43321572,1.8,1.8,0.09756331609662425,0.09756331609662425,0.07789383244740425,0.3691234739611332,0.017862133454878578,0.014089492107855886,0.005886892331386395,-0.09756331609662428,1.0931697313213173,0.30718203349378476,1.8975633160966243,True,1.8975633160966243,True,1.8975633160966243,True,1.8975633160966243,True,1.8975633160966243,True,1.8975633160966243,True,1.8975633160966243,True,1.8731724870724682,1.8975633160966243,True,True,0.75,1.0,1.8975633160966243,wind_stuck_7_days,2015
11002,US-SCg,US-SCg,2015-03-16,0.90413178,1.7,1.7,-0.16467292038662296,0.16467292038662296,0.19443147663545213,0.8147216364732556,0.015433087133860643,0.015536131469680026,0.005886892331386395,0.16467292038662296,1.0931697313213173,0.30718203349378476,1.5353270796133769,True,1.5353270796133769,True,1.5353270796133769,True,1.5353270796133769,True,1.5353270796133769,True,1.5353270796133769,True,1.5353270796133769,True,1.5764953097100327,1.5353270796133769,True,True,0.75,1.0,1.5353270796133769,wind_stuck_7_days,2015
11003,US-SCg,US-SCg,2015-03-24,0.65108027,1.0,1.0,0.47840474346037487,0.47840474346037487,0.23499548231234663,0.532986106406698,0.04478132266629887,0.0290072273541501,0.005216332175080794,-0.47840474346037487,1.0931697313213173,0.30718203349378476,1.4784047434603749,True,1.4784047434603749,True,1.4784047434603749,True,1.4784047434603749,True,1.4784047434603749,True,1.4784047434603749,True,1.4784047434603749,True,1.358803557595281,1.3712493557667549,True,True,0.75,0.7760152064577188,1.4784047434603749,wind_stuck_7_days,2015
11004,US-SCg,US-SCg,2015-03-25,1.35051843,1.5,1.5,0.09223085867006427,0.09223085867006427,0.18736233776585096,0.6414565549245496,0.015433087133860643,0.014089492107855886,0.005886892331386395,-0.09223085867006425,1.0931697313213173,0.30718203349378476,1.5922308586700642,True,1.5922308586700642,True,1.5922308586700642,True,1.5922308586700642,True,1.5922308586700642,True,1.5922308586700642,True,1.5922308586700642,True,1.5691731440025483,1.5922308586700642,True,True,0.75,1.0,1.5922308586700642,wind_stuck_7_days,2015
11005,US-SCg,US-SCg,2015-04-01,1.15988466,1.8,1.8,0.1242093285120478,0.1242093285120478,0.2135941085487495,0.6009942086795551,0.01114194434460886,0.008129047911568913,0.005886892331386395,-0.1242093285120478,1.0931697313213173,0.30718203349378476,1.9242093285120478,True,1.9242093285120478,True,1.9242093285120478,True,1.9242093285120478,True,1.9242093285120478,True,1.9242093285120478,True,1.9242093285120478,True,1.893156996384036,1.9242093285120478,True,True,0.75,1.0,1.9242093285120478,wind_stuck_7_days,2015
11006,US-SCg,US-SCg,2015-04-09,1.13822567,0.8,0.8,0.4144085393252266,0.4144085393252266,0.17377135729492094,0.5001474129451218,0.051253572430825546,0.03967472452689335,0.009692578679969305,0.26204280067477326,1.0931697313213173,0.30718203349378476,1.2144085393252266,True,1.2144085393252266,True,1.2144085393252266,True,1.2144085393252266,True,1.2144085393252266,True,1.2144085393252266,True,1.2144085393252266,True,1.1108064044939199,1.2144085393252266,True,True,0.75,1.0,1.2144085393252266,wind_stuck_7_days,2015
11007,US-SCg,US-SCg,2015-04-10,0.94595061,3.3,3.3,-0.6068992841070172,0.6068992841070172,0.11903787298126163,0.3765895050055557,0.07626807838363976,0.08683051764436035,0.009607970468886694,0.6068992841070173,1.0931697313213173,0.30718203349378476,2.6931007158929825,True,2.6931007158929825,True,2.6931007158929825,True,2.6931007158929825,True,2.6931007158929825,True,2.6931007158929825,True,2.6931007158929825,True,2.844825536919737,2.8527310502359957,True,True,0.75,0.7369739287501538,2.6931007158929825,wind_stuck_7_days,2015
11008,US-SCg,US-SCg,2015-07-07,0.5727158,2.6,2.6,-0.17599526162963172,0.17599526162963172,0.26224731978308624,0.4555013665553435,0.01114194434460886,0.008129047911568913,0.009607970468886694,0.17599526162963164,1.0931697313213173,0.30718203349378476,2.4240047383703685,True,2.4240047383703685,True,2.4240047383703685,True,2.4240047383703685,True,2.4240047383703685,True,2.4240047383703685,True,2.4240047383703685,True,2.4680035537777765,2.4346606499377286,True,True,0.75,0.9394534178438004,2.4240047383703685,wind_stuck_7_days,2015
11009,US-SCg,US-SCg,2015-07-14,0.45441354,2.2,2.2,-0.5579805125180283,0.5579805125180283,0.2185040502226837,0.4509841140777466,0.009083562004591124,0.03330302891922187,0.007702138166582763,0.5579805125180282,1.0931697313213173,0.30718203349378476,1.642019487481972,True,1.642019487481972,True,1.642019487481972,True,1.642019487481972,True,1.642019487481972,True,1.642019487481972,True,1.642019487481972,True,1.781514615611479,1.8380147245978553,True,True,0.75,0.6487417880753482,1.642019487481972,wind_stuck_7_days,2015
11010,US-SCg,US-SCg,2015-07-15,0.67089222,2.2,2.2,-0.34616573766145053,0.34616573766145053,0.25262840649442925,0.4773945210340097,0.016242295144656943,0.010365874593458004,0.007702138166582763,0.3461657376614504,1.0931697313213173,0.30718203349378476,1.8538342623385495,True,1.8538342623385495,True,1.8538342623385495,True,1.8538342623385495,True,1.8538342623385495,True,1.8538342623385495,True,1.8538342623385495,True,1.9403756967539123,2.081880540596416,True,True,0.75,0.34122227174055264,1.8538342623385495,wind_stuck_7_days,2015
11011,US-SCg,US-SCg,2015-07-23,0.90338944,2.3,2.3,0.8443677062316478,0.8443677062316478,0.09916796481845347,0.5049009132570208,0.017332842170208897,0.04061460016357706,-0.04122463666506228,-0.8443677062316477,1.0931697313213173,0.30718203349378476,3.1443677062316477,True,3.1443677062316477,True,3.1443677062316477,True,3.1443677062316477,True,3.1443677062316477,True,3.1443677062316477,True,2.3,False,2.9332757796737354,2.6777050002718545,True,True,0.75,0.4473228872732769,3.1443677062316477,wind_stuck_7_days,2015
11012,US-SCg,US-SCg,2015-07-30,0.98846199,1.4,1.4,0.12290152980480129,0.12290152980480129,0.2743488652889429,0.4589165890589917,0.01114194434460886,0.008129047911568913,-0.0038915925283841313,-0.12290152980480129,1.0931697313213173,0.30718203349378476,1.5229015298048012,True,1.5229015298048012,True,1.5229015298048012,True,1.5229015298048012,True,1.5229015298048012,True,1.5229015298048012,True,1.4,False,1.4921761473536008,1.5229015298048012,True,True,0.75,1.0,1.5229015298048012,wind_stuck_7_days,2015
11013,US-SCg,US-SCg,2015-08-07,1.04021321,2.3,2.3,0.09006525423012908,0.09006525423012908,0.17764051413753157,0.5328514102678185,0.015433087133860643,0.014089492107855886,0.007702138166582763,-0.09006525423012901,1.0931697313213173,0.30718203349378476,2.390065254230129,True,2.390065254230129,True,2.390065254230129,True,2.390065254230129,True,2.390065254230129,True,2.390065254230129,True,2.390065254230129,True,2.3675489406725965,2.390065254230129,True,True,0.75,1.0,2.390065254230129,wind_stuck_7_days,2015
11014,US-SCg,US-SCg,2015-11-03,0.59046293,1.9,1.9,0.1234659197017232,0.1234659197017232,0.2121890202771593,0.5941859711906444,0.015433087133860643,0.010043596336205144,0.006542861003432963,-0.12346591970172316,1.0931697313213173,0.30718203349378476,2.023465919701723,True,2.023465919701723,True,2.023465919701723,True,2.023465919701723,True,2.023465919701723,True,2.023465919701723,True,2.023465919701723,True,1.9925994397762923,2.023465919701723,True,True,0.75,1.0,2.023465919701723,wind_stuck_7_days,2015
11015,US-SCg,US-SCg,2015-12-13,0.48158851,0.9,0.9,0.08591781551584335,0.08591781551584335,0.08693867636872687,0.37219407543091215,0.017862133454878578,0.014089492107855886,0.006542861003432963,-0.08591781551584332,1.0931697313213173,0.30718203349378476,0.9859178155158433,True,0.9859178155158433,True,0.9859178155158433,True,0.9859178155158433,True,0.9859178155158433,True,0.9859178155158433,True,0.9859178155158433,True,0.9644383616368826,0.9859178155158433,True,True,0.75,1.0,0.9859178155158433,wind_stuck_7_days,2015
11016,US-SCg,US-SCg,2015-12-14,0.36798978,0.6,0.6,0.7433271116735394,0.7433271116735394,0.18936890277342158,0.6058675214344552,-0.03598899841645871,-0.05352324505908556,-0.15371539586955002,-0.7433271116735394,1.0931697313213173,0.30718203349378476,1.3433271116735392,True,1.3433271116735392,True,1.3433271116735392,True,0.6,False,0.6,False,0.6,False,0.6,False,1.1574953337551546,1.0784590429749006,True,True,0.75,0.6436722614592785,1.3433271116735392,wind_stuck_7_days,2015
11335,US-SCs,US-SCg,2015-01-04,0.57511184,0.5,0.5,0.13934781269949967,0.13934781269949967,0.10109726903099879,0.49618657676660344,0.017862133454878578,0.014089492107855886,0.006542861003432963,0.010875867300500414,1.0931697313213173,0.30718203349378476,0.6393478126994997,True,0.6393478126994997,True,0.6393478126994997,True,0.6393478126994997,True,0.6393478126994997,True,0.6393478126994997,True,0.6393478126994997,True,0.6045108595246247,0.6393478126994997,True,True,0.75,1.0,0.6393478126994997,wind_stuck_7_days,2015
11336,US-SCs,US-SCg,2015-01-27,1.70512396,1.3,1.3,0.0006543257661190641,0.0006543257661190641,0.1438630087845686,0.5033931855275421,0.017862133454878578,0.014089492107855886,0.006542861003432963,0.0006543257661190682,1.0931697313213173,0.30718203349378476,1.3006543257661192,True,1.3006543257661192,True,1.3006543257661192,True,1.3006543257661192,True,1.3006543257661192,True,1.3006543257661192,True,1.3006543257661192,True,1.3004907443245894,1.3006543257661192,True,True,0.75,1.0,1.3006543257661192,wind_stuck_7_days,2015
11337,US-SCs,US-SCg,2015-02-04,1.95030601,1.4,1.4,0.18819742469114487,0.18819742469114487,0.09968600997688161,0.5640054565819399,0.017862133454878578,0.014089492107855886,0.005886892331386395,0.18819742469114487,1.0931697313213173,0.30718203349378476,1.5881974246911448,True,1.5881974246911448,True,1.5881974246911448,True,1.5881974246911448,True,1.5881974246911448,True,1.5881974246911448,True,1.5881974246911448,True,1.5411480685183585,1.5522912793407213,True,True,0.75,0.8092102194844064,1.5881974246911448,wind_stuck_7_days,2015
11338,US-SCs,US-SCg,2015-02-05,2.10583032,1.0,1.0,0.42702443587371075,0.42702443587371075,0.1485192343052955,0.697925483363387,0.056820393018767075,0.03967472452689335,-0.01583320653750124,0.42702443587371075,1.0931697313213173,0.30718203349378476,1.4270244358737108,True,1.4270244358737108,True,1.4270244358737108,True,1.4270244358737108,True,1.4270244358737108,True,1.4270244358737108,True,1.0,False,1.320268326905283,1.4065499708183595,True,True,0.75,0.9520531769722741,1.4270244358737108,wind_stuck_7_days,2015
11339,US-SCs,US-SCg,2015-02-12,2.82974335,2.3,2.3,-0.30836415051296207,0.30836415051296207,0.2594726155517581,0.91344998567012,0.02848746930274086,0.010365874593458004,-0.01632411503143885,-0.30836415051296207,1.0931697313213173,0.30718203349378476,1.9916358494870376,True,1.9916358494870376,True,2.3,False,1.9916358494870376,True,2.3,False,1.9916358494870376,True,2.3,False,2.0687268871152784,2.159982041621112,True,True,0.75,0.4540669145423305,1.9916358494870376,wind_stuck_7_days,2015
11340,US-SCs,US-SCg,2015-02-13,2.76683854,1.7,1.7,0.20564996694154952,0.20564996694154952,0.27114311988076306,0.8489754633888659,0.01114194434460886,0.008129047911568913,-0.004256476137381557,0.20564996694154947,1.0931697313213173,0.30718203349378476,1.9056499669415494,True,1.9056499669415494,True,1.9056499669415494,True,1.9056499669415494,True,1.9056499669415494,True,1.9056499669415494,True,1.7,False,1.8542374752061621,1.8443342337842694,True,True,0.75,0.7018441866576746,1.9056499669415494,wind_stuck_7_days,2015
11341,US-SCs,US-SCg,2015-03-08,2.88180207,2.6,2.6,-0.16887961847501742,0.16887961847501742,0.12435655876445162,0.41794323665873534,0.017862133454878578,0.014089492107855886,0.009607970468886694,-0.16887961847501742,1.0931697313213173,0.30718203349378476,2.4311203815249827,True,2.4311203815249827,True,2.4311203815249827,True,2.4311203815249827,True,2.4311203815249827,True,2.4311203815249827,True,2.4311203815249827,True,2.473340286143737,2.434955059455388,True,True,0.75,0.9772934237711306,2.4311203815249827,wind_stuck_7_days,2015
11342,US-SCs,US-SCg,2015-03-09,1.20052885,2.6,2.6,-0.22153455954060558,0.22153455954060558,0.07243309784043354,0.4142015890480941,0.017862133454878578,0.014089492107855886,0.009607970468886694,0.22153455954060552,1.0931697313213173,0.30718203349378476,2.3784654404593946,True,2.3784654404593946,True,2.3784654404593946,True,2.3784654404593946,True,2.3784654404593946,True,2.3784654404593946,True,2.3784654404593946,True,2.433849080344546,2.4625303304567447,True,True,0.75,0.6205337434860054,2.3784654404593946,wind_stuck_7_days,2015
11343,US-SCs,US-SCg,2015-03-16,2.61759768,2.3,2.3,-0.3773238055170958,0.3773238055170958,0.19733585570694065,0.9429272782799185,0.05006688228343981,0.03504807455701334,-0.01632411503143885,-0.37732380551709577,1.0931697313213173,0.30718203349378476,1.922676194482904,True,1.922676194482904,True,2.3,False,1.922676194482904,True,2.3,False,1.922676194482904,True,2.3,False,2.017007145862178,2.0781180554717174,True,True,0.75,0.5880412030304021,1.922676194482904,wind_stuck_7_days,2015
11344,US-SCs,US-SCg,2015-03-24,1.19710422,2.3,2.3,0.0020801286294991174,0.0020801286294991174,0.13168049266174536,0.4527220549698465,0.017862133454878578,0.014089492107855886,0.007702138166582763,-0.002080128629499134,1.0931697313213173,0.30718203349378476,2.3020801286294987,True,2.3020801286294987,True,2.3020801286294987,True,2.3020801286294987,True,2.3020801286294987,True,2.3020801286294987,True,2.3020801286294987,True,2.3015600964721243,2.3020801286294987,True,True,0.75,1.0,2.3020801286294987,wind_stuck_7_days,2015
11345,US-SCs,US-SCg,2015-03-25,1.0352971,2.3,2.3,-0.1421258929002062,0.1421258929002062,0.10272351438082795,0.6599831904669721,0.017862133454878578,0.014089492107855886,0.007702138166582763,0.14212589290020627,1.0931697313213173,0.30718203349378476,2.1578741070997935,True,2.1578741070997935,True,2.1578741070997935,True,2.1578741070997935,True,2.1578741070997935,True,2.1578741070997935,True,2.1578741070997935,True,2.1934055803248453,2.1578741070997935,True,True,0.75,1.0,2.1578741070997935,wind_stuck_7_days,2015
11346,US-SCs,US-SCg,2015-04-01,0.7286574,2.9,2.9,-0.4259198558187169,0.4259198558187169,0.09894759337178545,0.3765219516341957,0.09192583796447631,0.1100428467643639,0.009607970468886694,0.42591985581871694,1.0931697313213173,0.30718203349378476,2.474080144181283,True,2.474080144181283,True,2.474080144181283,True,2.474080144181283,True,2.474080144181283,True,2.474080144181283,True,2.474080144181283,True,2.580560108135962,2.5333153947606037,True,True,0.75,0.8609239513723612,2.474080144181283,wind_stuck_7_days,2015
11347,US-SCs,US-SCg,2015-04-02,0.92477083,2.9,2.9,-0.37993531627122257,0.37993531627122257,0.08368006542345315,0.34548478768585744,0.05764802021210274,0.05985641248407273,0.009607970468886694,0.3799353162712227,1.0931697313213173,0.30718203349378476,2.5200646837287772,True,2.5200646837287772,True,2.5200646837287772,True,2.5200646837287772,True,2.5200646837287772,True,2.5200646837287772,True,2.5200646837287772,True,2.615048512796583,2.5445740375757246,True,True,0.75,0.9354907196112017,2.5200646837287772,wind_stuck_7_days,2015
11348,US-SCs,US-SCg,2015-04-09,1.36686457,2.8,2.8,-0.31960865609391964,0.31960865609391964,0.14367797253251555,0.36276006751827444,0.022962484254926665,0.021033371766201243,0.009607970468886694,0.31960865609391953,1.0931697313213173,0.30718203349378476,2.48039134390608,True,2.48039134390608,True,2.48039134390608,True,2.48039134390608,True,2.48039134390608,True,2.48039134390608,True,2.48039134390608,True,2.56029350792956,2.659151714338278,True,True,0.75,0.44068983419626945,2.48039134390608,wind_stuck_7_days,2015
11349,US-SCs,US-SCg,2015-04-10,0.8287922,3.4,3.4,-0.6652356207068963,0.6652356207068963,0.11302809086210555,0.3853129542896676,0.07626807838363976,0.08683051764436035,0.009607970468886694,0.6652356207068963,1.0931697313213173,0.30718203349378476,2.734764379293104,True,2.734764379293104,True,2.734764379293104,True,2.734764379293104,True,2.734764379293104,True,2.734764379293104,True,2.734764379293104,True,2.9010732844698275,2.966417009097926,True,True,0.75,0.6517735632396499,2.734764379293104,wind_stuck_7_days,2015
11350,US-SCs,US-SCg,2015-04-17,0.79814522,3.0,3.0,-0.8298244346042487,0.8298244346042487,0.1273433174097087,0.45952800139472333,-0.0011848985673959544,0.04827746933762278,0.009607970468886694,0.8298244346042487,1.0931697313213173,0.30718203349378476,2.170175565395751,True,2.170175565395751,True,2.170175565395751,True,3.0,False,3.0,False,2.170175565395751,True,2.170175565395751,True,2.3776316740468135,2.829339594402731,True,True,0.75,0.2056584483182379,2.170175565395751,wind_stuck_7_days,2015
11351,US-SCs,US-SCg,2015-04-18,0.56926217,2.9,2.9,-0.5313414048490754,0.5313414048490754,0.10571724638227896,0.3939924268229614,0.005984420857482892,0.040799015651037746,0.009607970468886694,0.5313414048490754,1.0931697313213173,0.30718203349378476,2.3686585951509245,True,2.3686585951509245,True,2.3686585951509245,True,2.3686585951509245,True,2.3686585951509245,True,2.3686585951509245,True,2.3686585951509245,True,2.501493946363193,2.5603782578754415,True,True,0.75,0.6391780106446366,2.3686585951509245,wind_stuck_7_days,2015
11352,US-SCs,US-SCg,2015-05-03,0.6204195,3.6,3.6,-0.8795474080866084,0.8795474080866084,0.14104696083620474,0.37604898669897,0.06909875895876091,0.03574500885388942,-0.02907180459115536,0.8795474080866086,1.0931697313213173,0.30718203349378476,2.720452591913392,True,2.720452591913392,True,2.720452591913392,True,2.720452591913392,True,2.720452591913392,True,2.720452591913392,True,3.6,False,2.940339443935044,3.310507190282104,True,True,0.75,0.3291383807811638,2.720452591913392,wind_stuck_7_days,2015
11353,US-SCs,US-SCg,2015-05-04,0.6072052,3.2,3.2,-0.8486260602378456,0.8486260602378456,0.11669238178460709,0.4511823975971717,0.06909875895876091,0.02144289708980511,-0.021627874979241707,0.8486260602378457,1.0931697313213173,0.30718203349378476,2.3513739397621545,True,2.3513739397621545,True,2.3513739397621545,True,2.3513739397621545,True,2.3513739397621545,True,2.3513739397621545,True,3.2,False,2.563530454821616,2.837951165246749,True,True,0.75,0.426629409249793,2.3513739397621545,wind_stuck_7_days,2015
11354,US-SCs,US-SCg,2015-05-12,0.69720063,3.6,3.6,-0.8214593285367778,0.8214593285367778,0.18475196109039765,0.4711190214087974,0.06666971263774296,0.014072889561035055,0.009607970468886694,0.8214593285367777,1.0931697313213173,0.30718203349378476,2.7785406714632224,True,2.7785406714632224,True,2.7785406714632224,True,2.7785406714632224,True,2.7785406714632224,True,2.7785406714632224,True,2.7785406714632224,True,2.9839055035974167,3.2241343232493236,True,True,0.75,0.4575584739176149,2.7785406714632224,wind_stuck_7_days,2015
11355,US-SCs,US-SCg,2015-05-28,0.77775174,4.0,4.0,-1.1113540337202712,1.1113540337202712,0.14120191610148033,0.32888457474522503,-0.2235936528193539,-0.11687293058207356,-0.021180011971207342,1.1113540337202714,1.0931697313213173,0.30718203349378476,2.8886459662797286,True,2.8886459662797286,True,2.8886459662797286,True,4.0,False,4.0,False,4.0,False,4.0,False,3.1664844747097964,3.5854433535596058,True,True,0.75,0.3730194284288157,2.8886459662797286,wind_stuck_7_days,2015
11356,US-SCs,US-SCg,2015-06-20,0.68205821,3.5,3.5,-1.4265733339178,1.4265733339178,0.13555382707567082,0.5001386021964981,-0.32985573515988376,0.05857045954043377,-0.10741360788639306,1.4265733339178,1.0931697313213173,0.30718203349378476,2.0734266660822,True,2.0734266660822,True,2.0734266660822,True,3.5,False,3.5,False,2.0734266660822,True,3.5,False,2.43006999956165,3.357817581905071,True,True,0.75,0.09966709366734978,2.0734266660822,wind_stuck_7_days,2015
11357,US-SCs,US-SCg,2015-06-21,0.6151048,4.2,4.2,-1.157856732021027,1.157856732021027,0.14434919666720777,0.32324130232189063,-0.17875731902715816,-0.015630390631052933,-0.012921817247743066,1.1578567320210267,1.0931697313213173,0.30718203349378476,3.0421432679789735,True,3.0421432679789735,True,3.0421432679789735,True,4.2,False,4.2,False,4.2,False,4.2,False,3.33160745098423,3.8871885494641196,True,True,0.75,0.27016421106769517,3.0421432679789735,wind_stuck_7_days,2015
11358,US-SCs,US-SCg,2015-07-07,0.65715226,4.2,4.2,-0.07717774201056884,0.07717774201056884,0.21862242739415158,0.3896359580610328,-0.01008989587230471,0.00010130544540028067,0.011153954727089748,0.07717774201056882,1.0931697313213173,0.30718203349378476,4.122822257989431,True,4.122822257989431,True,4.122822257989431,True,4.2,False,4.2,False,4.122822257989431,True,4.122822257989431,True,4.142116693492073,4.122822257989431,True,True,0.75,1.0,4.122822257989431,wind_stuck_7_days,2015
11359,US-SCs,US-SCg,2015-07-14,0.44805505,4.0,4.0,-0.8761616968347363,0.8761616968347363,0.21284397857246673,0.3889677703460419,-0.022594073388843762,-0.04608994719346541,-0.027525820332952297,0.8761616968347363,1.0931697313213173,0.30718203349378476,3.1238383031652637,True,3.1238383031652637,True,3.1238383031652637,True,4.0,False,4.0,False,4.0,False,4.0,False,3.3428787273739475,3.8251280724184764,True,True,0.75,0.19958864695098416,3.1238383031652637,wind_stuck_7_days,2015
11360,US-SCs,US-SCg,2015-07-15,0.61570672,3.3,3.3,-0.6038341960684999,0.6038341960684999,0.17020457270013553,0.4617134451374711,-0.038380527709621,-0.01375929980240015,0.009607970468886694,0.6038341960684996,1.0931697313213173,0.30718203349378476,2.6961658039314997,True,2.6961658039314997,True,2.6961658039314997,True,3.3,False,3.3,False,3.3,False,2.6961658039314997,True,2.847124352948625,3.0061527111471316,True,True,0.75,0.48663572014648493,2.6961658039314997,wind_stuck_7_days,2015
11361,US-SCs,US-SCg,2015-08-07,0.79260488,3.4,3.4,0.16828383358678026,0.16828383358678026,0.2132017813352543,0.3646086387833627,-0.01008989587230471,-0.0034623257192325876,0.009607970468886694,-0.16828383358678023,1.0931697313213173,0.30718203349378476,3.56828383358678,True,3.56828383358678,True,3.56828383358678,True,3.4,False,3.4,False,3.4,False,3.56828383358678,True,3.526212875190085,3.564462683891356,True,True,0.75,0.9772934237711306,3.56828383358678,wind_stuck_7_days,2015
11362,US-SCs,US-SCg,2015-08-08,0.91178452,3.3,3.3,-0.17618979838199975,0.17618979838199975,0.1490086987808968,0.3812043054435098,-0.007660849551286776,-0.0034623257192325876,0.009607970468886694,0.17618979838199955,1.0931697313213173,0.30718203349378476,3.1238102016180003,True,3.1238102016180003,True,3.1238102016180003,True,3.3,False,3.3,False,3.3,False,3.1238102016180003,True,3.1678576512135,3.1344778917208203,True,True,0.75,0.9394534178438004,3.1238102016180003,wind_stuck_7_days,2015
11363,US-SCs,US-SCg,2015-08-15,0.9986384,2.2,2.2,-0.7206319173937163,0.7206319173937163,0.19103054683340806,0.4573919304107726,0.010219684327648002,0.06278597129192597,-0.0005706257312667386,0.7206319173937163,1.0931697313213173,0.30718203349378476,1.4793680826062838,True,1.4793680826062838,True,1.4793680826062838,True,1.4793680826062838,True,1.4793680826062838,True,1.4793680826062838,True,2.2,False,1.659526061954713,1.958016878579367,True,True,0.75,0.3357929555712781,1.4793680826062838,wind_stuck_7_days,2015
11364,US-SCs,US-SCg,2015-08-16,0.55131811,2.7,2.7,-1.3541306409265697,1.3541306409265697,0.15299872013525725,0.4786466243723434,-0.24038855188499852,0.1859396180103201,-0.17319008362510366,1.3541306409265697,1.0931697313213173,0.30718203349378476,1.3458693590734305,True,1.3458693590734305,True,1.3458693590734305,True,2.7,False,2.7,False,1.3458693590734305,True,2.7,False,1.684402019305073,2.575287483955146,True,True,0.75,0.09209784660032434,1.3458693590734305,wind_stuck_7_days,2015
11365,US-SCs,US-SCg,2015-08-23,0.81455997,3.8,3.8,-0.35112833971252433,0.35112833971252433,0.18787611374717472,0.38549789998052764,-0.0049895450722566214,0.0023381321272893797,0.009607970468886694,0.35112833971252444,1.0931697313213173,0.30718203349378476,3.4488716602874754,True,3.4488716602874754,True,3.4488716602874754,True,3.8,False,3.8,False,3.4488716602874754,True,3.4488716602874754,True,3.536653745215607,3.6669829075284577,True,True,0.75,0.3788275608298834,3.4488716602874754,wind_stuck_7_days,2015
11366,US-SCs,US-SCg,2015-08-24,0.57909337,3.7,3.7,-0.7317617505887594,0.7317617505887594,0.1751897252772882,0.36554545140036,-0.015424753963964912,-0.009902990311008305,0.009607970468886694,0.7317617505887593,1.0931697313213173,0.30718203349378476,2.968238249411241,True,2.968238249411241,True,2.968238249411241,True,3.7,False,3.7,False,3.7,False,2.968238249411241,True,3.1511786870584304,3.515464287025973,True,True,0.75,0.2521800474342285,2.968238249411241,wind_stuck_7_days,2015
11367,US-SCs,US-SCg,2015-08-31,0.70333912,2.1,2.1,-0.04654827164171952,0.04654827164171952,0.17862669049174448,0.4850193728737563,0.015433087133860643,0.014089492107855886,0.005886892331386395,0.046548271641719596,1.0931697313213173,0.30718203349378476,2.0534517283582807,True,2.0534517283582807,True,2.0534517283582807,True,2.0534517283582807,True,2.0534517283582807,True,2.0534517283582807,True,2.0534517283582807,True,2.0650887962687103,2.0534517283582807,True,True,0.75,1.0,2.0534517283582807,wind_stuck_7_days,2015
11368,US-SCs,US-SCg,2015-09-08,0.5682327,2.6,2.6,-0.7013430070927543,0.7013430070927543,0.14516873671506936,0.49258177648506785,0.005984420857482892,0.06786732056564347,0.0020823784408805206,0.7013430070927544,1.0931697313213173,0.30718203349378476,1.8986569929072457,True,1.8986569929072457,True,1.8986569929072457,True,1.8986569929072457,True,1.8986569929072457,True,1.8986569929072457,True,1.8986569929072457,True,2.0739927446804343,2.359932559018293,True,True,0.75,0.3422967628590864,1.8986569929072457,wind_stuck_7_days,2015
11369,US-SCs,US-SCg,2015-09-09,0.76195879,2.0,2.0,-0.37924275547828756,0.37924275547828756,0.16701671594454925,0.46820443432029657,0.03133884815982538,0.03504807455701334,0.005886892331386395,0.37924275547828756,1.0931697313213173,0.30718203349378476,1.6207572445217124,True,1.6207572445217124,True,1.6207572445217124,True,1.6207572445217124,True,1.6207572445217124,True,1.6207572445217124,True,1.6207572445217124,True,1.7155679333912843,1.779761233249473,True,True,0.75,0.5807329568438812,1.6207572445217124,wind_stuck_7_days,2015
11370,US-SCs,US-SCg,2015-09-24,1.52925478,2.8,2.8,-0.324802169814925,0.324802169814925,0.2539615271202017,0.4537292722541152,0.016242295144656943,0.010365874593458004,0.009607970468886694,0.32480216981492505,1.0931697313213173,0.30718203349378476,2.475197830185075,True,2.475197830185075,True,2.475197830185075,True,2.475197830185075,True,2.475197830185075,True,2.475197830185075,True,2.475197830185075,True,2.556398372638806,2.672459721314452,True,True,0.75,0.3926706485927149,2.475197830185075,wind_stuck_7_days,2015
11371,US-SCs,US-SCg,2015-09-25,1.4764366,2.8,2.8,-0.37800268279790983,0.37800268279790983,0.25655396890056525,0.49515698935513247,0.050927831101833014,0.04918891531132949,0.009607970468886694,0.37800268279790983,1.0931697313213173,0.30718203349378476,2.42199731720209,True,2.42199731720209,True,2.42199731720209,True,2.42199731720209,True,2.42199731720209,True,2.42199731720209,True,2.42199731720209,True,2.5164979879015674,2.5650864807427975,True,True,0.75,0.6214599259413017,2.42199731720209,wind_stuck_7_days,2015
11372,US-SCs,US-SCg,2015-10-02,1.0379247,2.4,2.4,-0.22297431880216984,0.22297431880216984,0.1591739815555388,0.3698062101269355,0.017862133454878578,0.014089492107855886,0.007702138166582763,0.22297431880216978,1.0931697313213173,0.30718203349378476,2.17702568119783,True,2.17702568119783,True,2.17702568119783,True,2.17702568119783,True,2.17702568119783,True,2.17702568119783,True,2.17702568119783,True,2.2327692608983725,2.2616369112524475,True,True,0.75,0.6205337434860054,2.17702568119783,wind_stuck_7_days,2015
11373,US-SCs,US-SCg,2015-10-03,0.68130517,2.8,2.8,-0.34171731469925404,0.34171731469925404,0.10037226685668241,0.3639188323376699,0.022962484254926665,0.021033371766201243,0.009607970468886694,0.34171731469925404,1.0931697313213173,0.30718203349378476,2.4582826853007456,True,2.4582826853007456,True,2.4582826853007456,True,2.4582826853007456,True,2.4582826853007456,True,2.4582826853007456,True,2.4582826853007456,True,2.543712013975559,2.6615428925799516,True,True,0.75,0.40518025123164964,2.4582826853007456,wind_stuck_7_days,2015
11374,US-SCs,US-SCg,2015-10-10,2.40271866,2.5,2.5,-0.097598198148109,0.097598198148109,0.35824935815700315,0.8001376002689083,-0.026911650215635265,0.008129047911568913,0.0015979148298669774,0.09696448185189077,1.0931697313213173,0.30718203349378476,2.402401801851891,True,2.5,False,2.402401801851891,True,2.5,False,2.5,False,2.402401801851891,True,2.402401801851891,True,2.426801351388918,2.402401801851891,True,True,0.75,1.0,2.402401801851891,wind_stuck_7_days,2015
11375,US-SCs,US-SCg,2015-10-11,2.15980893,2.3,2.3,-0.1723929156571276,0.1723929156571276,0.444303243670261,0.8187219199257297,-0.026911650215635265,0.008129047911568913,-0.0003079174724369512,0.10798922434287189,1.0931697313213173,0.30718203349378476,2.127607084342872,True,2.3,False,2.127607084342872,True,2.3,False,2.3,False,2.127607084342872,True,2.3,False,2.1707053132571543,2.127607084342872,True,True,0.75,1.0,2.127607084342872,wind_stuck_7_days,2015
11376,US-SCs,US-SCg,2015-10-26,0.80025881,1.3,1.3,-0.0583366263560562,0.0583366263560562,0.22173055958099566,0.5661254834585465,0.01114194434460886,0.008129047911568913,0.005886892331386395,0.05833662635605619,1.0931697313213173,0.30718203349378476,1.2416633736439437,True,1.2416633736439437,True,1.2416633736439437,True,1.2416633736439437,True,1.2416633736439437,True,1.2416633736439437,True,1.2416633736439437,True,1.2562475302329579,1.2416633736439437,True,True,0.75,1.0,1.2416633736439437,wind_stuck_7_days,2015
11377,US-SCs,US-SCg,2015-10-27,0.8085158,0.8,0.8,0.07612329589240016,0.07612329589240016,0.1656870830988165,0.43378793871743787,0.01761419410913554,0.014089492107855886,0.005886892331386395,-0.05909169589240024,1.0931697313213173,0.30718203349378476,0.8761232958924002,True,0.8761232958924002,True,0.8761232958924002,True,0.8761232958924002,True,0.8761232958924002,True,0.8761232958924002,True,0.8761232958924002,True,0.8570924719193002,0.8761232958924002,True,True,0.75,1.0,0.8761232958924002,wind_stuck_7_days,2015
11378,US-SCs,US-SCg,2015-11-03,0.75457254,2.1,2.1,0.0452430876965383,0.0452430876965383,0.22038929125728424,0.6328304229675475,0.01114194434460886,0.008129047911568913,0.006542861003432963,-0.0452430876965384,1.0931697313213173,0.30718203349378476,2.1452430876965383,True,2.1452430876965383,True,2.1452430876965383,True,2.1452430876965383,True,2.1452430876965383,True,2.1452430876965383,True,2.1452430876965383,True,2.133932315772404,2.1452430876965383,True,True,0.75,1.0,2.1452430876965383,wind_stuck_7_days,2015
11379,US-SCs,US-SCg,2015-11-04,0.70707909,1.7,1.7,0.014906025174024038,0.014906025174024038,0.10095640644508828,0.3789404685260299,0.017862133454878578,0.014089492107855886,0.006542861003432963,-0.014906025174023951,1.0931697313213173,0.30718203349378476,1.714906025174024,True,1.714906025174024,True,1.714906025174024,True,1.714906025174024,True,1.714906025174024,True,1.714906025174024,True,1.714906025174024,True,1.711179518880518,1.714906025174024,True,True,0.75,1.0,1.714906025174024,wind_stuck_7_days,2015
11380,US-SCs,US-SCg,2015-11-11,0.80892126,0.8,0.8,-0.26817788893513916,0.26817788893513916,0.12851143726133304,0.3647914111233339,0.022962484254926665,0.021033371766201243,0.005886892331386395,-0.26817788893513916,1.0931697313213173,0.30718203349378476,0.5318221110648609,True,0.5318221110648609,True,0.5318221110648609,True,0.5318221110648609,True,0.5318221110648609,True,0.5318221110648609,True,0.5318221110648609,True,0.5988665832986457,0.6327289254418055,True,True,0.75,0.6237317894565511,0.5318221110648609,wind_stuck_7_days,2015
11381,US-SCs,US-SCg,2015-11-12,0.45130049,0.9,0.9,-0.3291499667455488,0.3291499667455488,0.14075432707732632,0.3083813674585573,0.022962484254926665,0.021033371766201243,0.005886892331386395,0.3291499667455488,1.0931697313213173,0.30718203349378476,0.5708500332544513,True,0.5708500332544513,True,0.5708500332544513,True,0.5708500332544513,True,0.5708500332544513,True,0.5708500332544513,True,0.5708500332544513,True,0.6531375249408384,0.7557609196142958,True,True,0.75,0.43821690705868754,0.5708500332544513,wind_stuck_7_days,2015
11382,US-SCs,US-SCg,2015-11-19,0.3512376,0.5,0.5,0.16624698892850082,0.16624698892850082,0.11405310804593552,0.3482397233260356,0.017862133454878578,0.014089492107855886,0.005886892331386395,-0.16624698892850082,1.0931697313213173,0.30718203349378476,0.6662469889285008,True,0.6662469889285008,True,0.6662469889285008,True,0.6662469889285008,True,0.6662469889285008,True,0.6662469889285008,True,0.6662469889285008,True,0.6246852416963756,0.6624720890015758,True,True,0.75,0.9772934237711306,0.6662469889285008,wind_stuck_7_days,2015
11383,US-SCs,US-SCg,2015-11-20,0.51275651,0.9,0.9,0.05215040706920635,0.05215040706920635,0.14246988487872297,0.5046722479798517,0.017862133454878578,0.014089492107855886,0.005886892331386395,-0.05215040706920637,1.0931697313213173,0.30718203349378476,0.9521504070692064,True,0.9521504070692064,True,0.9521504070692064,True,0.9521504070692064,True,0.9521504070692064,True,0.9521504070692064,True,0.9521504070692064,True,0.9391128053019048,0.9521504070692064,True,True,0.75,1.0,0.9521504070692064,wind_stuck_7_days,2015
11384,US-SCs,US-SCg,2015-11-28,0.53213531,0.4,0.4,0.0930463330025098,0.0930463330025098,0.08176232017490832,0.2836575108086201,0.029610528592047446,0.011268208097704032,0.0012810480540339452,0.0930463330025098,1.0931697313213173,0.30718203349378476,0.49304633300250983,True,0.49304633300250983,True,0.49304633300250983,True,0.49304633300250983,True,0.49304633300250983,True,0.49304633300250983,True,0.49304633300250983,True,0.4697847497518824,0.49304633300250983,True,True,0.75,1.0,0.49304633300250983,wind_stuck_7_days,2015
11385,US-SCs,US-SCg,2015-12-13,0.25025952,1.1,1.1,0.04324510387351473,0.04324510387351473,0.1000798110690459,0.3814086173695527,0.017862133454878578,0.014089492107855886,0.006542861003432963,-0.04324510387351477,1.0931697313213173,0.30718203349378476,1.1432451038735147,True,1.1432451038735147,True,1.1432451038735147,True,1.1432451038735147,True,1.1432451038735147,True,1.1432451038735147,True,1.1432451038735147,True,1.1324338279051362,1.1432451038735147,True,True,0.75,1.0,1.1432451038735147,wind_stuck_7_days,2015
11386,US-SCs,US-SCg,2015-12-14,0.64862582,0.8,0.8,0.6439179964389101,0.6439179964389101,0.19076509693819096,0.5891941385282523,0.09156016335686937,0.08620954215682376,-0.1459250271081723,-0.6439179964389101,1.0931697313213173,0.30718203349378476,1.4439179964389102,True,1.4439179964389102,True,1.4439179964389102,True,1.4439179964389102,True,1.4439179964389102,True,1.4439179964389102,True,0.8,False,1.2829384973291826,1.3353142897461314,True,True,0.75,0.8313392275205927,1.4439179964389102,wind_stuck_7_days,2015
11636,US-SCw,US-SCw,2015-03-09,0.99910043,0.9,0.9,-0.17915412681487952,0.17915412681487952,0.1222773754858755,0.34619349682371003,0.017862133454878578,0.014089492107855886,0.005886892331386395,-0.17915412681487952,1.0931697313213173,0.30718203349378476,0.7208458731851205,True,0.7208458731851205,True,0.7208458731851205,True,0.7208458731851205,True,0.7208458731851205,True,0.7208458731851205,True,0.7208458731851205,True,0.7656344048888404,0.7412079893416591,True,True,0.75,0.8863430247544403,0.7208458731851205,wind_stuck_7_days,2015
11637,US-SCw,US-SCw,2015-03-25,0.6246912,0.5,0.5,0.17996995951753253,0.17996995951753253,0.13741103676868338,0.39015188775320747,0.017862133454878578,0.014089492107855886,0.005886892331386395,0.06941244048246747,1.0931697313213173,0.30718203349378476,0.6799699595175326,True,0.6799699595175326,True,0.6799699595175326,True,0.6799699595175326,True,0.6799699595175326,True,0.6799699595175326,True,0.6799699595175326,True,0.6349774696381494,0.6616999050331414,True,True,0.75,0.8984827549366017,0.6799699595175326,wind_stuck_7_days,2015
11638,US-SCw,US-SCw,2015-04-02,0.39857029,0.6,0.6,0.09616347151974247,0.09616347151974247,0.08944083664783951,0.3329792472541285,0.017862133454878578,0.014089492107855886,0.005886892331386395,-0.09616347151974247,1.0931697313213173,0.30718203349378476,0.6961634715197424,True,0.6961634715197424,True,0.6961634715197424,True,0.6961634715197424,True,0.6961634715197424,True,0.6961634715197424,True,0.6961634715197424,True,0.6721226036398068,0.6961634715197424,True,True,0.75,1.0,0.6961634715197424,wind_stuck_7_days,2015
11639,US-SCw,US-SCw,2015-04-18,0.17679465,0.3,0.3,0.2865786304885553,0.2865786304885553,0.09136186587501538,0.2910722714993468,0.05056033186776941,0.04803636691548386,0.005886892331386395,-0.2865786304885553,1.0931697313213173,0.30718203349378476,0.5865786304885553,True,0.5865786304885553,True,0.5865786304885553,True,0.5865786304885553,True,0.5865786304885553,True,0.5865786304885553,True,0.5865786304885553,True,0.5149339728664164,0.5072117677079,True,True,0.75,0.7230537997709328,0.5865786304885553,wind_stuck_7_days,2015
11640,US-SCw,US-SCw,2015-04-26,1.56696243,0.9,0.9,0.7470039561663309,0.7470039561663309,0.11224041398314905,0.5847498716805353,-0.023468080146470133,-0.002721909243612014,-0.011804037052130269,0.5869209038336691,1.0931697313213173,0.30718203349378476,1.6470039561663308,True,1.6470039561663308,True,1.6470039561663308,True,0.9,False,0.9,False,0.9,False,0.9,False,1.4602529671247482,1.3716979175784951,True,True,0.75,0.6314530380793123,1.6470039561663308,wind_stuck_7_days,2015
11641,US-SCw,US-SCw,2015-05-12,0.21041388,1.4,1.4,0.12428241141785419,0.12428241141785419,0.10246383951256559,0.34857560580062497,0.017862133454878578,0.015536131469680026,0.005886892331386395,-0.12428241141785423,1.0931697313213173,0.30718203349378476,1.5242824114178541,True,1.5242824114178541,True,1.5242824114178541,True,1.5242824114178541,True,1.5242824114178541,True,1.5242824114178541,True,1.5242824114178541,True,1.4932118085633905,1.5242824114178541,True,True,0.75,1.0,1.5242824114178541,wind_stuck_7_days,2015
11642,US-SCw,US-SCw,2015-05-20,0.16607911,0.4,0.4,0.7360648959974101,0.7360648959974101,0.1462286746349518,0.4986739545611437,0.24176936418287945,0.25630349035185646,-0.011804037052130269,-0.7360648959974101,1.0931697313213173,0.30718203349378476,1.1360648959974102,True,1.1360648959974102,True,1.1360648959974102,True,1.1360648959974102,True,1.1360648959974102,True,1.1360648959974102,True,0.4,False,0.9520486719980575,1.131349743073912,True,True,0.75,0.9935941070561326,1.1360648959974102,wind_stuck_7_days,2015
11643,US-SCw,US-SCw,2015-06-05,0.3106532,0.1,0.1,0.6785256749314014,0.6785256749314014,0.15256864949323984,0.3863073024585969,0.2972341741979558,0.3210730776813959,-0.011804037052130269,-0.2572192749314014,1.0931697313213173,0.30718203349378476,0.7785256749314013,True,0.7785256749314013,True,0.7785256749314013,True,0.7785256749314013,True,0.7785256749314013,True,0.7785256749314013,True,0.1,False,0.608894256198551,0.7785256749314013,True,True,0.75,1.0,0.7785256749314013,wind_stuck_7_days,2015
11644,US-SCw,US-SCw,2015-07-07,0.6326816,0.0,0.0,0.36381909364484555,0.36381909364484555,0.17259940911173022,0.4327458676779101,0.08510201428931712,0.08284980040711949,-0.0023858715664631072,0.36381909364484555,1.0931697313213173,0.30718203349378476,0.36381909364484555,True,0.36381909364484555,True,0.36381909364484555,True,0.36381909364484555,True,0.36381909364484555,True,0.36381909364484555,True,0.0,False,0.27286432023363416,0.2514444630502051,True,True,0.75,0.6911249778871178,0.36381909364484555,wind_stuck_7_days,2015
11645,US-SCw,US-SCw,2015-07-23,1.46256551,1.0,1.0,-0.02913303848716109,0.02913303848716109,0.1665795426832288,0.5479310757571243,0.01761419410913554,0.019523218736922195,0.005886892331386395,-0.02913303848716109,1.0931697313213173,0.30718203349378476,0.9708669615128389,True,0.9708669615128389,True,0.9708669615128389,True,0.9708669615128389,True,0.9708669615128389,True,0.9708669615128389,True,0.9708669615128389,True,0.9781502211346291,0.9708669615128389,True,True,0.75,1.0,0.9708669615128389,wind_stuck_7_days,2015
11646,US-SCw,US-SCw,2015-09-17,1.66344197,1.8,1.8,-0.7374600494045873,0.7374600494045873,0.12387045108311596,0.44535861301591684,0.13020441786237855,0.15174118388354974,0.005886892331386395,-0.4643439894045873,1.0931697313213173,0.30718203349378476,1.0625399505954127,True,1.0625399505954127,True,1.0625399505954127,True,1.0625399505954127,True,1.0625399505954127,True,1.0625399505954127,True,1.0625399505954127,True,1.2469049629465596,1.3451022578393723,True,True,0.75,0.6168439124640102,1.0625399505954127,wind_stuck_7_days,2015
11647,US-SCw,US-SCw,2015-10-03,0.47957266,1.1,1.1,-0.3562356475544422,0.3562356475544422,0.0823414930102763,0.3275727395416298,0.022962484254926665,0.021033371766201243,0.005886892331386395,0.3562356475544422,1.0931697313213173,0.30718203349378476,0.7437643524455579,True,0.7437643524455579,True,0.7437643524455579,True,0.7437643524455579,True,0.7437643524455579,True,0.7437643524455579,True,0.7437643524455579,True,0.8328232643341684,0.970344158407655,True,True,0.75,0.3639608851119547,0.7437643524455579,wind_stuck_7_days,2015
11648,US-SCw,US-SCw,2015-10-11,0.23707938,0.9,0.9,-0.25925251006367434,0.25925251006367434,0.15252583235465317,0.3289501289577139,0.022962484254926665,0.021033371766201243,0.005886892331386395,0.25925251006367434,1.0931697313213173,0.30718203349378476,0.6407474899363257,True,0.6407474899363257,True,0.6407474899363257,True,0.6407474899363257,True,0.6407474899363257,True,0.6407474899363257,True,0.6407474899363257,True,0.7055606174522443,0.7350959070344608,True,True,0.75,0.6360752029943222,0.6407474899363257,wind_stuck_7_days,2015
11649,US-SCw,US-SCw,2015-11-20,0.04192208,0.3,0.3,-0.09867544588259768,0.09867544588259768,0.10400384066375101,0.23831327455661455,0.029610528592047446,0.011268208097704032,0.005886892331386395,0.09867544588259769,1.0931697313213173,0.30718203349378476,0.2013245541174023,True,0.2013245541174023,True,0.2013245541174023,True,0.2013245541174023,True,0.2013245541174023,True,0.2013245541174023,True,0.2013245541174023,True,0.22599341558805175,0.2013245541174023,True,True,0.75,1.0,0.2013245541174023,wind_stuck_7_days,2015
12497,US-SRG,US-SRC,2015-01-16,0.63846666,0.1,0.1,0.227706111337324,0.227706111337324,0.12381269922456603,0.44003921126984746,0.034851660917177604,0.012731471525468276,0.005886892331386395,0.227706111337324,1.0931697313213173,0.30718203349378476,0.32770611133732397,True,0.32770611133732397,True,0.32770611133732397,True,0.32770611133732397,True,0.32770611133732397,True,0.32770611133732397,True,0.32770611133732397,True,0.270779583502993,0.23970588573842658,True,True,0.75,0.6135359517490779,0.32770611133732397,wind_stuck_7_days,2015
12498,US-SRG,US-SRC,2015-01-24,0.50163613,0.3,0.3,-0.12168933155736046,0.12168933155736046,0.12505252772436704,0.4585512228633267,0.029610528592047446,0.011268208097704032,0.005886892331386395,-0.12168933155736045,1.0931697313213173,0.30718203349378476,0.17831066844263954,True,0.17831066844263954,True,0.17831066844263954,True,0.17831066844263954,True,0.17831066844263954,True,0.17831066844263954,True,0.17831066844263954,True,0.20873300133197964,0.17831066844263954,True,True,0.75,1.0,0.17831066844263954,wind_stuck_7_days,2015
12499,US-SRG,US-SRC,2015-02-09,0.76434906,0.2,0.2,0.4605802347863456,0.4605802347863456,0.12687766620757285,0.46258051140222295,0.18994571569358698,0.19268039026813186,-0.02030945304238975,0.4605802347863456,1.0931697313213173,0.30718203349378476,0.6605802347863456,True,0.6605802347863456,True,0.6605802347863456,True,0.6605802347863456,True,0.6605802347863456,True,0.6605802347863456,True,0.2,False,0.5454351760897591,0.6605802347863456,True,True,0.75,1.0,0.6605802347863456,wind_stuck_7_days,2015
12500,US-SRG,US-SRC,2015-02-17,0.78884857,0.4,0.4,0.5496465680162276,0.5496465680162276,0.10123997074011971,0.47032360134887663,0.245394770577799,0.24321278872919955,-0.050191129615248166,0.22805057198377232,1.0931697313213173,0.30718203349378476,0.9496465680162276,True,0.9496465680162276,True,0.9496465680162276,True,0.9496465680162276,True,0.9496465680162276,True,0.9496465680162276,True,0.4,False,0.8122349260121707,0.9496465680162276,True,True,0.75,1.0,0.9496465680162276,wind_stuck_7_days,2015
12501,US-SRG,US-SRC,2015-02-18,0.70091463,0.1,0.1,0.4285086317303299,0.4285086317303299,0.10931249667028253,0.3354993386483383,0.16350979415762526,0.1654007777488422,-0.01583320653750124,0.4285086317303299,1.0931697313213173,0.30718203349378476,0.5285086317303299,True,0.5285086317303299,True,0.5285086317303299,True,0.5285086317303299,True,0.5285086317303299,True,0.5285086317303299,True,0.1,False,0.4213814737977474,0.5285086317303299,True,True,0.75,1.0,0.5285086317303299,wind_stuck_7_days,2015
12502,US-SRG,US-SRC,2015-02-26,1.03742348,0.2,0.2,0.23566614984406442,0.23566614984406442,0.10436011326508764,0.3213932811078123,0.034851660917177604,0.012731471525468276,0.005886892331386395,0.23566614984406442,1.0931697313213173,0.30718203349378476,0.43566614984406443,True,0.43566614984406443,True,0.43566614984406443,True,0.43566614984406443,True,0.43566614984406443,True,0.43566614984406443,True,0.43566614984406443,True,0.3767496123830483,0.33301587084288026,True,True,0.75,0.564425017894569,0.43566614984406443,wind_stuck_7_days,2015
12503,US-SRG,US-SRC,2015-03-05,1.09598453,0.4,0.4,0.3350298489991447,0.3350298489991447,0.07756327813590437,0.3472299536039963,0.05056033186776941,0.04260264028641755,0.005886892331386395,0.3350298489991447,1.0931697313213173,0.30718203349378476,0.7350298489991447,True,0.7350298489991447,True,0.7350298489991447,True,0.7350298489991447,True,0.7350298489991447,True,0.7350298489991447,True,0.7350298489991447,True,0.6512723867493585,0.5752360869601392,True,True,0.75,0.5230461927008377,0.7350298489991447,wind_stuck_7_days,2015
12504,US-SRG,US-SRC,2015-03-06,1.01932715,0.3,0.3,0.20807682695406055,0.20807682695406055,0.13431314531721278,0.5315414173047607,0.029610528592047446,0.011268208097704032,0.005886892331386395,0.2080768269540605,1.0931697313213173,0.30718203349378476,0.5080768269540605,True,0.5080768269540605,True,0.5080768269540605,True,0.5080768269540605,True,0.5080768269540605,True,0.5080768269540605,True,0.5080768269540605,True,0.4560576202155454,0.4460375113758823,True,True,0.75,0.7018441866576746,0.5080768269540605,wind_stuck_7_days,2015
12505,US-SRG,US-SRC,2015-03-13,1.17855256,0.9,0.9,0.1950208691781166,0.1950208691781166,0.09849966198066212,0.3591142555194405,0.017862133454878578,0.014089492107855886,0.005886892331386395,0.1950208691781166,1.0931697313213173,0.30718203349378476,1.0950208691781167,True,1.0950208691781167,True,1.0950208691781167,True,1.0950208691781167,True,1.0950208691781167,True,1.0950208691781167,True,1.0950208691781167,True,1.0462656518835876,1.051645124288728,True,True,0.75,0.7775840858868659,1.0950208691781167,wind_stuck_7_days,2015
12506,US-SRG,US-SRC,2015-03-14,0.82858654,0.2,0.2,0.41062153220414005,0.41062153220414005,0.13061115030687598,0.4700958228120628,0.16350979415762526,0.1654007777488422,0.008941201291560336,0.41062153220414005,1.0931697313213173,0.30718203349378476,0.6106215322041401,True,0.6106215322041401,True,0.6106215322041401,True,0.6106215322041401,True,0.6106215322041401,True,0.6106215322041401,True,0.6106215322041401,True,0.5079661491531051,0.6106215322041401,True,True,0.75,1.0,0.6106215322041401,wind_stuck_7_days,2015
12507,US-SRG,US-SRC,2015-03-21,1.46005027,0.4,0.4,0.5109110968907103,0.5109110968907103,0.16164485657839242,0.3958598315962678,0.2027968765242923,0.18605285084842468,0.0005607255095725895,0.5109110968907103,1.0931697313213173,0.30718203349378476,0.9109110968907104,True,0.9109110968907104,True,0.9109110968907104,True,0.9109110968907104,True,0.9109110968907104,True,0.9109110968907104,True,0.9109110968907104,True,0.7831833226680328,0.9109110968907104,True,True,0.75,1.0,0.9109110968907104,wind_stuck_7_days,2015
12508,US-SRG,US-SRC,2015-03-22,1.35161379,0.1,0.1,0.5034349266623993,0.5034349266623993,0.15453362520463398,0.4229097851638456,0.21118646974402827,0.22578989507897843,0.005216332175080794,0.5034349266623993,1.0931697313213173,0.30718203349378476,0.6034349266623993,True,0.6034349266623993,True,0.6034349266623993,True,0.6034349266623993,True,0.6034349266623993,True,0.6034349266623993,True,0.6034349266623993,True,0.4775761949967995,0.6034349266623993,True,True,0.75,1.0,0.6034349266623993,wind_stuck_7_days,2015
12509,US-SRG,US-SRC,2015-03-29,1.20887387,2.0,2.0,-0.6848737089155719,0.6848737089155719,0.14920791028516778,0.5135431287496182,0.005984420857482892,0.06891565724097287,0.005886892331386395,0.6848737089155719,1.0931697313213173,0.30718203349378476,1.3151262910844281,True,1.3151262910844281,True,1.3151262910844281,True,1.3151262910844281,True,1.3151262910844281,True,1.3151262910844281,True,1.3151262910844281,True,1.4863447183133212,1.7821903739450493,True,True,0.75,0.3180288909028646,1.3151262910844281,wind_stuck_7_days,2015
12510,US-SRG,US-SRC,2015-04-06,0.917259,0.1,0.1,0.5286609735369273,0.5286609735369273,0.13598500637736316,0.3887737789524187,0.2876149443008487,0.28857104613772405,0.015004339120108182,0.5286609735369273,1.0931697313213173,0.30718203349378476,0.6286609735369273,True,0.6286609735369273,True,0.6286609735369273,True,0.6286609735369273,True,0.6286609735369273,True,0.6286609735369273,True,0.6286609735369273,True,0.49649573015269544,0.6286609735369273,True,True,0.75,1.0,0.6286609735369273,wind_stuck_7_days,2015
12511,US-SRG,US-SRC,2015-04-07,0.89386295,0.4,0.4,0.2639154903877029,0.2639154903877029,0.1212160631311128,0.3417835263128794,0.05056033186776941,0.04803636691548386,0.005886892331386395,0.2639154903877029,1.0931697313213173,0.30718203349378476,0.6639154903877029,True,0.6639154903877029,True,0.6639154903877029,True,0.6639154903877029,True,0.6639154903877029,True,0.6639154903877029,True,0.6639154903877029,True,0.5979366177907772,0.6143931146730888,True,True,0.75,0.8123551761139003,0.6639154903877029,wind_stuck_7_days,2015
12512,US-SRG,US-SRC,2015-04-14,2.52820773,1.6,1.6,-0.2936482328397352,0.2936482328397352,0.09524027151685699,0.4413354359521408,0.022962484254926665,0.021033371766201243,0.005886892331386395,-0.2936482328397352,1.0931697313213173,0.30718203349378476,1.306351767160265,True,1.306351767160265,True,1.306351767160265,True,1.306351767160265,True,1.306351767160265,True,1.306351767160265,True,1.306351767160265,True,1.3797638253701987,1.4455512849902972,True,True,0.75,0.525965075682906,1.306351767160265,wind_stuck_7_days,2015
12513,US-SRG,US-SRC,2015-04-15,2.33047266,0.5,0.5,0.3250833216632401,0.3250833216632401,0.10899095529455433,0.39334842535321,0.038811936730600544,0.0284995860636811,0.005886892331386395,0.32508332166324005,1.0931697313213173,0.30718203349378476,0.82508332166324,True,0.82508332166324,True,0.82508332166324,True,0.82508332166324,True,0.82508332166324,True,0.82508332166324,True,0.82508332166324,True,0.7438124912474301,0.6513950478918242,True,True,0.75,0.4657115201027052,0.82508332166324,wind_stuck_7_days,2015
12514,US-SRG,US-SRC,2015-04-23,1.0952834,0.8,0.8,0.27976883756884474,0.27976883756884474,0.14431562312635923,0.39768401333387593,0.022962484254926665,0.021033371766201243,0.005886892331386395,0.27976883756884474,1.0931697313213173,0.30718203349378476,1.0797688375688448,True,1.0797688375688448,True,1.0797688375688448,True,1.0797688375688448,True,1.0797688375688448,True,1.0797688375688448,True,1.0797688375688448,True,1.0098266281766337,0.9682137911274433,True,True,0.75,0.6012599279791115,1.0797688375688448,wind_stuck_7_days,2015
12515,US-SRG,US-SRC,2015-05-24,0.6165805,0.7,0.7,0.5514521658986886,0.5514521658986886,0.17336015312140218,0.41484770620887856,0.07199292447613848,0.09020520903009253,0.015004339120108182,-0.5514521658986886,1.0931697313213173,0.30718203349378476,1.2514521658986886,True,1.2514521658986886,True,1.2514521658986886,True,1.2514521658986886,True,1.2514521658986886,True,1.2514521658986886,True,1.2514521658986886,True,1.1135891244240164,1.2514521658986886,True,True,0.75,1.0,1.2514521658986886,wind_stuck_7_days,2015
12516,US-SRG,US-SRC,2015-06-01,0.82460581,0.8,0.8,-0.2279857301249059,0.2279857301249059,0.1027221165285864,0.30936653374785494,0.02025738616196934,0.02161201126201098,-0.0023858715664631072,-0.22798573012490586,1.0931697313213173,0.30718203349378476,0.5720142698750942,True,0.5720142698750942,True,0.5720142698750942,True,0.5720142698750942,True,0.5720142698750942,True,0.5720142698750942,True,0.8,False,0.6290107024063206,0.639612288909968,True,True,0.75,0.7034989032083754,0.5720142698750942,wind_stuck_7_days,2015
12517,US-SRG,US-SRC,2015-06-02,0.70817637,0.6,0.6,-0.05189991023946624,0.05189991023946624,0.0930535579952767,0.27975993703533736,0.02025738616196934,0.02161201126201098,-0.0023858715664631072,-0.051899910239466246,1.0931697313213173,0.30718203349378476,0.5481000897605337,True,0.5481000897605337,True,0.5481000897605337,True,0.5481000897605337,True,0.5481000897605337,True,0.5481000897605337,True,0.6,False,0.5610750673204004,0.5481000897605337,True,True,0.75,1.0,0.5481000897605337,wind_stuck_7_days,2015
12518,US-SRG,US-SRC,2015-07-19,3.26399174,3.7,3.7,0.9494526868840822,0.9494526868840822,0.1605181792239867,0.48155550025986926,0.013755747384720726,-0.04124485920461841,-0.06713640132334112,-0.9494526868840822,1.0931697313213173,0.30718203349378476,4.649452686884082,True,4.649452686884082,True,4.649452686884082,True,4.649452686884082,True,4.649452686884082,True,3.7,False,3.7,False,4.412089515163062,4.236004053752735,True,True,0.75,0.5645400357039325,4.649452686884082,wind_stuck_7_days,2015
12519,US-SRG,US-SRC,2015-07-27,1.75612975,1.8,1.8,0.19023332591271086,0.19023332591271086,0.10617353135270374,0.343960741514219,0.017862133454878578,0.015536131469680026,0.005886892331386395,-0.19023332591271086,1.0931697313213173,0.30718203349378476,1.990233325912711,True,1.990233325912711,True,1.990233325912711,True,1.990233325912711,True,1.990233325912711,True,1.990233325912711,True,1.990233325912711,True,1.9426749944345332,1.9560471618775752,True,True,0.75,0.8202935060346784,1.990233325912711,wind_stuck_7_days,2015
12520,US-SRG,US-SRC,2015-08-04,5.5961403,4.2,4.2,-0.6111974370158435,0.6111974370158435,0.15542763268226611,0.4363081944124385,-0.04795191862125593,-0.01142349101750375,0.011153954727089748,-0.6111974370158437,1.0931697313213173,0.30718203349378476,3.5888025629841565,True,3.5888025629841565,True,3.5888025629841565,True,4.2,False,4.2,False,4.2,False,3.5888025629841565,True,3.7416019222381176,3.9273093153438907,True,True,0.75,0.4461580957988228,3.5888025629841565,wind_stuck_7_days,2015
12521,US-SRG,US-SRC,2015-08-05,5.19251626,3.9,3.9,-0.7582209928350495,0.7582209928350495,0.1807307128737789,0.4071966725054943,-0.015424753963964912,-0.003088258466064656,0.011153954727089748,-0.7582209928350494,1.0931697313213173,0.30718203349378476,3.1417790071649505,True,3.1417790071649505,True,3.1417790071649505,True,3.9,False,3.9,False,3.9,False,3.1417790071649505,True,3.331334255373713,3.6975307729434697,True,True,0.75,0.2670319457912681,3.1417790071649505,wind_stuck_7_days,2015
12522,US-SRG,US-SRC,2015-08-28,4.20797939,5.2,5.2,-0.040740555617991,0.040740555617991,0.16469323018652882,0.4698431165247735,-0.0016938580988835562,0.010382121704348104,0.011153954727089748,0.04074055561799095,1.0931697313213173,0.30718203349378476,5.159259444382009,True,5.159259444382009,True,5.159259444382009,True,5.2,False,5.2,False,5.159259444382009,True,5.159259444382009,True,5.169444583286507,5.159259444382009,True,True,0.75,1.0,5.159259444382009,wind_stuck_7_days,2015
12523,US-SRG,US-SRC,2015-09-06,4.27445719,3.1,3.1,0.04258952929791513,0.04258952929791513,0.1804336724267493,0.5102247518648492,-0.002548070853450217,0.0039697425200461356,0.009607970468886694,0.04258952929791504,1.0931697313213173,0.30718203349378476,3.1425895292979154,True,3.1425895292979154,True,3.1425895292979154,True,3.1,False,3.1,False,3.1425895292979154,True,3.1425895292979154,True,3.1319421469734365,3.1425895292979154,True,True,0.75,1.0,3.1425895292979154,wind_stuck_7_days,2015
12524,US-SRG,US-SRC,2015-09-14,3.29439055,3.5,3.5,0.18069759564846208,0.18069759564846208,0.16182923062315316,0.34732419027023864,-0.007660849551286776,-0.0034623257192325876,0.009607970468886694,-0.1806975956484621,1.0931697313213173,0.30718203349378476,3.680697595648462,True,3.680697595648462,True,3.680697595648462,True,3.5,False,3.5,False,3.5,False,3.680697595648462,True,3.6355231967363464,3.6601600534929126,True,True,0.75,0.8863430247544403,3.680697595648462,wind_stuck_7_days,2015
12525,US-SRG,US-SRC,2015-09-30,3.01869349,2.6,2.6,-0.4129752658263742,0.4129752658263742,0.2845128526611766,0.4897777563494571,0.09998028178708204,0.09937534959162066,0.0015979148298669774,-0.4129752658263742,1.0931697313213173,0.30718203349378476,2.187024734173626,True,2.187024734173626,True,2.187024734173626,True,2.187024734173626,True,2.187024734173626,True,2.187024734173626,True,2.187024734173626,True,2.2902685506302194,2.2166368168043546,True,True,0.75,0.9282957477574977,2.187024734173626,wind_stuck_7_days,2015
12526,US-SRG,US-SRC,2015-10-08,2.07252819,2.1,2.1,-0.5011613628585818,0.5011613628585818,0.10832223977694982,0.4014657977313987,0.09192583796447631,0.1100428467643639,0.005886892331386395,-0.4462177428585814,1.0931697313213173,0.30718203349378476,1.5988386371414183,True,1.5988386371414183,True,1.5988386371414183,True,1.5988386371414183,True,1.5988386371414183,True,1.5988386371414183,True,1.5988386371414183,True,1.7241289778560638,1.7077313505162948,True,True,0.75,0.7827192568202751,1.5988386371414183,wind_stuck_7_days,2015
12527,US-SRG,US-SRC,2015-10-23,1.53327972,1.8,1.8,-0.2937355507836238,0.2937355507836238,0.09672436162857966,0.4186583665998329,0.022962484254926665,0.021033371766201243,0.005886892331386395,0.2397050092163765,1.0931697313213173,0.30718203349378476,1.5062644492163764,True,1.5062644492163764,True,1.5062644492163764,True,1.5062644492163764,True,1.5062644492163764,True,1.5062644492163764,True,1.5062644492163764,True,1.5796983369122821,1.6455053588013313,True,True,0.75,0.525965075682906,1.5062644492163764,wind_stuck_7_days,2015
12528,US-SRG,US-SRC,2015-10-24,2.05006234,1.3,1.3,-0.42718679954047445,0.42718679954047445,0.09030340538146661,0.39385745483776013,0.09192583796447631,0.1100428467643639,0.005886892331386395,-0.42718679954047434,1.0931697313213173,0.30718203349378476,0.8728132004595256,True,0.8728132004595256,True,0.8728132004595256,True,0.8728132004595256,True,0.8728132004595256,True,0.8728132004595256,True,0.8728132004595256,True,0.9796099003446442,0.932224652565502,True,True,0.75,0.8609239513723612,0.8728132004595256,wind_stuck_7_days,2015
12529,US-SRG,US-SRC,2015-10-31,1.48088091,1.6,1.6,-0.2267614770631854,0.2267614770631854,0.10900794771557874,0.4228867022284909,0.017862133454878578,0.014089492107855886,0.005886892331386395,0.011476702936814798,1.0931697313213173,0.30718203349378476,1.3732385229368147,True,1.3732385229368147,True,1.3732385229368147,True,1.3732385229368147,True,1.3732385229368147,True,1.3732385229368147,True,1.3732385229368147,True,1.429928892202611,1.4608736813500118,True,True,0.75,0.6135359517490779,1.3732385229368147,wind_stuck_7_days,2015
12530,US-SRG,US-SRC,2015-11-01,1.46959867,1.0,1.0,-0.36701167524389716,0.36701167524389716,0.12692716695093764,0.3601368772641386,0.022962484254926665,0.021033371766201243,0.005886892331386395,-0.3670116752438972,1.0931697313213173,0.30718203349378476,0.6329883247561028,True,0.6329883247561028,True,0.6329883247561028,True,0.6329883247561028,True,0.6329883247561028,True,0.6329883247561028,True,0.6329883247561028,True,0.7247412435670771,0.8576358928107717,True,True,0.75,0.3879007584557642,0.6329883247561028,wind_stuck_7_days,2015
12531,US-SRG,US-SRC,2015-11-08,1.18687633,1.0,1.0,-0.4296752169808163,0.4296752169808163,0.09687463700341388,0.33255756751416365,0.09192583796447631,0.1100428467643639,0.005886892331386395,-0.42967521698081623,1.0931697313213173,0.30718203349378476,0.5703247830191838,True,0.5703247830191838,True,0.5703247830191838,True,0.5703247830191838,True,0.5703247830191838,True,0.5703247830191838,True,0.5703247830191838,True,0.6777435872643878,0.6249640369891591,True,True,0.75,0.8728359192929319,0.5703247830191838,wind_stuck_7_days,2015
12532,US-SRG,US-SRC,2015-11-09,1.17695254,0.5,0.5,-0.2419001829625674,0.2419001829625674,0.08365495592502993,0.3155176076305638,0.017862133454878578,0.014089492107855886,0.005886892331386395,-0.24190018296256743,1.0931697313213173,0.30718203349378476,0.25809981703743257,True,0.25809981703743257,True,0.25809981703743257,True,0.25809981703743257,True,0.25809981703743257,True,0.25809981703743257,True,0.25809981703743257,True,0.31857486277807445,0.37042864479102355,True,True,0.75,0.5356397569530851,0.25809981703743257,wind_stuck_7_days,2015
12533,US-SRG,US-SRC,2015-11-17,0.88279472,0.9,0.9,-0.1782379890306283,0.1782379890306283,0.13007372823773716,0.32754128107242525,0.017862133454878578,0.014089492107855886,0.006542861003432963,-0.1438274290306283,1.0931697313213173,0.30718203349378476,0.7217620109693718,True,0.7217620109693718,True,0.7217620109693718,True,0.7217620109693718,True,0.7217620109693718,True,0.7217620109693718,True,0.7217620109693718,True,0.7663215082270288,0.7325537120155705,True,True,0.75,0.9394534178438004,0.7217620109693718,wind_stuck_7_days,2015
12534,US-SRG,US-SRC,2015-12-03,0.38754727,0.1,0.1,0.01924189850658766,0.01924189850658766,0.1413433739089084,0.4187812877071086,0.034851660917177604,0.012731471525468276,0.005886892331386395,0.01924189850658764,1.0931697313213173,0.30718203349378476,0.11924189850658767,True,0.11924189850658767,True,0.11924189850658767,True,0.11924189850658767,True,0.11924189850658767,True,0.11924189850658767,True,0.11924189850658767,True,0.11443142387994075,0.11924189850658767,True,True,0.75,1.0,0.11924189850658767,wind_stuck_7_days,2015
12535,US-SRG,US-SRC,2015-12-18,0.55819979,0.1,0.1,0.09539592687242367,0.09539592687242367,0.11999319470108563,0.28982400244081696,0.034851660917177604,0.012731471525468276,0.005886892331386395,0.09539592687242365,1.0931697313213173,0.30718203349378476,0.1953959268724237,True,0.1953959268724237,True,0.1953959268724237,True,0.1953959268724237,True,0.1953959268724237,True,0.1953959268724237,True,0.1953959268724237,True,0.17154694515431776,0.1953959268724237,True,True,0.75,1.0,0.1953959268724237,wind_stuck_7_days,2015
12536,US-SRG,US-SRC,2015-12-26,0.45317892,0.3,0.3,0.3375850706138067,0.3375850706138067,0.1327112419523151,0.3641236301895069,0.05056033186776941,0.04260264028641755,0.0012810480540339452,-0.031227230613806722,1.0931697313213173,0.30718203349378476,0.6375850706138066,True,0.6375850706138066,True,0.6375850706138066,True,0.6375850706138066,True,0.6375850706138066,True,0.6375850706138066,True,0.6375850706138066,True,0.5531888029603551,0.474842650773571,True,True,0.75,0.5179217506735921,0.6375850706138066,wind_stuck_7_days,2015
12537,US-SRG,US-SRC,2015-12-27,0.32309929,0.5,0.5,-0.10459484697720622,0.10459484697720622,0.07380741889846536,0.33314225185517304,0.017862133454878578,0.014089492107855886,0.006542861003432963,0.10459484697720622,1.0931697313213173,0.30718203349378476,0.3954051530227938,True,0.3954051530227938,True,0.3954051530227938,True,0.3954051530227938,True,0.3954051530227938,True,0.3954051530227938,True,0.3954051530227938,True,0.42155386476709533,0.3954051530227938,True,True,0.75,1.0,0.3954051530227938,wind_stuck_7_days,2015
13112,US-SRM,US-SRC,2015-01-16,0.67546796,0.4,0.4,0.15084334837289604,0.15084334837289604,0.10493079480526446,0.47636901421806754,0.029610528592047446,0.011268208097704032,0.005886892331386395,0.15084334837289604,1.0931697313213173,0.30718203349378476,0.5508433483728961,True,0.5508433483728961,True,0.5508433483728961,True,0.5508433483728961,True,0.5508433483728961,True,0.5508433483728961,True,0.5508433483728961,True,0.5131325112796721,0.5508433483728961,True,True,0.75,1.0,0.5508433483728961,wind_stuck_7_days,2015
13113,US-SRM,US-SRC,2015-01-24,0.52306384,0.2,0.2,0.08015872545641636,0.08015872545641636,0.17183790752953138,0.5351485876503893,0.03460372157143457,0.012731471525468276,0.005886892331386395,0.08015872545641636,1.0931697313213173,0.30718203349378476,0.2801587254564164,True,0.2801587254564164,True,0.2801587254564164,True,0.2801587254564164,True,0.2801587254564164,True,0.2801587254564164,True,0.2801587254564164,True,0.2601190440923123,0.2801587254564164,True,True,0.75,1.0,0.2801587254564164,wind_stuck_7_days,2015
13114,US-SRM,US-SRC,2015-02-09,0.54008159,0.4,0.4,0.41214596845496415,0.41214596845496415,0.11720903998857013,0.3857081929786757,0.14772554197053744,0.15294334603757806,-0.01583320653750124,-0.1319827884549642,1.0931697313213173,0.30718203349378476,0.8121459684549641,True,0.8121459684549641,True,0.8121459684549641,True,0.8121459684549641,True,0.8121459684549641,True,0.8121459684549641,True,0.4,False,0.7091094763412231,0.8121459684549641,True,True,0.75,1.0,0.8121459684549641,wind_stuck_7_days,2015
13115,US-SRM,US-SRC,2015-02-17,0.57565587,0.4,0.4,0.5653779341311407,0.5653779341311407,0.1544743026975894,0.470173800785607,0.245394770577799,0.24321278872919955,-0.024965059707897953,-0.2140661941311408,1.0931697313213173,0.30718203349378476,0.9653779341311407,True,0.9653779341311407,True,0.9653779341311407,True,0.9653779341311407,True,0.9653779341311407,True,0.9653779341311407,True,0.4,False,0.8240334505983555,0.9653779341311407,True,True,0.75,1.0,0.9653779341311407,wind_stuck_7_days,2015
13116,US-SRM,US-SRC,2015-02-25,0.93134416,1.3,1.3,-0.199893845408987,0.199893845408987,0.07716753519930748,0.3466957784981016,0.017862133454878578,0.014089492107855886,0.005886892331386395,0.199893845408987,1.0931697313213173,0.30718203349378476,1.1001061545910131,True,1.1001061545910131,True,1.1001061545910131,True,1.1001061545910131,True,1.1001061545910131,True,1.1001061545910131,True,1.1001061545910131,True,1.1500796159432598,1.1445657269432423,True,True,0.75,0.7775840858868659,1.1001061545910131,wind_stuck_7_days,2015
13117,US-SRM,US-SRC,2015-03-05,0.54339477,0.4,0.4,0.24941057410796824,0.24941057410796824,0.09315104297449787,0.31522053367456837,0.05056033186776941,0.025678302053529237,0.005886892331386395,0.03737896589203177,1.0931697313213173,0.30718203349378476,0.6494105741079683,True,0.6494105741079683,True,0.6494105741079683,True,0.6494105741079683,True,0.6494105741079683,True,0.6494105741079683,True,0.6494105741079683,True,0.5870579305809762,0.5262919914141384,True,True,0.75,0.506361816718594,0.6494105741079683,wind_stuck_7_days,2015
13118,US-SRM,US-SRC,2015-03-13,0.41496613,0.7,0.7,0.2434706590131895,0.2434706590131895,0.11582112400792957,0.44490979410918535,0.017862133454878578,0.014089492107855886,0.005886892331386395,-0.24347065901318948,1.0931697313213173,0.30718203349378476,0.9434706590131895,True,0.9434706590131895,True,0.9434706590131895,True,0.9434706590131895,True,0.9434706590131895,True,0.9434706590131895,True,0.9434706590131895,True,0.8826029942598921,0.8304125646190322,True,True,0.75,0.5356397569530851,0.9434706590131895,wind_stuck_7_days,2015
13119,US-SRM,US-SRC,2015-03-21,0.50600243,0.7,0.7,0.32585595544138324,0.32585595544138324,0.13776541677103044,0.40377662240425566,0.022962484254926665,0.021033371766201243,0.005886892331386395,-0.32585595544138324,1.0931697313213173,0.30718203349378476,1.0258559554413833,True,1.0258559554413833,True,1.0258559554413833,True,1.0258559554413833,True,1.0258559554413833,True,1.0258559554413833,True,1.0258559554413833,True,0.9443919665810374,0.8503624965771039,True,True,0.75,0.46143854076084845,1.0258559554413833,wind_stuck_7_days,2015
13120,US-SRM,US-SRC,2015-03-29,0.70728765,2.0,2.0,-0.8562214653394431,0.8562214653394431,0.21660101046228508,0.6493876610148848,0.020262251471453364,0.03294426302513614,-0.02534895311674202,0.8562214653394431,1.0931697313213173,0.30718203349378476,1.143778534660557,True,1.143778534660557,True,1.143778534660557,True,1.143778534660557,True,1.143778534660557,True,1.143778534660557,True,2.0,False,1.3578339009954177,1.7903877194171487,True,True,0.75,0.2448108218120319,1.143778534660557,wind_stuck_7_days,2015
13121,US-SRM,US-SRC,2015-04-14,1.88903975,1.8,1.8,-0.5425056095061664,0.5425056095061664,0.15704395347502434,0.3907752725987163,0.01580375111486085,0.040799015651037746,0.005886892331386395,-0.5425056095061664,1.0931697313213173,0.30718203349378476,1.2574943904938336,True,1.2574943904938336,True,1.2574943904938336,True,1.2574943904938336,True,1.2574943904938336,True,1.2574943904938336,True,1.2574943904938336,True,1.3931207928703753,1.4366998220833862,True,True,0.75,0.6696708228460894,1.2574943904938336,wind_stuck_7_days,2015
13122,US-SRM,US-SRC,2015-04-22,1.15603124,0.8,0.8,0.000348249037949705,0.000348249037949705,0.09654740503072987,0.3462328058571238,0.017862133454878578,0.019523218736922195,0.005886892331386395,0.0003482490379497216,1.0931697313213173,0.30718203349378476,0.8003482490379498,True,0.8003482490379498,True,0.8003482490379498,True,0.8003482490379498,True,0.8003482490379498,True,0.8003482490379498,True,0.8003482490379498,True,0.8002611867784624,0.8003482490379498,True,True,0.75,1.0,0.8003482490379498,wind_stuck_7_days,2015
13123,US-SRM,US-SRC,2015-04-30,0.94217774,1.3,1.3,-0.6066000776282018,0.6066000776282018,0.12364271548076675,0.3711211241081857,0.005984420857482892,0.04863623523170852,-0.0016386996966197775,0.10904444237179833,1.0931697313213173,0.30718203349378476,0.6933999223717983,True,0.6933999223717983,True,0.6933999223717983,True,0.6933999223717983,True,0.6933999223717983,True,0.6933999223717983,True,1.3,False,0.8450499417788487,0.9642189483826686,True,True,0.75,0.5535460083194036,0.6933999223717983,wind_stuck_7_days,2015
13124,US-SRM,US-SRC,2015-05-08,0.80183274,0.9,0.9,0.2966650083282191,0.2966650083282191,0.15630287371454435,0.41694879288323233,0.022962484254926665,0.02646709839526756,0.005886892331386395,-0.2966650083282191,1.0931697313213173,0.30718203349378476,1.196665008328219,True,1.196665008328219,True,1.196665008328219,True,1.196665008328219,True,1.196665008328219,True,1.196665008328219,True,1.196665008328219,True,1.1224987562461644,1.0633748139508459,True,True,0.75,0.5507046984459119,1.196665008328219,wind_stuck_7_days,2015
13125,US-SRM,US-SRC,2015-05-16,3.12610796,2.1,2.1,-0.08571485886002331,0.08571485886002331,0.22324737780931936,0.4079084322195941,0.01114194434460886,0.008129047911568913,0.005886892331386395,-0.08571485886002339,1.0931697313213173,0.30718203349378476,2.0142851411399767,True,2.0142851411399767,True,2.0142851411399767,True,2.0142851411399767,True,2.0142851411399767,True,2.0142851411399767,True,2.0142851411399767,True,2.0357138558549828,2.0142851411399767,True,True,0.75,1.0,2.0142851411399767,wind_stuck_7_days,2015
13126,US-SRM,US-SRC,2015-05-24,0.77086722,1.2,1.2,0.0921211151657031,0.0921211151657031,0.09574320822336325,0.4311487347675197,0.017862133454878578,0.015536131469680026,0.005886892331386395,-0.0921211151657031,1.0931697313213173,0.30718203349378476,1.292121115165703,True,1.292121115165703,True,1.292121115165703,True,1.292121115165703,True,1.292121115165703,True,1.292121115165703,True,1.292121115165703,True,1.2690908363742772,1.292121115165703,True,True,0.75,1.0,1.292121115165703,wind_stuck_7_days,2015
13127,US-SRM,US-SRC,2015-06-01,0.69437724,1.1,1.1,-0.5781473252050731,0.5781473252050731,0.08502916666367141,0.3174269973378413,0.0028294003912879813,0.05511213961268434,-0.0023858715664631072,0.2330981947949271,1.0931697313213173,0.30718203349378476,0.521852674794927,True,0.521852674794927,True,0.521852674794927,True,0.521852674794927,True,0.521852674794927,True,0.521852674794927,True,1.1,False,0.6663895060961953,0.7546555024097041,True,True,0.75,0.5973295776605034,0.521852674794927,wind_stuck_7_days,2015
13128,US-SRM,US-SRC,2015-06-17,1.04125216,1.2,1.2,-0.34603005224976935,0.34603005224976935,0.16028433730211047,0.4127822138287103,0.02694772258539249,0.024568803653114177,-0.0032224184286534143,-0.028534372249769402,1.0931697313213173,0.30718203349378476,0.8539699477502306,True,0.8539699477502306,True,0.8539699477502306,True,0.8539699477502306,True,0.8539699477502306,True,0.8539699477502306,True,1.2,False,0.9404774608126729,1.066212095633898,True,True,0.75,0.38663666203631336,0.8539699477502306,wind_stuck_7_days,2015
13129,US-SRM,US-SRC,2015-07-11,1.46237534,0.8,0.8,0.7312469707538124,0.7312469707538124,0.27071597962682903,0.42340057415951293,-0.12095255298598938,-0.1300944381874238,-0.021582521911900812,0.5935037092461873,1.0931697313213173,0.30718203349378476,1.5312469707538123,True,1.5312469707538123,True,1.5312469707538123,True,0.8,False,0.8,False,0.8,False,0.8,False,1.3484352280653593,1.2294803409098005,True,True,0.75,0.5873259761569568,1.5312469707538123,wind_stuck_7_days,2015
13130,US-SRM,US-SRC,2015-07-27,1.25624284,1.1,1.1,0.2782363679321753,0.2782363679321753,0.18867114088184916,0.3886733857462775,0.02053343793390873,0.022480011128025387,-0.0016386996966197775,0.034249312067824667,1.0931697313213173,0.30718203349378476,1.3782363679321754,True,1.3782363679321754,True,1.3782363679321754,True,1.3782363679321754,True,1.3782363679321754,True,1.3782363679321754,True,1.1,False,1.3086772759491316,1.2686152429422695,True,True,0.75,0.6060143905536178,1.3782363679321754,wind_stuck_7_days,2015
13131,US-SRM,US-SRC,2015-08-20,1.09689816,1.9,1.9,0.7683781370695171,0.7683781370695171,0.1469420985185422,0.39774773666359453,-0.010526842490860798,0.008939173764763813,-0.011804037052130269,-0.7683781370695171,1.0931697313213173,0.30718203349378476,2.668378137069517,True,2.668378137069517,True,2.668378137069517,True,1.9,False,1.9,False,2.668378137069517,True,1.9,False,2.4762836028021376,2.202025132635643,True,True,0.75,0.39306835796698103,2.668378137069517,wind_stuck_7_days,2015
13132,US-SRM,US-SRC,2015-08-28,2.80323218,2.5,2.5,0.12310581248209584,0.12310581248209584,0.1494310835310695,0.4898686194148942,0.017862133454878578,0.014089492107855886,0.009607970468886694,0.12310581248209584,1.0931697313213173,0.30718203349378476,2.6231058124820956,True,2.6231058124820956,True,2.6231058124820956,True,2.6231058124820956,True,2.6231058124820956,True,2.6231058124820956,True,2.6231058124820956,True,2.592329359361572,2.6231058124820956,True,True,0.75,1.0,2.6231058124820956,wind_stuck_7_days,2015
13133,US-SRM,US-SRC,2015-10-23,1.53937014,1.8,1.8,-0.3375224511365208,0.3375224511365208,0.08996558073541966,0.35235175752627235,0.022962484254926665,0.021033371766201243,0.005886892331386395,0.1837372688634794,1.0931697313213173,0.30718203349378476,1.4624775488634794,True,1.4624775488634794,True,1.4624775488634794,True,1.4624775488634794,True,1.4624775488634794,True,1.4624775488634794,True,1.4624775488634794,True,1.5468581616476094,1.6632425684521823,True,True,0.75,0.40518025123164964,1.4624775488634794,wind_stuck_7_days,2015
13134,US-SRM,US-SRC,2015-10-31,1.5776853,1.7,1.7,-0.30397181081695324,0.30397181081695324,0.09747082718437237,0.42050923629346626,0.022962484254926665,0.021033371766201243,0.005886892331386395,-0.05934241081695324,1.0931697313213173,0.30718203349378476,1.3960281891830468,True,1.3960281891830468,True,1.3960281891830468,True,1.3960281891830468,True,1.3960281891830468,True,1.3960281891830468,True,1.3960281891830468,True,1.472021141887285,1.5488476536898217,True,True,0.75,0.4972577750020372,1.3960281891830468,wind_stuck_7_days,2015
13135,US-SRM,US-SRC,2015-11-24,0.6272723,0.8,0.8,-0.2831589487270477,0.2831589487270477,0.08324856181315243,0.31629537232305005,0.022962484254926665,0.021033371766201243,0.005886892331386395,0.06229645127295236,1.0931697313213173,0.30718203349378476,0.5168410512729523,True,0.5168410512729523,True,0.5168410512729523,True,0.5168410512729523,True,0.5168410512729523,True,0.5168410512729523,True,0.5168410512729523,True,0.5876307884547143,0.6335499366209576,True,True,0.75,0.5878326082482128,0.5168410512729523,wind_stuck_7_days,2015
13136,US-SRM,US-SRC,2015-12-18,0.71485893,0.6,0.6,-0.1875903795801252,0.1875903795801252,0.08537194161835292,0.3053858549251318,0.017862133454878578,0.014089492107855886,0.005886892331386395,-0.1875903795801252,1.0931697313213173,0.30718203349378476,0.4124096204198748,True,0.4124096204198748,True,0.4124096204198748,True,0.4124096204198748,True,0.4124096204198748,True,0.4124096204198748,True,0.4124096204198748,True,0.4593072153149061,0.4481999477668037,True,True,0.75,0.8092102194844064,0.4124096204198748,wind_stuck_7_days,2015
13410,US-SRS,US-SRC,2015-01-16,0.96617705,0.1,0.1,0.2951794710639794,0.2951794710639794,0.14151909370572383,0.5263130615391103,0.06634458405485733,0.05506007199768167,0.005886892331386395,0.29517947106397935,1.0931697313213173,0.30718203349378476,0.39517947106397944,True,0.39517947106397944,True,0.39517947106397944,True,0.39517947106397944,True,0.39517947106397944,True,0.39517947106397944,True,0.39517947106397944,True,0.3213846032979846,0.29662415261005687,True,True,0.75,0.6661173011162388,0.39517947106397944,wind_stuck_7_days,2015
13411,US-SRS,US-SRC,2015-01-24,0.7425686,0.4,0.4,-0.10332797687811332,0.10332797687811332,0.13759808457898104,0.4243002847458108,0.029610528592047446,0.011268208097704032,0.005886892331386395,-0.10332797687811335,1.0931697313213173,0.30718203349378476,0.2966720231218867,True,0.2966720231218867,True,0.2966720231218867,True,0.2966720231218867,True,0.2966720231218867,True,0.2966720231218867,True,0.2966720231218867,True,0.32250401734141504,0.2966720231218867,True,True,0.75,1.0,0.2966720231218867,wind_stuck_7_days,2015
13412,US-SRS,US-SRC,2015-02-17,0.9672408,0.8,0.8,0.4180032205874828,0.4180032205874828,0.09423491640157534,0.45151574930260574,0.05150151177656858,0.03967472452689335,-0.01583320653750124,-0.08352162058748286,1.0931697313213173,0.30718203349378476,1.218003220587483,True,1.218003220587483,True,1.218003220587483,True,1.218003220587483,True,1.218003220587483,True,1.218003220587483,True,0.8,False,1.1135024154406121,1.2179825462130576,True,True,0.75,0.9999505401551779,1.218003220587483,wind_stuck_7_days,2015
13413,US-SRS,US-SRC,2015-02-25,1.20725458,1.2,1.2,-0.1607878870065204,0.1607878870065204,0.0693647512819979,0.333944107605831,0.017862133454878578,0.014089492107855886,0.005886892331386395,-0.1607878870065204,1.0931697313213173,0.30718203349378476,1.0392121129934795,True,1.0392121129934795,True,1.0392121129934795,True,1.0392121129934795,True,1.0392121129934795,True,1.0392121129934795,True,1.0392121129934795,True,1.0794090847451097,1.0392121129934795,True,True,0.75,1.0,1.0392121129934795,wind_stuck_7_days,2015
13414,US-SRS,US-SRC,2015-03-05,0.91951863,0.6,0.6,0.12082537644499458,0.12082537644499458,0.08601044205361243,0.27785360837100054,0.017862133454878578,0.014089492107855886,0.005886892331386395,0.12082537644499458,1.0931697313213173,0.30718203349378476,0.7208253764449946,True,0.7208253764449946,True,0.7208253764449946,True,0.7208253764449946,True,0.7208253764449946,True,0.7208253764449946,True,0.7208253764449946,True,0.6906190323337459,0.7208253764449946,True,True,0.75,1.0,0.7208253764449946,wind_stuck_7_days,2015
13415,US-SRS,US-SRC,2015-03-13,0.5776529,1.1,1.1,0.09359145790857869,0.09359145790857869,0.10600138590248523,0.46148320573689394,0.017862133454878578,0.014089492107855886,0.005886892331386395,-0.0935914579085787,1.0931697313213173,0.30718203349378476,1.1935914579085787,True,1.1935914579085787,True,1.1935914579085787,True,1.1935914579085787,True,1.1935914579085787,True,1.1935914579085787,True,1.1935914579085787,True,1.170193593431434,1.1935914579085787,True,True,0.75,1.0,1.1935914579085787,wind_stuck_7_days,2015
13416,US-SRS,US-SRC,2015-03-29,0.649072,1.6,1.6,-0.6376396748956104,0.6376396748956104,0.17037976619177098,0.6270812872553359,0.056192547416603074,0.04863623523170852,0.005886892331386395,0.6376396748956104,1.0931697313213173,0.30718203349378476,0.9623603251043897,True,0.9623603251043897,True,0.9623603251043897,True,0.9623603251043897,True,0.9623603251043897,True,0.9623603251043897,True,0.9623603251043897,True,1.1217702438282924,1.3487386318161607,True,True,0.75,0.3940491441737435,0.9623603251043897,wind_stuck_7_days,2015
13417,US-SRS,US-SRC,2015-04-06,0.79006313,1.3,1.3,-0.5159476797018855,0.5159476797018855,0.11937241864784119,0.362671677262703,0.00929915179297359,0.0267245908849008,0.005886892331386395,0.5039260602981147,1.0931697313213173,0.30718203349378476,0.7840523202981146,True,0.7840523202981146,True,0.7840523202981146,True,0.7840523202981146,True,0.7840523202981146,True,0.7840523202981146,True,0.7840523202981146,True,0.913039240223586,0.924126073713601,True,True,0.75,0.7285117097601427,0.7840523202981146,wind_stuck_7_days,2015
13418,US-SRS,US-SRC,2015-04-14,2.23182182,2.0,2.0,-0.6271360292184294,0.6271360292184294,0.16513586818447096,0.37922920967529167,0.01580375111486085,0.04863623523170852,0.005886892331386395,-0.6271360292184294,1.0931697313213173,0.30718203349378476,1.3728639707815706,True,1.3728639707815706,True,1.3728639707815706,True,1.3728639707815706,True,1.3728639707815706,True,1.3728639707815706,True,1.3728639707815706,True,1.529647978086178,1.677795080298472,True,True,0.75,0.5137719803837087,1.3728639707815706,wind_stuck_7_days,2015
13419,US-SRS,US-SRC,2015-04-22,1.0679477,1.2,1.2,-0.26994885230709215,0.26994885230709215,0.15060176625625174,0.3256076593575895,0.022962484254926665,0.022480011128025387,0.005886892331386395,-0.005844252307092124,1.0931697313213173,0.30718203349378476,0.9300511476929079,True,0.9300511476929079,True,0.9300511476929079,True,0.9300511476929079,True,0.9300511476929079,True,0.9300511476929079,True,0.9300511476929079,True,0.9975383607696808,1.0377506954927536,True,True,0.75,0.6010372080510741,0.9300511476929079,wind_stuck_7_days,2015
13420,US-SRS,US-SRC,2015-04-23,1.0048864,0.3,0.3,0.40893950759121617,0.40893950759121617,0.15958656311343541,0.4293057583791796,0.14772554197053744,0.1583770726666444,0.008941201291560336,0.40893950759121617,1.0931697313213173,0.30718203349378476,0.7089395075912162,True,0.7089395075912162,True,0.7089395075912162,True,0.7089395075912162,True,0.7089395075912162,True,0.7089395075912162,True,0.7089395075912162,True,0.6067046306934121,0.7089395075912162,True,True,0.75,1.0,0.7089395075912162,wind_stuck_7_days,2015
13421,US-SRS,US-SRC,2015-04-30,1.05173364,1.5,1.5,-0.7512039149155796,0.7512039149155796,0.13741330056670822,0.41150516361425904,0.005984420857482892,0.06786732056564347,-0.0016386996966197775,0.1453288050844206,1.0931697313213173,0.30718203349378476,0.7487960850844204,True,0.7487960850844204,True,0.7487960850844204,True,0.7487960850844204,True,0.7487960850844204,True,0.7487960850844204,True,1.5,False,0.9365970638133153,1.2577513021308684,True,True,0.75,0.3224806115345598,0.7487960850844204,wind_stuck_7_days,2015
13422,US-SRS,US-SRC,2015-05-08,1.13108165,0.9,0.9,0.2966650083282191,0.2966650083282191,0.15630287371454435,0.41694879288323233,0.022962484254926665,0.02646709839526756,0.005886892331386395,0.16549829167178093,1.0931697313213173,0.30718203349378476,1.196665008328219,True,1.196665008328219,True,1.196665008328219,True,1.196665008328219,True,1.196665008328219,True,1.196665008328219,True,1.196665008328219,True,1.1224987562461644,1.0633748139508459,True,True,0.75,0.5507046984459119,1.196665008328219,wind_stuck_7_days,2015
13423,US-SRS,US-SRC,2015-05-09,0.71404348,1.3,1.3,0.21437011602597775,0.21437011602597775,0.1159063804360466,0.3375537596800163,0.017862133454878578,0.015536131469680026,0.005886892331386395,-0.21437011602597777,1.0931697313213173,0.30718203349378476,1.5143701160259777,True,1.5143701160259777,True,1.5143701160259777,True,1.5143701160259777,True,1.5143701160259777,True,1.5143701160259777,True,1.5143701160259777,True,1.4607775870194835,1.443512890868933,True,True,0.75,0.6694631394029842,1.5143701160259777,wind_stuck_7_days,2015
13424,US-SRS,US-SRC,2015-05-16,3.63409472,2.5,2.5,-0.25121594954883,0.25121594954883,0.20902338599741568,0.3826926889331498,0.02053343793390873,0.014631131603596505,0.009607970468886694,-0.25121594954883,1.0931697313213173,0.30718203349378476,2.24878405045117,True,2.24878405045117,True,2.24878405045117,True,2.24878405045117,True,2.24878405045117,True,2.24878405045117,True,2.24878405045117,True,2.3115880378383773,2.3765021823790105,True,True,0.75,0.49160022619099075,2.24878405045117,wind_stuck_7_days,2015
13425,US-SRS,US-SRC,2015-05-24,0.80989611,1.4,1.4,-0.016957296334176572,0.016957296334176572,0.10473231481415717,0.43384337257282723,0.017862133454878578,0.015536131469680026,0.005886892331386395,0.01695729633417653,1.0931697313213173,0.30718203349378476,1.3830427036658233,True,1.3830427036658233,True,1.3830427036658233,True,1.3830427036658233,True,1.3830427036658233,True,1.3830427036658233,True,1.3830427036658233,True,1.3872820277493674,1.3830427036658233,True,True,0.75,1.0,1.3830427036658233,wind_stuck_7_days,2015
13426,US-SRS,US-SRC,2015-06-01,0.94353132,1.6,1.6,-0.6872754163428169,0.6872754163428169,0.13034913605457585,0.45321359358662827,0.0028294003912879813,0.07434322494661928,-0.0023858715664631072,0.6256619436571834,1.0931697313213173,0.30718203349378476,0.9127245836571832,True,0.9127245836571832,True,0.9127245836571832,True,0.9127245836571832,True,0.9127245836571832,True,0.9127245836571832,True,1.6,False,1.0845434377428873,1.3590497911283759,True,True,0.75,0.3505875565196078,0.9127245836571832,wind_stuck_7_days,2015
13427,US-SRS,US-SRC,2015-07-19,1.41379466,2.8,2.8,0.7712577741202508,0.7712577741202508,0.2192386626117952,0.3935783188584919,-0.043785422293200905,0.03282638655631655,-0.03452029838097104,-0.7712577741202506,1.0931697313213173,0.30718203349378476,3.5712577741202507,True,3.5712577741202507,True,3.5712577741202507,True,2.8,False,2.8,False,3.5712577741202507,True,2.8,False,3.378443330590188,3.065882578405197,True,True,0.75,0.3447389281858207,3.5712577741202507,wind_stuck_7_days,2015
13428,US-SRS,US-SRC,2015-07-27,1.04373723,1.8,1.8,-0.027137610953790303,0.027137610953790303,0.14483712259784123,0.4068427790133963,0.017862133454878578,0.015536131469680026,-0.0016386996966197775,0.027137610953790303,1.0931697313213173,0.30718203349378476,1.7728623890462099,True,1.7728623890462099,True,1.7728623890462099,True,1.7728623890462099,True,1.7728623890462099,True,1.7728623890462099,True,1.8,False,1.7796467917846572,1.7728623890462099,True,True,0.75,1.0,1.7728623890462099,wind_stuck_7_days,2015
13429,US-SRS,US-SRC,2015-08-04,2.75284229,2.7,2.7,-0.5658852042856692,0.5658852042856692,0.18993999216688356,0.4354040832029006,0.010219684327648002,0.03888917681824761,0.0013352065710371909,-0.5658852042856692,1.0931697313213173,0.30718203349378476,2.134114795714331,True,2.134114795714331,True,2.134114795714331,True,2.134114795714331,True,2.134114795714331,True,2.134114795714331,True,2.134114795714331,True,2.2755860967857484,2.34606538476444,True,True,0.75,0.6254530292629589,2.134114795714331,wind_stuck_7_days,2015
13430,US-SRS,US-SRC,2015-08-12,2.24683165,1.9,1.9,0.4070286225762259,0.4070286225762259,0.14992596017013377,0.38960305062403494,0.03471509014698725,0.039469742913528984,0.008941201291560336,0.28663467742377396,1.0931697313213173,0.30718203349378476,2.307028622576226,True,2.307028622576226,True,2.307028622576226,True,2.307028622576226,True,2.307028622576226,True,2.307028622576226,True,2.307028622576226,True,2.205271466932169,2.266484027875862,True,True,0.75,0.9003888364318384,2.307028622576226,wind_stuck_7_days,2015
13431,US-SRS,US-SRC,2015-08-20,1.03568392,1.9,1.9,0.7683781370695171,0.7683781370695171,0.1469420985185422,0.39774773666359453,-0.010526842490860798,0.008939173764763813,-0.011804037052130269,-0.7683781370695171,1.0931697313213173,0.30718203349378476,2.668378137069517,True,2.668378137069517,True,2.668378137069517,True,1.9,False,1.9,False,2.668378137069517,True,1.9,False,2.4762836028021376,2.202025132635643,True,True,0.75,0.39306835796698103,2.668378137069517,wind_stuck_7_days,2015
13432,US-SRS,US-SRC,2015-08-28,2.720751,2.9,2.9,0.03255742213132603,0.03255742213132603,0.1970653187695589,0.4576923992068071,0.015433087133860643,0.014089492107855886,0.009607970468886694,-0.032557422131326036,1.0931697313213173,0.30718203349378476,2.932557422131326,True,2.932557422131326,True,2.932557422131326,True,2.932557422131326,True,2.932557422131326,True,2.932557422131326,True,2.932557422131326,True,2.9244180665984945,2.932557422131326,True,True,0.75,1.0,2.932557422131326,wind_stuck_7_days,2015
13433,US-SRS,US-SRC,2015-10-23,1.83174857,1.8,1.8,-0.3375224511365208,0.3375224511365208,0.08996558073541966,0.35235175752627235,0.022962484254926665,0.021033371766201243,0.005886892331386395,-0.3375224511365208,1.0931697313213173,0.30718203349378476,1.4624775488634794,True,1.4624775488634794,True,1.4624775488634794,True,1.4624775488634794,True,1.4624775488634794,True,1.4624775488634794,True,1.4624775488634794,True,1.5468581616476094,1.6632425684521823,True,True,0.75,0.40518025123164964,1.4624775488634794,wind_stuck_7_days,2015
13434,US-SRS,US-SRC,2015-10-31,1.86313058,2.0,2.0,-0.3244041304508074,0.3244041304508074,0.11137596610232656,0.44740020745691955,0.022962484254926665,0.021033371766201243,0.005886892331386395,-0.050665290450807365,1.0931697313213173,0.30718203349378476,1.6755958695491926,True,1.6755958695491926,True,1.6755958695491926,True,1.6755958695491926,True,1.6755958695491926,True,1.6755958695491926,True,1.6755958695491926,True,1.7566969021618943,1.8570383975390488,True,True,0.75,0.44068983419626945,1.6755958695491926,wind_stuck_7_days,2015
13435,US-SRS,US-SRC,2015-11-08,1.20103138,0.9,0.9,-0.3917276687266617,0.3917276687266617,0.11083658453305426,0.3554985278529561,0.07361096844563259,0.09372279897009979,0.005886892331386395,-0.39172766872666165,1.0931697313213173,0.30718203349378476,0.5082723312733384,True,0.5082723312733384,True,0.5082723312733384,True,0.5082723312733384,True,0.5082723312733384,True,0.5082723312733384,True,0.5082723312733384,True,0.6062042484550038,0.5304640680461121,True,True,0.75,0.9433490699165835,0.5082723312733384,wind_stuck_7_days,2015
13436,US-SRS,US-SRC,2015-11-24,0.72663053,0.8,0.8,-0.2831589487270477,0.2831589487270477,0.08324856181315243,0.31629537232305005,0.022962484254926665,0.021033371766201243,0.005886892331386395,-0.13642000872704763,1.0931697313213173,0.30718203349378476,0.5168410512729523,True,0.5168410512729523,True,0.5168410512729523,True,0.5168410512729523,True,0.5168410512729523,True,0.5168410512729523,True,0.5168410512729523,True,0.5876307884547143,0.6335499366209576,True,True,0.75,0.5878326082482128,0.5168410512729523,wind_stuck_7_days,2015
13437,US-SRS,US-SRC,2015-12-18,0.8728019,0.4,0.4,-0.09359532897889733,0.09359532897889733,0.09838784093211428,0.27146910574715355,0.029610528592047446,0.011268208097704032,0.005886892331386395,-0.09359532897889733,1.0931697313213173,0.30718203349378476,0.3064046710211027,True,0.3064046710211027,True,0.3064046710211027,True,0.3064046710211027,True,0.3064046710211027,True,0.3064046710211027,True,0.3064046710211027,True,0.329803503265827,0.3064046710211027,True,True,0.75,1.0,0.3064046710211027,wind_stuck_7_days,2015
13438,US-SRS,US-SRC,2015-12-26,0.6609041,0.3,0.3,0.3691898544994814,0.3691898544994814,0.1763787109432003,0.3358906279739823,0.10319785527118476,0.10666630860817096,0.0012810480540339452,0.3526183455005186,1.0931697313213173,0.30718203349378476,0.6691898544994814,True,0.6691898544994814,True,0.6691898544994814,True,0.6691898544994814,True,0.6691898544994814,True,0.6691898544994814,True,0.6691898544994814,True,0.5768923908746111,0.510879885758074,True,True,0.75,0.5711963186094818,0.6691898544994814,wind_stuck_7_days,2015
14082,US-Srr,US-Srr,2015-02-17,1.25498753,1.9,1.9,-0.2364745257776338,0.2364745257776338,0.14535436338921912,0.49878062199718054,0.017862133454878578,0.014089492107855886,0.0012810480540339452,0.23647452577763384,1.0931697313213173,0.30718203349378476,1.6635254742223662,True,1.6635254742223662,True,1.6635254742223662,True,1.6635254742223662,True,1.6635254742223662,True,1.6635254742223662,True,1.6635254742223662,True,1.7226441056667745,1.7665278615563493,True,True,0.75,0.564425017894569,1.6635254742223662,wind_stuck_7_days,2015
14083,US-Srr,US-Srr,2015-02-25,2.38901189,1.7,1.7,-0.1405118886023931,0.1405118886023931,0.10455536115887905,0.3713730951405522,0.017862133454878578,0.014089492107855886,0.006542861003432963,-0.14051188860239305,1.0931697313213173,0.30718203349378476,1.559488111397607,True,1.559488111397607,True,1.559488111397607,True,1.559488111397607,True,1.559488111397607,True,1.559488111397607,True,1.559488111397607,True,1.594616083548205,1.559488111397607,True,True,0.75,1.0,1.559488111397607,wind_stuck_7_days,2015
14084,US-Srr,US-Srr,2015-03-05,2.71016248,2.2,2.2,-0.24991707250419312,0.24991707250419312,0.12647487456562925,0.3379709728181234,0.022962484254926665,0.021033371766201243,0.007702138166582763,-0.24991707250419315,1.0931697313213173,0.30718203349378476,1.9500829274958071,True,1.9500829274958071,True,1.9500829274958071,True,1.9500829274958071,True,1.9500829274958071,True,1.9500829274958071,True,1.9500829274958071,True,2.0125621956218556,2.0734515371377844,True,True,0.75,0.506361816718594,1.9500829274958071,wind_stuck_7_days,2015
14085,US-Srr,US-Srr,2015-03-13,2.31470763,2.0,2.0,0.10434801782898254,0.10434801782898254,0.11214818602574972,0.3825947109683846,0.017862133454878578,0.014089492107855886,0.005886892331386395,0.10434801782898254,1.0931697313213173,0.30718203349378476,2.1043480178289826,True,2.1043480178289826,True,2.1043480178289826,True,2.1043480178289826,True,2.1043480178289826,True,2.1043480178289826,True,2.1043480178289826,True,2.078261013371737,2.1043480178289826,True,True,0.75,1.0,2.1043480178289826,wind_stuck_7_days,2015
14086,US-Srr,US-Srr,2015-03-21,2.50085976,3.1,3.1,-0.4127068811698978,0.4127068811698978,0.09945313539031501,0.45378997109063535,0.0739446799771655,0.0952160442000979,0.009607970468886694,0.4127068811698978,1.0931697313213173,0.30718203349378476,2.687293118830102,True,2.687293118830102,True,2.687293118830102,True,2.687293118830102,True,2.687293118830102,True,2.687293118830102,True,2.687293118830102,True,2.7904698391225766,2.723485179249853,True,True,0.75,0.9123056530650583,2.687293118830102,wind_stuck_7_days,2015
14087,US-Srr,US-Srr,2015-03-29,3.16254201,3.7,3.7,-0.3233157567269052,0.3233157567269052,0.17314952249684665,0.4973372857908679,-0.002808438096981725,0.0023381321272893797,0.009607970468886694,0.3233157567269052,1.0931697313213173,0.30718203349378476,3.376684243273095,True,3.376684243273095,True,3.376684243273095,True,3.7,False,3.7,False,3.376684243273095,True,3.376684243273095,True,3.457513182454821,3.557518032774979,True,True,0.75,0.44068983419626945,3.376684243273095,wind_stuck_7_days,2015
14088,US-Srr,US-Srr,2015-04-06,2.95069981,2.1,2.1,-0.02334480870744133,0.02334480870744133,0.11452278097301873,0.45368123105745645,0.017862133454878578,0.014089492107855886,0.005886892331386395,-0.023344808707441378,1.0931697313213173,0.30718203349378476,2.076655191292559,True,2.076655191292559,True,2.076655191292559,True,2.076655191292559,True,2.076655191292559,True,2.076655191292559,True,2.076655191292559,True,2.082491393469419,2.076655191292559,True,True,0.75,1.0,2.076655191292559,wind_stuck_7_days,2015
14089,US-Srr,US-Srr,2015-04-14,3.85169281,4.1,4.1,-0.5065582484034332,0.5065582484034332,0.1533394010195643,0.4568894704584604,0.062362503253734596,0.051309823546650646,0.011153954727089748,-0.009943868403433642,1.0931697313213173,0.30718203349378476,3.5934417515965666,True,3.5934417515965666,True,3.5934417515965666,True,3.5934417515965666,True,3.5934417515965666,True,3.5934417515965666,True,3.5934417515965666,True,3.720081313697425,3.730501541448956,True,True,0.75,0.7294293592407711,3.5934417515965666,wind_stuck_7_days,2015
14090,US-Srr,US-Srr,2015-04-22,3.0432404,4.6,4.6,-1.2900072282740347,1.2900072282740347,0.14416475589807834,0.4334881473412893,-0.12442962856881665,-0.17928437666652103,-0.012921817247743066,1.2900072282740347,1.0931697313213173,0.30718203349378476,3.309992771725965,True,3.309992771725965,True,3.309992771725965,True,4.6,False,4.6,False,4.6,False,4.6,False,3.6324945787944736,4.189496118236482,True,True,0.75,0.31821828030587945,3.309992771725965,wind_stuck_7_days,2015
14091,US-Srr,US-Srr,2015-04-30,4.53714153,4.9,4.9,-0.8137994825954262,0.8137994825954262,0.17371253823487548,0.5213915209497288,-0.020412966413568864,-0.06776206648631977,0.011153954727089748,-0.08808254259542636,1.0931697313213173,0.30718203349378476,4.086200517404574,True,4.086200517404574,True,4.086200517404574,True,4.9,False,4.9,False,4.9,False,4.086200517404574,True,4.289650388053431,4.732494523885831,True,True,0.75,0.20583138684230834,4.086200517404574,wind_stuck_7_days,2015
14092,US-Srr,US-Srr,2015-05-08,3.3405528,4.0,4.0,-1.0316961304274468,1.0316961304274468,0.16811655987066687,0.33151739331655106,-0.025479618687068228,-0.005303036092745564,-0.021180011971207342,0.2871982695725528,1.0931697313213173,0.30718203349378476,2.968303869572553,True,2.968303869572553,True,2.968303869572553,True,4.0,False,4.0,False,4.0,False,4.0,False,3.226227902179415,3.5273327884916177,True,True,0.75,0.4581457636295964,2.968303869572553,wind_stuck_7_days,2015
14093,US-Srr,US-Srr,2015-05-16,3.56251465,3.2,3.2,-0.21745916573680152,0.21745916573680152,0.1198764813890118,0.4400846914714146,-0.007660849551286776,-0.0034623257192325876,0.009607970468886694,-0.21745916573680146,1.0931697313213173,0.30718203349378476,2.9825408342631987,True,2.9825408342631987,True,2.9825408342631987,True,3.2,False,3.2,False,3.2,False,2.9825408342631987,True,3.036905625697399,3.056386101114841,True,True,0.75,0.6604177772804486,2.9825408342631987,wind_stuck_7_days,2015
14094,US-Srr,US-Srr,2015-05-24,3.52127406,5.5,5.5,-1.024336629772241,1.024336629772241,0.2920881030854794,0.5399662983357398,0.13605150523697065,0.19804305486134968,-0.029190067610227074,1.024336629772241,1.0931697313213173,0.30718203349378476,4.475663370227759,True,4.475663370227759,True,4.475663370227759,True,4.475663370227759,True,4.475663370227759,True,4.475663370227759,True,5.5,False,4.731747527670819,4.475663370227759,True,True,0.75,1.0,4.475663370227759,wind_stuck_7_days,2015
14095,US-Srr,US-Srr,2015-06-25,5.780142,6.1,6.1,-0.7033084680989956,0.7033084680989956,0.18959661338982886,0.47765930915486676,-0.06272964109575811,-0.04791299392099461,0.0028811908292402464,-0.06359246809899566,1.0931697313213173,0.30718203349378476,5.396691531901004,True,5.396691531901004,True,5.396691531901004,True,6.1,False,6.1,False,6.1,False,5.396691531901004,True,5.572518648925753,6.0224234048615335,True,True,0.75,0.11030237606572761,5.396691531901004,wind_stuck_7_days,2015
14096,US-Srr,US-Srr,2015-07-03,5.45197415,5.6,5.6,-0.5669116111238334,0.5669116111238334,0.19362612506297366,0.6171364023889782,-0.02209290544827283,-0.06298816728551872,0.0028811908292402464,-0.2708599111238338,1.0931697313213173,0.30718203349378476,5.033088388876166,True,5.033088388876166,True,5.033088388876166,True,5.6,False,5.6,False,5.6,False,5.033088388876166,True,5.174816291657125,5.530288202613868,True,True,0.75,0.12296766553772942,5.033088388876166,wind_stuck_7_days,2015
14097,US-Srr,US-Srr,2015-07-11,4.43599556,5.6,5.6,-0.07363455210311574,0.07363455210311574,0.15523182780971206,0.3552868534398491,-0.0016938580988835562,0.010382121704348104,0.011153954727089748,0.07363455210311565,1.0931697313213173,0.30718203349378476,5.526365447896884,True,5.526365447896884,True,5.526365447896884,True,5.6,False,5.6,False,5.526365447896884,True,5.526365447896884,True,5.544774085922663,5.526365447896884,True,True,0.75,1.0,5.526365447896884,wind_stuck_7_days,2015
14098,US-Srr,US-Srr,2015-07-27,5.65314148,5.4,5.4,-0.508551446061906,0.508551446061906,0.2159862994597131,0.5452556003441742,-0.05483289799538437,-0.0658088177966438,0.0028811908292402464,-0.508551446061906,1.0931697313213173,0.30718203349378476,4.891448553938094,True,4.891448553938094,True,4.891448553938094,True,5.4,False,5.4,False,5.4,False,4.891448553938094,True,5.018586415453571,5.331034865115805,True,True,0.75,0.13561093065066265,4.891448553938094,wind_stuck_7_days,2015
14099,US-Srr,US-Srr,2015-08-12,4.00868261,5.1,5.1,-0.47616201608920183,0.47616201608920183,0.18576971439035384,0.5056612597954669,-0.0015610194111879475,-0.0039633252696810155,0.011153954727089748,0.47616201608920183,1.0931697313213173,0.30718203349378476,4.623837983910798,True,4.623837983910798,True,4.623837983910798,True,5.1,False,5.1,False,5.1,False,4.623837983910798,True,4.7428784879330985,4.795010672619691,True,True,0.75,0.6405158687062797,4.623837983910798,wind_stuck_7_days,2015
14100,US-Srr,US-Srr,2015-08-20,2.84309559,4.8,4.8,-0.0001217602824677408,0.0001217602824677408,0.16577351408305704,0.44035008288126554,-0.007908788897029813,0.0015479448072244222,0.011153954727089748,0.00012176028246768666,1.0931697313213173,0.30718203349378476,4.799878239717532,True,4.799878239717532,True,4.799878239717532,True,4.8,False,4.8,False,4.799878239717532,True,4.799878239717532,True,4.799908679788149,4.799878239717532,True,True,0.75,1.0,4.799878239717532,wind_stuck_7_days,2015
14101,US-Srr,US-Srr,2015-09-05,3.76546799,3.5,3.5,-1.1162605261667882,1.1162605261667882,0.23105873723033693,0.4339261113922145,-0.1481477144211931,-0.09316193760483815,-0.022725996229410406,-1.1162605261667882,1.0931697313213173,0.30718203349378476,2.383739473833212,True,2.383739473833212,True,2.383739473833212,True,3.5,False,3.5,False,3.5,False,3.5,False,2.662804605374909,3.223759837639324,True,True,0.75,0.24746925640135103,2.383739473833212,wind_stuck_7_days,2015
14102,US-Srr,US-Srr,2015-09-21,3.94154627,3.0,3.0,-0.3050846155092275,0.3050846155092275,0.1610114440886491,0.5410758981015527,0.022962484254926665,0.022480011128025387,0.009607970468886694,-0.3050846155092275,1.0931697313213173,0.30718203349378476,2.6949153844907725,True,2.6949153844907725,True,2.6949153844907725,True,2.6949153844907725,True,2.6949153844907725,True,2.6949153844907725,True,2.6949153844907725,True,2.771186538368079,2.8468233470089546,True,True,0.75,0.5020792436071312,2.6949153844907725,wind_stuck_7_days,2015
14103,US-Srr,US-Srr,2015-09-29,3.20222928,3.5,3.5,-0.05483702949007576,0.05483702949007576,0.17627520728913085,0.33145065629010706,-0.01008989587230471,-0.0034623257192325876,0.009607970468886694,0.05483702949007577,1.0931697313213173,0.30718203349378476,3.4451629705099243,True,3.4451629705099243,True,3.4451629705099243,True,3.5,False,3.5,False,3.5,False,3.4451629705099243,True,3.458872227882443,3.4451629705099243,True,True,0.75,1.0,3.4451629705099243,wind_stuck_7_days,2015
14104,US-Srr,US-Srr,2015-10-07,2.95508629,2.4,2.4,-0.45966045579360315,0.45966045579360315,0.09337962465065708,0.27889357071639465,0.09192583796447631,0.1100428467643639,0.007702138166582763,-0.45966045579360326,1.0931697313213173,0.30718203349378476,1.9403395442063966,True,1.9403395442063966,True,1.9403395442063966,True,1.9403395442063966,True,1.9403395442063966,True,1.9403395442063966,True,1.9403395442063966,True,2.0552546581547975,2.0529600106855104,True,True,0.75,0.7549920488925363,1.9403395442063966,wind_stuck_7_days,2015
14105,US-Srr,US-Srr,2015-10-23,2.37692703,1.0,1.0,-0.3967178914536639,0.3967178914536639,0.10835359131745807,0.39021088865789344,0.07361096844563259,0.09372279897009979,0.005886892331386395,-0.396717891453664,1.0931697313213173,0.30718203349378476,0.6032821085463361,True,0.6032821085463361,True,0.6032821085463361,True,0.6032821085463361,True,0.6032821085463361,True,0.6032821085463361,True,0.6032821085463361,True,0.7024615814097521,0.6472236391557473,True,True,0.75,0.8892373357591727,0.6032821085463361,wind_stuck_7_days,2015
14106,US-Srr,US-Srr,2015-10-31,2.34348559,2.1,2.1,-0.43050586688803383,0.43050586688803383,0.1317110495752403,0.43365604660969986,0.09192583796447631,0.1100428467643639,0.005886892331386395,-0.43050586688803383,1.0931697313213173,0.30718203349378476,1.6694941331119661,True,1.6694941331119661,True,1.6694941331119661,True,1.6694941331119661,True,1.6694941331119661,True,1.6694941331119661,True,1.6694941331119661,True,1.7771205998339747,1.7293671879897703,True,True,0.75,0.8609239513723612,1.6694941331119661,wind_stuck_7_days,2015
14107,US-Srr,US-Srr,2015-11-16,2.25600823,0.9,0.9,0.07895484168829495,0.07895484168829495,0.1422155322445817,0.42084920154320454,0.017862133454878578,0.014089492107855886,0.005886892331386395,0.07895484168829503,1.0931697313213173,0.30718203349378476,0.9789548416882949,True,0.9789548416882949,True,0.9789548416882949,True,0.9789548416882949,True,0.9789548416882949,True,0.9789548416882949,True,0.9789548416882949,True,0.9592161312662212,0.9789548416882949,True,True,0.75,1.0,0.9789548416882949,wind_stuck_7_days,2015
14228,US-Tw3,US-Bi1,2015-02-09,2.13017666,1.1,1.1,0.5821723497995283,0.5821723497995283,0.27724819328148054,0.6779714370131894,0.10736253474269151,0.049793635511215455,-0.09118032676106806,0.5821723497995283,1.0931697313213173,0.30718203349378476,1.6821723497995285,True,1.6821723497995285,True,1.6821723497995285,True,1.6821723497995285,True,1.6821723497995285,True,1.6821723497995285,True,1.1,False,1.5366292623496463,1.680633309254321,True,True,0.75,0.9973563833017196,1.6821723497995285,wind_stuck_7_days,2015
14229,US-Tw3,US-Bi1,2015-02-25,1.62418365,1.8,1.8,-0.22616710790842945,0.22616710790842945,0.10350866721656202,0.3628580768047393,0.017862133454878578,0.014089492107855886,0.006542861003432963,0.12546559209157068,1.0931697313213173,0.30718203349378476,1.5738328920915705,True,1.5738328920915705,True,1.5738328920915705,True,1.5738328920915705,True,1.5738328920915705,True,1.5738328920915705,True,1.5738328920915705,True,1.630374669068678,1.6612383481950654,True,True,0.75,0.6135359517490779,1.5738328920915705,wind_stuck_7_days,2015
14230,US-Tw3,US-Bi1,2015-03-05,2.15813283,2.1,2.1,-0.22030706878670406,0.22030706878670406,0.1130542817161789,0.368564703098205,0.017862133454878578,0.014089492107855886,0.005886892331386395,-0.22030706878670403,1.0931697313213173,0.30718203349378476,1.879692931213296,True,1.879692931213296,True,1.879692931213296,True,1.879692931213296,True,1.879692931213296,True,1.879692931213296,True,1.879692931213296,True,1.934769698409972,1.9570269207226791,True,True,0.75,0.6489718194913847,1.879692931213296,wind_stuck_7_days,2015
14231,US-Tw3,US-Bi1,2015-03-13,2.4187816,2.1,2.1,0.0888446548597733,0.0888446548597733,0.10896197721726926,0.35618478259843206,0.017862133454878578,0.014089492107855886,0.005886892331386395,0.0888446548597733,1.0931697313213173,0.30718203349378476,2.1888446548597735,True,2.1888446548597735,True,2.1888446548597735,True,2.1888446548597735,True,2.1888446548597735,True,2.1888446548597735,True,2.1888446548597735,True,2.16663349114483,2.1888446548597735,True,True,0.75,1.0,2.1888446548597735,wind_stuck_7_days,2015
14232,US-Tw3,US-Bi1,2015-03-21,2.84487961,2.5,2.5,-0.057859600775155395,0.057859600775155395,0.09890492862309884,0.36643730084853116,0.017862133454878578,0.014089492107855886,0.009607970468886694,-0.057859600775155395,1.0931697313213173,0.30718203349378476,2.4421403992248445,True,2.4421403992248445,True,2.4421403992248445,True,2.4421403992248445,True,2.4421403992248445,True,2.4421403992248445,True,2.4421403992248445,True,2.4566052994186336,2.4421403992248445,True,True,0.75,1.0,2.4421403992248445,wind_stuck_7_days,2015
14233,US-Tw3,US-Bi1,2015-03-29,4.1043866,3.1,3.1,-0.2267363087268283,0.2267363087268283,0.1832214501195358,0.4472731730946468,-0.002548070853450217,0.0039697425200461356,0.009607970468886694,-0.22673630872682837,1.0931697313213173,0.30718203349378476,2.8732636912731717,True,2.8732636912731717,True,2.8732636912731717,True,3.1,False,3.1,False,2.8732636912731717,True,2.8732636912731717,True,2.9299477684548787,2.960889123029213,True,True,0.75,0.6135359517490779,2.8732636912731717,wind_stuck_7_days,2015
14234,US-Tw3,US-Bi1,2015-04-14,4.34352438,3.3,3.3,-0.10212415279421232,0.10212415279421232,0.14890006111222387,0.3369017149766206,-0.007660849551286776,-0.0034623257192325876,0.009607970468886694,-0.10212415279421228,1.0931697313213173,0.30718203349378476,3.1978758472057875,True,3.1978758472057875,True,3.1978758472057875,True,3.3,False,3.3,False,3.3,False,3.1978758472057875,True,3.2234068854043407,3.1978758472057875,True,True,0.75,1.0,3.1978758472057875,wind_stuck_7_days,2015
14235,US-Tw3,US-Bi1,2015-04-22,2.04026554,1.8,1.8,-0.01363394098700397,0.01363394098700397,0.17037015325439278,0.4394589248939142,0.01761419410913554,0.014089492107855886,0.005886892331386395,-0.01363394098700399,1.0931697313213173,0.30718203349378476,1.7863660590129962,True,1.7863660590129962,True,1.7863660590129962,True,1.7863660590129962,True,1.7863660590129962,True,1.7863660590129962,True,1.7863660590129962,True,1.789774544259747,1.7863660590129962,True,True,0.75,1.0,1.7863660590129962,wind_stuck_7_days,2015
14236,US-Tw3,US-Bi1,2015-04-30,4.58854277,3.1,3.1,-0.8180365675225477,0.8180365675225477,0.13544970166954884,0.5255920097371565,-0.033789086733082854,-0.01691648111776686,0.009607970468886694,-0.8180365675225478,1.0931697313213173,0.30718203349378476,2.2819634324774523,True,2.2819634324774523,True,2.2819634324774523,True,3.1,False,3.1,False,3.1,False,2.2819634324774523,True,2.486472574358089,2.9201280703849335,True,True,0.75,0.21988250495917916,2.2819634324774523,wind_stuck_7_days,2015
14237,US-Tw3,US-Bi1,2015-05-08,3.98565894,3.2,3.2,-0.5862004483783635,0.5862004483783635,0.08504119169311913,0.4000517275170635,0.07626807838363976,0.06906622684017674,0.009607970468886694,-0.5862004483783636,1.0931697313213173,0.30718203349378476,2.6137995516216366,True,2.6137995516216366,True,2.6137995516216366,True,2.6137995516216366,True,2.6137995516216366,True,2.6137995516216366,True,2.6137995516216366,True,2.7603496637162275,2.7335105124574364,True,True,0.75,0.7957849381266043,2.6137995516216366,wind_stuck_7_days,2015
14238,US-Tw3,US-Bi1,2015-05-16,5.11400203,3.9,3.9,-0.794272746167237,0.794272746167237,0.11874034064020648,0.39617205313212606,-0.03685441600418157,-0.03321006744983941,0.011153954727089748,-0.7942727461672372,1.0931697313213173,0.30718203349378476,3.1057272538327627,True,3.1057272538327627,True,3.1057272538327627,True,3.9,False,3.9,False,3.9,False,3.1057272538327627,True,3.304295440374572,3.5599915934316004,True,True,0.75,0.42807512684919613,3.1057272538327627,wind_stuck_7_days,2015
14239,US-Tw3,US-Bi1,2015-05-24,5.05260628,4.7,4.7,-0.6563929782077496,0.6563929782077496,0.18853080696140107,0.34304231696182147,-0.015424753963964912,-0.01142349101750375,0.011153954727089748,-0.6563929782077496,1.0931697313213173,0.30718203349378476,4.04360702179225,True,4.04360702179225,True,4.04360702179225,True,4.7,False,4.7,False,4.7,False,4.04360702179225,True,4.207705266344188,4.492478056429941,True,True,0.75,0.3161550328230025,4.04360702179225,wind_stuck_7_days,2015
14240,US-Tw3,US-Bi1,2015-06-01,4.91630647,5.1,5.1,-0.6594814816552569,0.6594814816552569,0.21347546722830005,0.3938169760231255,-0.009457762511561687,-0.0011426747585559357,0.011153954727089748,-0.29209442165525823,1.0931697313213173,0.30718203349378476,4.440518518344743,True,4.440518518344743,True,4.440518518344743,True,5.1,False,5.1,False,5.1,False,4.440518518344743,True,4.605388888758557,4.89150161052112,True,True,0.75,0.3161550328230025,4.440518518344743,wind_stuck_7_days,2015
14241,US-Tw3,US-Bi1,2015-06-25,7.8071209,7.0,7.0,-0.07695395281324849,0.07695395281324849,0.20913350373543094,0.6139563403243473,-0.02794455369309195,0.009662838193850602,0.0013719041882805229,-0.07695395281324846,1.0931697313213173,0.30718203349378476,6.923046047186752,True,6.923046047186752,True,6.923046047186752,True,7.0,False,7.0,False,6.923046047186752,True,6.923046047186752,True,6.942284535390064,7.0,True,False,0.75,0.0,6.923046047186752,wind_stuck_7_days,2015
14242,US-Tw3,US-Bi1,2015-07-03,7.51709199,7.0,7.0,0.0119800540608622,0.0119800540608622,0.22908374154573508,0.40529430089583124,-0.02794455369309195,0.009662838193850602,0.0013719041882805229,0.011980054060862222,1.0931697313213173,0.30718203349378476,7.011980054060862,True,7.011980054060862,True,7.011980054060862,True,7.0,False,7.0,False,7.011980054060862,True,7.011980054060862,True,7.008985040545647,7.0,True,False,0.75,0.0,7.011980054060862,wind_stuck_7_days,2015
14243,US-Tw3,US-Bi1,2015-07-11,6.10767733,6.4,6.4,-0.19420004950681077,0.19420004950681077,0.1567290463369614,0.42777316957855877,-0.021746962752177346,0.011828761066172241,0.011153954727089748,0.19420004950681077,1.0931697313213173,0.30718203349378476,6.20579995049319,True,6.20579995049319,True,6.20579995049319,True,6.4,False,6.4,False,6.20579995049319,True,6.20579995049319,True,6.254349962869893,6.20579995049319,True,True,0.75,1.0,6.20579995049319,wind_stuck_7_days,2015
14244,US-Tw3,US-Bi1,2015-07-19,5.55709161,6.5,6.5,-0.07492117528980459,0.07492117528980459,0.14029950159712293,0.33491541605612296,-0.04416641412546853,-0.009414519426877868,0.0028811908292402464,0.07492117528980458,1.0931697313213173,0.30718203349378476,6.425078824710195,True,6.425078824710195,True,6.425078824710195,True,6.5,False,6.5,False,6.5,False,6.425078824710195,True,6.443809118532647,6.5,True,False,0.75,0.0,6.425078824710195,wind_stuck_7_days,2015
14245,US-Tw3,US-Bi1,2015-07-27,2.58551807,3.5,3.5,-0.4872979902048683,0.4872979902048683,0.3773144347647879,0.6426204419703263,-0.029950294713903612,-0.033936144488279085,-0.013723028317468858,0.4872979902048683,1.0931697313213173,0.30718203349378476,3.012702009795132,True,3.5,False,3.012702009795132,True,3.5,False,3.5,False,3.5,False,3.5,False,3.1345265073463486,3.0710630800289604,True,True,0.75,0.8802353561743756,3.012702009795132,wind_stuck_7_days,2015
14246,US-Tw3,US-Bi1,2015-08-12,4.52755502,4.3,4.3,-1.295096181138791,1.295096181138791,0.2521341557739851,0.4531142077880075,-0.20569791527151648,-0.1413654736141175,-0.012921817247743066,-1.295096181138791,1.0931697313213173,0.30718203349378476,3.0049038188612087,True,3.0049038188612087,True,3.0049038188612087,True,4.3,False,4.3,False,4.3,False,4.3,False,3.3286778641459067,3.950347759471526,True,True,0.75,0.269981678288188,3.0049038188612087,wind_stuck_7_days,2015
14247,US-Tw3,US-Bi1,2015-08-20,4.15050548,4.2,4.2,-0.8118209768959673,0.8118209768959673,0.20261346819546763,0.4375236770739191,-0.022594073388843762,-0.04608994719346541,0.011153954727089748,-0.7128319368959662,1.0931697313213173,0.30718203349378476,3.388179023104033,True,3.388179023104033,True,3.388179023104033,True,4.2,False,4.2,False,4.2,False,3.388179023104033,True,3.591134267328025,4.032901762457826,True,True,0.75,0.20583138684230834,3.388179023104033,wind_stuck_7_days,2015
14248,US-Tw3,US-Bi1,2015-09-05,2.59141019,3.6,3.6,-0.9583732230920872,0.9583732230920872,0.20294427243005478,0.4688582813116759,-0.04773095410977475,-0.0920268001005814,-0.02907180459115536,0.9583732230920872,1.0931697313213173,0.30718203349378476,2.6416267769079127,True,2.6416267769079127,True,2.6416267769079127,True,3.6,False,3.6,False,3.6,False,3.6,False,2.881220082680935,3.1895429843548593,True,True,0.75,0.4282851458650374,2.6416267769079127,wind_stuck_7_days,2015
14249,US-Tw3,US-Bi1,2015-09-21,3.14414981,2.6,2.6,-0.2719557933069545,0.2719557933069545,0.12614115814005716,0.5625164609526475,0.022962484254926665,0.022480011128025387,0.009607970468886694,-0.2719557933069545,1.0931697313213173,0.30718203349378476,2.3280442066930456,True,2.3280442066930456,True,2.3280442066930456,True,2.3280442066930456,True,2.3280442066930456,True,2.3280442066930456,True,2.3280442066930456,True,2.396033155019784,2.436544449277473,True,True,0.75,0.6010372080510741,2.3280442066930456,wind_stuck_7_days,2015
14250,US-Tw3,US-Bi1,2015-10-07,3.35065493,1.9,1.9,-0.4836363734449674,0.4836363734449674,0.06761526368316559,0.3727232473120531,0.09192583796447631,0.11711219797818198,0.005886892331386395,-0.48363637344496735,1.0931697313213173,0.30718203349378476,1.4163636265550326,True,1.4163636265550326,True,1.4163636265550326,True,1.4163636265550326,True,1.4163636265550326,True,1.4163636265550326,True,1.4163636265550326,True,1.5372727199162743,1.5727609665283548,True,True,0.75,0.6766220479669552,1.4163636265550326,wind_stuck_7_days,2015
14251,US-Tw3,US-Bi1,2015-10-15,2.57069353,1.2,1.2,-0.057377510586931114,0.057377510586931114,0.20160755089786214,0.5113222282465676,0.015433087133860643,0.011604081866026144,0.005886892331386395,-0.05737751058693119,1.0931697313213173,0.30718203349378476,1.1426224894130688,True,1.1426224894130688,True,1.1426224894130688,True,1.1426224894130688,True,1.1426224894130688,True,1.1426224894130688,True,1.1426224894130688,True,1.1569668670598017,1.1426224894130688,True,True,0.75,1.0,1.1426224894130688,wind_stuck_7_days,2015
14252,US-Tw3,US-Bi1,2015-10-31,1.7922402,2.4,2.4,-0.4326077387337074,0.4326077387337074,0.19640911228493133,0.47358994751374067,0.08949679164345839,0.1100428467643639,0.007702138166582763,0.4326077387337074,1.0931697313213173,0.30718203349378476,1.9673922612662924,True,1.9673922612662924,True,1.9673922612662924,True,1.9673922612662924,True,1.9673922612662924,True,1.9673922612662924,True,1.9673922612662924,True,2.0755441959497194,2.0347081256114627,True,True,0.75,0.8443951452597412,1.9673922612662924,wind_stuck_7_days,2015
14253,US-Tw3,US-Bi1,2015-11-16,1.21744599,0.6,0.6,0.3750871199283279,0.3750871199283279,0.163607811317272,0.484413053433019,0.07349747268777665,0.06732262678155258,0.005886892331386395,0.3750871199283279,1.0931697313213173,0.30718203349378476,0.9750871199283279,True,0.9750871199283279,True,0.9750871199283279,True,0.9750871199283279,True,0.9750871199283279,True,0.9750871199283279,True,0.9750871199283279,True,0.8813153399462459,0.8912796078451244,True,True,0.75,0.7765652094392964,0.9750871199283279,wind_stuck_7_days,2015
14254,US-Tw3,US-Bi1,2015-12-18,0.74264437,0.6,0.6,0.15507685306939448,0.15507685306939448,0.12677042589911672,0.2934770619074172,0.017862133454878578,0.014089492107855886,0.0012810480540339452,0.13021188693060567,1.0931697313213173,0.30718203349378476,0.7550768530693944,True,0.7550768530693944,True,0.7550768530693944,True,0.7550768530693944,True,0.7550768530693944,True,0.7550768530693944,True,0.7550768530693944,True,0.7163076398020458,0.7550768530693944,True,True,0.75,1.0,0.7550768530693944,wind_stuck_7_days,2015
14255,US-Tw3,US-Bi1,2015-12-26,0.95469154,0.6,0.6,-0.022195486115623303,0.022195486115623303,0.07965357913182548,0.3236862854809979,0.017862133454878578,0.014089492107855886,0.0012810480540339452,-0.022195486115623275,1.0931697313213173,0.30718203349378476,0.5778045138843767,True,0.5778045138843767,True,0.5778045138843767,True,0.5778045138843767,True,0.5778045138843767,True,0.5778045138843767,True,0.5778045138843767,True,0.5833533854132825,0.5778045138843767,True,True,0.75,1.0,0.5778045138843767,wind_stuck_7_days,2015
14501,US-Twt,US-Bi1,2015-02-25,1.88464667,1.8,1.8,-0.22616710790842945,0.22616710790842945,0.10350866721656202,0.3628580768047393,0.017862133454878578,0.014089492107855886,0.006542861003432963,-0.22616710790842942,1.0931697313213173,0.30718203349378476,1.5738328920915705,True,1.5738328920915705,True,1.5738328920915705,True,1.5738328920915705,True,1.5738328920915705,True,1.5738328920915705,True,1.5738328920915705,True,1.630374669068678,1.6612383481950654,True,True,0.75,0.6135359517490779,1.5738328920915705,wind_stuck_7_days,2015
14502,US-Twt,US-Bi1,2015-03-05,2.15523513,2.0,2.0,-0.17741698298582884,0.17741698298582884,0.1137992234925274,0.3654064387976107,0.017862133454878578,0.014089492107855886,0.005886892331386395,-0.17741698298582886,1.0931697313213173,0.30718203349378476,1.8225830170141712,True,1.8225830170141712,True,1.8225830170141712,True,1.8225830170141712,True,1.8225830170141712,True,1.8225830170141712,True,1.8225830170141712,True,1.8669372627606284,1.8333250089504278,True,True,0.75,0.9394534178438004,1.8225830170141712,wind_stuck_7_days,2015
14503,US-Twt,US-Bi1,2015-03-13,2.18008074,1.5,1.5,0.26930161087472043,0.26930161087472043,0.10040386357328972,0.4325391691623599,0.022962484254926665,0.021033371766201243,0.005886892331386395,0.26930161087472043,1.0931697313213173,0.30718203349378476,1.7693016108747204,True,1.7693016108747204,True,1.7693016108747204,True,1.7693016108747204,True,1.7693016108747204,True,1.7693016108747204,True,1.7693016108747204,True,1.7019762081560403,1.660275222405032,True,True,0.75,0.595151369070689,1.7693016108747204,wind_stuck_7_days,2015
14504,US-Twt,US-Bi1,2015-03-21,3.63563317,2.6,2.6,-0.11113400942297762,0.11113400942297762,0.08752974817681514,0.34946677614101884,0.017862133454878578,0.014089492107855886,0.009607970468886694,-0.11113400942297758,1.0931697313213173,0.30718203349378476,2.4888659905770223,True,2.4888659905770223,True,2.4888659905770223,True,2.4888659905770223,True,2.4888659905770223,True,2.4888659905770223,True,2.4888659905770223,True,2.5166494929327667,2.4888659905770223,True,True,0.75,1.0,2.4888659905770223,wind_stuck_7_days,2015
14505,US-Twt,US-Bi1,2015-03-29,1.45091811,1.1,1.1,0.14281756157415523,0.14281756157415523,0.15425420491564026,0.48050983672958586,0.017862133454878578,0.014089492107855886,0.005886892331386395,0.14281756157415523,1.0931697313213173,0.30718203349378476,1.2428175615741552,True,1.2428175615741552,True,1.2428175615741552,True,1.2428175615741552,True,1.2428175615741552,True,1.2428175615741552,True,1.2428175615741552,True,1.2071131711806165,1.2428175615741552,True,True,0.75,1.0,1.2428175615741552,wind_stuck_7_days,2015
14506,US-Twt,US-Bi1,2015-04-14,1.38950448,0.9,0.9,0.5292419945681011,0.5292419945681011,0.14633353183173486,0.5048142862190123,0.10591125475109635,0.08493288868786596,0.015004339120108182,0.449766965431899,1.0931697313213173,0.30718203349378476,1.429241994568101,True,1.429241994568101,True,1.429241994568101,True,1.429241994568101,True,1.429241994568101,True,1.429241994568101,True,1.429241994568101,True,1.2969314959260758,1.429241994568101,True,True,0.75,1.0,1.429241994568101,wind_stuck_7_days,2015
14507,US-Twt,US-Bi1,2015-04-22,0.72555155,1.2,1.2,0.1829083486433436,0.1829083486433436,0.20168760744581796,0.46288421401236024,0.015433087133860643,0.011604081866026144,0.005886892331386395,-0.1829083486433436,1.0931697313213173,0.30718203349378476,1.3829083486433436,True,1.3829083486433436,True,1.3829083486433436,True,1.3829083486433436,True,1.3829083486433436,True,1.3829083486433436,True,1.3829083486433436,True,1.3371812614825076,1.3582415823033969,True,True,0.75,0.865141386257634,1.3829083486433436,wind_stuck_7_days,2015
14508,US-Twt,US-Bi1,2015-04-30,1.85326854,2.1,2.1,-0.7859486586974354,0.7859486586974354,0.17093340564306125,0.48073554431066656,0.008386492344238966,0.04090746180885272,0.005886892331386395,-0.2924857386974351,1.0931697313213173,0.30718203349378476,1.3140513413025647,True,1.3140513413025647,True,1.3140513413025647,True,1.3140513413025647,True,1.3140513413025647,True,1.3140513413025647,True,1.3140513413025647,True,1.5105385059769236,1.8963765695556978,True,True,0.75,0.25907981162760735,1.3140513413025647,wind_stuck_7_days,2015
14509,US-Twt,US-Bi1,2015-05-08,4.10184144,4.0,4.0,-0.8293099330004757,0.8293099330004757,0.11691772201494458,0.2821866371263869,0.06909875895876091,0.04961545919273749,0.011153954727089748,-0.8293099330004757,1.0931697313213173,0.30718203349378476,3.170690066999524,True,3.170690066999524,True,3.170690066999524,True,3.170690066999524,True,3.170690066999524,True,3.170690066999524,True,3.170690066999524,True,3.378017550249643,3.655672440401445,True,True,0.75,0.41519767929556145,3.170690066999524,wind_stuck_7_days,2015
14510,US-Twt,US-Bi1,2015-05-16,4.64126335,3.5,3.5,-0.6771108116200348,0.6771108116200348,0.13929334307090735,0.38703778523927246,-0.029685096579302725,0.0013158735621239671,0.009607970468886694,-0.6771108116200348,1.0931697313213173,0.30718203349378476,2.822889188379965,True,2.822889188379965,True,2.822889188379965,True,3.5,False,3.5,False,2.822889188379965,True,2.822889188379965,True,2.992166891284974,3.0997045855135594,True,True,0.75,0.5911815431342856,2.822889188379965,wind_stuck_7_days,2015
14511,US-Twt,US-Bi1,2015-05-24,3.12341454,3.6,3.6,-0.17411575715367383,0.17411575715367383,0.12217452589527039,0.5048552379718771,-0.007660849551286776,-0.002015686357408448,0.009607970468886694,0.17411575715367383,1.0931697313213173,0.30718203349378476,3.425884242846326,True,3.425884242846326,True,3.425884242846326,True,3.6,False,3.6,False,3.6,False,3.425884242846326,True,3.469413182134745,3.4341859828131835,True,True,0.75,0.9523205705068372,3.425884242846326,wind_stuck_7_days,2015
14512,US-Twt,US-Bi1,2015-06-01,2.69399869,3.5,3.5,-0.18066178007203865,0.18066178007203865,0.15516446052474234,0.41092434251698073,-0.007660849551286776,-0.002015686357408448,0.009607970468886694,0.1806617800720387,1.0931697313213173,0.30718203349378476,3.3193382199279613,True,3.3193382199279613,True,3.3193382199279613,True,3.5,False,3.5,False,3.5,False,3.3193382199279613,True,3.364503664945971,3.3376785061291243,True,True,0.75,0.8984827549366017,3.3193382199279613,wind_stuck_7_days,2015
14513,US-Twt,US-Bi1,2015-06-25,6.77557883,7.4,7.4,0.17038355155054952,0.17038355155054952,0.2184512352623416,0.6089215461081049,-0.02794455369309195,-0.01429460964087639,0.0013719041882805229,-0.17038355155054952,1.0931697313213173,0.30718203349378476,7.57038355155055,True,7.57038355155055,True,7.57038355155055,True,7.4,False,7.4,False,7.4,False,7.57038355155055,True,7.527787663662912,7.4,True,False,0.75,0.0,7.57038355155055,wind_stuck_7_days,2015
14514,US-Twt,US-Bi1,2015-07-03,6.96669669,7.6,7.6,0.20870611855562013,0.20870611855562013,0.23806340433094214,0.3811661255812115,-0.02794455369309195,-0.01429460964087639,0.0013719041882805229,-0.20870611855562016,1.0931697313213173,0.30718203349378476,7.8087061185556195,True,7.8087061185556195,True,7.8087061185556195,True,7.6,False,7.6,False,7.6,False,7.8087061185556195,True,7.756529588916715,7.6,True,False,0.75,0.0,7.8087061185556195,wind_stuck_7_days,2015
14515,US-Twt,US-Bi1,2015-07-11,6.52124264,7.4,7.4,-0.4823454181323301,0.4823454181323301,0.28673877594127956,0.6943564353923247,0.09363041703571937,0.02959689423880608,0.11764700433040454,0.4823454181323301,1.0931697313213173,0.30718203349378476,6.91765458186767,True,6.91765458186767,True,6.91765458186767,True,6.91765458186767,True,6.91765458186767,True,6.91765458186767,True,6.91765458186767,True,7.0382409364007525,6.9233611813129095,True,True,0.75,0.9881690605306558,6.91765458186767,wind_stuck_7_days,2015
14516,US-Twt,US-Bi1,2015-07-19,6.97149163,7.3,7.3,0.5056899564909676,0.5056899564909676,0.12999263680555198,0.30095850700730303,-0.028113543795348042,-0.026092619746208218,-0.01594798848933876,-0.5056899564909676,1.0931697313213173,0.30718203349378476,7.805689956490967,True,7.805689956490967,True,7.805689956490967,True,7.3,False,7.3,False,7.3,False,7.3,False,7.679267467368225,7.3661301549282525,True,True,0.75,0.13077213434717302,7.805689956490967,wind_stuck_7_days,2015
14517,US-Twt,US-Bi1,2015-07-27,7.65958893,7.8,7.8,0.47567594490027404,0.47567594490027404,0.2900052732483685,0.6045714571620139,-0.020901272620498436,-0.04448615199631348,-0.025357962727452544,-0.4756759449002741,1.0931697313213173,0.30718203349378476,8.275675944900273,True,8.275675944900273,True,8.275675944900273,True,7.8,False,7.8,False,7.8,False,7.8,False,8.156756958675205,7.866850705458081,True,True,0.75,0.14053833534108218,8.275675944900273,wind_stuck_7_days,2015
14518,US-Twt,US-Bi1,2015-08-12,7.00074963,7.0,7.0,0.6020653055281213,0.6020653055281213,0.1293029146677477,0.4623120012497882,0.055119968835463044,0.09690147642568696,0.10793577830596154,-0.6005660455281221,1.0931697313213173,0.30718203349378476,7.6020653055281215,True,7.6020653055281215,True,7.6020653055281215,True,7.6020653055281215,True,7.6020653055281215,True,7.6020653055281215,True,7.6020653055281215,True,7.451548979146091,7.43831606187682,True,True,0.75,0.7280207941766985,7.6020653055281215,wind_stuck_7_days,2015
14519,US-Twt,US-Bi1,2015-08-20,5.58685734,6.3,6.3,0.3751914040991566,0.3751914040991566,0.12631675263026673,0.4510037037123748,0.02212986119891467,0.051528841108871806,0.011153954727089748,-0.37519140409915663,1.0931697313213173,0.30718203349378476,6.675191404099157,True,6.675191404099157,True,6.675191404099157,True,6.675191404099157,True,6.675191404099157,True,6.675191404099157,True,6.675191404099157,True,6.581393553074367,6.675191404099157,True,True,0.75,1.0,6.675191404099157,wind_stuck_7_days,2015
14520,US-Twt,US-Bi1,2015-09-05,4.24512886,5.1,5.1,0.01586870779602085,0.01586870779602085,0.1707917466444362,0.40498550791532273,-0.001941797444626594,0.011828761066172241,0.011153954727089748,-0.015868707796020898,1.0931697313213173,0.30718203349378476,5.115868707796021,True,5.115868707796021,True,5.115868707796021,True,5.1,False,5.1,False,5.115868707796021,True,5.115868707796021,True,5.111901530847016,5.115868707796021,True,True,0.75,1.0,5.115868707796021,wind_stuck_7_days,2015
14521,US-Twt,US-Bi1,2015-09-21,3.49832794,3.9,3.9,0.12475307497456722,0.12475307497456722,0.18450202913885305,0.4938306650122558,-0.01008989587230471,0.0015479448072244222,0.011153954727089748,-0.12475307497456722,1.0931697313213173,0.30718203349378476,4.0247530749745675,True,4.0247530749745675,True,4.0247530749745675,True,3.9,False,3.9,False,4.0247530749745675,True,4.0247530749745675,True,3.9935648062309252,4.0247530749745675,True,True,0.75,1.0,4.0247530749745675,wind_stuck_7_days,2015
14522,US-Twt,US-Bi1,2015-10-07,0.60552915,0.7,0.7,0.05994516354646605,0.05994516354646605,0.15886808829620921,0.37437666365876904,0.017862133454878578,0.014089492107855886,0.005886892331386395,-0.05994516354646606,1.0931697313213173,0.30718203349378476,0.759945163546466,True,0.759945163546466,True,0.759945163546466,True,0.759945163546466,True,0.759945163546466,True,0.759945163546466,True,0.759945163546466,True,0.7449588726598495,0.759945163546466,True,True,0.75,1.0,0.759945163546466,wind_stuck_7_days,2015
14523,US-Twt,US-Bi1,2015-10-31,0.66023178,1.3,1.3,-0.4212888187875655,0.4212888187875655,0.06656049454404633,0.2957357021466926,0.09192583796447631,0.11711219797818198,0.005886892331386395,0.4212888187875655,1.0931697313213173,0.30718203349378476,0.8787111812124345,True,0.8787111812124345,True,0.8787111812124345,True,0.8787111812124345,True,0.8787111812124345,True,0.8787111812124345,True,0.8787111812124345,True,0.9840333859093259,0.9190552121003784,True,True,0.75,0.9042366445801939,0.8787111812124345,wind_stuck_7_days,2015
14524,US-Twt,US-Bi1,2015-11-16,5.69572573,2.4,2.4,-0.4124470953277834,0.4124470953277834,0.2047175957998917,0.7562297630156533,0.09481567288565687,0.10364060660175917,0.007702138166582763,-0.41244709532778323,1.0931697313213173,0.30718203349378476,1.9875529046722165,True,1.9875529046722165,True,1.9875529046722165,True,1.9875529046722165,True,1.9875529046722165,True,1.9875529046722165,True,1.9875529046722165,True,2.0906646785041625,2.0237221833422003,True,True,0.75,0.9123056530650583,1.9875529046722165,wind_stuck_7_days,2015
14525,US-Twt,US-Bi1,2015-12-18,1.10640017,1.0,1.0,0.02297308044960719,0.02297308044960719,0.18343976349385954,0.3550476535980743,0.015433087133860643,0.014089492107855886,0.0012810480540339452,0.02297308044960719,1.0931697313213173,0.30718203349378476,1.022973080449607,True,1.022973080449607,True,1.022973080449607,True,1.022973080449607,True,1.022973080449607,True,1.022973080449607,True,1.022973080449607,True,1.0172298103372055,1.022973080449607,True,True,0.75,1.0,1.022973080449607,wind_stuck_7_days,2015
14526,US-Twt,US-Bi1,2015-12-26,1.4861553,1.4,1.4,-0.40121085480256574,0.40121085480256574,0.1786970516623079,0.3699758409873133,0.07118192212461466,0.09372279897009979,0.0012810480540339452,-0.40121085480256574,1.0931697313213173,0.30718203349378476,0.9987891451974342,True,0.9987891451974342,True,0.9987891451974342,True,0.9987891451974342,True,0.9987891451974342,True,0.9987891451974342,True,0.9987891451974342,True,1.0990918588980756,1.0487850914987893,True,True,0.75,0.8753873537993933,0.9987891451974342,wind_stuck_7_days,2015
15208,US-Var,SLM001,2015-01-01,0.36631269,0.4,0.4,-0.04824678857557807,0.04824678857557807,0.05951755862261561,0.2806497332469334,0.029610528592047446,0.011268208097704032,0.0012810480540339452,0.01912783142442198,1.0931697313213173,0.30718203349378476,0.35175321142442195,True,0.35175321142442195,True,0.35175321142442195,True,0.35175321142442195,True,0.35175321142442195,True,0.35175321142442195,True,0.35175321142442195,True,0.36381490856831644,0.35175321142442195,True,True,0.75,1.0,0.35175321142442195,wind_stuck_7_days,2015
15209,US-Var,SLM001,2015-01-08,0.53153995,0.4,0.4,0.15416216747162584,0.15416216747162584,0.1186438493282563,0.4440925191463097,0.029610528592047446,0.011268208097704032,0.0012810480540339452,0.10891773252837408,1.0931697313213173,0.30718203349378476,0.5541621674716258,True,0.5541621674716258,True,0.5541621674716258,True,0.5541621674716258,True,0.5541621674716258,True,0.5541621674716258,True,0.5541621674716258,True,0.5156216256037194,0.5541621674716258,True,True,0.75,1.0,0.5541621674716258,wind_stuck_7_days,2015
15210,US-Var,SLM001,2015-01-25,0.68299123,1.4,1.4,-0.33152280894003694,0.33152280894003694,0.10322208605868524,0.40122730929880823,0.022962484254926665,0.021033371766201243,0.0012810480540339452,0.33152280894003694,1.0931697313213173,0.30718203349378476,1.068477191059963,True,1.068477191059963,True,1.068477191059963,True,1.068477191059963,True,1.068477191059963,True,1.068477191059963,True,1.068477191059963,True,1.1513578932949722,1.2612536043760278,True,True,0.75,0.41851236742225856,1.068477191059963,wind_stuck_7_days,2015
15211,US-Var,SLM001,2015-02-09,1.5668733,0.6,0.6,0.9161065309412104,0.9161065309412104,0.3241719329399306,0.9759806638832813,-0.27534157812632637,-0.26674895355841255,-0.43862665231904974,0.9161065309412104,1.0931697313213173,0.30718203349378476,1.5161065309412103,True,0.6,False,0.6,False,0.6,False,0.6,False,0.6,False,0.6,False,1.2870798982059077,0.9199192517852798,True,True,0.75,0.3492162111939032,1.5161065309412103,wind_stuck_7_days,2015
15212,US-Var,SLM001,2015-02-25,1.49757951,1.5,1.5,-0.11206161307187985,0.11206161307187985,0.12458921265246296,0.3214789960721644,0.017862133454878578,0.014089492107855886,0.006542861003432963,-0.10722063307187986,1.0931697313213173,0.30718203349378476,1.38793838692812,True,1.38793838692812,True,1.38793838692812,True,1.38793838692812,True,1.38793838692812,True,1.38793838692812,True,1.38793838692812,True,1.4159537901960901,1.38793838692812,True,True,0.75,1.0,1.38793838692812,wind_stuck_7_days,2015
15213,US-Var,SLM001,2015-02-26,1.73198177,1.9,1.9,0.014919974002649489,0.014919974002649489,0.09044263712018386,0.4065245574096304,0.017862133454878578,0.014089492107855886,0.005886892331386395,-0.014919974002649494,1.0931697313213173,0.30718203349378476,1.9149199740026495,True,1.9149199740026495,True,1.9149199740026495,True,1.9149199740026495,True,1.9149199740026495,True,1.9149199740026495,True,1.9149199740026495,True,1.911189980501987,1.9149199740026495,True,True,0.75,1.0,1.9149199740026495,wind_stuck_7_days,2015
15214,US-Var,SLM001,2015-03-05,2.01195896,1.9,1.9,-0.1580555893952167,0.1580555893952167,0.10146996065638926,0.34530808947560343,0.017862133454878578,0.014089492107855886,0.006542861003432963,-0.1580555893952167,1.0931697313213173,0.30718203349378476,1.7419444106047832,True,1.7419444106047832,True,1.7419444106047832,True,1.7419444106047832,True,1.7419444106047832,True,1.7419444106047832,True,1.7419444106047832,True,1.7814583079535873,1.7419444106047832,True,True,0.75,1.0,1.7409215120500185,wind_stuck_7_days,2015
15215,US-Var,SLM001,2015-03-06,2.12799185,2.0,2.0,-0.17173681474083505,0.17173681474083505,0.09332322494267055,0.3412095300083572,0.017862133454878578,0.014089492107855886,0.005886892331386395,-0.17173681474083502,1.0931697313213173,0.30718203349378476,1.8282631852591649,True,1.8282631852591649,True,1.8282631852591649,True,1.8282631852591649,True,1.8282631852591649,True,1.8282631852591649,True,1.8282631852591649,True,1.8711973889443736,1.832162740334381,True,True,0.75,0.9772934237711306,1.8282631852591649,wind_stuck_7_days,2015
15216,US-Var,SLM001,2015-03-13,2.8120606,2.4,2.4,-0.008322047660736239,0.008322047660736239,0.12393980545183304,0.348230283247568,0.017862133454878578,0.014089492107855886,0.007702138166582763,-0.008322047660736243,1.0931697313213173,0.30718203349378476,2.3916779523392635,True,2.3916779523392635,True,2.3916779523392635,True,2.3916779523392635,True,2.3916779523392635,True,2.3916779523392635,True,2.3916779523392635,True,2.393758464254448,2.3916779523392635,True,True,0.75,1.0,2.3916779523392635,wind_stuck_7_days,2015
15217,US-Var,SLM001,2015-03-21,2.62696113,3.3,3.3,-0.6518573774175571,0.6518573774175571,0.1163323147314823,0.3739150787719801,0.07626807838363976,0.08683051764436035,0.009607970468886694,0.6518573774175571,1.0931697313213173,0.30718203349378476,2.6481426225824425,True,2.6481426225824425,True,2.6481426225824425,True,2.6481426225824425,True,2.6481426225824425,True,2.6481426225824425,True,2.6481426225824425,True,2.811106966936832,2.8795069658217542,True,True,0.75,0.6450690729989123,2.6481426225824425,wind_stuck_7_days,2015
15218,US-Var,SLM001,2015-03-22,1.85483563,1.8,1.8,0.3140333604545888,0.3140333604545888,0.19124890040327017,0.569637785202094,0.02053343793390873,0.021033371766201243,0.005886892331386395,-0.20436210045458897,1.0931697313213173,0.30718203349378476,2.114033360454589,True,2.114033360454589,True,2.114033360454589,True,2.114033360454589,True,2.114033360454589,True,2.114033360454589,True,2.114033360454589,True,2.0355250203409416,1.94620829881724,True,True,0.75,0.4655820598346354,2.114033360454589,wind_stuck_7_days,2015
15219,US-Var,SLM001,2015-03-29,2.85936798,2.5,2.5,-0.20672267779968378,0.20672267779968378,0.14821498906733133,0.4108547498820242,0.017862133454878578,0.014089492107855886,0.009607970468886694,-0.20672267779968378,1.0931697313213173,0.30718203349378476,2.293277322200316,True,2.293277322200316,True,2.293277322200316,True,2.293277322200316,True,2.293277322200316,True,2.293277322200316,True,2.293277322200316,True,2.344957991650237,2.3549128903359846,True,True,0.75,0.7018441866576746,2.293277322200316,wind_stuck_7_days,2015
15220,US-Var,SLM001,2015-04-06,2.38107231,2.6,2.6,-0.40200760740854735,0.40200760740854735,0.14322830184525062,0.37874327114001477,0.07361096844563259,0.09372279897009979,0.009607970468886694,0.03584777259145289,1.0931697313213173,0.30718203349378476,2.197992392591453,True,2.197992392591453,True,2.197992392591453,True,2.197992392591453,True,2.197992392591453,True,2.197992392591453,True,2.197992392591453,True,2.2984942944435893,2.2612721405227623,True,True,0.75,0.842590670511863,2.197992392591453,wind_stuck_7_days,2015
15221,US-Var,SLM001,2015-04-14,3.4907341,1.7,1.7,0.18462837601399584,0.18462837601399584,0.13945983609632726,0.4135709292875367,0.017862133454878578,0.014089492107855886,0.005886892331386395,0.18462837601399573,1.0931697313213173,0.30718203349378476,1.8846283760139957,True,1.8846283760139957,True,1.8846283760139957,True,1.8846283760139957,True,1.8846283760139957,True,1.8846283760139957,True,1.8846283760139957,True,1.838471282010497,1.8597296491672441,True,True,0.75,0.865141386257634,1.8846283760139957,wind_stuck_7_days,2015
15222,US-Var,SLM001,2015-04-15,3.60767921,2.8,2.8,-0.4570431921803778,0.4570431921803778,0.11449767626538303,0.425154864920202,0.007532675709426422,0.027772927560230216,0.009607970468886694,-0.4570431921803779,1.0931697313213173,0.30718203349378476,2.342956807819622,True,2.342956807819622,True,2.342956807819622,True,2.342956807819622,True,2.342956807819622,True,2.342956807819622,True,2.342956807819622,True,2.4572176058647166,2.508020056469088,True,True,0.75,0.6388454057000325,2.342956807819622,wind_stuck_7_days,2015
15223,US-Var,SLM001,2015-04-22,1.94418165,3.3,3.3,-0.7281835092542084,0.7281835092542084,0.10937342088126312,0.41287854522640294,0.07626807838363976,0.07365509532607857,0.009607970468886694,0.7281835092542084,1.0931697313213173,0.30718203349378476,2.5718164907457917,True,2.5718164907457917,True,2.5718164907457917,True,2.5718164907457917,True,2.5718164907457917,True,2.5718164907457917,True,2.5718164907457917,True,2.7538623680593437,2.874866371569067,True,True,0.75,0.5838275970659463,2.5718164907457917,wind_stuck_7_days,2015
15224,US-Var,SLM001,2015-04-23,2.34751752,1.7,1.7,0.0802558488762172,0.0802558488762172,0.25627649342448483,0.5363045121501132,0.01114194434460886,0.008129047911568913,0.005886892331386395,0.08025584887621717,1.0931697313213173,0.30718203349378476,1.7802558488762172,True,1.7802558488762172,True,1.7802558488762172,True,1.7802558488762172,True,1.7802558488762172,True,1.7802558488762172,True,1.7802558488762172,True,1.7601918866571629,1.7802558488762172,True,True,0.75,1.0,1.7802558488762172,wind_stuck_7_days,2015
15225,US-Var,SLM001,2015-04-30,3.43871445,2.5,2.5,-0.4820099399190628,0.4820099399190628,0.1595525262039123,0.5582865719392851,0.017594311489190762,0.027772927560230216,0.009607970468886694,-0.4820099399190627,1.0931697313213173,0.30718203349378476,2.0179900600809373,True,2.0179900600809373,True,2.0179900600809373,True,2.0179900600809373,True,2.0179900600809373,True,2.0179900600809373,True,2.0179900600809373,True,2.1384925450607026,2.1745930518923395,True,True,0.75,0.6751042274404166,2.0179900600809373,wind_stuck_7_days,2015
15226,US-Var,SLM001,2015-05-01,3.71562235,3.4,3.4,-0.4247184852500248,0.4247184852500248,0.17908009095908778,0.6218947082074255,-0.005976408124149932,-0.01675943601793229,0.009607970468886694,-0.42471848525002476,1.0931697313213173,0.30718203349378476,2.975281514749975,True,2.975281514749975,True,2.975281514749975,True,3.4,False,3.4,False,3.4,False,2.975281514749975,True,3.0814611360624813,3.066249417576904,True,True,0.75,0.7858160028674579,2.975281514749975,wind_stuck_7_days,2015
15227,US-Var,SLM001,2015-05-09,1.37230767,2.5,2.5,-0.5501040978192843,0.5501040978192843,0.17738279723948758,0.37801265747772267,0.03164152683579612,0.04501886276729453,0.009607970468886694,0.5501040978192843,1.0931697313213173,0.30718203349378476,1.9498959021807156,True,1.9498959021807156,True,1.9498959021807156,True,1.9498959021807156,True,1.9498959021807156,True,1.9498959021807156,True,1.9498959021807156,True,2.0874219266355367,1.9984067275569255,True,True,0.75,0.9118151899458378,1.9498959021807156,wind_stuck_7_days,2015
15228,US-Var,SLM001,2015-05-16,2.13839315,2.0,2.0,-0.09417753898357026,0.09417753898357026,0.15434659296745196,0.37729892628064704,0.017862133454878578,0.014089492107855886,0.005886892331386395,-0.09417753898357026,1.0931697313213173,0.30718203349378476,1.9058224610164298,True,1.9058224610164298,True,1.9058224610164298,True,1.9058224610164298,True,1.9058224610164298,True,1.9058224610164298,True,1.9058224610164298,True,1.9293668457623223,1.9058224610164298,True,True,0.75,1.0,1.9058224610164298,wind_stuck_7_days,2015
15229,US-Var,SLM001,2015-05-24,2.05900804,3.2,3.2,-0.803432245379484,0.803432245379484,0.15981652877507205,0.28611274035752676,-0.04530190778875681,-0.07667635166116768,0.009607970468886694,0.803432245379484,1.0931697313213173,0.30718203349378476,2.3965677546205164,True,2.3965677546205164,True,2.3965677546205164,True,3.2,False,3.2,False,3.2,False,2.3965677546205164,True,2.597425815965387,3.0322679611565873,True,True,0.75,0.2087693639482797,2.3965677546205164,wind_stuck_7_days,2015
15230,US-Var,SLM001,2015-05-25,1.95529427,2.9,2.9,-1.1620673610827825,1.1620673610827825,0.2674245769799512,0.32126465434714035,-0.11182447009124699,0.0017284093570310716,-0.020098009620954035,0.7273440989172173,1.0931697313213173,0.30718203349378476,1.7379326389172174,True,1.7379326389172174,True,1.7379326389172174,True,2.9,False,2.9,False,1.7379326389172174,True,2.9,False,2.028449479187913,2.548805443772466,True,True,0.75,0.3022153172775631,1.7379326389172174,wind_stuck_7_days,2015
15231,US-Var,SLM001,2015-06-01,1.02647176,2.6,2.6,-0.5592981703945716,0.5592981703945716,0.20557106267775624,0.3343604229680614,0.013374704793842911,0.03756828592936038,0.009607970468886694,0.5592981703945716,1.0931697313213173,0.30718203349378476,2.0407018296054282,True,2.0407018296054282,True,2.0407018296054282,True,2.0407018296054282,True,2.0407018296054282,True,2.0407018296054282,True,2.0407018296054282,True,2.1805263722040715,2.2423103665814237,True,True,0.75,0.6395329939417371,2.0407018296054282,wind_stuck_7_days,2015
15232,US-Var,SLM001,2015-06-02,1.08020407,2.9,2.9,-1.1280461930382715,1.1280461930382715,0.20354287864113194,0.35311230162308443,-0.10753332730199519,0.012994726041628712,-0.022725996229410406,1.1280461930382715,1.0931697313213173,0.30718203349378476,1.7719538069617284,True,1.7719538069617284,True,1.7719538069617284,True,2.9,False,2.9,False,1.7719538069617284,True,2.9,False,2.053965355221296,2.590189917539332,True,True,0.75,0.27464308143820576,1.7719538069617284,wind_stuck_7_days,2015
15233,US-Var,SLM001,2015-06-18,0.30722229,1.8,1.8,-0.8353594110751448,0.8353594110751448,0.24532403006157863,0.412895458727801,-0.0012407778864826243,0.0467212194957371,-0.04762441308152902,0.8353594110751448,1.0931697313213173,0.30718203349378476,0.9646405889248553,True,0.9646405889248553,True,0.9646405889248553,True,1.8,False,1.8,False,0.9646405889248553,True,1.8,False,1.1734804416936415,1.5950641985450589,True,True,0.75,0.24532650106997608,0.9646405889248553,wind_stuck_7_days,2015
15234,US-Var,SLM001,2015-06-25,0.15713495,1.7,1.7,-1.0301275942427568,1.0301275942427568,0.1974182771566255,0.43482493315707804,0.023756694138657993,0.08803721933760988,-0.21053258837696537,1.0301275942427568,1.0931697313213173,0.30718203349378476,0.6698724057572432,True,0.6698724057572432,True,0.6698724057572432,True,0.6698724057572432,True,0.6698724057572432,True,0.6698724057572432,True,1.7,False,0.9274043043179323,1.515579366453803,True,True,0.75,0.17902698129522857,0.6698724057572432,wind_stuck_7_days,2015
15235,US-Var,SLM001,2015-06-26,0.13190573,1.0,1.0,-0.8814864323983835,0.8814864323983835,0.15158008769264583,0.31544390245332593,-0.004339919033590861,0.07304257274992505,-0.12885224205160417,0.8547021076016166,1.0931697313213173,0.30718203349378476,0.11851356760161647,True,0.11851356760161647,True,0.11851356760161647,True,1.0,False,1.0,False,0.11851356760161647,True,1.0,False,0.33888517570121235,0.6749785517558474,True,True,0.75,0.3687197400870042,0.11851356760161647,wind_stuck_7_days,2015
15236,US-Var,SLM001,2015-07-03,0.18622073,0.9,0.9,-0.2560961514994788,0.2560961514994788,0.13960763002983814,0.50334076247431,0.02694772258539249,0.02855589092035635,-0.0023858715664631072,0.2560961514994788,1.0931697313213173,0.30718203349378476,0.6439038485005213,True,0.6439038485005213,True,0.6439038485005213,True,0.6439038485005213,True,0.6439038485005213,True,0.6439038485005213,True,0.9,False,0.707927886375391,0.7562756414393546,True,True,0.75,0.561212488821559,0.6439038485005213,wind_stuck_7_days,2015
15237,US-Var,SLM001,2015-07-11,0.06640905,1.8,1.8,-0.48309681868195814,0.48309681868195814,0.2055019738881263,0.5371031941982497,-0.0031015568737803732,0.020322350722296063,0.005886892331386395,0.4830968186819582,1.0931697313213173,0.30718203349378476,1.3169031813180418,True,1.3169031813180418,True,1.3169031813180418,True,1.8,False,1.8,False,1.3169031813180418,True,1.3169031813180418,True,1.4376773859885315,1.501642883376371,True,True,0.75,0.6175927993846909,1.3169031813180418,wind_stuck_7_days,2015
15238,US-Var,SLM001,2015-07-19,0.06840505,0.8,0.8,-0.41912040683800533,0.41912040683800533,0.15001906220195121,0.3204021173314472,0.004377655243231492,0.03982212026887779,-0.0023858715664631072,0.41912040683800533,1.0931697313213173,0.30718203349378476,0.3808795931619947,True,0.3808795931619947,True,0.3808795931619947,True,0.3808795931619947,True,0.3808795931619947,True,0.3808795931619947,True,0.8,False,0.4856596948714961,0.4682474657758055,True,True,0.75,0.7915446941060557,0.3808795931619947,wind_stuck_7_days,2015
15239,US-Var,SLM001,2015-07-20,0.03478674,1.3,1.3,-0.7170023816159891,0.7170023816159891,0.20640574184236854,0.42320414628708036,0.010219684327648002,0.051718021989577825,-0.0023858715664631072,0.7170023816159891,1.0931697313213173,0.30718203349378476,0.582997618384011,True,0.582997618384011,True,0.582997618384011,True,0.582997618384011,True,0.582997618384011,True,0.582997618384011,True,1.3,False,0.7622482137880082,1.032388305962725,True,True,0.75,0.37323682723916257,0.582997618384011,wind_stuck_7_days,2015
15240,US-Var,SLM001,2015-07-27,0.14339906,0.9,0.9,-0.7433322920685893,0.7433322920685893,0.15971890283404813,0.2986548976496718,0.012648730648665943,0.06677305855916814,-0.0023858715664631072,0.7433322920685893,1.0931697313213173,0.30718203349378476,0.15666770793141072,True,0.15666770793141072,True,0.15666770793141072,True,0.15666770793141072,True,0.15666770793141072,True,0.15666770793141072,True,0.9,False,0.34250078094855807,0.4930145534385916,True,True,0.75,0.5475148206313292,0.15666770793141072,wind_stuck_7_days,2015
15241,US-Var,SLM001,2015-07-28,0.04049201,0.7,0.7,-0.2590010433072205,0.2590010433072205,0.1056722324100423,0.5651993008676925,0.022962484254926665,0.02646709839526756,0.000358052286139897,0.2590010433072205,1.0931697313213173,0.30718203349378476,0.44099895669277944,True,0.44099895669277944,True,0.44099895669277944,True,0.44099895669277944,True,0.44099895669277944,True,0.44099895669277944,True,0.44099895669277944,True,0.5057492175195846,0.5714969763072161,True,True,0.75,0.4961486720358759,0.44099895669277944,wind_stuck_7_days,2015
15242,US-Var,SLM001,2015-08-05,0.12369785,1.7,1.7,-0.9213219290149322,0.9213219290149322,0.15924711882890968,0.29062503156931774,0.008634431689982004,0.06257958110170707,-0.032792882728655666,0.9213219290149322,1.0931697313213173,0.30718203349378476,0.7786780709850678,True,0.7786780709850678,True,0.7786780709850678,True,0.7786780709850678,True,0.7786780709850678,True,0.7786780709850678,True,1.7,False,1.009008553238801,1.5042049086250506,True,True,0.75,0.21251539251246454,0.7786780709850678,wind_stuck_7_days,2015
15243,US-Var,SLM001,2015-08-12,0.0541061,1.4,1.4,-0.9984780919497809,0.9984780919497809,0.1505347319385512,0.3313217273856767,-0.0434750235743109,0.0507896548296728,-0.04401593796982075,0.9984780919497809,1.0931697313213173,0.30718203349378476,0.40152190805021903,True,0.40152190805021903,True,0.40152190805021903,True,1.4,False,1.4,False,0.40152190805021903,True,1.4,False,0.6511414310376642,0.9300852313376509,True,True,0.75,0.4706310258092109,0.40152190805021903,wind_stuck_7_days,2015
15244,US-Var,SLM001,2015-08-13,0.10169265,1.0,1.0,-0.6089655714249417,0.6089655714249417,0.15137839521351246,0.338547655052562,0.005984420857482892,0.05262332249895069,-0.0016386996966197775,0.6089655714249417,1.0931697313213173,0.30718203349378476,0.3910344285750583,True,0.3910344285750583,True,0.3910344285750583,True,0.3910344285750583,True,0.3910344285750583,True,0.3910344285750583,True,1.0,False,0.5432758214312937,0.4928867761872098,True,True,0.75,0.8327453104223557,0.3910344285750583,wind_stuck_7_days,2015
15245,US-Var,SLM001,2015-08-20,0.04380766,1.1,1.1,-0.5277151314303458,0.5277151314303458,0.13755192162286875,0.27485417365160264,0.005984420857482892,0.040799015651037746,0.005886892331386395,0.5277151314303458,1.0931697313213173,0.30718203349378476,0.5722848685696543,True,0.5722848685696543,True,0.5722848685696543,True,0.5722848685696543,True,0.5722848685696543,True,0.5722848685696543,True,0.5722848685696543,True,0.7042136514272408,0.722493262301926,True,True,0.75,0.7153608362050577,0.5722848685696543,wind_stuck_7_days,2015
15246,US-Var,SLM001,2015-08-21,0.03092836,1.4,1.4,-0.5620610022340622,0.5620610022340622,0.1308151873499201,0.33195183662603467,0.005984420857482892,0.04397052609196512,0.005886892331386395,0.5620610022340622,1.0931697313213173,0.30718203349378476,0.8379389977659377,True,0.8379389977659377,True,0.8379389977659377,True,0.8379389977659377,True,0.8379389977659377,True,0.8379389977659377,True,0.8379389977659377,True,0.9784542483244533,1.0370637759218335,True,True,0.75,0.6457239029848701,0.8379389977659377,wind_stuck_7_days,2015
15247,US-Var,SLM001,2015-09-05,0.1074658,0.2,0.2,0.38793469697470945,0.38793469697470945,0.13271105601301447,0.3861500890439096,0.1594694424530489,0.1654007777488422,0.008941201291560336,-0.38793469697470945,1.0931697313213173,0.30718203349378476,0.5879346969747095,True,0.5879346969747095,True,0.5879346969747095,True,0.5879346969747095,True,0.5879346969747095,True,0.5879346969747095,True,0.5879346969747095,True,0.4909510227310321,0.5879346969747095,True,True,0.75,1.0,0.5879346969747095,wind_stuck_7_days,2015
15248,US-Var,SLM001,2015-09-06,0.07018753,0.8,0.8,0.048927843396349605,0.048927843396349605,0.19726274256483037,0.6448776287829185,0.015433087133860643,0.014089492107855886,0.005886892331386395,-0.04892784339634959,1.0931697313213173,0.30718203349378476,0.8489278433963496,True,0.8489278433963496,True,0.8489278433963496,True,0.8489278433963496,True,0.8489278433963496,True,0.8489278433963496,True,0.8489278433963496,True,0.8366958825472622,0.8489278433963496,True,True,0.75,1.0,0.8489278433963496,wind_stuck_7_days,2015
15249,US-Var,SLM001,2015-09-21,0.08388674,0.1,0.1,0.02708202832293209,0.02708202832293209,0.14123671018680653,0.36389662726088406,0.034851660917177604,0.012731471525468276,0.005886892331386395,-0.027082028322932092,1.0931697313213173,0.30718203349378476,0.12708202832293208,True,0.12708202832293208,True,0.12708202832293208,True,0.12708202832293208,True,0.12708202832293208,True,0.12708202832293208,True,0.12708202832293208,True,0.12031152124219907,0.12708202832293208,True,True,0.75,1.0,0.12708202832293208,wind_stuck_7_days,2015
15250,US-Var,SLM001,2015-09-22,0.00129373,1.0,1.0,-0.2525801968030006,0.2525801968030006,0.09978302958104553,0.38394180527699984,0.022962484254926665,0.021033371766201243,0.005886892331386395,0.2525801968030006,1.0931697313213173,0.30718203349378476,0.7474198031969994,True,0.7474198031969994,True,0.7474198031969994,True,0.7474198031969994,True,0.7474198031969994,True,0.7474198031969994,True,0.7474198031969994,True,0.8105648523977496,0.8741308539021957,True,True,0.75,0.49833339149694167,0.7474198031969994,wind_stuck_7_days,2015
15251,US-Var,SLM001,2015-10-07,0.23137255,0.1,0.1,0.012386742738422062,0.012386742738422062,0.14149925507223127,0.3960152958762087,0.034851660917177604,0.012731471525468276,0.005886892331386395,0.012386742738422066,1.0931697313213173,0.30718203349378476,0.11238674273842207,True,0.11238674273842207,True,0.11238674273842207,True,0.11238674273842207,True,0.11238674273842207,True,0.11238674273842207,True,0.11238674273842207,True,0.10929005705381656,0.11238674273842207,True,True,0.75,1.0,0.11238674273842207,wind_stuck_7_days,2015
15252,US-Var,SLM001,2015-10-08,0.18416577,0.8,0.8,-0.08411706092597494,0.08411706092597494,0.16357230967585148,0.47475394550276295,0.017862133454878578,0.014089492107855886,0.005886892331386395,0.08411706092597493,1.0931697313213173,0.30718203349378476,0.7158829390740251,True,0.7158829390740251,True,0.7158829390740251,True,0.7158829390740251,True,0.7158829390740251,True,0.7158829390740251,True,0.7158829390740251,True,0.7369122043055188,0.7158829390740251,True,True,0.75,1.0,0.7158829390740251,wind_stuck_7_days,2015
15253,US-Var,SLM001,2015-10-16,0.1190736,0.3,0.3,0.0035751012884304933,0.0035751012884304933,0.15837448884702954,0.4328842386740341,0.029610528592047446,0.011268208097704032,0.005886892331386395,-0.003575101288430499,1.0931697313213173,0.30718203349378476,0.30357510128843046,True,0.30357510128843046,True,0.30357510128843046,True,0.30357510128843046,True,0.30357510128843046,True,0.30357510128843046,True,0.30357510128843046,True,0.30268132596632286,0.30357510128843046,True,True,0.75,1.0,0.30357510128843046,wind_stuck_7_days,2015
15254,US-Var,SLM001,2015-10-23,0.36728357,0.7,0.7,-0.29037818784467156,0.29037818784467156,0.12560140265705677,0.3751374064905923,0.022962484254926665,0.021033371766201243,0.006542861003432963,0.29037818784467156,1.0931697313213173,0.30718203349378476,0.4096218121553284,True,0.4096218121553284,True,0.4096218121553284,True,0.4096218121553284,True,0.4096218121553284,True,0.4096218121553284,True,0.4096218121553284,True,0.4822163591164963,0.5400803865529732,True,True,0.75,0.5507287397652975,0.4096218121553284,wind_stuck_7_days,2015
15255,US-Var,SLM001,2015-10-31,0.25493218,0.5,0.5,-0.14802378449366188,0.14802378449366188,0.0630325067301198,0.2468526582688802,0.017862133454878578,0.014089492107855886,0.005886892331386395,0.14802378449366188,1.0931697313213173,0.30718203349378476,0.3519762155063381,True,0.3519762155063381,True,0.3519762155063381,True,0.3519762155063381,True,0.3519762155063381,True,0.3519762155063381,True,0.3519762155063381,True,0.3889821616297536,0.3519762155063381,True,True,0.75,1.0,0.3519762155063381,wind_stuck_7_days,2015
15256,US-Var,SLM001,2015-11-16,0.6274221,0.8,0.8,0.256372251838075,0.256372251838075,0.14503902260917914,0.43328485528905325,0.022962484254926665,0.021033371766201243,0.006542861003432963,-0.256372251838075,1.0931697313213173,0.30718203349378476,1.056372251838075,True,1.056372251838075,True,1.056372251838075,True,1.056372251838075,True,1.056372251838075,True,1.056372251838075,True,1.056372251838075,True,0.9922791888785563,0.9254801232810036,True,True,0.75,0.4894450252762025,1.056372251838075,wind_stuck_7_days,2015
15257,US-Var,SLM001,2015-11-17,0.31004688,1.1,1.1,-0.027993533987812912,0.027993533987812912,0.07453553553329105,0.27275248951000364,0.017862133454878578,0.014089492107855886,0.006542861003432963,0.027993533987812902,1.0931697313213173,0.30718203349378476,1.072006466012187,True,1.072006466012187,True,1.072006466012187,True,1.072006466012187,True,1.072006466012187,True,1.072006466012187,True,1.072006466012187,True,1.0790048495091404,1.072006466012187,True,True,0.75,1.0,1.072006466012187,wind_stuck_7_days,2015
15258,US-Var,SLM001,2015-12-11,0.4444291,0.9,0.9,0.2671325487279902,0.2671325487279902,0.2564402412582033,0.6753726988464246,0.016242295144656943,0.010365874593458004,0.0012810480540339452,-0.2671325487279902,1.0931697313213173,0.30718203349378476,1.1671325487279902,True,1.1671325487279902,True,1.1671325487279902,True,1.1671325487279902,True,1.1671325487279902,True,1.1671325487279902,True,1.1671325487279902,True,1.1003494115459926,1.056144113393257,True,True,0.75,0.5845192363744935,1.130350658313772,wind_stuck_7_days,2015
15259,US-Var,SLM001,2015-12-26,0.38339104,0.3,0.3,0.14486167897953783,0.14486167897953783,0.05891950001285218,0.3684229130733733,0.029610528592047446,0.011268208097704032,0.0012810480540339452,0.02192040102046222,1.0931697313213173,0.30718203349378476,0.4448616789795378,True,0.4448616789795378,True,0.4448616789795378,True,0.4448616789795378,True,0.4448616789795378,True,0.4448616789795378,True,0.4448616789795378,True,0.40864625923465336,0.4448616789795378,True,True,0.75,1.0,0.4448616789795378,wind_stuck_7_days,2015
15661,US-WCr,US-WCr,2015-03-24,0.54381272,0.5,0.5,0.6922644189208377,0.6922644189208377,0.0632323265679063,0.37612801716421085,0.19565632399596897,0.21164185472313898,-0.12494189718903685,-0.6046389789208376,1.0931697313213173,0.30718203349378476,1.1922644189208378,True,1.1922644189208378,True,1.1922644189208378,True,1.1922644189208378,True,1.1922644189208378,True,1.1922644189208378,True,0.5,False,1.0191983141906282,1.1480924559578365,True,True,0.75,0.936192065118903,1.1922644189208378,wind_stuck_7_days,2015
15662,US-WCr,US-WCr,2015-04-17,1.00194162,1.8,1.8,0.11699399610574548,0.11699399610574548,0.06548823627581196,0.2811813161568362,0.017862133454878578,0.014089492107855886,0.005886892331386395,-0.11699399610574546,1.0931697313213173,0.30718203349378476,1.9169939961057456,True,1.9169939961057456,True,1.9169939961057456,True,1.9169939961057456,True,1.9169939961057456,True,1.9169939961057456,True,1.9169939961057456,True,1.887745497079309,1.9169939961057456,True,True,0.75,1.0,1.9169939961057456,wind_stuck_7_days,2015
15663,US-WCr,US-WCr,2015-06-12,3.03604504,5.0,5.0,-0.6813963559431163,0.6813963559431163,0.27226192350861794,0.40580563896065164,0.08861366499549725,0.08886353753957796,0.005523746612081842,0.6813963559431162,1.0931697313213173,0.30718203349378476,4.318603644056884,True,4.318603644056884,True,4.318603644056884,True,4.318603644056884,True,4.318603644056884,True,4.318603644056884,True,4.318603644056884,True,4.488952733042662,4.549241122212423,True,True,0.75,0.6615222900094394,4.318603644056884,wind_stuck_7_days,2015
15664,US-WCr,US-WCr,2015-07-22,2.66058016,5.3,5.3,0.3067857100355674,0.3067857100355674,0.1254440340296973,0.42197469167177337,0.003406492701164531,0.012618948386237198,0.011153954727089748,-0.3067857100355673,1.0931697313213173,0.30718203349378476,5.606785710035568,True,5.606785710035568,True,5.606785710035568,True,5.606785710035568,True,5.606785710035568,True,5.606785710035568,True,5.606785710035568,True,5.530089282526675,5.452551579574706,True,True,0.75,0.4972577750020372,5.606785710035568,wind_stuck_7_days,2015
15665,US-WCr,US-WCr,2015-08-31,1.82023322,3.9,3.9,0.8103438960718543,0.8103438960718543,0.20090159543204025,0.5201557306645077,-0.12638649260810225,-0.16345165366471776,-0.043208058060489773,-0.8103438960718545,1.0931697313213173,0.30718203349378476,4.710343896071854,True,4.710343896071854,True,4.710343896071854,True,3.9,False,3.9,False,3.9,False,3.9,False,4.507757922053891,4.205330920303574,True,True,0.75,0.37679178159256466,4.710343896071854,wind_stuck_7_days,2015
15666,US-WCr,US-WCr,2015-09-08,2.29205138,2.2,2.2,0.7916922519283107,0.7916922519283107,0.1921029490200829,0.4476182344929517,-0.0869090738045065,-0.055113325079431834,-0.1231266513538405,-0.6075894919283107,1.0931697313213173,0.30718203349378476,2.9916922519283107,True,2.9916922519283107,True,2.9916922519283107,True,2.2,False,2.2,False,2.2,False,2.2,False,2.793769188946233,2.569171177513036,True,True,0.75,0.46630641718906873,2.9916922519283107,wind_stuck_7_days,2015
15667,US-WCr,US-WCr,2015-09-16,3.0187842,3.2,3.2,-0.4656940790884744,0.4656940790884744,0.4497665975933109,1.080756845110435,-0.02482960879404175,-0.01675943601793229,-0.022428338368154634,-0.10326247908847364,1.0931697313213173,0.30718203349378476,2.7343059209115257,True,3.2,False,3.2,False,3.2,False,3.2,False,3.2,False,3.2,False,2.8507294406836445,2.7343059209115257,True,True,0.75,1.0,2.772324905091319,wind_stuck_7_days,2015
15668,US-WCr,US-WCr,2015-10-18,0.81746894,0.8,0.8,0.14272850266646506,0.14272850266646506,0.11683081549850494,0.4090585790478453,0.017862133454878578,0.014089492107855886,0.006542861003432963,-0.10779062266646508,1.0931697313213173,0.30718203349378476,0.9427285026664651,True,0.9427285026664651,True,0.9427285026664651,True,0.9427285026664651,True,0.9427285026664651,True,0.9427285026664651,True,0.9427285026664651,True,0.9070463769998488,0.9427285026664651,True,True,0.75,1.0,0.9427285026664651,wind_stuck_7_days,2015
15956,US-Wkg,US-CMW,2015-01-09,0.73649239,0.4,0.4,0.27283304581929757,0.27283304581929757,0.10714919983491283,0.4130502375818564,0.05056033186776941,0.04260264028641755,0.0012810480540339452,0.27283304581929757,1.0931697313213173,0.30718203349378476,0.6728330458192976,True,0.6728330458192976,True,0.6728330458192976,True,0.6728330458192976,True,0.6728330458192976,True,0.6728330458192976,True,0.6728330458192976,True,0.6046247843644732,0.6056849090397758,True,True,0.75,0.7538856168325176,0.6491880712958313,wind_stuck_7_days,2015
15957,US-Wkg,US-CMW,2015-01-17,0.30056982,0.5,0.5,-0.16132824050940836,0.16132824050940836,0.12968780130326513,0.37986075894097676,0.017862133454878578,0.014089492107855886,0.006542861003432963,0.16132824050940836,1.0931697313213173,0.30718203349378476,0.33867175949059164,True,0.33867175949059164,True,0.33867175949059164,True,0.33867175949059164,True,0.33867175949059164,True,0.33867175949059164,True,0.33867175949059164,True,0.3790038196179437,0.33867175949059164,True,True,0.75,1.0,0.33867175949059164,wind_stuck_7_days,2015
15958,US-Wkg,US-CMW,2015-02-18,0.50150324,0.9,0.9,-0.13882684181658125,0.13882684181658125,0.07284798415254973,0.284349560051741,0.017862133454878578,0.014089492107855886,0.005886892331386395,0.13882684181658123,1.0931697313213173,0.30718203349378476,0.7611731581834188,True,0.7611731581834188,True,0.7611731581834188,True,0.7611731581834188,True,0.7611731581834188,True,0.7611731581834188,True,0.7611731581834188,True,0.7958798686375641,0.7611731581834188,True,True,0.75,1.0,0.7611731581834188,wind_stuck_7_days,2015
15959,US-Wkg,US-CMW,2015-02-26,0.61033878,1.2,1.2,-0.3788756919933549,0.3788756919933549,0.07798630613775798,0.4348363165196041,0.05764802021210274,0.05985641248407273,0.005886892331386395,0.3788756919933549,1.0931697313213173,0.30718203349378476,0.821124308006645,True,0.821124308006645,True,0.821124308006645,True,0.821124308006645,True,0.821124308006645,True,0.821124308006645,True,0.821124308006645,True,0.9158432310049838,0.9508952943571517,True,True,0.75,0.6574840004441808,0.821124308006645,wind_stuck_7_days,2015
15960,US-Wkg,US-CMW,2015-03-06,0.98391128,1.3,1.3,-0.4176980626751578,0.4176980626751578,0.09841972041318676,0.596671119529695,0.016438948172618224,0.027772927560230216,0.005886892331386395,0.21447937732484218,1.0931697313213173,0.30718203349378476,0.8823019373248422,True,0.8823019373248422,True,0.8823019373248422,True,0.8823019373248422,True,0.8823019373248422,True,0.8823019373248422,True,0.8823019373248422,True,0.9867264529936317,0.9294850141720563,True,True,0.75,0.8870402305794074,0.8823019373248422,wind_stuck_7_days,2015
15961,US-Wkg,US-CMW,2015-03-14,0.9006309,1.1,1.1,-0.2151695844402232,0.2151695844402232,0.11671929747904058,0.464794155199006,0.017862133454878578,0.014089492107855886,0.005886892331386395,0.18356861555977697,1.0931697313213173,0.30718203349378476,0.8848304155597769,True,0.8848304155597769,True,0.8848304155597769,True,0.8848304155597769,True,0.8848304155597769,True,0.8848304155597769,True,0.8848304155597769,True,0.9386228116698327,0.9559518944966128,True,True,0.75,0.6694631394029842,0.8848304155597769,wind_stuck_7_days,2015
15962,US-Wkg,US-CMW,2015-03-22,1.66989559,1.6,1.6,-0.2674519173007737,0.2674519173007737,0.08286725332986006,0.4376676644217964,0.022962484254926665,0.021033371766201243,0.005886892331386395,-0.2674519173007737,1.0931697313213173,0.30718203349378476,1.3325480826992264,True,1.3325480826992264,True,1.3325480826992264,True,1.3325480826992264,True,1.3325480826992264,True,1.3325480826992264,True,1.3325480826992264,True,1.3994110620244198,1.4331374278595719,True,True,0.75,0.6238974609883846,1.3325480826992264,wind_stuck_7_days,2015
15963,US-Wkg,US-CMW,2015-04-07,1.46379383,1.8,1.8,-1.033223162457888,1.033223162457888,0.12239250231964069,0.43759997005923285,-0.040167264090043016,0.08156131495663407,-0.05154152999782692,-0.36081082245788787,1.0931697313213173,0.30718203349378476,0.766776837542112,True,0.766776837542112,True,0.766776837542112,True,1.8,False,1.8,False,0.766776837542112,True,1.8,False,1.025082628156584,1.3272151484348436,True,True,0.75,0.45758251338507544,0.766776837542112,wind_stuck_7_days,2015
15964,US-Wkg,US-CMW,2015-04-15,2.20621403,2.2,2.2,-0.7361058035045007,0.7361058035045007,0.16703521370924493,0.4211021693583499,0.015555811769117809,0.06786732056564347,0.007702138166582763,-0.7361058035045007,1.0931697313213173,0.30718203349378476,1.4638941964954995,True,1.4638941964954995,True,1.4638941964954995,True,1.4638941964954995,True,1.4638941964954995,True,1.4638941964954995,True,1.4638941964954995,True,1.6479206473716246,1.979643981366089,True,True,0.75,0.2993537309240408,1.4638941964954995,wind_stuck_7_days,2015
15965,US-Wkg,US-CMW,2015-04-23,1.2736907,1.0,1.0,-0.035517954395068906,0.035517954395068906,0.10507516431510375,0.35133217931769556,0.017862133454878578,0.019523218736922195,0.005886892331386395,-0.035517954395068885,1.0931697313213173,0.30718203349378476,0.9644820456049311,True,0.9644820456049311,True,0.9644820456049311,True,0.9644820456049311,True,0.9644820456049311,True,0.9644820456049311,True,0.9644820456049311,True,0.9733615342036983,0.9644820456049311,True,True,0.75,1.0,0.9644820456049311,wind_stuck_7_days,2015
15966,US-Wkg,US-CMW,2015-05-01,1.36253225,1.7,1.7,-0.7435276094317584,0.7435276094317584,0.10066489021130637,0.43266710914853973,0.005984420857482892,0.06786732056564347,0.005886892331386395,-0.06859210943175831,1.0931697313213173,0.30718203349378476,0.9564723905682415,True,0.9564723905682415,True,0.9564723905682415,True,0.9564723905682415,True,0.9564723905682415,True,0.9564723905682415,True,0.9564723905682415,True,1.1423542929261812,1.4987746520449263,True,True,0.75,0.27063601324617964,0.9564723905682415,wind_stuck_7_days,2015
15967,US-Wkg,US-CMW,2015-05-09,0.73814804,1.9,1.9,-0.12345611282452859,0.12345611282452859,0.11359545403055095,0.4534871263589694,0.017862133454878578,0.015536131469680026,0.005886892331386395,0.12345611282452862,1.0931697313213173,0.30718203349378476,1.7765438871754713,True,1.7765438871754713,True,1.7765438871754713,True,1.7765438871754713,True,1.7765438871754713,True,1.7765438871754713,True,1.7765438871754713,True,1.8074079153816034,1.7765438871754713,True,True,0.75,1.0,1.7765438871754713,wind_stuck_7_days,2015
15968,US-Wkg,US-CMW,2015-05-17,0.89847389,1.4,1.4,0.08541009660829751,0.08541009660829751,0.08466254215889597,0.38388878957666106,0.017862133454878578,0.014089492107855886,0.005886892331386395,-0.08541009660829757,1.0931697313213173,0.30718203349378476,1.4854100966082975,True,1.4854100966082975,True,1.4854100966082975,True,1.4854100966082975,True,1.4854100966082975,True,1.4854100966082975,True,1.4854100966082975,True,1.464057572456223,1.4854100966082975,True,True,0.75,1.0,1.4854100966082975,wind_stuck_7_days,2015
15969,US-Wkg,US-CMW,2015-05-25,0.68143742,1.7,1.7,-0.1406388919474726,0.1406388919474726,0.12157233643358861,0.4734877743453937,0.017862133454878578,0.015536131469680026,0.005886892331386395,0.1406388919474726,1.0931697313213173,0.30718203349378476,1.5593611080525274,True,1.5593611080525274,True,1.5593611080525274,True,1.5593611080525274,True,1.5593611080525274,True,1.5593611080525274,True,1.5593611080525274,True,1.5945208310393955,1.5593611080525274,True,True,0.75,1.0,1.5593611080525274,wind_stuck_7_days,2015
15970,US-Wkg,US-CMW,2015-06-02,0.90942701,1.5,1.5,-0.2687750721420296,0.2687750721420296,0.09231085455138968,0.4468034442401061,0.02694772258539249,0.024568803653114177,-0.0023858715664631072,0.2687750721420296,1.0931697313213173,0.30718203349378476,1.2312249278579703,True,1.2312249278579703,True,1.2312249278579703,True,1.2312249278579703,True,1.2312249278579703,True,1.2312249278579703,True,1.5,False,1.2984186958934778,1.3366748983387309,True,True,0.75,0.6076646184470658,1.2312249278579703,wind_stuck_7_days,2015
15971,US-Wkg,US-CMW,2015-06-10,0.76184104,1.7,1.7,-0.35779890336826803,0.35779890336826803,0.14774497722662283,0.3763562250463724,0.022962484254926665,0.022480011128025387,0.005886892331386395,0.35779890336826803,1.0931697313213173,0.30718203349378476,1.342201096631732,True,1.342201096631732,True,1.342201096631732,True,1.342201096631732,True,1.342201096631732,True,1.342201096631732,True,1.342201096631732,True,1.431650822473799,1.5685125197385046,True,True,0.75,0.3674898917344098,1.342201096631732,wind_stuck_7_days,2015
15972,US-Wkg,US-CMW,2015-06-18,0.73012217,1.8,1.8,0.34489743993845806,0.34489743993845806,0.22020061076933142,0.5361237572586626,0.020227533475122766,0.013901306480370934,-0.0032224184286534143,-0.3448974399384581,1.0931697313213173,0.30718203349378476,2.144897439938458,True,2.144897439938458,True,2.144897439938458,True,2.144897439938458,True,2.144897439938458,True,2.144897439938458,True,1.8,False,2.0586730799538437,1.8,True,False,0.75,0.0,2.193997702078502,wind_stuck_7_days,2015
15973,US-Wkg,US-CMW,2015-06-26,1.17022866,1.7,1.7,-0.28631468772334095,0.28631468772334095,0.1695274559835632,0.3905860705132433,0.02669978323964945,0.024568803653114177,-0.0023858715664631072,0.28631468772334095,1.0931697313213173,0.30718203349378476,1.413685312276659,True,1.413685312276659,True,1.413685312276659,True,1.413685312276659,True,1.413685312276659,True,1.413685312276659,True,1.7,False,1.4852639842074942,1.5359493584022006,True,True,0.75,0.5729731956899032,1.413685312276659,wind_stuck_7_days,2015
15974,US-Wkg,US-CMW,2015-07-20,2.92529809,3.4,3.4,0.12796562920111845,0.12796562920111845,0.2326742419990383,0.5146133837854229,-0.01008989587230471,-0.002015686357408448,0.009607970468886694,-0.12796562920111842,1.0931697313213173,0.30718203349378476,3.5279656292011183,True,3.5279656292011183,True,3.5279656292011183,True,3.4,False,3.4,False,3.4,False,3.5279656292011183,True,3.495974221900839,3.5279656292011183,True,True,0.75,1.0,3.5279656292011183,wind_stuck_7_days,2015
15975,US-Wkg,US-CMW,2015-07-28,2.74947227,3.4,3.4,-0.04091375332036386,0.04091375332036386,0.1687365801078068,0.42082833213959,-0.007908788897029813,-0.002015686357408448,0.009607970468886694,0.040913753320363844,1.0931697313213173,0.30718203349378476,3.359086246679636,True,3.359086246679636,True,3.359086246679636,True,3.4,False,3.4,False,3.4,False,3.359086246679636,True,3.369314685009727,3.359086246679636,True,True,0.75,1.0,3.359086246679636,wind_stuck_7_days,2015
15976,US-Wkg,US-CMW,2015-08-05,1.6851495,1.9,1.9,-0.12120507200209085,0.12120507200209085,0.1518911332532743,0.5191034810059274,0.02025738616196934,0.01762492399476881,-0.0023858715664631072,0.12120507200209085,1.0931697313213173,0.30718203349378476,1.7787949279979092,True,1.7787949279979092,True,1.7787949279979092,True,1.7787949279979092,True,1.7787949279979092,True,1.7787949279979092,True,1.9,False,1.8090961959984317,1.7787949279979092,True,True,0.75,1.0,1.7787949279979092,wind_stuck_7_days,2015
15977,US-Wkg,US-CMW,2015-08-29,1.79551701,1.9,1.9,0.11995947990184526,0.11995947990184526,0.199985323049857,0.5097901136459133,0.015433087133860643,0.011604081866026144,0.005886892331386395,-0.11995947990184525,1.0931697313213173,0.30718203349378476,2.019959479901845,True,2.019959479901845,True,2.019959479901845,True,2.019959479901845,True,2.019959479901845,True,2.019959479901845,True,2.019959479901845,True,1.989969609926384,2.019959479901845,True,True,0.75,1.0,2.019959479901845,wind_stuck_7_days,2015
15978,US-Wkg,US-CMW,2015-09-06,3.142971,2.4,2.4,-0.5713958926891167,0.5713958926891167,0.1305943986543771,0.34701028262816624,0.13020441786237855,0.1325100985496148,0.007702138166582763,-0.5713958926891167,1.0931697313213173,0.30718203349378476,1.8286041073108832,True,1.8286041073108832,True,1.8286041073108832,True,1.8286041073108832,True,1.8286041073108832,True,1.8286041073108832,True,1.8286041073108832,True,1.9714530804831623,1.8777610171537646,True,True,0.75,0.9139704879369398,1.8286041073108832,wind_stuck_7_days,2015
15979,US-Wkg,US-CMW,2015-09-14,2.07206677,3.1,3.1,-0.6806377997002541,0.6806377997002541,0.16579851708422494,0.4644013761422456,0.001218445645384128,0.0323480924478085,0.009607970468886694,0.6806377997002541,1.0931697313213173,0.30718203349378476,2.419362200299746,True,2.419362200299746,True,2.419362200299746,True,2.419362200299746,True,2.419362200299746,True,2.419362200299746,True,2.419362200299746,True,2.5895216502248095,2.6689498493196577,True,True,0.75,0.6333032794684231,2.419362200299746,wind_stuck_7_days,2015
15980,US-Wkg,US-CMW,2015-10-24,0.91759632,1.6,1.6,-0.5328315171221204,0.5328315171221204,0.14811232200341737,0.43417931718696207,0.13020441786237855,0.14243716977312765,0.005886892331386395,0.5328315171221204,1.0931697313213173,0.30718203349378476,1.0671684828778796,True,1.0671684828778796,True,1.0671684828778796,True,1.0671684828778796,True,1.0671684828778796,True,1.0671684828778796,True,1.0671684828778796,True,1.2003763621584098,1.1154877190570556,True,True,0.75,0.909316107199977,1.0671684828778796,wind_stuck_7_days,2015
15981,US-Wkg,US-CMW,2015-11-01,1.02588855,1.1,1.1,-0.48399946648471925,0.48399946648471925,0.13004258463621754,0.3977694059571614,0.09192583796447631,0.1100428467643639,0.005886892331386395,-0.3357765664847189,1.0931697313213173,0.30718203349378476,0.6160005335152808,True,0.6160005335152808,True,0.6160005335152808,True,0.6160005335152808,True,0.6160005335152808,True,0.6160005335152808,True,0.6160005335152808,True,0.7370004001364606,0.7725152897721956,True,True,0.75,0.6766220479669552,0.6160005335152808,wind_stuck_7_days,2015
15982,US-Wkg,US-CMW,2015-11-09,0.53706562,1.2,1.2,-0.5548018312140268,0.5548018312140268,0.10895427853212963,0.27941380547687106,0.13020441786237855,0.14560868021405504,0.005886892331386395,0.5548018312140268,1.0931697313213173,0.30718203349378476,0.6451981687859731,True,0.6451981687859731,True,0.6451981687859731,True,0.6451981687859731,True,0.6451981687859731,True,0.6451981687859731,True,0.6451981687859731,True,0.7838986265894798,0.6710917250952091,True,True,0.75,0.9533282789413741,0.6451981687859731,wind_stuck_7_days,2015
102,Almond_High,Almond_High,2016-10-18,3.26920283,2.8,2.8,-0.7082337600943147,0.7082337600943147,0.1543626337892126,0.5232779842122328,0.09596612252348835,0.1144727044890334,-0.011966396186251132,-0.7082337600943147,1.1565457696667854,0.31538931999401515,2.0917662399056853,True,2.0917662399056853,True,2.0917662399056853,True,2.0917662399056853,True,2.0917662399056853,True,2.0917662399056853,True,2.8,False,2.2688246799292635,2.382625997779227,True,True,0.75,0.5893167280887484,2.0917662399056853,wind_stuck_7_days,2016
103,Almond_High,Almond_High,2016-10-19,3.30108894,2.7,2.7,-0.5965034318618976,0.5965034318618976,0.1681808288247828,0.46310393343311224,0.10752368178205995,0.1144727044890334,-0.011966396186251132,-0.5965034318618976,1.1565457696667854,0.31538931999401515,2.1034965681381026,True,2.1034965681381026,True,2.1034965681381026,True,2.1034965681381026,True,2.1034965681381026,True,2.1034965681381026,True,2.7,False,2.252622426103577,2.29886800897899,True,True,0.75,0.6724722266373816,2.1034965681381026,wind_stuck_7_days,2016
104,Almond_High,Almond_High,2016-10-26,3.43505453,2.6,2.6,-0.421693073032979,0.421693073032979,0.19408813540047665,0.6362781384967258,0.04355121004334894,0.041325918800476806,-0.02078926729625694,-0.4216930730329791,1.1565457696667854,0.31538931999401515,2.178306926967021,True,2.178306926967021,True,2.178306926967021,True,2.178306926967021,True,2.178306926967021,True,2.178306926967021,True,2.6,False,2.283730195225266,2.3289076708014043,True,True,0.75,0.6428664508259416,2.178306926967021,wind_stuck_7_days,2016
105,Almond_High,Almond_High,2016-11-03,2.33487795,1.9,1.9,-0.27954252920780726,0.27954252920780726,0.11364275371240216,0.4676802027643296,0.012731402251907829,0.0285457005089365,-0.024112203490587795,-0.2795425292078073,1.1565457696667854,0.31538931999401515,1.6204574707921926,True,1.6204574707921926,True,1.6204574707921926,True,1.6204574707921926,True,1.6204574707921926,True,1.6204574707921926,True,1.9,False,1.6903431030941445,1.723648652758297,True,True,0.75,0.6308569495363124,1.6204574707921926,wind_stuck_7_days,2016
106,Almond_High,Almond_High,2016-11-11,2.70007625,2.5,2.5,-0.2791004825857406,0.2791004825857406,0.15662378475532976,0.8269135139755994,0.037387318279384206,0.0285457005089365,-0.024112203490587795,-0.2791004825857406,1.1565457696667854,0.31538931999401515,2.220899517414259,True,2.220899517414259,True,2.220899517414259,True,2.220899517414259,True,2.220899517414259,True,2.220899517414259,True,2.5,False,2.2906746380606946,2.3121274630773496,True,True,0.75,0.6731358368932071,2.249654218825641,wind_stuck_7_days,2016
107,Almond_High,Almond_High,2016-11-12,2.72641392,1.9,1.9,-0.1394526915471872,0.1394526915471872,0.16622392993113502,0.4959167726880403,0.028144446696728588,0.0285457005089365,-0.024112203490587795,-0.1394526915471872,1.1565457696667854,0.31538931999401515,1.7605473084528127,True,1.7605473084528127,True,1.7605473084528127,True,1.7605473084528127,True,1.7605473084528127,True,1.7605473084528127,True,1.9,False,1.7954104813396095,1.7605473084528127,True,True,0.75,1.0,1.7605473084528127,wind_stuck_7_days,2016
108,Almond_High,Almond_High,2016-11-19,2.79752361,1.5,1.5,-0.03466669615818939,0.03466669615818939,0.1111076147166876,0.5653554902446898,0.02429894922646033,0.02582190072491816,-0.024112203490587795,-0.0346666961581894,1.1565457696667854,0.31538931999401515,1.4653333038418106,True,1.4653333038418106,True,1.4653333038418106,True,1.4653333038418106,True,1.4653333038418106,True,1.4653333038418106,True,1.5,False,1.473999977881358,1.4653333038418106,True,True,0.75,1.0,1.4653333038418106,wind_stuck_7_days,2016
109,Almond_High,Almond_High,2016-11-27,2.338065,0.6,0.6,0.13012990679863515,0.13012990679863515,0.16023236150914752,0.7632364911983903,0.04027103646550416,0.02582190072491816,-0.024112203490587795,0.13012990679863523,1.1565457696667854,0.31538931999401515,0.7301299067986351,True,0.7301299067986351,True,0.7301299067986351,True,0.7301299067986351,True,0.7301299067986351,True,0.7301299067986351,True,0.6,False,0.6975974300989763,0.7301299067986351,True,True,0.75,1.0,0.7301299067986351,wind_stuck_7_days,2016
110,Almond_High,Almond_High,2016-12-13,0.6193985,0.8,0.8,-0.008538514263611482,0.008538514263611482,0.13165629532763284,0.4347500417324972,0.028144446696728588,0.02582190072491816,-0.024112203490587795,0.00853851426361149,1.1565457696667854,0.31538931999401515,0.7914614857363885,True,0.7914614857363885,True,0.7914614857363885,True,0.7914614857363885,True,0.7914614857363885,True,0.7914614857363885,True,0.8,False,0.7935961143022914,0.7914614857363885,True,True,0.75,1.0,0.8169730045472717,wind_stuck_7_days,2016
111,Almond_High,Almond_High,2016-12-14,0.47342438,1.0,1.0,0.20053015626110163,0.20053015626110163,0.10344723008434836,0.5019255773777698,0.02429894922646033,0.02582190072491816,-0.024112203490587795,-0.2005301562611016,1.1565457696667854,0.31538931999401515,1.2005301562611017,True,1.2005301562611017,True,1.2005301562611017,True,1.2005301562611017,True,1.2005301562611017,True,1.2005301562611017,True,1.0,False,1.1503976171958263,1.2005301562611017,True,True,0.75,1.0,1.2005301562611017,wind_stuck_7_days,2016
112,Almond_High,Almond_High,2016-12-22,0.74606369,1.0,1.0,-0.16085434042265317,0.16085434042265317,0.23566494830189832,0.5891626969588399,0.028144446696728588,0.0285457005089365,-0.030042497326406015,0.16085434042265317,1.1565457696667854,0.31538931999401515,0.8391456595773468,True,0.8391456595773468,True,0.8391456595773468,True,0.8391456595773468,True,0.8391456595773468,True,0.8391456595773468,True,1.0,False,0.8793592446830101,0.8391456595773468,True,True,0.75,1.0,0.8772331095801965,wind_stuck_7_days,2016
113,Almond_High,Almond_High,2016-12-29,0.63454628,1.1,1.1,-0.23591666483449442,0.23591666483449442,0.3421565264618022,0.7677076447192367,0.03653044249750833,0.0285457005089365,-0.07482793367556712,0.23591666483449442,1.1565457696667854,0.31538931999401515,0.8640833351655057,True,1.1,False,0.8640833351655057,True,0.8640833351655057,True,0.8640833351655057,True,0.8640833351655057,True,1.1,False,0.9230625013741293,0.9253446193438648,True,True,0.75,0.7403265927765786,0.9462411425541789,wind_stuck_7_days,2016
297,Almond_Low,Almond_Low,2016-10-11,3.05504843,2.7,2.7,-2.5094165760181806,2.5094165760181806,0.3770419313121331,1.1193564475725228,0.8543814890215029,0.741089477982831,-0.9615138385435121,-2.5094165760181806,1.1565457696667854,0.31538931999401515,0.1905834239818196,True,2.7,False,2.7,False,0.1905834239818196,True,2.7,False,0.1905834239818196,True,2.7,False,0.8179375679863647,0.48904826472257223,True,True,0.75,0.8810620589689648,0.1905834239818196,wind_stuck_7_days,2016
298,Almond_Low,Almond_Low,2016-10-18,2.58529377,1.9,1.9,-0.9444615584854155,0.9444615584854155,0.26856418214321454,0.7587023892551511,0.14524756798374314,0.12398420799024824,-0.06326776771986149,-0.9444615584854155,1.1565457696667854,0.31538931999401515,0.9555384415145844,True,0.9555384415145844,True,0.9555384415145844,True,0.9555384415145844,True,0.9555384415145844,True,0.9555384415145844,True,1.9,False,1.1916538311359384,1.140957721434444,True,True,0.75,0.8036772611293922,0.9555384415145844,wind_stuck_7_days,2016
299,Almond_Low,Almond_Low,2016-10-19,2.7369248,2.3,2.3,-0.6907271089935897,0.6907271089935897,0.1170271712433537,0.4779005990087703,0.09016565889076483,0.1144727044890334,-0.017839566641077,-0.6907271089935896,1.1565457696667854,0.31538931999401515,1.6092728910064102,True,1.6092728910064102,True,1.6092728910064102,True,1.6092728910064102,True,1.6092728910064102,True,1.6092728910064102,True,2.3,False,1.7819546682548075,1.8765240150671105,True,True,0.75,0.6130872517077066,1.6092728910064102,wind_stuck_7_days,2016
300,Almond_Low,Almond_Low,2016-10-26,2.5699786,1.6,1.6,-0.39968444439694895,0.39968444439694895,0.11100295561429407,0.45337996993424906,0.03452074105857319,0.041325918800476806,-0.020732143915264588,-0.39968444439694895,1.1565457696667854,0.31538931999401515,1.2003155556030511,True,1.2003155556030511,True,1.2003155556030511,True,1.2003155556030511,True,1.2003155556030511,True,1.2003155556030511,True,1.6,False,1.3002366667022884,1.3570925711162616,True,True,0.75,0.6077480179401069,1.2003155556030511,wind_stuck_7_days,2016
301,Almond_Low,Almond_Low,2016-11-11,1.12603477,1.6,1.6,-0.10781014434839983,0.10781014434839983,0.1884208198684859,0.5036861756455939,0.028144446696728588,0.02582190072491816,-0.030042497326406015,0.10781014434839986,1.1565457696667854,0.31538931999401515,1.4921898556516002,True,1.4921898556516002,True,1.4921898556516002,True,1.4921898556516002,True,1.4921898556516002,True,1.4921898556516002,True,1.6,False,1.5191423917387001,1.4921898556516002,True,True,0.75,1.0,1.4921898556516002,wind_stuck_7_days,2016
302,Almond_Low,Almond_Low,2016-11-12,1.13752835,1.5,1.5,0.09123458414774543,0.09123458414774543,0.09717120355741597,0.5685780814057404,0.02429894922646033,0.02582190072491816,-0.024112203490587795,-0.09123458414774543,1.1565457696667854,0.31538931999401515,1.5912345841477453,True,1.5912345841477453,True,1.5912345841477453,True,1.5912345841477453,True,1.5912345841477453,True,1.5912345841477453,True,1.5,False,1.568425938110809,1.5912345841477453,True,True,0.75,1.0,1.5912345841477453,wind_stuck_7_days,2016
478,Almond_Med,Almond_High,2016-10-02,2.3532112,3.3,3.3,-0.5011442282912755,0.5011442282912755,0.17372712793114653,0.3550220876915291,0.02291956195882096,0.029557309181787516,-0.011966396186251132,0.5011442282912755,1.1565457696667854,0.31538931999401515,2.798855771708724,True,2.798855771708724,True,2.798855771708724,True,2.798855771708724,True,2.798855771708724,True,2.798855771708724,True,3.3,False,2.924141828781543,3.070718044834474,True,True,0.75,0.45751690276329415,2.798855771708724,wind_stuck_7_days,2016
479,Almond_Med,Almond_High,2016-10-03,2.34921443,2.5,2.5,-1.8751149691657687,1.8751149691657687,0.44063286122204187,0.9338180842800293,0.8480818380493389,0.7163735485012782,-0.48869726025252674,-1.5735438291657686,1.1565457696667854,0.31538931999401515,0.6248850308342313,True,2.5,False,2.5,False,0.6248850308342313,True,2.5,False,0.6248850308342313,True,2.5,False,1.0936637731256735,0.8185517514735436,True,True,0.75,0.8967174152924213,0.6248850308342313,wind_stuck_7_days,2016
480,Almond_Med,Almond_High,2016-10-10,4.21326525,3.0,3.0,-1.3226879826452447,1.3226879826452447,0.34544251130005577,0.7915512707599037,-0.10559101590729654,-0.13886340425590107,-0.13089772310305461,-1.3226879826452445,1.1565457696667854,0.31538931999401515,1.6773120173547553,True,3.0,False,1.6773120173547553,True,3.0,False,3.0,False,3.0,False,3.0,False,2.0079840130160664,2.919292370044465,True,True,0.75,0.061017890095385906,1.6773120173547553,wind_stuck_7_days,2016
481,Almond_Med,Almond_High,2016-10-11,2.98834907,3.0,3.0,-2.3061294045315535,2.3061294045315535,0.4977649610836359,1.1615257311710543,0.8663215870150555,0.741089477982831,-0.7240224753245332,-2.2828275445315533,1.1565457696667854,0.31538931999401515,0.6938705954684465,True,3.0,False,3.0,False,0.6938705954684465,True,3.0,False,0.6938705954684465,True,3.0,False,1.270402946601335,0.9700670048078157,True,True,0.75,0.8802337766490284,0.6938705954684465,wind_stuck_7_days,2016
482,Almond_Med,Almond_High,2016-10-18,3.44328959,2.8,2.8,-0.6985531398417383,0.6985531398417383,0.14922335685762775,0.5061415921012147,0.09596612252348835,0.1144727044890334,-0.011966396186251132,-0.6985531398417382,1.1565457696667854,0.31538931999401515,2.1014468601582617,True,2.1014468601582617,True,2.1014468601582617,True,2.1014468601582617,True,2.1014468601582617,True,2.1014468601582617,True,2.8,False,2.276085145118696,2.3808131924165425,True,True,0.75,0.6000786249109505,2.1014468601582617,wind_stuck_7_days,2016
483,Almond_Med,Almond_High,2016-10-19,3.65149823,2.7,2.7,-0.7287563516239709,0.7287563516239709,0.23152595174577775,0.5673946515268814,0.11327721445485776,0.1144727044890334,-0.01662403711857779,-0.728756351623971,1.1565457696667854,0.31538931999401515,1.9712436483760292,True,1.9712436483760292,True,1.9712436483760292,True,1.9712436483760292,True,1.9712436483760292,True,1.9712436483760292,True,2.7,False,2.153432736282022,2.2950744966783776,True,True,0.75,0.5556390725367689,1.9712436483760292,wind_stuck_7_days,2016
484,Almond_Med,Almond_High,2016-10-26,3.53490778,2.6,2.6,-0.43578331100487305,0.43578331100487305,0.20284888026336315,0.6523763303889394,0.04355121004334894,0.041325918800476806,-0.02078926729625694,-0.435783311004873,1.1565457696667854,0.31538931999401515,2.164216688995127,True,2.164216688995127,True,2.164216688995127,True,2.164216688995127,True,2.164216688995127,True,2.164216688995127,True,2.6,False,2.2731625167463454,2.3338820774302547,True,True,0.75,0.6106657043751946,2.164216688995127,wind_stuck_7_days,2016
485,Almond_Med,Almond_High,2016-11-03,2.44811006,1.9,1.9,-0.3023909629862481,0.3023909629862481,0.11069682530077547,0.45674824461643276,0.012731402251907829,0.0285457005089365,-0.024112203490587795,-0.3023909629862481,1.1565457696667854,0.31538931999401515,1.597609037013752,True,1.597609037013752,True,1.597609037013752,True,1.597609037013752,True,1.597609037013752,True,1.597609037013752,True,1.9,False,1.673206777760314,1.7307874027169248,True,True,0.75,0.5595821899306245,1.597609037013752,wind_stuck_7_days,2016
486,Almond_Med,Almond_High,2016-11-11,2.69056697,2.5,2.5,-0.28918613268460586,0.28918613268460586,0.14414049873801252,0.8185241446004881,0.037387318279384206,0.0285457005089365,-0.024112203490587795,-0.28918613268460586,1.1565457696667854,0.31538931999401515,2.210813867315394,True,2.210813867315394,True,2.210813867315394,True,2.210813867315394,True,2.210813867315394,True,2.210813867315394,True,2.5,False,2.2831104004865455,2.3248546371320433,True,True,0.75,0.6056492448030869,2.2365701170659706,wind_stuck_7_days,2016
487,Almond_Med,Almond_High,2016-11-12,2.39274816,1.9,1.9,-0.1469039045807619,0.1469039045807619,0.16379312793406256,0.5053390704511191,0.028144446696728588,0.0285457005089365,-0.024112203490587795,-0.14690390458076186,1.1565457696667854,0.31538931999401515,1.753096095419238,True,1.753096095419238,True,1.753096095419238,True,1.753096095419238,True,1.753096095419238,True,1.753096095419238,True,1.9,False,1.7898220715644284,1.753096095419238,True,True,0.75,1.0,1.753096095419238,wind_stuck_7_days,2016
488,Almond_Med,Almond_High,2016-11-19,1.75720956,1.4,1.4,-0.02905506367378133,0.02905506367378133,0.1058926480279376,0.5510724516670472,0.02429894922646033,0.02582190072491816,-0.024112203490587795,-0.0290550636737813,1.1565457696667854,0.31538931999401515,1.3709449363262185,True,1.3709449363262185,True,1.3709449363262185,True,1.3709449363262185,True,1.3709449363262185,True,1.3709449363262185,True,1.4,False,1.3782087022446639,1.3709449363262185,True,True,0.75,1.0,1.3709449363262185,wind_stuck_7_days,2016
489,Almond_Med,Almond_High,2016-11-27,1.72021809,0.6,0.6,0.12693394156091747,0.12693394156091747,0.16865700222592525,0.7792322511763681,0.04027103646550416,0.02582190072491816,-0.024112203490587795,0.12693394156091742,1.1565457696667854,0.31538931999401515,0.7269339415609175,True,0.7269339415609175,True,0.7269339415609175,True,0.7269339415609175,True,0.7269339415609175,True,0.7269339415609175,True,0.6,False,0.695200456170688,0.7269339415609175,True,True,0.75,1.0,0.7269339415609175,wind_stuck_7_days,2016
490,Almond_Med,Almond_High,2016-12-13,0.51328078,0.8,0.8,-0.01495464186698917,0.01495464186698917,0.13348083702446914,0.43792592817000103,0.028144446696728588,0.02582190072491816,-0.024112203490587795,0.014954641866989193,1.1565457696667854,0.31538931999401515,0.7850453581330109,True,0.7850453581330109,True,0.7850453581330109,True,0.7850453581330109,True,0.7850453581330109,True,0.7850453581330109,True,0.8,False,0.7887840185997582,0.7850453581330109,True,True,0.75,1.0,0.8103698521068224,wind_stuck_7_days,2016
491,Almond_Med,Almond_High,2016-12-14,0.38162008,1.0,1.0,0.18113992764158837,0.18113992764158837,0.09868422360236748,0.49233385540655367,0.02429894922646033,0.02582190072491816,-0.024112203490587795,-0.18113992764158837,1.1565457696667854,0.31538931999401515,1.1811399276415884,True,1.1811399276415884,True,1.1811399276415884,True,1.1811399276415884,True,1.1811399276415884,True,1.1811399276415884,True,1.0,False,1.1358549457311913,1.1811399276415884,True,True,0.75,1.0,1.1811399276415884,wind_stuck_7_days,2016
492,Almond_Med,Almond_High,2016-12-22,0.68216268,1.0,1.0,-0.17570667359105074,0.17570667359105074,0.2327762330430928,0.5786995406068058,0.028144446696728588,0.0285457005089365,-0.030042497326406015,0.17570667359105074,1.1565457696667854,0.31538931999401515,0.8242933264089493,True,0.8242933264089493,True,0.8242933264089493,True,0.8242933264089493,True,0.8242933264089493,True,0.8242933264089493,True,1.0,False,0.868219994806712,0.8242933264089493,True,True,0.75,1.0,0.8594806114938798,wind_stuck_7_days,2016
493,Almond_Med,Almond_High,2016-12-29,0.51959288,1.1,1.1,-0.2539796301866373,0.2539796301866373,0.34246441485364965,0.7601441062348464,0.03653044249750833,0.0285457005089365,-0.07482793367556712,0.2539796301866373,1.1565457696667854,0.31538931999401515,0.8460203698133628,True,1.1,False,0.8460203698133628,True,0.8460203698133628,True,0.8460203698133628,True,0.8460203698133628,True,1.1,False,0.9095152773600221,0.9336904834890783,True,True,0.75,0.6548143895977364,0.9246968184978475,wind_stuck_7_days,2016
1352,LYS_NE,LYS_NE,2016-05-23,1.51217961,1.3,1.3,0.46517780252053453,0.46517780252053453,0.17681453012507226,0.474480142397002,0.03590556317618318,0.044859967518933036,-0.013443085417328965,-0.04081858252053461,1.1565457696667854,0.31538931999401515,1.7651778025205345,True,1.7651778025205345,True,1.7651778025205345,True,1.7651778025205345,True,1.7651778025205345,True,1.7651778025205345,True,1.3,False,1.648883351890401,1.5151867475037506,True,True,0.75,0.4625903178048817,1.7651778025205345,wind_stuck_7_days,2016
1353,LYS_NE,LYS_NE,2016-05-24,1.70655132,1.6,1.6,0.3771323621570821,0.3771323621570821,0.20781845154190903,0.5612935909102226,0.008822723135245394,0.01081953106878102,-0.02302366298802398,-0.16402972215708234,1.1565457696667854,0.31538931999401515,1.9771323621570822,True,1.9771323621570822,True,1.9771323621570822,True,1.9771323621570822,True,1.9771323621570822,True,1.9771323621570822,True,1.6,False,1.8828492716178116,1.7189954942012622,True,True,0.75,0.3155271362039689,1.9771323621570822,wind_stuck_7_days,2016
1354,LYS_NE,LYS_NE,2016-05-31,5.60041563,4.0,4.0,-0.06581465591028889,0.06581465591028889,0.1763531865347415,0.45927400814240693,0.012244183567820921,0.012414441587755405,-0.011966396186251132,-0.06581465591028879,1.1565457696667854,0.31538931999401515,3.934185344089711,True,3.934185344089711,True,3.934185344089711,True,3.934185344089711,True,3.934185344089711,True,3.934185344089711,True,4.0,False,3.9506390080672835,3.934185344089711,True,True,0.75,1.0,3.934185344089711,wind_stuck_7_days,2016
1355,LYS_NE,LYS_NE,2016-06-09,3.2991312,2.8,2.8,1.1403709119493664,1.1403709119493664,0.2345654512897716,0.6095891901327711,0.046173511077677476,-0.026321115073976283,-0.12078669727250736,-0.1421085119493657,1.1565457696667854,0.31538931999401515,3.9403709119493664,True,3.9403709119493664,True,3.9403709119493664,True,3.9403709119493664,True,3.9403709119493664,True,2.8,False,2.8,False,3.6552781839620243,3.2510588729836494,True,True,0.75,0.39553698560462475,3.9403709119493664,wind_stuck_7_days,2016
1356,LYS_NE,LYS_NE,2016-06-16,5.69237705,5.0,5.0,-0.25836171636923333,0.25836171636923333,0.1743803635974203,0.6916061647668124,-0.05833009367411403,-0.08206918272610733,-0.01249285160087145,-0.25836171636923333,1.1565457696667854,0.31538931999401515,4.741638283630767,True,4.741638283630767,True,4.741638283630767,True,5.0,False,5.0,False,5.0,False,5.0,False,4.806228712723075,5.0,True,False,0.75,0.0,4.741638283630767,wind_stuck_7_days,2016
1357,LYS_NE,LYS_NE,2016-06-17,7.17342926,3.9,3.9,-0.6969850321996315,0.6969850321996315,0.2627527163407539,0.6463624555010326,-0.12909376903868858,-0.14741572647769044,-0.035197629964328556,-0.6969850321996316,1.1565457696667854,0.31538931999401515,3.2030149678003683,True,3.2030149678003683,True,3.2030149678003683,True,3.9,False,3.9,False,3.9,False,3.9,False,3.377261225850276,3.8819383397173346,True,True,0.75,0.025913985879530553,3.2030149678003683,wind_stuck_7_days,2016
1358,LYS_NE,LYS_NE,2016-06-25,6.67655992,5.7,5.7,-0.29904401417046067,0.29904401417046067,0.25763829393566506,0.49207048208412674,-0.04649594903583577,-0.02354858524546809,-0.022821652040110857,-0.29904401417046067,1.1565457696667854,0.31538931999401515,5.4009559858295395,True,5.4009559858295395,True,5.4009559858295395,True,5.7,False,5.7,False,5.7,False,5.7,False,5.475716989372154,5.562313182203865,True,True,0.75,0.4604232530053292,5.4009559858295395,wind_stuck_7_days,2016
1359,LYS_NE,LYS_NE,2016-07-02,6.95308557,7.0,7.0,-0.049547078903846534,0.049547078903846534,0.16822269831179337,0.5442037247208095,-0.06338811100943381,-0.01380550639706292,-0.01249285160087145,0.04428178109615381,1.1565457696667854,0.31538931999401515,6.950452921096153,True,6.950452921096153,True,6.950452921096153,True,7.0,False,7.0,False,7.0,False,7.0,False,6.962839690822115,6.950452921096153,True,True,0.75,1.0,6.950452921096153,wind_stuck_7_days,2016
1360,LYS_NE,LYS_NE,2016-07-03,6.38038683,5.9,5.9,-0.003209051323548448,0.003209051323548448,0.12643144346978497,0.35516264687424653,-0.01439020431748738,-0.015105992983016993,-0.011966396186251132,-0.0032090513235484286,1.1565457696667854,0.31538931999401515,5.896790948676452,True,5.896790948676452,True,5.896790948676452,True,5.9,False,5.9,False,5.9,False,5.9,False,5.897593211507339,5.896790948676452,True,True,0.75,1.0,5.896790948676452,wind_stuck_7_days,2016
1361,LYS_NE,LYS_NE,2016-07-11,12.54025135,8.9,8.9,0.7546941589548215,0.7546941589548215,0.5799362041203452,1.5888253592933008,-0.181190799707601,-0.12766471867704837,-0.15139509838385143,0.7546941589548215,1.1565457696667854,0.31538931999401515,9.654694158954822,True,8.9,False,8.9,False,8.9,False,8.9,False,8.9,False,8.9,False,9.466020619216117,8.9,True,False,0.75,0.0,9.763760732052365,wind_stuck_7_days,2016
1362,LYS_NE,LYS_NE,2016-07-18,9.14571636,7.9,7.9,0.324534591076902,0.324534591076902,0.09294213530979395,0.6318729710903007,0.004498238129239207,-0.007420918705229189,-0.01249285160087145,0.32453459107690197,1.1565457696667854,0.31538931999401515,8.224534591076903,True,8.224534591076903,True,8.224534591076903,True,8.224534591076903,True,8.224534591076903,True,7.9,False,7.9,False,8.143400943307677,8.028876790770871,True,True,0.75,0.3971126478173557,8.224534591076903,wind_stuck_7_days,2016
1363,LYS_NE,LYS_NE,2016-07-26,7.52571124,7.0,7.0,0.42836019721155105,0.42836019721155105,0.13606738567203247,0.4014856537836862,-0.038293465701182534,-0.020231965219107296,-0.004608436781425951,0.42836019721155105,1.1565457696667854,0.31538931999401515,7.428360197211551,True,7.428360197211551,True,7.428360197211551,True,7.0,False,7.0,False,7.0,False,7.0,False,7.321270147908663,7.109636669597301,True,True,0.75,0.2559450441730826,7.428360197211551,wind_stuck_7_days,2016
1364,LYS_NE,LYS_NE,2016-07-27,4.95103501,6.2,6.2,0.4753194883122755,0.4753194883122755,0.1660286236278832,0.4403150917024572,-0.017516004231959464,0.0031115883460259616,-0.0070434595478827775,-0.47531948831227555,1.1565457696667854,0.31538931999401515,6.675319488312276,True,6.675319488312276,True,6.675319488312276,True,6.2,False,6.2,False,6.675319488312276,True,6.2,False,6.556489616234207,6.414040684745719,True,True,0.75,0.4503090868538041,6.675319488312276,wind_stuck_7_days,2016
1365,LYS_NE,LYS_NE,2016-08-11,7.00588605,6.5,6.5,-0.004359433153563444,0.004359433153563444,0.18085603036639283,0.31511758197513606,-0.035167665786710434,-0.0026788884801531277,-0.009531373419794304,-0.004359433153563463,1.1565457696667854,0.31538931999401515,6.495640566846436,True,6.495640566846436,True,6.495640566846436,True,6.5,False,6.5,False,6.5,False,6.5,False,6.496730425134827,6.495640566846436,True,True,0.75,1.0,6.495640566846436,wind_stuck_7_days,2016
1366,LYS_NE,LYS_NE,2016-08-12,6.80360665,5.1,5.1,0.45071064992633947,0.45071064992633947,0.22672064694794503,0.4605316726101062,-0.017516004231959464,-0.016027785903156185,-0.011701100480209439,0.45071064992633936,1.1565457696667854,0.31538931999401515,5.550710649926339,True,5.550710649926339,True,5.550710649926339,True,5.1,False,5.1,False,5.1,False,5.1,False,5.438032987444754,5.333069151627239,True,True,0.75,0.517114808947448,5.550710649926339,wind_stuck_7_days,2016
1367,LYS_NE,LYS_NE,2016-08-27,5.79904158,5.1,5.1,-0.13292826302816851,0.13292826302816851,0.1558746101371822,0.4203361352417204,0.014611751994503434,0.014468619959592002,-0.011966396186251132,-0.13292826302816851,1.1565457696667854,0.31538931999401515,4.967071736971831,True,4.967071736971831,True,4.967071736971831,True,4.967071736971831,True,4.967071736971831,True,4.967071736971831,True,5.1,False,5.000303802728873,4.967071736971831,True,True,0.75,1.0,4.967071736971831,wind_stuck_7_days,2016
1368,LYS_NE,LYS_NE,2016-09-04,4.23252298,5.5,5.5,-0.09958912098634873,0.09958912098634873,0.24913268680918696,0.8141367588140043,0.0027198706191614392,-0.009432769681927702,-0.022295196625490538,0.09958912098634864,1.1565457696667854,0.31538931999401515,5.400410879013651,True,5.400410879013651,True,5.400410879013651,True,5.400410879013651,True,5.400410879013651,True,5.5,False,5.5,False,5.425308159260238,5.400410879013651,True,True,0.75,1.0,5.400410879013651,wind_stuck_7_days,2016
1369,LYS_NE,LYS_NE,2016-09-05,5.12485809,5.7,5.7,-0.07221385384355558,0.07221385384355558,0.2244358230801096,0.7267703557169714,0.002935746909830089,-0.015105992983016993,-0.01662403711857779,0.07221385384355561,1.1565457696667854,0.31538931999401515,5.627786146156445,True,5.627786146156445,True,5.627786146156445,True,5.627786146156445,True,5.627786146156445,True,5.7,False,5.7,False,5.645839609617333,5.627786146156445,True,True,0.75,1.0,5.627786146156445,wind_stuck_7_days,2016
1370,LYS_NE,LYS_NE,2016-09-20,3.30052763,4.6,4.6,-0.0014755115980397305,0.0014755115980397305,0.16367321720224667,0.4283785772712106,-0.00613065536247914,-0.009432769681927702,-0.011966396186251132,0.0014755115980398248,1.1565457696667854,0.31538931999401515,4.59852448840196,True,4.59852448840196,True,4.59852448840196,True,4.6,False,4.6,False,4.6,False,4.6,False,4.5988933663014695,4.59852448840196,True,True,0.75,1.0,4.59852448840196,wind_stuck_7_days,2016
1371,LYS_NE,LYS_NE,2016-09-21,2.90794403,4.1,4.1,-0.08648583422949178,0.08648583422949178,0.2682066392581379,0.48817302302824217,0.010871158026507611,0.01174482017557366,-0.034671174549708236,0.08648583422949185,1.1565457696667854,0.31538931999401515,4.013514165770508,True,4.013514165770508,True,4.013514165770508,True,4.013514165770508,True,4.013514165770508,True,4.013514165770508,True,4.1,False,4.03513562432788,4.013514165770508,True,True,0.75,1.0,4.013514165770508,wind_stuck_7_days,2016
1372,LYS_NE,LYS_NE,2016-09-28,1.71066754,3.4,3.4,-0.8301620135742205,0.8301620135742205,0.22370597734778633,0.40926156632958105,0.08753462926137766,0.07078424968346186,-0.012311285174846564,0.8301620135742205,1.1565457696667854,0.31538931999401515,2.5698379864257794,True,2.5698379864257794,True,2.5698379864257794,True,2.5698379864257794,True,2.5698379864257794,True,2.5698379864257794,True,3.4,False,2.7773784898193346,2.9245390081895053,True,True,0.75,0.572732772683035,2.5698379864257794,wind_stuck_7_days,2016
1373,LYS_NE,LYS_NE,2016-10-06,0.72265261,3.2,3.2,-0.36612870564033506,0.36612870564033506,0.181184957540119,0.5887555050550661,0.014611751994503434,0.014468619959592002,-0.011966396186251132,0.3661287056403353,1.1565457696667854,0.31538931999401515,2.833871294359665,True,2.833871294359665,True,2.833871294359665,True,2.833871294359665,True,2.833871294359665,True,2.833871294359665,True,3.2,False,2.9254034707697487,3.047265027006875,True,True,0.75,0.41716197238892216,2.833871294359665,wind_stuck_7_days,2016
1424,LYS_NW,LYS_NE,2016-05-23,2.11379543,1.3,1.3,0.46517780252053453,0.46517780252053453,0.17681453012507226,0.474480142397002,0.03590556317618318,0.044859967518933036,-0.013443085417328965,0.46517780252053453,1.1565457696667854,0.31538931999401515,1.7651778025205345,True,1.7651778025205345,True,1.7651778025205345,True,1.7651778025205345,True,1.7651778025205345,True,1.7651778025205345,True,1.3,False,1.648883351890401,1.5151867475037506,True,True,0.75,0.4625903178048817,1.7651778025205345,wind_stuck_7_days,2016
1425,LYS_NW,LYS_NE,2016-05-24,2.11774363,1.8,1.8,0.3610861971158738,0.3610861971158738,0.19077140550817115,0.6074696715167314,0.0281157245638358,0.01081953106878102,-0.02302366298802398,0.2744010628841263,1.1565457696667854,0.31538931999401515,2.161086197115874,True,2.161086197115874,True,2.161086197115874,True,2.161086197115874,True,2.161086197115874,True,2.161086197115874,True,1.8,False,2.0708146478369054,1.922431797984936,True,True,0.75,0.3390652951091539,2.161086197115874,wind_stuck_7_days,2016
1426,LYS_NW,LYS_NE,2016-05-31,5.50451134,3.8,3.8,-0.00598470406825872,0.00598470406825872,0.17364491161775392,0.4335421542964877,0.012244183567820921,0.012414441587755405,-0.011966396186251132,-0.005984704068258795,1.1565457696667854,0.31538931999401515,3.7940152959317412,True,3.7940152959317412,True,3.7940152959317412,True,3.7940152959317412,True,3.7940152959317412,True,3.7940152959317412,True,3.8,False,3.7955114719488057,3.7940152959317412,True,True,0.75,1.0,3.7940152959317412,wind_stuck_7_days,2016
1427,LYS_NW,LYS_NE,2016-06-09,6.69798847,3.8,3.8,0.6917816796301682,0.6917816796301682,0.27553050730042616,0.5614727280439931,-0.08121024452711571,-0.10055355842679961,-0.06593176096561496,0.6917816796301683,1.1565457696667854,0.31538931999401515,4.491781679630168,True,4.491781679630168,True,4.491781679630168,True,3.8,False,3.8,False,3.8,False,3.8,False,4.318836259722626,3.8,True,False,0.75,0.0,4.491781679630168,wind_stuck_7_days,2016
1428,LYS_NW,LYS_NE,2016-06-16,9.54966969,6.3,6.3,-0.1345924018466899,0.1345924018466899,0.19829981916265302,0.8691569900174858,0.016029262460662136,-0.004096317858992799,-0.01715049253319811,-0.13459240184668975,1.1565457696667854,0.31538931999401515,6.16540759815331,True,6.16540759815331,True,6.16540759815331,True,6.16540759815331,True,6.16540759815331,True,6.3,False,6.3,False,6.199055698614982,6.16540759815331,True,True,0.75,1.0,6.16540759815331,wind_stuck_7_days,2016
1429,LYS_NW,LYS_NE,2016-06-17,9.22944943,6.4,6.4,-0.01605619867073374,0.01605619867073374,0.14233903022089364,0.6490102210436934,0.021132850366752037,-0.005626714675030928,-0.01249285160087145,-0.016056198670733934,1.1565457696667854,0.31538931999401515,6.383943801329266,True,6.383943801329266,True,6.383943801329266,True,6.383943801329266,True,6.383943801329266,True,6.4,False,6.4,False,6.38795785099695,6.383943801329266,True,True,0.75,1.0,6.383943801329266,wind_stuck_7_days,2016
1430,LYS_NW,LYS_NE,2016-06-25,5.89908462,5.7,5.7,-0.29904401417046067,0.29904401417046067,0.25763829393566506,0.49207048208412674,-0.04649594903583577,-0.02354858524546809,-0.022821652040110857,-0.29904401417046067,1.1565457696667854,0.31538931999401515,5.4009559858295395,True,5.4009559858295395,True,5.4009559858295395,True,5.7,False,5.7,False,5.7,False,5.7,False,5.475716989372154,5.562313182203865,True,True,0.75,0.4604232530053292,5.4009559858295395,wind_stuck_7_days,2016
1431,LYS_NW,LYS_NE,2016-07-02,7.63501767,7.4,7.4,-0.0009487756712984075,0.0009487756712984075,0.17761216447580505,0.5537078535913007,-0.06460967880212587,-0.01559971042726118,-0.01249285160087145,-0.0009487756712984186,1.1565457696667854,0.31538931999401515,7.399051224328702,True,7.399051224328702,True,7.399051224328702,True,7.4,False,7.4,False,7.4,False,7.4,False,7.399288418246527,7.399051224328702,True,True,0.75,1.0,7.399051224328702,wind_stuck_7_days,2016
1432,LYS_NW,LYS_NE,2016-07-03,6.91898903,6.5,6.5,0.18287438307005013,0.18287438307005013,0.1365572100784358,0.41705894156839357,0.06618494753955956,0.05907511352583207,-0.011966396186251132,0.18287438307005013,1.1565457696667854,0.31538931999401515,6.68287438307005,True,6.68287438307005,True,6.68287438307005,True,6.68287438307005,True,6.68287438307005,True,6.68287438307005,True,6.5,False,6.637155787302538,6.68287438307005,True,True,0.75,1.0,6.68287438307005,wind_stuck_7_days,2016
1433,LYS_NW,LYS_NE,2016-07-11,10.07166412,8.7,8.7,0.7100433768659238,0.7100433768659238,0.5790551285737621,1.564929237270261,-0.16586071466389546,-0.1379298032557431,-0.15139509838385143,0.7100433768659238,1.1565457696667854,0.31538931999401515,9.410043376865923,True,8.7,False,8.7,False,8.7,False,8.7,False,8.7,False,8.7,False,9.232532532649442,8.7,True,False,0.75,0.0,9.565979881492286,wind_stuck_7_days,2016
1434,LYS_NW,LYS_NE,2016-07-18,9.08609137,7.8,7.8,0.3041841526673694,0.3041841526673694,0.0898113230542594,0.6129619393730898,-0.044440184744160095,-0.007420918705229189,-0.01249285160087145,0.3041841526673694,1.1565457696667854,0.31538931999401515,8.104184152667369,True,8.104184152667369,True,8.104184152667369,True,7.8,False,7.8,False,7.8,False,7.8,False,8.028138114500527,7.9400534570837795,True,True,0.75,0.4604232530053292,8.104184152667369,wind_stuck_7_days,2016
1435,LYS_NW,LYS_NE,2016-07-26,7.73909543,7.0,7.0,0.42836019721155105,0.42836019721155105,0.13606738567203247,0.4014856537836862,-0.038293465701182534,-0.020231965219107296,-0.004608436781425951,0.42836019721155105,1.1565457696667854,0.31538931999401515,7.428360197211551,True,7.428360197211551,True,7.428360197211551,True,7.0,False,7.0,False,7.0,False,7.0,False,7.321270147908663,7.109636669597301,True,True,0.75,0.2559450441730826,7.428360197211551,wind_stuck_7_days,2016
1436,LYS_NW,LYS_NE,2016-07-27,5.44611581,6.1,6.1,0.43108119531330075,0.43108119531330075,0.1672661959617893,0.4261723735868405,-0.017516004231959464,0.0031115883460259616,-0.0070434595478827775,-0.4310811953133007,1.1565457696667854,0.31538931999401515,6.5310811953133,True,6.5310811953133,True,6.5310811953133,True,6.1,False,6.1,False,6.5310811953133,True,6.1,False,6.423310896484975,6.33440763433521,True,True,0.75,0.5437667819512464,6.5310811953133,wind_stuck_7_days,2016
1437,LYS_NW,LYS_NE,2016-08-11,7.05516292,6.2,6.2,-0.15158256689018695,0.15158256689018695,0.16966454239935,0.3131171817076528,-0.014534909845116555,-0.012421967328558301,-0.009531373419794304,-0.1515825668901869,1.1565457696667854,0.31538931999401515,6.0484174331098135,True,6.0484174331098135,True,6.0484174331098135,True,6.2,False,6.2,False,6.2,False,6.2,False,6.08631307483236,6.0484174331098135,True,True,0.75,1.0,6.0484174331098135,wind_stuck_7_days,2016
1438,LYS_NW,LYS_NE,2016-08-12,6.90062721,5.1,5.1,0.45071064992633947,0.45071064992633947,0.22672064694794503,0.4605316726101062,-0.017516004231959464,-0.016027785903156185,-0.011701100480209439,0.45071064992633936,1.1565457696667854,0.31538931999401515,5.550710649926339,True,5.550710649926339,True,5.550710649926339,True,5.1,False,5.1,False,5.1,False,5.1,False,5.438032987444754,5.333069151627239,True,True,0.75,0.517114808947448,5.550710649926339,wind_stuck_7_days,2016
1439,LYS_NW,LYS_NE,2016-08-27,6.02354153,5.0,5.0,-0.15938889562635156,0.15938889562635156,0.13959147204984176,0.3988185339176744,0.014611751994503434,0.014468619959592002,-0.011966396186251132,-0.1593888956263516,1.1565457696667854,0.31538931999401515,4.840611104373648,True,4.840611104373648,True,4.840611104373648,True,4.840611104373648,True,4.840611104373648,True,4.840611104373648,True,5.0,False,4.880458328280237,4.840611104373648,True,True,0.75,1.0,4.840611104373648,wind_stuck_7_days,2016
1440,LYS_NW,LYS_NE,2016-09-04,4.55986569,5.4,5.4,-0.11545149127161625,0.11545149127161625,0.25657835547125113,0.8163968705187162,0.0027198706191614392,-0.0067089698979093575,-0.022295196625490538,0.11545149127161625,1.1565457696667854,0.31538931999401515,5.284548508728384,True,5.284548508728384,True,5.284548508728384,True,5.284548508728384,True,5.284548508728384,True,5.4,False,5.4,False,5.313411381546288,5.284548508728384,True,True,0.75,1.0,5.284548508728384,wind_stuck_7_days,2016
1441,LYS_NW,LYS_NE,2016-09-05,5.65124122,5.7,5.7,-0.07221385384355558,0.07221385384355558,0.2244358230801096,0.7267703557169714,0.002935746909830089,-0.015105992983016993,-0.01662403711857779,0.025303706156444422,1.1565457696667854,0.31538931999401515,5.627786146156445,True,5.627786146156445,True,5.627786146156445,True,5.627786146156445,True,5.627786146156445,True,5.7,False,5.7,False,5.645839609617333,5.627786146156445,True,True,0.75,1.0,5.627786146156445,wind_stuck_7_days,2016
1442,LYS_NW,LYS_NE,2016-09-20,3.80970712,4.7,4.7,0.02867221297847954,0.02867221297847954,0.16932207099730448,0.44270131912760247,-0.00613065536247914,-0.009432769681927702,-0.011966396186251132,-0.02867221297847955,1.1565457696667854,0.31538931999401515,4.72867221297848,True,4.72867221297848,True,4.72867221297848,True,4.7,False,4.7,False,4.7,False,4.7,False,4.721504159733859,4.72867221297848,True,True,0.75,1.0,4.72867221297848,wind_stuck_7_days,2016
1443,LYS_NW,LYS_NE,2016-09-21,3.42155636,4.4,4.4,-0.009332751089372435,0.009332751089372435,0.29961489840113964,0.5248085120235434,0.010871158026507611,0.01174482017557366,-0.037798756010984785,0.009332751089372482,1.1565457696667854,0.31538931999401515,4.390667248910628,True,4.390667248910628,True,4.390667248910628,True,4.390667248910628,True,4.390667248910628,True,4.390667248910628,True,4.4,False,4.393000436682971,4.390667248910628,True,True,0.75,1.0,4.390667248910628,wind_stuck_7_days,2016
1444,LYS_NW,LYS_NE,2016-09-28,1.95801226,3.7,3.7,-0.6625197131011012,0.6625197131011012,0.23858562937231578,0.40787615182941517,0.0472963669230381,0.02174297460850027,-0.01662403711857779,0.6625197131011011,1.1565457696667854,0.31538931999401515,3.037480286898899,True,3.037480286898899,True,3.037480286898899,True,3.037480286898899,True,3.037480286898899,True,3.037480286898899,True,3.7,False,3.203110215174174,3.343136941131185,True,True,0.75,0.5386451932100584,3.037480286898899,wind_stuck_7_days,2016
1445,LYS_NW,LYS_NE,2016-10-06,0.86825471,3.3,3.3,-0.34095691227631114,0.34095691227631114,0.1792170202493313,0.5934708663387046,0.023641571920444557,0.014468619959592002,-0.011966396186251132,0.3409569122763112,1.1565457696667854,0.31538931999401515,2.9590430877236886,True,2.9590430877236886,True,2.9590430877236886,True,2.9590430877236886,True,2.9590430877236886,True,2.9590430877236886,True,3.3,False,3.0442823157927665,3.1405865383412883,True,True,0.75,0.4675472352046728,2.9590430877236886,wind_stuck_7_days,2016
1501,LYS_SE,LYS_NE,2016-05-23,2.08630626,1.3,1.3,0.46517780252053453,0.46517780252053453,0.17681453012507226,0.474480142397002,0.03590556317618318,0.044859967518933036,-0.013443085417328965,0.46517780252053453,1.1565457696667854,0.31538931999401515,1.7651778025205345,True,1.7651778025205345,True,1.7651778025205345,True,1.7651778025205345,True,1.7651778025205345,True,1.7651778025205345,True,1.3,False,1.648883351890401,1.5151867475037506,True,True,0.75,0.4625903178048817,1.7651778025205345,wind_stuck_7_days,2016
1502,LYS_SE,LYS_NE,2016-05-24,1.58394287,1.3,1.3,0.39333868415572637,0.39333868415572637,0.2524408970609565,0.5159665296029176,0.03216496920818735,0.044859967518933036,-0.028694822494936732,0.17454705584427355,1.1565457696667854,0.31538931999401515,1.6933386841557265,True,1.6933386841557265,True,1.6933386841557265,True,1.6933386841557265,True,1.6933386841557265,True,1.6933386841557265,True,1.3,False,1.5950040131167948,1.4563468426147799,True,True,0.75,0.3974865654273678,1.6933386841557265,wind_stuck_7_days,2016
1503,LYS_SE,LYS_NE,2016-05-31,5.7467376,3.7,3.7,0.01929873283583079,0.01929873283583079,0.1639452474755979,0.4244281438494723,0.012244183567820921,0.012414441587755405,-0.011966396186251132,0.019298732835830723,1.1565457696667854,0.31538931999401515,3.719298732835831,True,3.719298732835831,True,3.719298732835831,True,3.719298732835831,True,3.719298732835831,True,3.719298732835831,True,3.7,False,3.7144740496268733,3.719298732835831,True,True,0.75,1.0,3.719298732835831,wind_stuck_7_days,2016
1504,LYS_SE,LYS_NE,2016-06-09,3.51399453,2.8,2.8,1.1403709119493664,1.1403709119493664,0.2345654512897716,0.6095891901327711,0.046173511077677476,-0.026321115073976283,-0.12078669727250736,0.28761814805063435,1.1565457696667854,0.31538931999401515,3.9403709119493664,True,3.9403709119493664,True,3.9403709119493664,True,3.9403709119493664,True,3.9403709119493664,True,2.8,False,2.8,False,3.6552781839620243,3.2510588729836494,True,True,0.75,0.39553698560462475,3.9403709119493664,wind_stuck_7_days,2016
1505,LYS_SE,LYS_NE,2016-06-16,6.04372372,4.9,4.9,-0.22604438925723414,0.22604438925723414,0.18141483714250073,0.6808459513879594,-0.05833009367411403,-0.08206918272610733,-0.01249285160087145,-0.22604438925723414,1.1565457696667854,0.31538931999401515,4.673955610742766,True,4.673955610742766,True,4.673955610742766,True,4.9,False,4.9,False,4.9,False,4.9,False,4.730466708057075,4.673955610742766,True,True,0.75,1.0,4.673955610742766,wind_stuck_7_days,2016
1506,LYS_SE,LYS_NE,2016-06-25,7.48532966,5.8,5.8,-0.2774555878032669,0.2774555878032669,0.25621864964717395,0.4810764955587983,-0.04649594903583577,-0.02354858524546809,-0.022821652040110857,-0.27745558780326696,1.1565457696667854,0.31538931999401515,5.522544412196733,True,5.522544412196733,True,5.522544412196733,True,5.8,False,5.8,False,5.8,False,5.8,False,5.591908309147549,5.646329836442189,True,True,0.75,0.5538549963058315,5.522544412196733,wind_stuck_7_days,2016
1507,LYS_SE,LYS_NE,2016-07-02,7.15215675,6.9,6.9,-0.06448449977258165,0.06448449977258165,0.16140410678388314,0.5350448705674195,-0.06338811100943381,-0.01380550639706292,-0.01249285160087145,-0.06448449977258164,1.1565457696667854,0.31538931999401515,6.835515500227419,True,6.835515500227419,True,6.835515500227419,True,6.9,False,6.9,False,6.9,False,6.9,False,6.851636625170564,6.835515500227419,True,True,0.75,1.0,6.835515500227419,wind_stuck_7_days,2016
1508,LYS_SE,LYS_NE,2016-07-10,11.67655807,9.7,9.7,0.8058375974547802,0.8058375974547802,0.4781192930488531,1.6551187398279157,-0.22331681027683997,-0.1543127719109228,-0.14671947620591638,0.8058375974547802,1.1565457696667854,0.31538931999401515,10.505837597454779,True,9.7,False,9.7,False,9.7,False,9.7,False,9.7,False,9.7,False,10.304378198091085,9.7,True,False,0.75,0.0,10.35756389350779,wind_stuck_7_days,2016
1509,LYS_SE,LYS_NE,2016-07-11,12.47894563,8.9,8.9,0.7546941589548215,0.7546941589548215,0.5799362041203452,1.5888253592933008,-0.181190799707601,-0.12766471867704837,-0.15139509838385143,0.7546941589548215,1.1565457696667854,0.31538931999401515,9.654694158954822,True,8.9,False,8.9,False,8.9,False,8.9,False,8.9,False,8.9,False,9.466020619216117,8.9,True,False,0.75,0.0,9.763760732052365,wind_stuck_7_days,2016
1510,LYS_SE,LYS_NE,2016-07-18,9.54940473,7.9,7.9,0.324534591076902,0.324534591076902,0.09294213530979395,0.6318729710903007,0.004498238129239207,-0.007420918705229189,-0.01249285160087145,0.32453459107690197,1.1565457696667854,0.31538931999401515,8.224534591076903,True,8.224534591076903,True,8.224534591076903,True,8.224534591076903,True,8.224534591076903,True,7.9,False,7.9,False,8.143400943307677,8.028876790770871,True,True,0.75,0.3971126478173557,8.224534591076903,wind_stuck_7_days,2016
1511,LYS_SE,LYS_NE,2016-07-19,8.39701917,7.7,7.7,0.36255673273269384,0.36255673273269384,0.21073762764349713,0.5342468552837004,-0.06460967880212587,-0.01738253537210859,-0.01715049253319811,0.36255673273269384,1.1565457696667854,0.31538931999401515,8.062556732732695,True,8.062556732732695,True,8.062556732732695,True,7.7,False,7.7,False,7.7,False,7.7,False,7.971917549549521,7.816986459206943,True,True,0.75,0.32267076748287554,8.062556732732695,wind_stuck_7_days,2016
1512,LYS_SE,LYS_NE,2016-07-26,7.39050579,6.9,6.9,0.38020885226583045,0.38020885226583045,0.1329393342306076,0.3697273987055888,-0.035167665786710434,-0.0026788884801531277,-0.009531373419794304,0.38020885226583045,1.1565457696667854,0.31538931999401515,7.280208852265831,True,7.280208852265831,True,7.280208852265831,True,6.9,False,6.9,False,6.9,False,6.9,False,7.1851566391993735,7.011442459828948,True,True,0.75,0.2931085353873628,7.280208852265831,wind_stuck_7_days,2016
1513,LYS_SE,LYS_NE,2016-07-27,5.07074253,6.7,6.7,0.6481826310017659,0.6481826310017659,0.16387889815875034,0.5340448814280437,0.097213900095047,0.17046280451367993,-0.030282816344878564,-0.6481826310017658,1.1565457696667854,0.31538931999401515,7.348182631001766,True,7.348182631001766,True,7.348182631001766,True,7.348182631001766,True,7.348182631001766,True,7.348182631001766,True,6.7,False,7.186136973251324,6.936420630565646,True,True,0.75,0.3647438534418263,7.348182631001766,wind_stuck_7_days,2016
1514,LYS_SE,LYS_NE,2016-08-04,10.02316591,7.2,7.2,0.14825739373364813,0.14825739373364813,0.12128090693680636,0.4151149275621712,-0.06757428208404298,-0.01559971042726118,-0.01249285160087145,0.148257393733648,1.1565457696667854,0.31538931999401515,7.348257393733649,True,7.348257393733649,True,7.348257393733649,True,7.2,False,7.2,False,7.2,False,7.2,False,7.311193045300236,7.348257393733649,True,True,0.75,1.0,7.348257393733649,wind_stuck_7_days,2016
1515,LYS_SE,LYS_NE,2016-08-11,7.23470206,6.4,6.4,-0.05059359944764261,0.05059359944764261,0.17580476113030627,0.30529669632222034,-0.035167665786710434,-0.0026788884801531277,-0.009531373419794304,-0.050593599447642634,1.1565457696667854,0.31538931999401515,6.349406400552358,True,6.349406400552358,True,6.349406400552358,True,6.4,False,6.4,False,6.4,False,6.4,False,6.362054800414269,6.349406400552358,True,True,0.75,1.0,6.349406400552358,wind_stuck_7_days,2016
1516,LYS_SE,LYS_NE,2016-08-12,6.74929015,5.2,5.2,0.46273644208124215,0.46273644208124215,0.2130264125860045,0.4441851441512412,-0.017516004231959464,-0.016027785903156185,-0.011701100480209439,0.4627364420812421,1.1565457696667854,0.31538931999401515,5.6627364420812425,True,5.6627364420812425,True,5.6627364420812425,True,5.2,False,5.2,False,5.2,False,5.2,False,5.5470523315609315,5.4228580855611765,True,True,0.75,0.48160910897536136,5.6627364420812425,wind_stuck_7_days,2016
1517,LYS_SE,LYS_NE,2016-08-27,5.69828068,5.0,5.0,-0.15938889562635156,0.15938889562635156,0.13959147204984176,0.3988185339176744,0.014611751994503434,0.014468619959592002,-0.011966396186251132,-0.1593888956263516,1.1565457696667854,0.31538931999401515,4.840611104373648,True,4.840611104373648,True,4.840611104373648,True,4.840611104373648,True,4.840611104373648,True,4.840611104373648,True,5.0,False,4.880458328280237,4.840611104373648,True,True,0.75,1.0,4.840611104373648,wind_stuck_7_days,2016
1518,LYS_SE,LYS_NE,2016-09-04,4.18478153,5.3,5.3,-0.13080539455169055,0.13080539455169055,0.26465961790725323,0.8220934412160116,0.0027198706191614392,-0.0067089698979093575,-0.034671174549708236,0.1308053945516905,1.1565457696667854,0.31538931999401515,5.169194605448309,True,5.169194605448309,True,5.169194605448309,True,5.169194605448309,True,5.169194605448309,True,5.3,False,5.3,False,5.201895954086232,5.169194605448309,True,True,0.75,1.0,5.169194605448309,wind_stuck_7_days,2016
1519,LYS_SE,LYS_NE,2016-09-05,5.01347909,5.6,5.6,-0.07771567858854704,0.07771567858854704,0.23302479135891144,0.7218177418585121,0.002935746909830089,-0.015105992983016993,-0.01662403711857779,0.077715678588547,1.1565457696667854,0.31538931999401515,5.522284321411453,True,5.522284321411453,True,5.522284321411453,True,5.522284321411453,True,5.522284321411453,True,5.6,False,5.6,False,5.54171324105859,5.522284321411453,True,True,0.75,1.0,5.522284321411453,wind_stuck_7_days,2016
1520,LYS_SE,LYS_NE,2016-09-20,2.72719745,4.5,4.5,-0.029673253723959035,0.029673253723959035,0.16207814349080085,0.41476788406923004,-0.00613065536247914,-0.009432769681927702,-0.011966396186251132,0.029673253723959014,1.1565457696667854,0.31538931999401515,4.470326746276041,True,4.470326746276041,True,4.470326746276041,True,4.5,False,4.5,False,4.5,False,4.5,False,4.477745059707031,4.470326746276041,True,True,0.75,1.0,4.470326746276041,wind_stuck_7_days,2016
1521,LYS_SE,LYS_NE,2016-09-21,2.3406798,4.0,4.0,-0.11559538150766913,0.11559538150766913,0.2505094590405473,0.47024908173089575,0.010871158026507611,0.014468619959592002,-0.022295196625490538,0.11559538150766913,1.1565457696667854,0.31538931999401515,3.884404618492331,True,3.884404618492331,True,3.884404618492331,True,3.884404618492331,True,3.884404618492331,True,3.884404618492331,True,4.0,False,3.9133034638692483,3.884404618492331,True,True,0.75,1.0,3.884404618492331,wind_stuck_7_days,2016
1522,LYS_SE,LYS_NE,2016-09-28,1.12361058,3.0,3.0,-1.0122465083059993,1.0122465083059993,0.1752743258894662,0.4142516035308235,-0.006053026602830949,0.04169017548154426,-0.017285390767662986,1.0122465083059993,1.1565457696667854,0.31538931999401515,1.9877534916940007,True,1.9877534916940007,True,1.9877534916940007,True,3.0,False,3.0,False,1.9877534916940007,True,3.0,False,2.2408151187705005,2.3800491135749002,True,True,0.75,0.6124505062137399,1.9877534916940007,wind_stuck_7_days,2016
1523,LYS_SE,LYS_NE,2016-10-06,0.58472752,3.1,3.1,-0.39064891964013715,0.39064891964013715,0.18331118933924578,0.5886286416857003,0.0209886954151827,0.027248838251132314,-0.011966396186251132,0.39064891964013704,1.1565457696667854,0.31538931999401515,2.709351080359863,True,2.709351080359863,True,2.709351080359863,True,2.709351080359863,True,2.709351080359863,True,2.709351080359863,True,3.1,False,2.8070133102698973,2.9043835253331283,True,True,0.75,0.5007475122344437,2.709351080359863,wind_stuck_7_days,2016
1576,LYS_SW,LYS_NE,2016-05-23,1.59814965,1.4,1.4,0.45452096105193374,0.45452096105193374,0.17665973948201377,0.4792373403326973,0.013191729965322002,0.044859967518933036,-0.013443085417328965,-0.05822166105193338,1.1565457696667854,0.31538931999401515,1.8545209610519335,True,1.8545209610519335,True,1.8545209610519335,True,1.8545209610519335,True,1.8545209610519335,True,1.8545209610519335,True,1.4,False,1.7408907207889501,1.617694358367112,True,True,0.75,0.4789533971398918,1.8545209610519335,wind_stuck_7_days,2016
1577,LYS_SW,LYS_NE,2016-05-24,1.8044339,2.1,2.1,0.3160080352361719,0.3160080352361719,0.188985181461047,0.6481923240855902,0.0281157245638358,0.01081953106878102,-0.02302366298802398,-0.3160080352361718,1.1565457696667854,0.31538931999401515,2.416008035236172,True,2.416008035236172,True,2.416008035236172,True,2.416008035236172,True,2.416008035236172,True,2.416008035236172,True,2.1,False,2.337006026427129,2.240108314112512,True,True,0.75,0.4433694668801719,2.416008035236172,wind_stuck_7_days,2016
1578,LYS_SW,LYS_NE,2016-05-31,4.92503405,3.9,3.9,-0.0354133728051972,0.0354133728051972,0.17604191846655817,0.44845192102362486,0.012244183567820921,0.012414441587755405,-0.011966396186251132,-0.035413372805197296,1.1565457696667854,0.31538931999401515,3.864586627194803,True,3.864586627194803,True,3.864586627194803,True,3.864586627194803,True,3.864586627194803,True,3.864586627194803,True,3.9,False,3.873439970396102,3.864586627194803,True,True,0.75,1.0,3.864586627194803,wind_stuck_7_days,2016
1579,LYS_SW,LYS_NE,2016-06-09,7.10682329,3.5,3.5,0.8485241060321986,0.8485241060321986,0.28714614496852514,0.5786743818831701,-0.07579441819639254,-0.09372544239301218,-0.07639055378332466,0.8485241060321984,1.1565457696667854,0.31538931999401515,4.348524106032198,True,4.348524106032198,True,4.348524106032198,True,3.5,False,3.5,False,3.5,False,3.5,False,4.136393079524149,3.604528029044523,True,True,0.75,0.12318804887383646,4.348524106032198,wind_stuck_7_days,2016
1580,LYS_SW,LYS_NE,2016-06-16,9.84657141,7.1,7.1,0.11741397115555682,0.11741397115555682,0.26651346576747287,0.8145347326715454,0.04182734035009219,0.0038525569592141084,-0.035197629964328556,0.11741397115555685,1.1565457696667854,0.31538931999401515,7.2174139711555565,True,7.2174139711555565,True,7.2174139711555565,True,7.2174139711555565,True,7.2174139711555565,True,7.2174139711555565,True,7.1,False,7.188060478366667,7.2174139711555565,True,True,0.75,1.0,7.2174139711555565,wind_stuck_7_days,2016
1581,LYS_SW,LYS_NE,2016-06-25,8.03421832,6.2,6.2,-0.20376461005662763,0.20376461005662763,0.2293712690798148,0.468615080026237,-0.04275535506783994,-0.02354858524546809,-0.01715049253319811,-0.2037646100566275,1.1565457696667854,0.31538931999401515,5.996235389943372,True,5.996235389943372,True,5.996235389943372,True,6.2,False,6.2,False,6.2,False,6.2,False,6.04717654245753,6.008210177826832,True,True,0.75,0.9412322489163732,5.996235389943372,wind_stuck_7_days,2016
1582,LYS_SW,LYS_NE,2016-07-02,8.46101196,7.3,7.3,-0.0097888574130196,0.0097888574130196,0.17852789490727183,0.5592065486665992,-0.06460967880212587,-0.01559971042726118,-0.01249285160087145,-0.009788857413019603,1.1565457696667854,0.31538931999401515,7.290211142586981,True,7.290211142586981,True,7.290211142586981,True,7.3,False,7.3,False,7.3,False,7.3,False,7.292658356940235,7.290211142586981,True,True,0.75,1.0,7.290211142586981,wind_stuck_7_days,2016
1583,LYS_SW,LYS_NE,2016-07-10,14.4786393,10.1,10.1,0.8165313392925885,0.8165313392925885,0.4627387904192055,1.7656970786328536,-0.22331681027683997,-0.1543127719109228,-0.14671947620591638,0.8165313392925886,1.1565457696667854,0.31538931999401515,10.916531339292588,True,10.1,False,10.1,False,10.1,False,10.1,False,10.1,False,10.1,False,10.71239850446944,10.1,True,False,0.75,0.0,10.751574767895624,wind_stuck_7_days,2016
1584,LYS_SW,LYS_NE,2016-07-11,15.37736553,9.0,9.0,0.7752134603032667,0.7752134603032667,0.5783829848015801,1.6031472832275189,-0.181190799707601,-0.12766471867704837,-0.1644711752865436,0.7752134603032665,1.1565457696667854,0.31538931999401515,9.775213460303267,True,9.0,False,9.0,False,9.0,False,9.0,False,9.0,False,9.0,False,9.58141009522745,9.0,True,False,0.75,0.0,9.865416807621513,wind_stuck_7_days,2016
1585,LYS_SW,LYS_NE,2016-07-18,11.38507485,7.8,7.8,0.3041841526673694,0.3041841526673694,0.0898113230542594,0.6129619393730898,-0.044440184744160095,-0.007420918705229189,-0.01249285160087145,0.30418415266736964,1.1565457696667854,0.31538931999401515,8.104184152667369,True,8.104184152667369,True,8.104184152667369,True,7.8,False,7.8,False,7.8,False,7.8,False,8.028138114500527,7.9400534570837795,True,True,0.75,0.4604232530053292,8.104184152667369,wind_stuck_7_days,2016
1586,LYS_SW,LYS_NE,2016-07-19,9.69327378,7.8,7.8,0.38623163032013824,0.38623163032013824,0.21375746135310944,0.5465831480218182,-0.06958659180815908,-0.01918430356704349,-0.01715049253319811,0.3862316303201383,1.1565457696667854,0.31538931999401515,8.186231630320139,True,8.186231630320139,True,8.186231630320139,True,7.8,False,7.8,False,7.8,False,7.8,False,8.089673722740104,7.949807953099573,True,True,0.75,0.3878707525207114,8.186231630320139,wind_stuck_7_days,2016
1587,LYS_SW,LYS_NE,2016-07-26,8.82216338,7.1,7.1,0.4739951861608966,0.4739951861608966,0.13964900144167017,0.43740936254632634,-0.0395150334938746,-0.02202616924930556,-0.004608436781425951,0.47399518616089664,1.1565457696667854,0.31538931999401515,7.5739951861608965,True,7.5739951861608965,True,7.5739951861608965,True,7.1,False,7.1,False,7.1,False,7.1,False,7.455496389620672,7.201655980999964,True,True,0.75,0.21446627300864032,7.5739951861608965,wind_stuck_7_days,2016
1588,LYS_SW,LYS_NE,2016-07-27,6.04149218,6.1,6.1,0.43108119531330075,0.43108119531330075,0.1672661959617893,0.4261723735868405,-0.017516004231959464,0.0031115883460259616,-0.0070434595478827775,-0.43108119531330075,1.1565457696667854,0.31538931999401515,6.5310811953133,True,6.5310811953133,True,6.5310811953133,True,6.1,False,6.1,False,6.5310811953133,True,6.1,False,6.423310896484975,6.33440763433521,True,True,0.75,0.5437667819512464,6.5310811953133,wind_stuck_7_days,2016
1589,LYS_SW,LYS_NE,2016-08-04,10.37099394,7.3,7.3,0.20587381894656,0.20587381894656,0.12728373519248165,0.3916278426688328,-0.06460967880212587,-0.01559971042726118,-0.01249285160087145,0.20587381894655987,1.1565457696667854,0.31538931999401515,7.50587381894656,True,7.50587381894656,True,7.50587381894656,True,7.3,False,7.3,False,7.3,False,7.3,False,7.4544053642099195,7.4834165539828215,True,True,0.75,0.8909173343232761,7.50587381894656,wind_stuck_7_days,2016
1590,LYS_SW,LYS_NE,2016-08-11,7.41660133,6.5,6.5,-0.004359433153563444,0.004359433153563444,0.18085603036639283,0.31511758197513606,-0.035167665786710434,-0.0026788884801531277,-0.009531373419794304,-0.004359433153563463,1.1565457696667854,0.31538931999401515,6.495640566846436,True,6.495640566846436,True,6.495640566846436,True,6.5,False,6.5,False,6.5,False,6.5,False,6.496730425134827,6.495640566846436,True,True,0.75,1.0,6.495640566846436,wind_stuck_7_days,2016
1591,LYS_SW,LYS_NE,2016-08-12,7.58119959,4.5,4.5,0.4052701132341291,0.4052701132341291,0.29279179151851614,0.5261804354280661,-0.02125659819995529,-0.016027785903156185,-0.029748237911339875,0.405270113234129,1.1565457696667854,0.31538931999401515,4.905270113234129,True,4.905270113234129,True,4.905270113234129,True,4.5,False,4.5,False,4.5,False,4.5,False,4.803952584925597,4.699209033392668,True,True,0.75,0.4915463215457551,4.905270113234129,wind_stuck_7_days,2016
1592,LYS_SW,LYS_NE,2016-08-27,6.13369327,5.2,5.2,-0.11117322751566747,0.11117322751566747,0.17377479440255195,0.4417794727050559,0.014611751994503434,0.01174482017557366,-0.011966396186251132,-0.11117322751566738,1.1565457696667854,0.31538931999401515,5.088826772484333,True,5.088826772484333,True,5.088826772484333,True,5.088826772484333,True,5.088826772484333,True,5.088826772484333,True,5.2,False,5.1166200793632495,5.088826772484333,True,True,0.75,1.0,5.088826772484333,wind_stuck_7_days,2016
1593,LYS_SW,LYS_NE,2016-09-04,4.60373684,5.5,5.5,-0.09958912098634873,0.09958912098634873,0.24913268680918696,0.8141367588140043,0.0027198706191614392,-0.009432769681927702,-0.022295196625490538,0.09958912098634876,1.1565457696667854,0.31538931999401515,5.400410879013651,True,5.400410879013651,True,5.400410879013651,True,5.400410879013651,True,5.400410879013651,True,5.5,False,5.5,False,5.425308159260238,5.400410879013651,True,True,0.75,1.0,5.400410879013651,wind_stuck_7_days,2016
1594,LYS_SW,LYS_NE,2016-09-20,4.40140621,4.9,4.9,0.08525119218314013,0.08525119218314013,0.18160075819034432,0.4805866195698877,-0.00613065536247914,-0.009432769681927702,-0.011966396186251132,-0.08525119218314015,1.1565457696667854,0.31538931999401515,4.98525119218314,True,4.98525119218314,True,4.98525119218314,True,4.9,False,4.9,False,4.9,False,4.9,False,4.963938394137355,4.98525119218314,True,True,0.75,1.0,4.98525119218314,wind_stuck_7_days,2016
1595,LYS_SW,LYS_NE,2016-09-21,4.11364535,4.4,4.4,-0.009332751089372435,0.009332751089372435,0.29961489840113964,0.5248085120235434,0.010871158026507611,0.01174482017557366,-0.037798756010984785,0.009332751089372426,1.1565457696667854,0.31538931999401515,4.390667248910628,True,4.390667248910628,True,4.390667248910628,True,4.390667248910628,True,4.390667248910628,True,4.390667248910628,True,4.4,False,4.393000436682971,4.390667248910628,True,True,0.75,1.0,4.390667248910628,wind_stuck_7_days,2016
1596,LYS_SW,LYS_NE,2016-09-28,2.4977421,3.9,3.9,-0.5467886899419416,0.5467886899419416,0.23161252447230582,0.41153330022210605,0.0472963669230381,0.01553098268050761,-0.01662403711857779,0.5467886899419416,1.1565457696667854,0.31538931999401515,3.3532113100580583,True,3.3532113100580583,True,3.3532113100580583,True,3.3532113100580583,True,3.3532113100580583,True,3.3532113100580583,True,3.9,False,3.4899084825435436,3.6716866096722063,True,True,0.75,0.41755324228091817,3.3532113100580583,wind_stuck_7_days,2016
1597,LYS_SW,LYS_NE,2016-10-06,1.17154674,3.4,3.4,-0.3115526340589129,0.3115526340589129,0.1800052408573348,0.5977634003281596,0.023641571920444557,0.014468619959592002,-0.011966396186251132,0.311552634058913,1.1565457696667854,0.31538931999401515,3.088447365941087,True,3.088447365941087,True,3.088447365941087,True,3.088447365941087,True,3.088447365941087,True,3.088447365941087,True,3.4,False,3.1663355244558153,3.2372208412643477,True,True,0.75,0.522477234793244,3.088447365941087,wind_stuck_7_days,2016
2117,SLM001,SLM001,2016-02-12,0.93651721,0.8,0.8,0.20936918584436862,0.20936918584436862,0.12331267896003238,0.32575507443676555,0.02629333360516748,0.02582190072491816,-0.024112203490587795,0.06366523415563127,1.1565457696667854,0.31538931999401515,1.0093691858443687,True,1.0093691858443687,True,1.0093691858443687,True,1.0093691858443687,True,1.0093691858443687,True,1.0093691858443687,True,0.8,False,0.9570268893832765,1.0093691858443687,True,True,0.75,1.0,1.0093691858443687,wind_stuck_7_days,2016
2118,SLM001,SLM001,2016-03-15,2.31676508,1.9,1.9,0.020139210300895126,0.020139210300895126,0.19523499724493484,0.4541530508379175,0.028144446696728588,0.02582190072491816,-0.030042497326406015,0.020139210300895105,1.1565457696667854,0.31538931999401515,1.920139210300895,True,1.920139210300895,True,1.920139210300895,True,1.920139210300895,True,1.920139210300895,True,1.920139210300895,True,1.9,False,1.9151044077256714,1.920139210300895,True,True,0.75,1.0,1.920139210300895,wind_stuck_7_days,2016
2119,SLM001,SLM001,2016-03-16,1.75116241,2.9,2.9,-0.7648898586899088,0.7648898586899088,0.164367517858922,0.49551686920830845,0.10752368178205995,0.1144727044890334,-0.018239033035761926,0.7648898586899088,1.1565457696667854,0.31538931999401515,2.1351101413100912,True,2.1351101413100912,True,2.1351101413100912,True,2.1351101413100912,True,2.1351101413100912,True,2.1351101413100912,True,2.9,False,2.3263326059825684,2.3517837176595995,True,True,0.75,0.7167257822967824,2.1351101413100912,wind_stuck_7_days,2016
2120,SLM001,SLM001,2016-03-23,2.17257949,2.1,2.1,-0.11592004953391877,0.11592004953391877,0.2090906587864963,0.40482793716494553,0.028144446696728588,0.0285457005089365,-0.026662437751082808,-0.11592004953391877,1.1565457696667854,0.31538931999401515,1.9840799504660813,True,1.9840799504660813,True,1.9840799504660813,True,1.9840799504660813,True,1.9840799504660813,True,1.9840799504660813,True,2.1,False,2.013059962849561,1.9840799504660813,True,True,0.75,1.0,1.9840799504660813,wind_stuck_7_days,2016
2121,SLM001,SLM001,2016-04-01,1.29038336,2.7,2.7,-0.5244663575935163,0.5244663575935163,0.16812529497627426,0.5349868883957004,0.062156386343622166,0.0691674933797506,-0.014858973460438718,0.5244663575935163,1.1565457696667854,0.31538931999401515,2.1755336424064837,True,2.1755336424064837,True,2.1755336424064837,True,2.1755336424064837,True,2.1755336424064837,True,2.1755336424064837,True,2.7,False,2.3066502318048627,2.4806944420882013,True,True,0.75,0.4181499055879765,2.1755336424064837,wind_stuck_7_days,2016
2122,SLM001,SLM001,2016-04-08,1.90635656,2.2,2.2,-0.03490221996418407,0.03490221996418407,0.2237747719429697,0.5297462703353902,0.028144446696728588,0.02582190072491816,-0.026662437751082808,0.03490221996418408,1.1565457696667854,0.31538931999401515,2.165097780035816,True,2.165097780035816,True,2.165097780035816,True,2.165097780035816,True,2.165097780035816,True,2.165097780035816,True,2.2,False,2.1738233350268623,2.165097780035816,True,True,0.75,1.0,2.165097780035816,wind_stuck_7_days,2016
2123,SLM001,SLM001,2016-04-16,2.36734193,4.0,4.0,-0.7922123691523442,0.7922123691523442,0.15582516658134074,0.3452341085035035,0.001662362944690706,0.02174297460850027,-0.007653644242519903,0.7922123691523442,1.1565457696667854,0.31538931999401515,3.2077876308476556,True,3.2077876308476556,True,3.2077876308476556,True,3.2077876308476556,True,3.2077876308476556,True,3.2077876308476556,True,4.0,False,3.405840723135742,3.5734937053216194,True,True,0.75,0.5383736877710408,3.2077876308476556,wind_stuck_7_days,2016
2124,SLM001,SLM001,2016-04-17,2.06148258,3.9,3.9,-0.7051355260800466,0.7051355260800466,0.16217002636912328,0.5458535214521594,0.047058302318268436,0.06518896152609785,-0.011966396186251132,0.7051355260800465,1.1565457696667854,0.31538931999401515,3.1948644739199534,True,3.1948644739199534,True,3.1948644739199534,True,3.1948644739199534,True,3.1948644739199534,True,3.1948644739199534,True,3.9,False,3.371148355439965,3.484451838911369,True,True,0.75,0.5893167280887484,3.1948644739199534,wind_stuck_7_days,2016
2125,SLM001,SLM001,2016-04-24,3.4593147,3.6,3.6,-0.4768443273494789,0.4768443273494789,0.19060527534379812,0.3627741219505162,0.017572193000493026,0.025677329338152054,-0.01662403711857779,-0.1954737273494791,1.1565457696667854,0.31538931999401515,3.123155672650521,True,3.123155672650521,True,3.123155672650521,True,3.123155672650521,True,3.123155672650521,True,3.123155672650521,True,3.6,False,3.242366754487891,3.3588550408260884,True,True,0.75,0.5057100301775774,3.123155672650521,wind_stuck_7_days,2016
2126,SLM001,SLM001,2016-04-25,3.06823016,3.8,3.8,-0.5556906100144504,0.5556906100144504,0.12048552139772604,0.38805615886251216,0.009477988287126777,0.0535189039174258,-0.011966396186251132,0.5556906100144504,1.1565457696667854,0.31538931999401515,3.2443093899855495,True,3.2443093899855495,True,3.2443093899855495,True,3.2443093899855495,True,3.2443093899855495,True,3.2443093899855495,True,3.8,False,3.383232042489162,3.5784490797629154,True,True,0.75,0.39869473452380855,3.2443093899855495,wind_stuck_7_days,2016
2127,SLM001,SLM001,2016-05-02,3.6992942,4.0,4.0,-0.5854887742861049,0.5854887742861049,0.19340295023150228,0.6151129912526773,0.08049147852687655,0.02174297460850027,-0.01662403711857779,0.015922825713894695,1.1565457696667854,0.31538931999401515,3.414511225713895,True,3.414511225713895,True,3.414511225713895,True,3.414511225713895,True,3.414511225713895,True,3.414511225713895,True,4.0,False,3.560883419285421,3.6047624984909206,True,True,0.75,0.6750556438780548,3.414511225713895,wind_stuck_7_days,2016
2128,SLM001,SLM001,2016-05-11,3.7797024,4.9,4.9,-0.6077027675630509,0.6077027675630509,0.1203977072326822,0.4729022065956402,0.015922966237948828,0.044640962230455855,-0.011966396186251132,0.6077027675630509,1.1565457696667854,0.31538931999401515,4.292297232436949,True,4.292297232436949,True,4.292297232436949,True,4.292297232436949,True,4.292297232436949,True,4.292297232436949,True,4.9,False,4.444222924327712,4.539723224312905,True,True,0.75,0.592850312549738,4.292297232436949,wind_stuck_7_days,2016
2129,SLM001,SLM001,2016-05-18,3.8847291,4.9,4.9,-0.7765711069899859,0.7765711069899859,0.15864384130414103,0.5574781709352508,-0.1454029039950462,-0.1455121180462611,-0.025568928503563626,0.7765711069899859,1.1565457696667854,0.31538931999401515,4.123428893010015,True,4.123428893010015,True,4.123428893010015,True,4.9,False,4.9,False,4.9,False,4.9,False,4.317571669757511,4.794135336894721,True,True,0.75,0.136323206146072,4.123428893010015,wind_stuck_7_days,2016
2130,SLM001,SLM001,2016-05-19,3.97167535,5.0,5.0,-0.4569073007975276,0.4569073007975276,0.18562143274652224,0.4372149451417789,-0.017516004231959464,-0.013303986119137842,-0.01662403711857779,0.4569073007975276,1.1565457696667854,0.31538931999401515,4.5430926992024725,True,4.5430926992024725,True,4.5430926992024725,True,5.0,False,5.0,False,5.0,False,5.0,False,4.657319524401855,4.772165488807543,True,True,0.75,0.49864493474885146,4.5430926992024725,wind_stuck_7_days,2016
2131,SLM001,SLM001,2016-05-26,3.78526323,4.3,4.3,-1.0695011641838994,1.0695011641838994,0.20021719978019117,0.33649338880479673,-0.1190124121127606,-0.10515333287859546,-0.028154059959614244,-0.04002762418389971,1.1565457696667854,0.31538931999401515,3.2304988358161006,True,3.2304988358161006,True,3.2304988358161006,True,4.3,False,4.3,False,4.3,False,4.3,False,3.497874126862075,4.084147224612408,True,True,0.75,0.20182565724676127,3.2304988358161006,wind_stuck_7_days,2016
2132,SLM001,SLM001,2016-05-27,4.1780489,4.9,4.9,-0.3621742805091589,0.3621742805091589,0.18809487917961057,0.4354988001067053,-0.012539091225926273,-0.01238219319899865,-0.01662403711857779,0.3621742805091589,1.1565457696667854,0.31538931999401515,4.537825719490842,True,4.537825719490842,True,4.537825719490842,True,4.9,False,4.9,False,4.9,False,4.9,False,4.628369289618131,4.74891466279426,True,True,0.75,0.41716197238892216,4.537825719490842,wind_stuck_7_days,2016
2133,SLM001,SLM001,2016-06-11,5.06130883,5.3,5.3,-0.0050866499354637025,0.0050866499354637025,0.17398224477796717,0.449739588270244,-0.012539091225926273,-0.015105992983016993,-0.011966396186251132,0.005086649935463705,1.1565457696667854,0.31538931999401515,5.294913350064536,True,5.294913350064536,True,5.294913350064536,True,5.3,False,5.3,False,5.3,False,5.3,False,5.296185012548402,5.294913350064536,True,True,0.75,1.0,5.294913350064536,wind_stuck_7_days,2016
2134,SLM001,SLM001,2016-06-19,5.57934588,4.7,4.7,0.19318498718482682,0.19318498718482682,0.12850332052748709,0.549076101514134,-0.012539091225926273,-0.015105992983016993,-0.011966396186251132,0.1931849871848268,1.1565457696667854,0.31538931999401515,4.893184987184827,True,4.893184987184827,True,4.893184987184827,True,4.7,False,4.7,False,4.7,False,4.7,False,4.844888740388621,4.893184987184827,True,True,0.75,1.0,4.893184987184827,wind_stuck_7_days,2016
2135,SLM001,SLM001,2016-06-20,5.97485824,4.9,4.9,0.10040845874153861,0.10040845874153861,0.227725619991087,0.4725252976184242,-0.02981406636062454,-0.02805520997433384,-0.014189014352120962,0.10040845874153859,1.1565457696667854,0.31538931999401515,5.000408458741539,True,5.000408458741539,True,5.000408458741539,True,4.9,False,4.9,False,4.9,False,4.9,False,4.975306344056154,5.000408458741539,True,True,0.75,1.0,5.000408458741539,wind_stuck_7_days,2016
2136,SLM001,SLM001,2016-06-27,6.81662044,5.5,5.5,0.8457102995939747,0.8457102995939747,0.24530073599277485,0.5320774348417756,-0.11295333303431619,-0.12806782989810445,-0.0786937233796948,0.8457102995939747,1.1565457696667854,0.31538931999401515,6.345710299593975,True,6.345710299593975,True,6.345710299593975,True,5.5,False,5.5,False,5.5,False,5.5,False,6.134282724695481,5.5923565358030265,True,True,0.75,0.10920587800262885,6.345710299593975,wind_stuck_7_days,2016
2137,SLM001,SLM001,2016-06-28,6.20454399,5.7,5.7,0.3493130204838202,0.3493130204838202,0.22435936377698065,0.3816697088940721,-0.04275535506783994,0.008194667369143097,-0.01715049253319811,0.3493130204838202,1.1565457696667854,0.31538931999401515,6.049313020483821,True,6.049313020483821,True,6.049313020483821,True,5.7,False,5.7,False,6.049313020483821,True,5.7,False,5.961984765362866,5.818126769437939,True,True,0.75,0.33816881281529554,6.049313020483821,wind_stuck_7_days,2016
2138,SLM001,SLM001,2016-07-05,5.23082124,5.1,5.1,-1.1218353586366747,1.1218353586366747,0.1717090614454801,0.34274625869636616,-0.025747310044969947,-0.05862954842633964,-0.023496419027287593,-1.1218353586366747,1.1565457696667854,0.31538931999401515,3.9781646413633247,True,3.9781646413633247,True,3.9781646413633247,True,5.1,False,5.1,False,5.1,False,5.1,False,4.258623481022494,4.825733664073184,True,True,0.75,0.244480024466444,3.9781646413633247,wind_stuck_7_days,2016
2139,SLM001,SLM001,2016-07-06,5.33761936,4.9,4.9,-1.2692584590314666,1.2692584590314666,0.15675401440245665,0.35691865681866275,-0.10559616308872853,-0.16474362536556025,0.06188357027548123,-1.2692584590314666,1.1565457696667854,0.31538931999401515,3.6307415409685335,True,3.6307415409685335,True,3.6307415409685335,True,4.9,False,4.9,False,4.9,False,3.6307415409685335,True,3.9480561557264005,4.778350685540889,True,True,0.75,0.09584282349549084,3.6307415409685335,wind_stuck_7_days,2016
2140,SLM001,SLM001,2016-07-13,6.35558887,5.0,5.0,-0.07596307092118132,0.07596307092118132,0.21483792187879336,0.4171586082225832,-0.02981406636062454,-0.02805520997433384,-0.01715049253319811,-0.07596307092118137,1.1565457696667854,0.31538931999401515,4.924036929078818,True,4.924036929078818,True,4.924036929078818,True,5.0,False,5.0,False,5.0,False,5.0,False,4.943027696809114,4.924036929078818,True,True,0.75,1.0,4.924036929078818,wind_stuck_7_days,2016
2141,SLM001,SLM001,2016-07-14,6.2637831,5.4,5.4,0.3222487871270064,0.3222487871270064,0.17487663710313622,0.4150477369945708,-0.04275535506783994,-0.02805520997433384,-0.01249285160087145,0.32224878712700633,1.1565457696667854,0.31538931999401515,5.722248787127007,True,5.722248787127007,True,5.722248787127007,True,5.4,False,5.4,False,5.4,False,5.4,False,5.641686590345255,5.527969069111937,True,True,0.75,0.3971126478173557,5.722248787127007,wind_stuck_7_days,2016
2142,SLM001,SLM001,2016-07-21,5.53495606,5.1,5.1,-0.024536932647778457,0.024536932647778457,0.18272117518012623,0.3750346810635118,-0.012539091225926273,-0.015105992983016993,-0.011966396186251132,-0.024536932647778453,1.1565457696667854,0.31538931999401515,5.075463067352221,True,5.075463067352221,True,5.075463067352221,True,5.1,False,5.1,False,5.1,False,5.1,False,5.081597300514166,5.075463067352221,True,True,0.75,1.0,5.075463067352221,wind_stuck_7_days,2016
2143,SLM001,SLM001,2016-07-22,5.4989654,4.8,4.8,-0.16558784529803355,0.16558784529803355,0.2470658503347061,0.38732702337904346,-0.02981406636062454,-0.025331410190315498,-0.014189014352120962,-0.1655878452980335,1.1565457696667854,0.31538931999401515,4.634412154701966,True,4.634412154701966,True,4.634412154701966,True,4.8,False,4.8,False,4.8,False,4.8,False,4.675809116026475,4.634412154701966,True,True,0.75,1.0,4.634412154701966,wind_stuck_7_days,2016
2144,SLM001,SLM001,2016-07-29,5.01864127,5.3,5.3,0.07741857266386923,0.07741857266386923,0.17171702556671112,0.42388149391106555,-0.04275535506783994,-0.026272385029486433,-0.01249285160087145,-0.0774185726638692,1.1565457696667854,0.31538931999401515,5.377418572663869,True,5.377418572663869,True,5.377418572663869,True,5.3,False,5.3,False,5.3,False,5.3,False,5.358063929497901,5.377418572663869,True,True,0.75,1.0,5.377418572663869,wind_stuck_7_days,2016
2145,SLM001,SLM001,2016-07-30,6.19953011,5.7,5.7,-0.06357590829843536,0.06357590829843536,0.1421932050735653,0.4225128085325551,-0.04275535506783994,-0.02805520997433384,-0.01249285160087145,-0.0635759082984354,1.1565457696667854,0.31538931999401515,5.636424091701564,True,5.636424091701564,True,5.636424091701564,True,5.7,False,5.7,False,5.7,False,5.7,False,5.652318068776173,5.636424091701564,True,True,0.75,1.0,5.636424091701564,wind_stuck_7_days,2016
2146,SLM001,SLM001,2016-08-06,4.17775572,4.9,4.9,-0.6607782707435752,0.6607782707435752,0.15893903373069113,0.33635668044386613,-0.042089689232435105,-0.019268865868942064,-0.011966396186251132,0.6607782707435752,1.1565457696667854,0.31538931999401515,4.239221729256425,True,4.239221729256425,True,4.239221729256425,True,4.9,False,4.9,False,4.9,False,4.9,False,4.404416296942319,4.603374003857926,True,True,0.75,0.4489039807684355,4.239221729256425,wind_stuck_7_days,2016
2147,SLM001,SLM001,2016-08-07,4.21371752,4.2,4.2,-0.9503893958156324,0.9503893958156324,0.11711913746670886,0.3868657029034889,-0.12420675686862702,-0.06574161619479575,-0.022666838957528593,-0.9503893958156324,1.1565457696667854,0.31538931999401515,3.249610604184368,True,3.249610604184368,True,3.249610604184368,True,4.2,False,4.2,False,4.2,False,4.2,False,3.4872079531382756,3.9527147699121485,True,True,0.75,0.260193591360128,3.249610604184368,wind_stuck_7_days,2016
2148,SLM001,SLM001,2016-08-14,5.00619824,4.8,4.8,0.05004631820391385,0.05004631820391385,0.16484505118899417,0.5707184091319895,-0.012683796753555448,-0.015145767112576643,-0.009531373419794304,0.050046318203913864,1.1565457696667854,0.31538931999401515,4.850046318203914,True,4.850046318203914,True,4.850046318203914,True,4.8,False,4.8,False,4.8,False,4.8,False,4.837534738652935,4.850046318203914,True,True,0.75,1.0,4.850046318203914,wind_stuck_7_days,2016
2149,SLM001,SLM001,2016-08-15,3.73524242,5.3,5.3,0.09820520633560159,0.09820520633560159,0.12139281655494363,0.4052075878597886,-0.01550369450784339,-0.015105992983016993,-0.011966396186251132,-0.09820520633560159,1.1565457696667854,0.31538931999401515,5.398205206335602,True,5.398205206335602,True,5.398205206335602,True,5.3,False,5.3,False,5.3,False,5.3,False,5.373653904751701,5.398205206335602,True,True,0.75,1.0,5.398205206335602,wind_stuck_7_days,2016
2150,SLM001,SLM001,2016-09-07,3.26620022,3.9,3.9,-0.6757002002466498,0.6757002002466498,0.13435320861501868,0.3550398240447269,-0.04773222867850027,-0.020040937205325716,-0.011966396186251132,0.5918993597533501,1.1565457696667854,0.31538931999401515,3.22429979975335,True,3.22429979975335,True,3.22429979975335,True,3.9,False,3.9,False,3.9,False,3.9,False,3.3932248498150126,3.585275984418894,True,True,0.75,0.4657746371337797,3.22429979975335,wind_stuck_7_days,2016
2151,SLM001,SLM001,2016-09-08,3.17893728,3.5,3.5,-0.8261839402905877,0.8261839402905877,0.14318102114507328,0.4056497334551928,-0.06208422372972571,-0.048000323683258045,-0.007653644242519903,-0.18405850029058768,1.1565457696667854,0.31538931999401515,2.673816059709412,True,2.673816059709412,True,2.673816059709412,True,3.5,False,3.5,False,3.5,False,3.5,False,2.8803620447820593,3.138019387320545,True,True,0.75,0.4381356197170066,2.673816059709412,wind_stuck_7_days,2016
2152,SLM001,SLM001,2016-09-15,2.44790611,3.1,3.1,-1.1073659377710152,1.1073659377710152,0.14918389454543735,0.4254502504041137,0.08577102535510803,0.11931079214400415,-0.028323307107868862,0.19682184222898513,1.1565457696667854,0.31538931999401515,1.9926340622289849,True,1.9926340622289849,True,1.9926340622289849,True,1.9926340622289849,True,1.9926340622289849,True,1.9926340622289849,True,3.1,False,2.269475546671739,2.4584758862698224,True,True,0.75,0.5793244056445181,1.9926340622289849,wind_stuck_7_days,2016
2153,SLM001,SLM001,2016-09-23,2.16837743,2.9,2.9,-0.7675403598259509,0.7675403598259509,0.1219143480052921,0.3468516698010378,0.08743479123188626,0.07102671757143589,-0.011966396186251132,0.6957047801740488,1.1565457696667854,0.31538931999401515,2.1324596401740488,True,2.1324596401740488,True,2.1324596401740488,True,2.1324596401740488,True,2.1324596401740488,True,2.1324596401740488,True,2.9,False,2.3243447301305364,2.433171547908896,True,True,0.75,0.6082135566095356,2.1324596401740488,wind_stuck_7_days,2016
2154,SLM001,SLM001,2016-09-24,1.51742478,2.9,2.9,-0.5251145430194686,0.5251145430194686,0.12465667597402783,0.4871980051028725,0.021613632519822106,0.024275261398187246,-0.011966396186251132,0.5251145430194686,1.1565457696667854,0.31538931999401515,2.3748854569805316,True,2.3748854569805316,True,2.3748854569805316,True,2.3748854569805316,True,2.3748854569805316,True,2.3748854569805316,True,2.9,False,2.5061640927353985,2.689601567370485,True,True,0.75,0.40067150191594364,2.3748854569805316,wind_stuck_7_days,2016
2155,SLM001,SLM001,2016-10-02,1.23151081,2.6,2.6,-0.4295611465500733,0.4295611465500733,0.07093305218769569,0.4087727563716813,0.008498635344837772,0.041325918800476806,-0.014858973460438718,0.42956114655007327,1.1565457696667854,0.31538931999401515,2.1704388534499266,True,2.1704388534499266,True,2.1704388534499266,True,2.1704388534499266,True,2.1704388534499266,True,2.1704388534499266,True,2.6,False,2.2778291400874453,2.337681739869783,True,True,0.75,0.6106657043751946,2.1704388534499266,wind_stuck_7_days,2016
2676,US-A32,US-A32,2016-01-27,0.44711536,0.7,0.7,-0.15469663099929679,0.15469663099929679,0.09620272620700089,0.29178015884989855,0.02429894922646033,0.0285457005089365,-0.024112203490587795,0.15469663099929679,1.1565457696667854,0.31538931999401515,0.5453033690007032,True,0.5453033690007032,True,0.5453033690007032,True,0.5453033690007032,True,0.5453033690007032,True,0.5453033690007032,True,0.7,False,0.5839775267505274,0.5453033690007032,True,True,0.75,1.0,0.5453033690007032,wind_stuck_7_days,2016
2677,US-A32,US-A32,2016-02-04,0.7942913,0.9,0.9,-0.41880323572885914,0.41880323572885914,0.1324292541769029,0.33550782978898247,0.03267027702584672,0.041325918800476806,-0.024112203490587795,-0.20738583572885916,1.1565457696667854,0.31538931999401515,0.4811967642711409,True,0.4811967642711409,True,0.4811967642711409,True,0.4811967642711409,True,0.4811967642711409,True,0.4811967642711409,True,0.9,False,0.5858975732033557,0.6307654502525681,True,True,0.75,0.6428664508259416,0.4811967642711409,wind_stuck_7_days,2016
2678,US-A32,US-A32,2016-03-31,1.70490457,2.2,2.2,-0.36291089932670345,0.36291089932670345,0.14043239438648136,0.42944889546139187,0.028144446696728588,0.0285457005089365,-0.017839566641077,0.36291089932670345,1.1565457696667854,0.31538931999401515,1.8370891006732968,True,1.8370891006732968,True,1.8370891006732968,True,1.8370891006732968,True,1.8370891006732968,True,1.8370891006732968,True,2.2,False,1.9278168255049726,2.048607373435435,True,True,0.75,0.41716197238892216,1.8370891006732968,wind_stuck_7_days,2016
2679,US-A32,US-A32,2016-07-13,4.37598593,3.9,3.9,-0.6411220434470979,0.6411220434470979,0.2749790571922381,0.6997242539311519,-0.09818947162023618,-0.14372876500038265,-0.035197629964328556,-0.6411220434470979,1.1565457696667854,0.31538931999401515,3.258877956552902,True,3.258877956552902,True,3.258877956552902,True,3.9,False,3.9,False,3.9,False,3.9,False,3.4191584674146767,3.8600062447281642,True,True,0.75,0.06238087690262914,3.258877956552902,wind_stuck_7_days,2016
2680,US-A32,US-A32,2016-07-21,4.25383778,4.0,4.0,-0.6663459128192039,0.6663459128192039,0.23711242326356052,0.7941005846505315,-0.11721818049885166,-0.14741572647769044,-0.01715049253319811,-0.6663459128192039,1.1565457696667854,0.31538931999401515,3.333654087180796,True,3.333654087180796,True,3.333654087180796,True,4.0,False,4.0,False,4.0,False,4.0,False,3.5002405653855972,3.9484047637621087,True,True,0.75,0.07743010836458813,3.448496399561094,wind_stuck_7_days,2016
2681,US-A32,US-A32,2016-10-17,2.99487517,2.2,2.2,-0.36243708250737094,0.36243708250737094,0.3135703692218945,1.061084262011372,0.014469706277534395,0.013583104982359014,-0.045412278779513544,-0.36243708250737106,1.1565457696667854,0.31538931999401515,1.8375629174926291,True,1.8375629174926291,True,2.2,False,1.8375629174926291,True,2.2,False,1.8375629174926291,True,2.2,False,1.928172188119472,2.0728430713441592,True,True,0.75,0.3508386277037615,1.8375629174926291,wind_stuck_7_days,2016
2687,US-A74,US-A32,2016-03-15,1.85470119,1.2,1.2,-0.030703595683444322,0.030703595683444322,0.08825892050480932,0.4952258071700514,0.02429894922646033,0.02582190072491816,-0.017839566641077,-0.030703595683444274,1.1565457696667854,0.31538931999401515,1.1692964043165557,True,1.1692964043165557,True,1.1692964043165557,True,1.1692964043165557,True,1.1692964043165557,True,1.1692964043165557,True,1.2,False,1.1769723032374166,1.1692964043165557,True,True,0.75,1.0,1.1692964043165557,wind_stuck_7_days,2016
2688,US-A74,US-A32,2016-03-31,1.45790261,1.2,1.2,0.19436958608580107,0.19436958608580107,0.09421834771467538,0.37752208240509566,0.02429894922646033,0.02582190072491816,-0.017839566641077,0.19436958608580107,1.1565457696667854,0.31538931999401515,1.394369586085801,True,1.394369586085801,True,1.394369586085801,True,1.394369586085801,True,1.394369586085801,True,1.394369586085801,True,1.2,False,1.3457771895643509,1.394369586085801,True,True,0.75,1.0,1.394369586085801,wind_stuck_7_days,2016
2689,US-A74,US-A32,2016-04-24,4.45465935,3.5,3.5,0.4037507358852784,0.4037507358852784,0.2090388847965688,0.8543025827501326,-0.004924884282323065,-0.016027785903156185,-0.011701100480209439,0.4037507358852783,1.1565457696667854,0.31538931999401515,3.9037507358852785,True,3.9037507358852785,True,3.9037507358852785,True,3.5,False,3.5,False,3.5,False,3.5,False,3.802813051913959,3.7199265218535853,True,True,0.75,0.5447086588495412,3.9037507358852785,wind_stuck_7_days,2016
2690,US-A74,US-A32,2016-10-17,1.46502963,2.3,2.3,-0.3963053687751502,0.3963053687751502,0.32659022504422436,1.2539384119614234,0.00949279327150119,0.007134256128923106,-0.045412278779513544,0.3963053687751502,1.1565457696667854,0.31538931999401515,1.9036946312248495,True,2.3,False,2.3,False,1.9036946312248495,True,2.3,False,1.9036946312248495,True,2.3,False,2.002770973418637,2.0933041496250535,True,True,0.75,0.5215570281416453,1.9036946312248495,wind_stuck_7_days,2016
2913,US-ADR,US-ADR,2016-02-23,0.45975885,1.7,1.7,-0.41143966445853797,0.41143966445853797,0.13688348531405906,0.3732859241751317,0.034521390117407826,0.041325918800476806,-0.024112203490587795,0.41143966445853797,1.1565457696667854,0.31538931999401515,1.288560335541462,True,1.288560335541462,True,1.288560335541462,True,1.288560335541462,True,1.288560335541462,True,1.288560335541462,True,1.7,False,1.3914202516560965,1.42041515273084,True,True,0.75,0.6795281821870497,1.288560335541462,wind_stuck_7_days,2016
2914,US-ADR,US-ADR,2016-02-24,0.45318608,0.2,0.2,0.4510448997016546,0.4510448997016546,0.1774629081500306,0.5788121568544571,0.12631456371949246,0.11053026852793815,-0.01957936261155674,0.05532726029834534,1.1565457696667854,0.31538931999401515,0.6510448997016547,True,0.6510448997016547,True,0.6510448997016547,True,0.6510448997016547,True,0.6510448997016547,True,0.6510448997016547,True,0.2,False,0.538283674776241,0.5526394323636261,True,True,0.75,0.7818277794447533,0.6510448997016547,wind_stuck_7_days,2016
2915,US-ADR,US-ADR,2016-03-02,0.4336903,0.3,0.3,0.06809593935924706,0.06809593935924706,0.15445295370056014,0.4690811192245077,0.01846704871719073,0.019664389578383925,-0.024112203490587795,0.06809593935924706,1.1565457696667854,0.31538931999401515,0.36809593935924706,True,0.36809593935924706,True,0.36809593935924706,True,0.36809593935924706,True,0.36809593935924706,True,0.36809593935924706,True,0.3,False,0.3510719545194353,0.36809593935924706,True,True,0.75,1.0,0.36809593935924706,wind_stuck_7_days,2016
2916,US-ADR,US-ADR,2016-03-10,0.51949535,1.1,1.1,-0.17882592934738284,0.17882592934738284,0.1434786205888742,0.3349628173021456,0.02629333360516748,0.0285457005089365,-0.017839566641077,0.17882592934738284,1.1565457696667854,0.31538931999401515,0.9211740706526172,True,0.9211740706526172,True,0.9211740706526172,True,0.9211740706526172,True,0.9211740706526172,True,0.9211740706526172,True,1.1,False,0.965880552989463,0.9211740706526172,True,True,0.75,1.0,0.9211740706526172,wind_stuck_7_days,2016
2917,US-ADR,US-ADR,2016-03-18,0.49323736,0.3,0.3,0.1721283347514345,0.1721283347514345,0.1361396547158811,0.4300625832061325,0.01846704871719073,0.019664389578383925,-0.020732143915264588,0.1721283347514345,1.1565457696667854,0.31538931999401515,0.47212833475143445,True,0.47212833475143445,True,0.47212833475143445,True,0.47212833475143445,True,0.47212833475143445,True,0.47212833475143445,True,0.3,False,0.42909625106357585,0.47212833475143445,True,True,0.75,1.0,0.47212833475143445,wind_stuck_7_days,2016
2918,US-ADR,US-ADR,2016-03-19,0.44099933,1.1,1.1,-0.27119610582391407,0.27119610582391407,0.19816360432608215,0.4756909048751745,0.028144446696728588,0.0285457005089365,-0.02249720757340366,0.27119610582391407,1.1565457696667854,0.31538931999401515,0.828803894176086,True,0.828803894176086,True,0.828803894176086,True,0.828803894176086,True,0.828803894176086,True,0.828803894176086,True,1.1,False,0.8966029206320645,0.9174481823440409,True,True,0.75,0.6731358368932071,0.828803894176086,wind_stuck_7_days,2016
2919,US-ADR,US-ADR,2016-03-26,0.2591736,0.2,0.2,0.32908988864288824,0.32908988864288824,0.13562629862422484,0.23258075402545425,0.051743716065273025,0.05029511948893981,-0.005823169149391479,-0.21074268864288825,1.1565457696667854,0.31538931999401515,0.5290898886428883,True,0.5290898886428883,True,0.5290898886428883,True,0.5290898886428883,True,0.5290898886428883,True,0.5290898886428883,True,0.2,False,0.4468174164821662,0.41851871872388097,True,True,0.75,0.6640092153089713,0.5290898886428883,wind_stuck_7_days,2016
2920,US-ADR,US-ADR,2016-04-03,0.25552059,0.2,0.2,0.30833715002176737,0.30833715002176737,0.11363658683451565,0.33554683391762835,0.04633493353123599,0.05029511948893981,-0.005823169149391479,-0.1972959700217674,1.1565457696667854,0.31538931999401515,0.5083371500217674,True,0.5083371500217674,True,0.5083371500217674,True,0.5083371500217674,True,0.5083371500217674,True,0.5083371500217674,True,0.2,False,0.43125286251632555,0.42696048104599676,True,True,0.75,0.736078935120125,0.5083371500217674,wind_stuck_7_days,2016
2921,US-ADR,US-ADR,2016-04-04,0.23974547,0.8,0.8,-0.07431182739385371,0.07431182739385371,0.2609674726959502,0.7998809949244661,0.033646724311388376,0.02582190072491816,-0.028168367080316413,0.07431182739385372,1.1565457696667854,0.31538931999401515,0.7256881726061464,True,0.7256881726061464,True,0.7256881726061464,True,0.7256881726061464,True,0.7256881726061464,True,0.7256881726061464,True,0.8,False,0.7442661294546098,0.7256881726061464,True,True,0.75,1.0,0.7370353123858693,wind_stuck_7_days,2016
2922,US-ADR,US-ADR,2016-04-12,0.95324669,0.4,0.4,0.5323451434307889,0.5323451434307889,0.11132220391525599,0.466839637581039,0.19321257491578644,0.18822304299896248,-0.05542476681175336,0.5323451434307889,1.1565457696667854,0.31538931999401515,0.9323451434307889,True,0.9323451434307889,True,0.9323451434307889,True,0.9323451434307889,True,0.9323451434307889,True,0.9323451434307889,True,0.4,False,0.7992588575730917,0.9323451434307889,True,True,0.75,1.0,0.9323451434307889,wind_stuck_7_days,2016
2923,US-ADR,US-ADR,2016-04-20,0.34957316,0.3,0.3,0.0746085802207995,0.0746085802207995,0.08938307185886324,0.27253124717607,0.003799524489960852,0.010481224516444365,-0.015404543874620173,0.024537739779200513,1.1565457696667854,0.31538931999401515,0.37460858022079946,True,0.37460858022079946,True,0.37460858022079946,True,0.37460858022079946,True,0.37460858022079946,True,0.37460858022079946,True,0.3,False,0.3559564351655996,0.37460858022079946,True,True,0.75,1.0,0.37460858022079946,wind_stuck_7_days,2016
2924,US-ADR,US-ADR,2016-05-13,0.24453105,0.2,0.2,-0.020615731883565257,0.020615731883565257,0.15109724738317784,0.38727441582062827,0.031777821191722365,0.017555190712046247,-0.0063496245640117955,-0.02061573188356526,1.1565457696667854,0.31538931999401515,0.17938426811643476,True,0.17938426811643476,True,0.17938426811643476,True,0.17938426811643476,True,0.17938426811643476,True,0.17938426811643476,True,0.2,False,0.18453820108732608,0.17938426811643476,True,True,0.75,1.0,0.17938426811643476,wind_stuck_7_days,2016
2925,US-ADR,US-ADR,2016-05-14,0.24177686,0.0,0.0,0.25780414790723183,0.25780414790723183,0.1821256777347385,0.4951073989401751,0.07375478355786617,0.07025822137321319,-0.0063496245640117955,0.2257495720927682,1.1565457696667854,0.31538931999401515,0.25780414790723183,True,0.25780414790723183,True,0.25780414790723183,True,0.25780414790723183,True,0.25780414790723183,True,0.25780414790723183,True,0.0,False,0.19335311093042387,0.20978140072243537,True,True,0.75,0.8137239157141997,0.25780414790723183,wind_stuck_7_days,2016
2926,US-ADR,US-ADR,2016-05-21,0.15082135,0.2,0.2,0.6193256386794453,0.6193256386794453,0.1449346952005594,0.4218672623890569,0.32609228485688085,0.3101885652645493,-0.024139589308018915,-0.6193256386794453,1.1565457696667854,0.31538931999401515,0.8193256386794454,True,0.8193256386794454,True,0.8193256386794454,True,0.8193256386794454,True,0.8193256386794454,True,0.8193256386794454,True,0.2,False,0.6644942290095841,0.8193256386794454,True,True,0.75,1.0,0.8193256386794454,wind_stuck_7_days,2016
2927,US-ADR,US-ADR,2016-05-22,0.19006359,0.1,0.1,0.7926490009269119,0.7926490009269119,0.08918943776105352,0.2639166173850668,0.3202124858214237,0.3256277129149766,-0.062000551093514655,-0.612521820926912,1.1565457696667854,0.31538931999401515,0.8926490009269119,True,0.8926490009269119,True,0.8926490009269119,True,0.8926490009269119,True,0.8926490009269119,True,0.8926490009269119,True,0.1,False,0.694486750695184,0.8231187451689382,True,True,0.75,0.912281153856668,0.8926490009269119,wind_stuck_7_days,2016
2928,US-ADR,US-ADR,2016-05-29,0.16281791,0.2,0.2,0.3598071052857953,0.3598071052857953,0.08056761356842952,0.40615108715055986,0.11006380191234279,0.10065042179071963,-0.005823169149391479,-0.3598071052857953,1.1565457696667854,0.31538931999401515,0.5598071052857954,True,0.5598071052857954,True,0.5598071052857954,True,0.5598071052857954,True,0.5598071052857954,True,0.5598071052857954,True,0.2,False,0.4698553289643465,0.3965750862927069,True,True,0.75,0.5463346426596191,0.5598071052857954,wind_stuck_7_days,2016
2929,US-ADR,US-ADR,2016-05-30,0.14257431,0.1,0.1,0.3146570595081867,0.3146570595081867,0.17528677949145,0.37422987823408027,0.06349751252309722,0.049156864629804786,-0.003388146382934655,-0.22950843950818667,1.1565457696667854,0.31538931999401515,0.41465705950818665,True,0.41465705950818665,True,0.41465705950818665,True,0.41465705950818665,True,0.41465705950818665,True,0.41465705950818665,True,0.1,False,0.33599279463114,0.31450483798560086,True,True,0.75,0.681709917205973,0.41465705950818665,wind_stuck_7_days,2016
2930,US-ADR,US-ADR,2016-06-06,0.13984166,0.2,0.2,0.04189091294232263,0.04189091294232263,0.263482738795748,0.562561428523235,0.028037227223726546,0.02366897294671675,-0.026092924746391757,-0.04189091294232264,1.1565457696667854,0.31538931999401515,0.24189091294232265,True,0.24189091294232265,True,0.24189091294232265,True,0.24189091294232265,True,0.24189091294232265,True,0.24189091294232265,True,0.2,False,0.23141818470674197,0.24189091294232265,True,True,0.75,1.0,0.2263006205467217,wind_stuck_7_days,2016
2931,US-ADR,US-ADR,2016-06-14,0.16488634,0.0,0.0,0.2129078349820686,0.2129078349820686,0.1732199507823672,0.3363700770647292,0.040183979134930214,0.052502427183309934,-0.0063496245640117955,0.11686484501793137,1.1565457696667854,0.31538931999401515,0.2129078349820686,True,0.2129078349820686,True,0.2129078349820686,True,0.2129078349820686,True,0.2129078349820686,True,0.2129078349820686,True,0.0,False,0.15968087623655147,0.2129078349820686,True,True,0.75,1.0,0.2129078349820686,wind_stuck_7_days,2016
2932,US-ADR,US-ADR,2016-06-15,0.0787661,0.2,0.2,0.46198459430200495,0.46198459430200495,0.1281534449020607,0.4744152319567581,0.1450882689170711,0.11122042035227973,-0.001426687925643447,-0.4619845943020049,1.1565457696667854,0.31538931999401515,0.661984594302005,True,0.661984594302005,True,0.661984594302005,True,0.661984594302005,True,0.661984594302005,True,0.661984594302005,True,0.2,False,0.5464884457265038,0.2,True,False,0.75,0.0,0.8678508564299294,wind_stuck_7_days,2016
2933,US-ADR,US-ADR,2016-06-22,0.14993797,0.2,0.2,0.10983897952632646,0.10983897952632646,0.2553072009464205,0.6758316940739134,0.04814969522155938,0.02366897294671675,-0.016678425003251195,-0.10983897952632646,1.1565457696667854,0.31538931999401515,0.30983897952632644,True,0.30983897952632644,True,0.30983897952632644,True,0.30983897952632644,True,0.30983897952632644,True,0.30983897952632644,True,0.2,False,0.28237923464474485,0.30983897952632644,True,True,0.75,1.0,0.022607183901229816,wind_stuck_7_days,2016
2934,US-ADR,US-ADR,2016-06-23,0.16799297,0.1,0.1,0.2755807100997029,0.2755807100997029,0.29546988239701094,0.7497476130902312,0.07303846656179773,0.049156864629804786,-0.026092924746391757,-0.13959477009970295,1.1565457696667854,0.31538931999401515,0.37558071009970295,True,0.37558071009970295,True,0.37558071009970295,True,0.37558071009970295,True,0.37558071009970295,True,0.37558071009970295,True,0.1,False,0.30668553257477715,0.27278220598633207,True,True,0.75,0.6269749646984393,0.2494195503890055,wind_stuck_7_days,2016
2935,US-ADR,US-ADR,2016-06-30,0.32601982,0.0,0.0,0.0058781719390325615,0.0058781719390325615,0.13233565522447802,0.38622317980425547,0.035704436399109106,0.03401617797436467,-0.0063496245640117955,0.0058781719390325615,1.1565457696667854,0.31538931999401515,0.0058781719390325615,True,0.0058781719390325615,True,0.0058781719390325615,True,0.0058781719390325615,True,0.0058781719390325615,True,0.0058781719390325615,True,0.0,False,0.004408628954274421,0.0058781719390325615,True,True,0.75,1.0,0.0058781719390325615,wind_stuck_7_days,2016
2936,US-ADR,US-ADR,2016-07-01,2.11782181,1.1,1.1,-0.5819453259611611,0.5819453259611611,0.11456493771516889,0.4034558757702828,0.03319382955821757,0.044099348362646784,-0.01836602205569732,-0.5819453259611611,1.1565457696667854,0.31538931999401515,0.518054674038839,True,0.518054674038839,True,0.518054674038839,True,0.518054674038839,True,0.518054674038839,True,0.518054674038839,True,1.1,False,0.6635410055291293,0.6068211370399847,True,True,0.75,0.8474659748241193,0.518054674038839,wind_stuck_7_days,2016
2937,US-ADR,US-ADR,2016-07-08,0.17880094,0.2,0.2,0.00551530918526798,0.00551530918526798,0.15271099203186583,0.44876025160254657,0.05761531859827547,0.05469174132413502,-0.0063496245640117955,-0.005515309185267981,1.1565457696667854,0.31538931999401515,0.205515309185268,True,0.205515309185268,True,0.205515309185268,True,0.205515309185268,True,0.205515309185268,True,0.205515309185268,True,0.2,False,0.204136481888951,0.205515309185268,True,True,0.75,1.0,0.205515309185268,wind_stuck_7_days,2016
2938,US-ADR,US-ADR,2016-07-16,0.18000112,0.1,0.1,0.23222292344669845,0.23222292344669845,0.24308727535343275,0.5858597972338082,0.031777821191722365,0.04136268710678093,-0.011007265496338453,-0.07222068344669849,1.1565457696667854,0.31538931999401515,0.33222292344669846,True,0.33222292344669846,True,0.33222292344669846,True,0.33222292344669846,True,0.33222292344669846,True,0.33222292344669846,True,0.1,False,0.27416719258502387,0.32771909607401806,True,True,0.75,0.9806055866241208,-0.10102799446982091,wind_stuck_7_days,2016
2939,US-ADR,US-ADR,2016-07-17,0.13366053,0.0,0.0,0.4678436051087719,0.4678436051087719,0.3406153043475093,0.8178984817782242,0.03307665499468388,0.010621228726330884,-0.028999400064079958,-0.20052254510877188,1.1565457696667854,0.31538931999401515,0.4678436051087719,True,0.0,False,0.4678436051087719,True,0.4678436051087719,True,0.4678436051087719,True,0.4678436051087719,True,0.0,False,0.35088270383157893,0.0,True,False,0.75,0.0,0.3487268819061908,wind_stuck_7_days,2016
2940,US-ADR,US-ADR,2016-07-24,0.14523819,0.2,0.2,0.30000264590462294,0.30000264590462294,0.2708499430959364,0.8740102620878396,0.07698566836681432,0.05911848129668419,-0.029054402927468907,-0.30000264590462294,1.1565457696667854,0.31538931999401515,0.500002645904623,True,0.500002645904623,True,0.2,False,0.500002645904623,True,0.2,False,0.500002645904623,True,0.2,False,0.4250019844284672,0.4094462901573464,True,True,0.75,0.6981481430798238,-0.1589353546466723,wind_stuck_7_days,2016
2941,US-ADR,US-ADR,2016-07-25,0.15575789,0.2,0.2,0.044898608633318224,0.044898608633318224,0.26559468161602534,0.6747532282113207,0.04814969522155938,0.033630589613596155,-0.029054402927468907,-0.044898608633318224,1.1565457696667854,0.31538931999401515,0.24489860863331825,True,0.24489860863331825,True,0.24489860863331825,True,0.24489860863331825,True,0.24489860863331825,True,0.24489860863331825,True,0.2,False,0.23367395647498868,0.24489860863331825,True,True,0.75,1.0,-0.14511264506749189,wind_stuck_7_days,2016
2942,US-ADR,US-ADR,2016-08-01,0.14587864,0.0,0.0,0.20474095422171254,0.20474095422171254,0.18914659913122409,0.44746667385914585,0.04203509222649132,0.046079232757372524,-0.011007265496338453,0.08701632577828747,1.1565457696667854,0.31538931999401515,0.20474095422171254,True,0.20474095422171254,True,0.20474095422171254,True,0.20474095422171254,True,0.20474095422171254,True,0.20474095422171254,True,0.0,False,0.1535557156662844,0.20474095422171254,True,True,0.75,1.0,0.20158760425223426,wind_stuck_7_days,2016
2943,US-ADR,US-ADR,2016-08-02,0.04130941,0.3,0.3,0.06681215207312834,0.06681215207312834,0.16429217728844925,0.3973538817148717,0.007645021960229109,0.010481224516444365,-0.01836602205569732,-0.06681215207312835,1.1565457696667854,0.31538931999401515,0.36681215207312834,True,0.36681215207312834,True,0.36681215207312834,True,0.36681215207312834,True,0.36681215207312834,True,0.36681215207312834,True,0.3,False,0.35010911405484624,0.36681215207312834,True,True,0.75,1.0,0.36171122834597436,wind_stuck_7_days,2016
2944,US-ADR,US-ADR,2016-08-09,0.0595291,0.1,0.1,0.5160867983557933,0.5160867983557933,0.47023011913328955,0.7640800522167448,0.22805186507295622,0.2448330656091321,-0.045798233005786684,-0.5160867983557933,1.1565457696667854,0.31538931999401515,0.6160867983557933,True,0.1,False,0.6160867983557933,True,0.6160867983557933,True,0.6160867983557933,True,0.6160867983557933,True,0.1,False,0.487065098766845,0.40753673307988736,True,True,0.75,0.59590118185482,0.49633929672563704,wind_stuck_7_days,2016
2945,US-ADR,US-ADR,2016-08-10,0.16883007,0.1,0.1,0.5348377069409368,0.5348377069409368,0.33541051331118305,0.6560946674119796,0.42900895731002014,0.39769684175651926,-0.045798233005786684,-0.39717756694093687,1.1565457696667854,0.31538931999401515,0.6348377069409368,True,0.1,False,0.6348377069409368,True,0.6348377069409368,True,0.6348377069409368,True,0.6348377069409368,True,0.1,False,0.5011282802057025,0.6314167981617944,True,True,0.75,0.9936038376974042,0.6348377069409368,wind_stuck_7_days,2016
2946,US-ADR,US-ADR,2016-08-17,0.0545883,0.2,0.2,0.31967505536755636,0.31967505536755636,0.3269722684117973,0.4421923850545669,0.05975691855510139,0.050939689574652204,-0.03392233670244832,-0.31967505536755636,1.1565457696667854,0.31538931999401515,0.5196750553675564,True,0.2,False,0.5196750553675564,True,0.5196750553675564,True,0.5196750553675564,True,0.5196750553675564,True,0.2,False,0.4397562915256673,0.3767984176711727,True,True,0.75,0.5530566576985284,0.3701979153296705,wind_stuck_7_days,2016
2947,US-ADR,US-ADR,2016-08-18,0.03756965,0.0,0.0,0.17238387526608032,0.17238387526608032,0.18290302652657037,0.28531480463169084,0.040183979134930214,0.046079232757372524,-0.0063496245640117955,-0.0972445752660803,1.1565457696667854,0.31538931999401515,0.17238387526608032,True,0.17238387526608032,True,0.17238387526608032,True,0.17238387526608032,True,0.17238387526608032,True,0.17238387526608032,True,0.0,False,0.12928790644956023,0.17238387526608032,True,True,0.75,1.0,0.17238387526608032,wind_stuck_7_days,2016
2948,US-ADR,US-ADR,2016-08-25,0.07796346,0.4,0.4,-0.010088163441164677,0.010088163441164677,0.15581027620884094,0.45509195964538074,0.007645021960229109,0.010481224516444365,-0.015404543874620173,0.0100881634411647,1.1565457696667854,0.31538931999401515,0.3899118365588353,True,0.3899118365588353,True,0.3899118365588353,True,0.3899118365588353,True,0.3899118365588353,True,0.3899118365588353,True,0.4,False,0.3924338774191265,0.3899118365588353,True,True,0.75,1.0,0.3899118365588353,wind_stuck_7_days,2016
2949,US-ADR,US-ADR,2016-08-26,-0.15270064,0.0,0.0,0.052477103072048684,0.052477103072048684,0.19316954194217792,0.4014068628281803,0.04203509222649132,0.038347135264187746,-0.00804578731526131,-0.05247710307204867,1.1565457696667854,0.31538931999401515,0.052477103072048684,True,0.052477103072048684,True,0.052477103072048684,True,0.052477103072048684,True,0.052477103072048684,True,0.052477103072048684,True,0.0,False,0.039357827304036516,0.052477103072048684,True,True,0.75,1.0,0.052477103072048684,wind_stuck_7_days,2016
2950,US-ADR,US-ADR,2016-09-02,0.18239919,0.0,0.0,0.2724242358746753,0.2724242358746753,0.375335123356781,0.6510097152863652,0.08702988774486876,0.06561785189212321,-0.03392233670244832,0.09237414412532469,1.1565457696667854,0.31538931999401515,0.2724242358746753,True,0.0,False,0.2724242358746753,True,0.2724242358746753,True,0.2724242358746753,True,0.2724242358746753,True,0.0,False,0.20431817690600645,0.25074378183610524,True,True,0.75,0.9204165739183946,0.2724242358746753,wind_stuck_7_days,2016
2951,US-ADR,US-ADR,2016-09-03,0.12475481,0.2,0.2,0.22973857651284496,0.22973857651284496,0.385290228828223,0.73030745723269,0.04814969522155938,0.03318389538474894,-0.03392233670244832,-0.22973857651284496,1.1565457696667854,0.31538931999401515,0.42973857651284497,True,0.2,False,0.42973857651284497,True,0.42973857651284497,True,0.42973857651284497,True,0.42973857651284497,True,0.2,False,0.3723039323846337,0.42973857651284497,True,True,0.75,1.0,0.42973857651284497,wind_stuck_7_days,2016
2952,US-ADR,US-ADR,2016-09-10,0.03866705,0.0,0.0,0.0013485405365508073,0.0013485405365508073,0.20866534800734213,0.4408687909177299,0.04217979775412049,0.0322731271590769,-0.010480810081718134,0.001348540536550806,1.1565457696667854,0.31538931999401515,0.0013485405365508073,True,0.0013485405365508073,True,0.0013485405365508073,True,0.0013485405365508073,True,0.0013485405365508073,True,0.0013485405365508073,True,0.0,False,0.0010114054024131054,0.0013485405365508073,True,True,0.75,1.0,0.0013485405365508073,wind_stuck_7_days,2016
2953,US-ADR,US-ADR,2016-09-11,0.0516429,0.1,0.1,0.046619891401219395,0.046619891401219395,0.18193436600627633,0.4766234578135317,0.031777821191722365,0.02366897294671675,-0.003388146382934655,-0.046619891401219395,1.1565457696667854,0.31538931999401515,0.1466198914012194,True,0.1466198914012194,True,0.1466198914012194,True,0.1466198914012194,True,0.1466198914012194,True,0.1466198914012194,True,0.1,False,0.13496491855091455,0.1466198914012194,True,True,0.75,1.0,0.1466198914012194,wind_stuck_7_days,2016
2954,US-ADR,US-ADR,2016-09-18,0.08324049,0.1,0.1,0.04668264149961664,0.04668264149961664,0.08835932713808581,0.4299120666636368,0.014615242199861116,0.024807227805851765,-0.005823169149391479,-0.04668264149961664,1.1565457696667854,0.31538931999401515,0.14668264149961663,True,0.14668264149961663,True,0.14668264149961663,True,0.14668264149961663,True,0.14668264149961663,True,0.14668264149961663,True,0.1,False,0.13501198112471247,0.14668264149961663,True,True,0.75,1.0,0.14668264149961663,wind_stuck_7_days,2016
2955,US-ADR,US-ADR,2016-09-19,0.0236361,0.1,0.1,-0.036478722284512786,0.036478722284512786,0.1932679474630434,0.2951908452814668,0.028722248987962905,0.013493367471626659,-0.010480810081718134,0.036478722284512786,1.1565457696667854,0.31538931999401515,0.06352127771548721,True,0.06352127771548721,True,0.06352127771548721,True,0.06352127771548721,True,0.06352127771548721,True,0.06352127771548721,True,0.1,False,0.07264095828661542,0.06352127771548721,True,True,0.75,1.0,0.06352127771548721,wind_stuck_7_days,2016
2956,US-ADR,US-ADR,2016-09-26,-0.02432321,0.1,0.1,0.12401304925274366,0.12401304925274366,0.11887323890083457,0.3537390765580677,0.014615242199861116,0.024807227805851765,-0.005823169149391479,-0.12401304925274366,1.1565457696667854,0.31538931999401515,0.22401304925274368,True,0.22401304925274368,True,0.22401304925274368,True,0.22401304925274368,True,0.22401304925274368,True,0.22401304925274368,True,0.1,False,0.19300978693955775,0.22401304925274368,True,True,0.75,1.0,0.22401304925274368,wind_stuck_7_days,2016
2957,US-ADR,US-ADR,2016-09-27,0.15041076,0.0,0.0,0.15389857460106665,0.15389857460106665,0.1259277727204741,0.3477563771528354,0.030725334306161426,0.038815768711141015,-0.005823169149391479,0.14692294539893336,1.1565457696667854,0.31538931999401515,0.15389857460106665,True,0.15389857460106665,True,0.15389857460106665,True,0.15389857460106665,True,0.15389857460106665,True,0.15389857460106665,True,0.0,False,0.11542393095079999,0.15389857460106665,True,True,0.75,1.0,0.15389857460106665,wind_stuck_7_days,2016
2958,US-ADR,US-ADR,2016-10-04,0.01925218,0.0,0.0,0.24145080799707602,0.24145080799707602,0.11180487627743294,0.41061345949702605,0.02531655177212438,0.04654786620432579,-0.008715746423579066,-0.202946447997076,1.1565457696667854,0.31538931999401515,0.24145080799707602,True,0.24145080799707602,True,0.24145080799707602,True,0.24145080799707602,True,0.24145080799707602,True,0.24145080799707602,True,0.0,False,0.181088105997807,0.24145080799707602,True,True,0.75,1.0,0.24145080799707602,wind_stuck_7_days,2016
2959,US-ADR,US-ADR,2016-10-05,0.04233478,0.1,0.1,0.1479847384944683,0.1479847384944683,0.13082611342968883,0.4674345844685188,0.02187513782545928,0.024807227805851765,-0.01209580599890227,-0.1479847384944683,1.1565457696667854,0.31538931999401515,0.2479847384944683,True,0.2479847384944683,True,0.2479847384944683,True,0.2479847384944683,True,0.2479847384944683,True,0.2479847384944683,True,0.1,False,0.21098855387085125,0.2479847384944683,True,True,0.75,1.0,0.2479847384944683,wind_stuck_7_days,2016
2960,US-ADR,US-ADR,2016-10-20,0.05834248,0.2,0.2,0.016334237326097036,0.016334237326097036,0.1169890746325171,0.2360624608240732,0.014615242199861116,0.01869344557118126,-0.008715746423579066,-0.01633423732609704,1.1565457696667854,0.31538931999401515,0.21633423732609705,True,0.21633423732609705,True,0.21633423732609705,True,0.21633423732609705,True,0.21633423732609705,True,0.21633423732609705,True,0.2,False,0.21225067799457278,0.21633423732609705,True,True,0.75,1.0,0.21633423732609705,wind_stuck_7_days,2016
2961,US-ADR,US-ADR,2016-10-21,0.05960954,0.3,0.3,-0.019590088406930984,0.019590088406930984,0.09120484611922967,0.25494873974317134,0.014621551246922463,0.019664389578383925,-0.020732143915264588,0.019590088406930994,1.1565457696667854,0.31538931999401515,0.280409911593069,True,0.280409911593069,True,0.280409911593069,True,0.280409911593069,True,0.280409911593069,True,0.280409911593069,True,0.3,False,0.28530743369480177,0.280409911593069,True,True,0.75,1.0,0.280409911593069,wind_stuck_7_days,2016
2962,US-ADR,US-ADR,2016-10-29,0.62826185,1.2,1.2,0.05523857767200269,0.05523857767200269,0.10727485454579733,0.4256800808530829,0.02429894922646033,0.02582190072491816,-0.020732143915264588,-0.05523857767200269,1.1565457696667854,0.31538931999401515,1.2552385776720025,True,1.2552385776720025,True,1.2552385776720025,True,1.2552385776720025,True,1.2552385776720025,True,1.2552385776720025,True,1.2,False,1.241428933254002,1.2552385776720025,True,True,0.75,1.0,1.2552385776720025,wind_stuck_7_days,2016
2963,US-ADR,US-ADR,2016-11-05,0.05661676,0.1,0.1,-0.04980318872308029,0.04980318872308029,0.1224176696030407,0.34983166563731316,0.02002402473389817,0.011921858558646406,-0.01209580599890227,0.03696329127691972,1.1565457696667854,0.31538931999401515,0.05019681127691972,True,0.05019681127691972,True,0.05019681127691972,True,0.05019681127691972,True,0.05019681127691972,True,0.05019681127691972,True,0.1,False,0.0626476084576898,0.05019681127691972,True,True,0.75,1.0,0.05019681127691972,wind_stuck_7_days,2016
2964,US-ADR,US-ADR,2016-11-13,0.01480925,0.2,0.2,-0.09715139486617988,0.09715139486617988,0.09581536300226229,0.4082726308336836,0.014615242199861116,0.011921858558646406,-0.01209580599890227,0.09715139486617988,1.1565457696667854,0.31538931999401515,0.10284860513382013,True,0.10284860513382013,True,0.10284860513382013,True,0.10284860513382013,True,0.10284860513382013,True,0.10284860513382013,True,0.2,False,0.1271364538503651,0.10284860513382013,True,True,0.75,1.0,0.06764042077606847,wind_stuck_7_days,2016
2965,US-ADR,US-ADR,2016-11-14,0.06738614,0.2,0.2,-0.13623342346427522,0.13623342346427522,0.11136713430887339,0.45298234979128377,0.014615242199861116,0.011921858558646406,-0.01209580599890227,0.12899429653572483,1.1565457696667854,0.31538931999401515,0.06376657653572479,True,0.06376657653572479,True,0.06376657653572479,True,0.06376657653572479,True,0.06376657653572479,True,0.06376657653572479,True,0.2,False,0.0978249324017936,0.06376657653572479,True,True,0.75,1.0,0.043084292172183014,wind_stuck_7_days,2016
2966,US-ADR,US-ADR,2016-11-21,0.40985321,0.2,0.2,0.11446248705078588,0.11446248705078588,0.09073934357357212,0.3067252849625698,0.014615242199861116,0.024289729321347854,-0.01209580599890227,0.11446248705078588,1.1565457696667854,0.31538931999401515,0.3144624870507859,True,0.3144624870507859,True,0.3144624870507859,True,0.3144624870507859,True,0.3144624870507859,True,0.3144624870507859,True,0.2,False,0.28584686528808945,0.3144624870507859,True,True,0.75,1.0,0.3144624870507859,wind_stuck_7_days,2016
2967,US-ADR,US-ADR,2016-11-22,0.01192592,0.2,0.2,0.08182197170835508,0.08182197170835508,0.08659692577568577,0.31559128363191585,0.014615242199861116,0.024289729321347854,-0.01209580599890227,-0.08182197170835506,1.1565457696667854,0.31538931999401515,0.2818219717083551,True,0.2818219717083551,True,0.2818219717083551,True,0.2818219717083551,True,0.2818219717083551,True,0.2818219717083551,True,0.2,False,0.2613664787812663,0.2818219717083551,True,True,0.75,1.0,0.2818219717083551,wind_stuck_7_days,2016
2968,US-ADR,US-ADR,2016-11-29,0.06930947,0.1,0.1,0.11717765317762849,0.11717765317762849,0.0649145722611675,0.341673746784814,0.014615242199861116,0.024289729321347854,-0.01209580599890227,-0.1171776531776285,1.1565457696667854,0.31538931999401515,0.2171776531776285,True,0.2171776531776285,True,0.2171776531776285,True,0.2171776531776285,True,0.2171776531776285,True,0.2171776531776285,True,0.1,False,0.18788323988322136,0.2171776531776285,True,True,0.75,1.0,0.2171776531776285,wind_stuck_7_days,2016
2969,US-ADR,US-ADR,2016-11-30,0.03364225,0.0,0.0,0.19009376073494627,0.19009376073494627,0.07719933827654066,0.4389282740233361,0.02531655177212438,0.04254901392042865,-0.01209580599890227,-0.12280926073494629,1.1565457696667854,0.31538931999401515,0.19009376073494627,True,0.19009376073494627,True,0.19009376073494627,True,0.19009376073494627,True,0.19009376073494627,True,0.19009376073494627,True,0.0,False,0.14257032055120972,0.19009376073494627,True,True,0.75,1.0,0.17670028116114397,wind_stuck_7_days,2016
2970,US-ADR,US-ADR,2016-12-07,0.00948705,0.1,0.1,0.05599943597343589,0.05599943597343589,0.0737678463330881,0.3356194644434997,0.014615242199861116,0.024289729321347854,-0.01209580599890227,-0.0559994359734359,1.1565457696667854,0.31538931999401515,0.1559994359734359,True,0.1559994359734359,True,0.1559994359734359,True,0.1559994359734359,True,0.1559994359734359,True,0.1559994359734359,True,0.1,False,0.14199957698007692,0.1559994359734359,True,True,0.75,1.0,0.1559994359734359,wind_stuck_7_days,2016
2971,US-ADR,US-ADR,2016-12-08,0.01250865,0.3,0.3,0.067716164062452,0.067716164062452,0.1062286819003541,0.3184980854419295,0.014621551246922463,0.019664389578383925,-0.024112203490587795,-0.06771616406245201,1.1565457696667854,0.31538931999401515,0.367716164062452,True,0.367716164062452,True,0.367716164062452,True,0.367716164062452,True,0.367716164062452,True,0.367716164062452,True,0.3,False,0.350787123046839,0.367716164062452,True,True,0.75,1.0,0.367716164062452,wind_stuck_7_days,2016
2972,US-ADR,US-ADR,2016-12-16,0.70358492,0.1,0.1,0.424933054808602,0.424933054808602,0.1534545870191221,0.7706078191112807,0.13616385021467597,0.11053026852793815,-0.01957936261155674,0.424933054808602,1.1565457696667854,0.31538931999401515,0.524933054808602,True,0.524933054808602,True,0.524933054808602,True,0.524933054808602,True,0.524933054808602,True,0.524933054808602,True,0.1,False,0.4186997911064515,0.47557351625049615,True,True,0.75,0.8838416122268051,0.524933054808602,wind_stuck_7_days,2016
3331,US-ARM,US-A32,2016-01-03,1.12710303,0.9,0.9,-0.2554629287394263,0.2554629287394263,0.08017611648888116,0.32621562456986597,0.028143797637893944,0.0285457005089365,-0.024112203490587795,-0.2554629287394263,1.1565457696667854,0.31538931999401515,0.6445370712605738,True,0.6445370712605738,True,0.6445370712605738,True,0.6445370712605738,True,0.6445370712605738,True,0.6445370712605738,True,0.9,False,0.7084028034454304,0.711115332772143,True,True,0.75,0.7393819062511435,0.6445370712605738,wind_stuck_7_days,2016
3332,US-ARM,US-A32,2016-01-11,0.80463521,1.2,1.2,-0.38202697276621456,0.38202697276621456,0.11050739211396172,0.3802120555028198,0.03452074105857319,0.041325918800476806,-0.024112203490587795,0.38202697276621456,1.1565457696667854,0.31538931999401515,0.8179730272337854,True,0.8179730272337854,True,0.8179730272337854,True,0.8179730272337854,True,0.8179730272337854,True,0.8179730272337854,True,1.2,False,0.913479770425339,0.9834213993714741,True,True,0.75,0.5669196576888391,0.8179730272337854,wind_stuck_7_days,2016
3333,US-ARM,US-A32,2016-01-27,1.38076974,1.5,1.5,-0.5028540286092189,0.5028540286092189,0.09666532600425513,0.38898231260529675,0.04892812732561985,0.045205898644112265,-0.024112203490587795,-0.26439350860921906,1.1565457696667854,0.31538931999401515,0.9971459713907811,True,0.9971459713907811,True,0.9971459713907811,True,0.9971459713907811,True,0.9971459713907811,True,0.9971459713907811,True,1.5,False,1.1228594785430859,1.2699357822886652,True,True,0.75,0.45751690276329415,0.9971459713907811,wind_stuck_7_days,2016
3334,US-ARM,US-A32,2016-02-04,1.71858372,1.9,1.9,-1.0246308761287233,1.0246308761287233,0.1456183861583414,0.4933964324330867,0.18530635924240618,0.20216903047969126,-0.13195420911326664,-0.6617983161287235,1.1565457696667854,0.31538931999401515,0.8753691238712766,True,0.8753691238712766,True,0.8753691238712766,True,0.8753691238712766,True,0.8753691238712766,True,0.8753691238712766,True,1.9,False,1.1315268429034575,1.1634160121240518,True,True,0.75,0.7188774075000761,0.8753691238712766,wind_stuck_7_days,2016
3335,US-ARM,US-A32,2016-02-12,1.20408268,0.8,0.8,-0.06313750172806157,0.06313750172806157,0.12401226606115004,0.3040780517292093,0.02629333360516748,0.02582190072491816,-0.024112203490587795,-0.06313750172806154,1.1565457696667854,0.31538931999401515,0.7368624982719385,True,0.7368624982719385,True,0.7368624982719385,True,0.7368624982719385,True,0.7368624982719385,True,0.7368624982719385,True,0.8,False,0.7526468737039539,0.7368624982719385,True,True,0.75,1.0,0.7368624982719385,wind_stuck_7_days,2016
3336,US-ARM,US-A32,2016-02-20,1.7566506,1.3,1.3,0.27902992651619873,0.27902992651619873,0.4377328052447978,0.8022892921121751,0.03084972673627201,0.02582190072491816,-0.07482793367556712,0.27902992651619873,1.1565457696667854,0.31538931999401515,1.5790299265161987,True,1.3,False,1.5790299265161987,True,1.5790299265161987,True,1.5790299265161987,True,1.5790299265161987,True,1.3,False,1.509272444887149,1.4915934091869258,True,True,0.75,0.6866410767441571,1.5790299265161987,wind_stuck_7_days,2016
3337,US-ARM,US-A32,2016-02-28,2.41866793,1.9,1.9,0.08714306963129062,0.08714306963129062,0.15084886680452628,0.5206946943984886,0.028144446696728588,0.02582190072491816,-0.020732143915264588,0.08714306963129059,1.1565457696667854,0.31538931999401515,1.9871430696312906,True,1.9871430696312906,True,1.9871430696312906,True,1.9871430696312906,True,1.9871430696312906,True,1.9871430696312906,True,1.9,False,1.9653573022234678,1.9871430696312906,True,True,0.75,1.0,1.9871430696312906,wind_stuck_7_days,2016
3338,US-ARM,US-A32,2016-03-31,3.56169991,3.0,3.0,-0.5991912803326545,0.5991912803326545,0.1656264116791574,0.4751051982382302,0.10752368178205995,0.1144727044890334,-0.011966396186251132,-0.5991912803326545,1.1565457696667854,0.31538931999401515,2.4008087196673458,True,2.4008087196673458,True,2.4008087196673458,True,2.4008087196673458,True,2.4008087196673458,True,2.4008087196673458,True,3.0,False,2.5506065397505093,2.6121252869537686,True,True,0.75,0.6473303697458582,2.4008087196673458,wind_stuck_7_days,2016
3339,US-ARM,US-A32,2016-04-08,2.21547408,3.4,3.4,-0.816860418616641,0.816860418616641,0.15097016053753054,0.38192253253072017,0.035500743059696825,0.06518896152609785,-0.007653644242519903,0.816860418616641,1.1565457696667854,0.31538931999401515,2.583139581383359,True,2.583139581383359,True,2.583139581383359,True,2.583139581383359,True,2.583139581383359,True,2.583139581383359,True,3.4,False,2.787354686037519,2.878959114758115,True,True,0.75,0.6378579171754599,2.583139581383359,wind_stuck_7_days,2016
3340,US-ARM,US-A32,2016-04-24,5.91656806,5.3,5.3,-0.5337840458823304,0.5337840458823304,0.32631537017275114,0.8934126645383568,-0.018618563280444513,-0.01035250175115833,-0.03953910832468767,-0.5337840458823304,1.1565457696667854,0.31538931999401515,4.766215954117669,True,5.3,False,5.3,False,5.3,False,5.3,False,5.3,False,5.3,False,4.899661965588252,5.1440301449516275,True,True,0.75,0.2921965469960017,4.766215954117669,wind_stuck_7_days,2016
3341,US-ARM,US-A32,2016-07-05,3.62719195,3.8,3.8,-0.08663267402586845,0.08663267402586845,0.2385344275697307,0.6202830835891822,0.003126533050879159,-0.015145767112576643,-0.014189014352120962,0.08663267402586845,1.1565457696667854,0.31538931999401515,3.7133673259741315,True,3.7133673259741315,True,3.7133673259741315,True,3.7133673259741315,True,3.7133673259741315,True,3.8,False,3.8,False,3.7350254944805985,3.7133673259741315,True,True,0.75,1.0,3.7133673259741315,wind_stuck_7_days,2016
3342,US-ARM,US-A32,2016-07-13,1.83048919,2.4,2.4,0.5124521846747263,0.5124521846747263,0.26445075260776907,0.8679855545236238,0.010758030954764455,-0.011830473095394206,-0.04998521854141564,-0.5124521846747263,1.1565457696667854,0.31538931999401515,2.912452184674726,True,2.912452184674726,True,2.912452184674726,True,2.912452184674726,True,2.912452184674726,True,2.4,False,2.4,False,2.7843391385060445,2.5983746494058897,True,True,0.75,0.38710860317983814,2.912452184674726,wind_stuck_7_days,2016
3343,US-ARM,US-A32,2016-07-21,2.86416335,2.4,2.4,-0.15561330202862556,0.15561330202862556,0.28265657787143106,0.6063184631168891,0.024375130595839976,0.023504947519678757,-0.04107080041915443,-0.15561330202862556,1.1565457696667854,0.31538931999401515,2.2443866979713745,True,2.2443866979713745,True,2.2443866979713745,True,2.2443866979713745,True,2.2443866979713745,True,2.2443866979713745,True,2.4,False,2.2832900234785307,2.276807208520894,True,True,0.75,0.7916597737669238,2.2443866979713745,wind_stuck_7_days,2016
3344,US-ARM,US-A32,2016-08-22,1.94296944,2.7,2.7,-1.2978640381739288,1.2978640381739288,0.3844158733576329,0.7067757924650382,-0.10559101590729654,-0.13886340425590107,-0.06304797505663771,0.21619708182607167,1.1565457696667854,0.31538931999401515,1.4021359618260714,True,2.7,False,1.4021359618260714,True,2.7,False,2.7,False,2.7,False,2.7,False,1.7266019713695535,2.3723277107202208,True,True,0.75,0.2524704280587114,1.4021359618260714,wind_stuck_7_days,2016
3345,US-ARM,US-A32,2016-08-30,5.54767101,3.7,3.7,0.27707784330627616,0.27707784330627616,0.14605970204199176,0.4984255387441233,0.013046362671374868,0.010173311262593403,-0.011966396186251132,0.27707784330627616,1.1565457696667854,0.31538931999401515,3.9770778433062763,True,3.9770778433062763,True,3.9770778433062763,True,3.9770778433062763,True,3.9770778433062763,True,3.9770778433062763,True,3.7,False,3.907808382479707,3.8865110259385354,True,True,0.75,0.6731358368932071,3.9770778433062763,wind_stuck_7_days,2016
3346,US-ARM,US-A32,2016-10-01,2.75570063,2.4,2.4,-0.5469010309311689,0.5469010309311689,0.07842513872198342,0.31501191707497644,0.110057342142286,0.10280264688036139,-0.020732143915264588,-0.5469010309311689,1.1565457696667854,0.31538931999401515,1.853098969068831,True,1.853098969068831,True,1.853098969068831,True,1.853098969068831,True,1.853098969068831,True,1.853098969068831,True,2.4,False,1.9898242268016233,2.171639701327914,True,True,0.75,0.41755324228091817,1.853098969068831,wind_stuck_7_days,2016
3347,US-ARM,US-A32,2016-10-17,4.1805467,3.3,3.3,-0.4673091021849857,0.4673091021849857,0.2608749327812139,1.2773732432490974,-0.002257042386871762,-0.013157818751345255,-0.022295196625490538,-0.4673091021849858,1.1565457696667854,0.31538931999401515,2.8326908978150143,True,2.8326908978150143,True,3.3,False,3.3,False,3.3,False,3.3,False,3.3,False,2.9495181733612608,3.0765201176610595,True,True,0.75,0.478227111977963,2.8547741761125667,wind_stuck_7_days,2016
3348,US-ARM,US-A32,2016-11-18,0.83022507,0.7,0.7,0.18122299341546025,0.18122299341546025,0.13178836654184717,0.45514093578373815,0.028144446696728588,0.02582190072491816,-0.024112203490587795,0.07922714658453986,1.1565457696667854,0.31538931999401515,0.8812229934154602,True,0.8812229934154602,True,0.8812229934154602,True,0.8812229934154602,True,0.8812229934154602,True,0.8812229934154602,True,0.7,False,0.8359172450615951,0.8812229934154602,True,True,0.75,1.0,0.8812229934154602,wind_stuck_7_days,2016
3349,US-ARM,US-A32,2016-11-26,0.48372322,1.0,1.0,0.12089137128647043,0.12089137128647043,0.17976339947067796,0.6304393695451385,0.037174266622669684,0.02582190072491816,-0.024112203490587795,-0.12089137128647043,1.1565457696667854,0.31538931999401515,1.1208913712864703,True,1.1208913712864703,True,1.1208913712864703,True,1.1208913712864703,True,1.1208913712864703,True,1.1208913712864703,True,1.0,False,1.0906685284648527,1.1208913712864703,True,True,0.75,1.0,1.06239561742486,wind_stuck_7_days,2016
3350,US-ARM,US-A32,2016-12-28,0.35157166,0.5,0.5,-0.13423523804765566,0.13423523804765566,0.2017488870901017,0.4904978040736139,0.025604976580505943,0.0285457005089365,-0.030042497326406015,0.13423523804765566,1.1565457696667854,0.31538931999401515,0.3657647619523443,True,0.3657647619523443,True,0.3657647619523443,True,0.3657647619523443,True,0.3657647619523443,True,0.3657647619523443,True,0.5,False,0.39932357146425823,0.3657647619523443,True,True,0.75,1.0,0.3657647619523443,wind_stuck_7_days,2016
3880,US-Bi1,US-Bi1,2016-08-14,5.49839275,6.7,6.7,0.4319315338636168,0.4319315338636168,0.1429922665191427,0.572542797382481,-0.06836502401546703,-0.017390099536845224,-0.007569914962503097,-0.43193153386361693,1.1565457696667854,0.31538931999401515,7.131931533863617,True,7.131931533863617,True,7.131931533863617,True,6.7,False,6.7,False,6.7,False,6.7,False,7.023948650397712,6.810550735514471,True,True,0.75,0.2559450441730826,7.131931533863617,wind_stuck_7_days,2016
3881,US-Bi1,US-Bi1,2016-08-22,2.60140705,2.6,2.6,-1.3147292240193598,1.3147292240193598,0.08794600639319164,0.4154073327642509,-0.17481881400233812,-0.02191648642521092,0.06697538140242458,-1.3147292240193598,1.1565457696667854,0.31538931999401515,1.2852707759806403,True,1.2852707759806403,True,1.2852707759806403,True,2.6,False,2.6,False,2.6,False,1.2852707759806403,True,1.6139530819854802,2.6,True,False,0.75,0.0,1.2852707759806403,wind_stuck_7_days,2016
3882,US-Bi1,US-Bi1,2016-08-30,4.50266813,3.9,3.9,-0.9320492142698733,0.9320492142698733,0.12187833266204762,0.40460627057999166,-0.10894287294232011,-0.07987012695743961,-0.022666838957528593,-0.9320492142698733,1.1565457696667854,0.31538931999401515,2.9679507857301264,True,2.9679507857301264,True,2.9679507857301264,True,3.9,False,3.9,False,3.9,False,3.9,False,3.200963089297595,3.646216405600171,True,True,0.75,0.2722856159463979,2.9679507857301264,wind_stuck_7_days,2016
3883,US-Bi1,US-Bi1,2016-08-31,4.19112984,3.6,3.6,-0.9946962961503731,0.9946962961503731,0.17060586392752064,0.4334181005602461,-0.09818400209605697,-0.019718043477850968,-0.017285390767662986,-0.9946962961503731,1.1565457696667854,0.31538931999401515,2.6053037038496267,True,2.6053037038496267,True,2.6053037038496267,True,3.6,False,3.6,False,3.6,False,3.6,False,2.85397777788722,3.366405993259014,True,True,0.75,0.2348395260392851,2.6053037038496267,wind_stuck_7_days,2016
3884,US-Bi1,US-Bi1,2016-09-07,4.4611796,4.1,4.1,-0.687048100585866,0.687048100585866,0.2172512083570219,0.37312998967410116,-0.06505903832917517,-0.04907116423554277,-0.01662403711857779,-0.687048100585866,1.1565457696667854,0.31538931999401515,3.412951899414134,True,3.412951899414134,True,3.412951899414134,True,4.1,False,4.1,False,4.1,False,4.1,False,3.5847139245606003,3.8448479244929583,True,True,0.75,0.3713743990987902,3.412951899414134,wind_stuck_7_days,2016
3885,US-Bi1,US-Bi1,2016-09-15,4.57120456,3.6,3.6,-0.9032029429235555,0.9032029429235555,0.14458955338062932,0.4040305380175808,0.03807693542020192,0.08300693483145974,-0.007653644242519903,-0.9032029429235555,1.1565457696667854,0.31538931999401515,2.6967970570764446,True,2.6967970570764446,True,2.6967970570764446,True,2.6967970570764446,True,2.6967970570764446,True,2.6967970570764446,True,3.6,False,2.9225977928073332,2.9287382510995297,True,True,0.75,0.7432014633695496,2.6967970570764446,wind_stuck_7_days,2016
3886,US-Bi1,US-Bi1,2016-09-16,4.09353556,3.9,3.9,-0.6292177898280853,0.6292177898280853,0.1640076548697859,0.4115501728879756,0.006515548494468403,0.014838663863855139,-0.011966396186251132,-0.6292177898280853,1.1565457696667854,0.31538931999401515,3.2707822101719146,True,3.2707822101719146,True,3.2707822101719146,True,3.2707822101719146,True,3.2707822101719146,True,3.2707822101719146,True,3.9,False,3.4280866576289357,3.535168110344109,True,True,0.75,0.5798181417527467,3.2707822101719146,wind_stuck_7_days,2016
3887,US-Bi1,US-Bi1,2016-09-23,4.32607795,3.3,3.3,-0.7484461779594709,0.7484461779594709,0.12394320176137202,0.3650291701584474,-0.014312861522235227,0.014838663863855139,-0.011966396186251132,-0.7484461779594709,1.1565457696667854,0.31538931999401515,2.551553822040529,True,2.551553822040529,True,2.551553822040529,True,3.3,False,3.3,False,2.551553822040529,True,3.3,False,2.7386653665303964,2.8574462388679094,True,True,0.75,0.5912967079859348,2.551553822040529,wind_stuck_7_days,2016
3888,US-Bi1,US-Bi1,2016-10-01,2.09771421,1.6,1.6,-0.4656179597110543,0.4656179597110543,0.11360214469288771,0.3979687723370281,0.03452074105857319,0.041325918800476806,-0.017839566641077,-0.46561795971105435,1.1565457696667854,0.31538931999401515,1.1343820402889457,True,1.1343820402889457,True,1.1343820402889457,True,1.1343820402889457,True,1.1343820402889457,True,1.1343820402889457,True,1.6,False,1.2507865302167094,1.3533989875223602,True,True,0.75,0.5296209206162741,1.1343820402889457,wind_stuck_7_days,2016
3889,US-Bi1,US-Bi1,2016-10-09,2.68099129,2.1,2.1,-0.6437778959643918,0.6437778959643918,0.11034045206582645,0.36787272654224135,0.110057342142286,0.1144727044890334,-0.017839566641077,-0.6437778959643918,1.1565457696667854,0.31538931999401515,1.4562221040356083,True,1.4562221040356083,True,1.4562221040356083,True,1.4562221040356083,True,1.4562221040356083,True,1.4562221040356083,True,2.1,False,1.6171665780267062,1.733716122000136,True,True,0.75,0.5689600098045672,1.4562221040356083,wind_stuck_7_days,2016
3890,US-Bi1,US-Bi1,2016-10-18,3.39902082,2.2,2.2,-0.40119351364866407,0.40119351364866407,0.08627177540190809,0.48927199477822186,0.019108345672587086,0.041325918800476806,-0.024112203490587795,-0.4011935136486642,1.1565457696667854,0.31538931999401515,1.798806486351336,True,1.798806486351336,True,1.798806486351336,True,1.798806486351336,True,1.798806486351336,True,1.798806486351336,True,2.2,False,1.899104864763502,1.9561754372695974,True,True,0.75,0.6077480179401069,1.798806486351336,wind_stuck_7_days,2016
3891,US-Bi1,US-Bi1,2016-11-02,2.36947059,1.4,1.4,-0.2019197816435862,0.2019197816435862,0.09422498404064758,0.4792628327251391,0.028143797637893944,0.0285457005089365,-0.024112203490587795,-0.20191978164358626,1.1565457696667854,0.31538931999401515,1.1980802183564137,True,1.1980802183564137,True,1.1980802183564137,True,1.1980802183564137,True,1.1980802183564137,True,1.1980802183564137,True,1.4,False,1.2485601637673103,1.1980802183564137,True,True,0.75,1.0,1.1980802183564137,wind_stuck_7_days,2016
3892,US-Bi1,US-Bi1,2016-11-03,2.3487364,1.6,1.6,-0.22306512696681263,0.22306512696681263,0.12647305254476143,0.5156143510347767,0.028144446696728588,0.0285457005089365,-0.024112203490587795,-0.2230651269668127,1.1565457696667854,0.31538931999401515,1.3769348730331874,True,1.3769348730331874,True,1.3769348730331874,True,1.3769348730331874,True,1.3769348730331874,True,1.3769348730331874,True,1.6,False,1.4327011547748907,1.3865039306792408,True,True,0.75,0.9571019559347029,1.3769348730331874,wind_stuck_7_days,2016
3893,US-Bi1,US-Bi1,2016-11-18,1.23823075,1.0,1.0,0.11707416211058959,0.11707416211058959,0.1234371434349887,0.4313233887960893,0.028144446696728588,0.02582190072491816,-0.024112203490587795,0.11707416211058959,1.1565457696667854,0.31538931999401515,1.1170741621105895,True,1.1170741621105895,True,1.1170741621105895,True,1.1170741621105895,True,1.1170741621105895,True,1.1170741621105895,True,1.0,False,1.0878056215829421,1.1170741621105895,True,True,0.75,1.0,1.1170741621105895,wind_stuck_7_days,2016
3894,US-Bi1,US-Bi1,2016-12-04,0.74124577,0.5,0.5,0.17689723155782616,0.17689723155782616,0.12882071120298064,0.41515546781096113,0.025604976580505943,0.02582190072491816,-0.024112203490587795,0.17689723155782616,1.1565457696667854,0.31538931999401515,0.6768972315578261,True,0.6768972315578261,True,0.6768972315578261,True,0.6768972315578261,True,0.6768972315578261,True,0.6768972315578261,True,0.5,False,0.6326729236683697,0.6768972315578261,True,True,0.75,1.0,0.6768972315578261,wind_stuck_7_days,2016
3895,US-Bi1,US-Bi1,2016-12-20,0.58152239,0.6,0.6,-0.04419478527876029,0.04419478527876029,0.12393391353078792,0.3278286388782788,0.02629333360516748,0.02582190072491816,-0.024112203490587795,-0.007239565278760227,1.1565457696667854,0.31538931999401515,0.5558052147212397,True,0.5558052147212397,True,0.5558052147212397,True,0.5558052147212397,True,0.5558052147212397,True,0.5558052147212397,True,0.6,False,0.5668539110409297,0.5558052147212397,True,True,0.75,1.0,0.5558052147212397,wind_stuck_7_days,2016
3896,US-Bi1,US-Bi1,2016-12-21,0.51170591,0.5,0.5,-0.02992126758401654,0.02992126758401654,0.11373062705070859,0.3183462808073943,0.021759479110237682,0.02582190072491816,-0.024112203490587795,-0.029921267584016545,1.1565457696667854,0.31538931999401515,0.47007873241598347,True,0.47007873241598347,True,0.47007873241598347,True,0.47007873241598347,True,0.47007873241598347,True,0.47007873241598347,True,0.5,False,0.4775590493119876,0.47007873241598347,True,True,0.75,1.0,0.47007873241598347,wind_stuck_7_days,2016
3897,US-Bi1,US-Bi1,2016-12-28,0.60891641,0.6,0.6,-0.14841246966403787,0.14841246966403787,0.126902244021512,0.3299045752658028,0.02629333360516748,0.0285457005089365,-0.024112203490587795,-0.14841246966403787,1.1565457696667854,0.31538931999401515,0.4515875303359621,True,0.4515875303359621,True,0.4515875303359621,True,0.4515875303359621,True,0.4515875303359621,True,0.4515875303359621,True,0.6,False,0.4886906477519716,0.4515875303359621,True,True,0.75,1.0,0.4512129694384552,wind_stuck_7_days,2016
5450,US-CMW,US-CMW,2016-01-12,0.63438848,1.2,1.2,-0.6591690741962394,0.6591690741962394,0.1357354907283652,0.3779468921107652,0.10557870333558558,0.1144727044890334,-0.024112203490587795,0.47205396580376047,1.1565457696667854,0.31538931999401515,0.5408309258037606,True,0.5408309258037606,True,0.5408309258037606,True,0.5408309258037606,True,0.5408309258037606,True,0.5408309258037606,True,1.2,False,0.7056231943528204,0.8449417466714713,True,True,0.75,0.5386451932100584,0.5408309258037606,wind_stuck_7_days,2016
5451,US-CMW,US-CMW,2016-01-20,0.37293737,1.3,1.3,-0.5426365365793335,0.5426365365793335,0.12694086647789324,0.3825455111283805,0.10557870333558558,0.10280264688036139,-0.020732143915264588,0.5426365365793335,1.1565457696667854,0.31538931999401515,0.7573634634206665,True,0.7573634634206665,True,0.7573634634206665,True,0.7573634634206665,True,0.7573634634206665,True,0.7573634634206665,True,1.3,False,0.8930225975655,1.0719094247551202,True,True,0.75,0.42033766594987293,0.7573634634206665,wind_stuck_7_days,2016
5452,US-CMW,US-CMW,2016-01-28,0.21007174,0.9,0.9,-0.6744215192872381,0.6744215192872381,0.12016157311053388,0.42456047307408584,0.11463807158546967,0.1144727044890334,-0.024112203490587795,0.6744215192872381,1.1565457696667854,0.31538931999401515,0.22557848071276188,True,0.22557848071276188,True,0.22557848071276188,True,0.22557848071276188,True,0.22557848071276188,True,0.22557848071276188,True,0.9,False,0.39418386053457144,0.5538797568129086,True,True,0.75,0.5132105564378912,0.22557848071276188,wind_stuck_7_days,2016
5453,US-CMW,US-CMW,2016-02-13,0.36633195,1.0,1.0,0.09960745730627595,0.09960745730627595,0.1748641120786633,0.6450149350499205,0.037174266622669684,0.02582190072491816,-0.020732143915264588,-0.09960745730627596,1.1565457696667854,0.31538931999401515,1.099607457306276,True,1.099607457306276,True,1.099607457306276,True,1.099607457306276,True,1.099607457306276,True,1.099607457306276,True,1.0,False,1.074705592979707,1.099607457306276,True,True,0.75,1.0,1.099607457306276,wind_stuck_7_days,2016
5454,US-CMW,US-CMW,2016-02-21,0.34960747,1.5,1.5,-0.6795512082323988,0.6795512082323988,0.14031719147939842,0.5749915569652195,0.11510602863911723,0.1144727044890334,-0.017839566641077,0.6795512082323988,1.1565457696667854,0.31538931999401515,0.8204487917676012,True,0.8204487917676012,True,0.8204487917676012,True,0.8204487917676012,True,0.8204487917676012,True,0.8204487917676012,True,1.5,False,0.9903365938257009,1.1512471462950093,True,True,0.75,0.5132105564378912,0.8204487917676012,wind_stuck_7_days,2016
5455,US-CMW,US-CMW,2016-03-16,0.2871847,1.3,1.3,-0.8307927493808294,0.8307927493808294,0.18380450445784702,0.43734861506001577,0.0011974316582424702,0.022743539555314912,-0.025549794641395694,0.8307927493808294,1.1565457696667854,0.31538931999401515,0.4692072506191707,True,0.4692072506191707,True,0.4692072506191707,True,0.4692072506191707,True,0.4692072506191707,True,0.4692072506191707,True,1.3,False,0.676905437964378,0.8291556613864042,True,True,0.75,0.566741030135982,0.4692072506191707,wind_stuck_7_days,2016
5456,US-CMW,US-CMW,2016-03-24,0.25148602,1.9,1.9,-1.141680552688626,1.141680552688626,0.2104495672971168,0.4898094222436319,0.10704480547213416,0.14515458146314003,-0.09607901294304928,1.141680552688626,1.1565457696667854,0.31538931999401515,0.7583194473113739,True,0.7583194473113739,True,0.7583194473113739,True,0.7583194473113739,True,0.7583194473113739,True,0.7583194473113739,True,1.9,False,1.0437395854835305,1.3854099481915765,True,True,0.75,0.4507303295975203,0.7583194473113739,wind_stuck_7_days,2016
5457,US-CMW,US-CMW,2016-04-01,0.29798944,2.2,2.2,-0.7339133303592447,0.7339133303592447,0.14661327453624248,0.4934242396957854,0.0669809279582599,0.0641224068267907,-0.017839566641077,0.7339133303592447,1.1565457696667854,0.31538931999401515,1.4660866696407555,True,1.4660866696407555,True,1.4660866696407555,True,1.4660866696407555,True,1.4660866696407555,True,1.4660866696407555,True,2.2,False,1.6495650022305668,1.7575735782142206,True,True,0.75,0.6028319741368037,1.4660866696407555,wind_stuck_7_days,2016
5458,US-CMW,US-CMW,2016-04-09,1.06001324,2.9,2.9,-0.885411492015382,0.885411492015382,0.04465788072852799,0.4532797712259852,-0.08372772099279864,-0.0162675077872173,-0.007653644242519903,0.885411492015382,1.1565457696667854,0.31538931999401515,2.0145885079846177,True,2.0145885079846177,True,2.0145885079846177,True,2.9,False,2.9,False,2.9,False,2.9,False,2.2359413809884634,2.770181433512935,True,True,0.75,0.14661947315769638,2.0145885079846177,wind_stuck_7_days,2016
5459,US-CMW,US-CMW,2016-04-17,0.29663817,1.6,1.6,-0.07865074026312309,0.07865074026312309,0.07327823875255267,0.41456806614026487,0.02429894922646033,0.02582190072491816,-0.017839566641077,0.07865074026312313,1.1565457696667854,0.31538931999401515,1.521349259736877,True,1.521349259736877,True,1.521349259736877,True,1.521349259736877,True,1.521349259736877,True,1.521349259736877,True,1.6,False,1.5410119448026578,1.521349259736877,True,True,0.75,1.0,1.521349259736877,wind_stuck_7_days,2016
5460,US-CMW,US-CMW,2016-05-03,0.6756384,2.2,2.2,-0.5950955915456551,0.5950955915456551,0.1452416610437278,0.5790859414828458,0.0669809279582599,0.0641224068267907,-0.017839566641077,0.5950955915456551,1.1565457696667854,0.31538931999401515,1.6049044084543451,True,1.6049044084543451,True,1.6049044084543451,True,1.6049044084543451,True,1.6049044084543451,True,1.6049044084543451,True,2.2,False,1.7536783063407588,1.828398335340555,True,True,0.75,0.6244402915072448,1.6049044084543451,wind_stuck_7_days,2016
5461,US-CMW,US-CMW,2016-05-11,1.2697551,3.3,3.3,-0.8881520582700965,0.8881520582700965,0.1301689133266503,0.5295850879484549,-0.08478546837255302,-0.08961832667193988,-0.04255364197653001,0.8881520582700966,1.1565457696667854,0.31538931999401515,2.4118479417299032,True,2.4118479417299032,True,2.4118479417299032,True,3.3,False,3.3,False,3.3,False,3.3,False,2.6338859562974273,3.3,True,False,0.75,0.0,2.4118479417299032,wind_stuck_7_days,2016
5462,US-CMW,US-CMW,2016-05-19,2.38076975,3.9,3.9,-0.5042036020772851,0.5042036020772851,0.15835790528969035,0.4790908388136931,-0.017254107597000055,-0.012102582211705213,-0.011966396186251132,0.5042036020772851,1.1565457696667854,0.31538931999401515,3.395796397922715,True,3.395796397922715,True,3.395796397922715,True,3.9,False,3.9,False,3.9,False,3.9,False,3.521847298442036,3.6902303526802727,True,True,0.75,0.4160415484052282,3.395796397922715,wind_stuck_7_days,2016
5463,US-CMW,US-CMW,2016-05-27,3.11376687,4.3,4.3,-0.397152275865737,0.397152275865737,0.2245443226215108,0.5491660137354117,-0.017660709759588635,-0.029975044067512474,-0.014189014352120962,0.397152275865737,1.1565457696667854,0.31538931999401515,3.9028477241342627,True,3.9028477241342627,True,3.9028477241342627,True,4.3,False,4.3,False,4.3,False,4.3,False,4.002135793100697,4.147766425928385,True,True,0.75,0.38331285837344514,3.9028477241342627,wind_stuck_7_days,2016
5464,US-CMW,US-CMW,2016-06-12,6.41809845,4.8,4.8,-0.6533471936713957,0.6533471936713957,0.2547395631771364,0.5232525070019098,-0.1493152997914685,-0.1024850720653133,-0.022821652040110857,-0.6533471936713955,1.1565457696667854,0.31538931999401515,4.146652806328604,True,4.146652806328604,True,4.146652806328604,True,4.8,False,4.8,False,4.8,False,4.8,False,4.309989604746453,4.747562155639967,True,True,0.75,0.08026030396696959,4.146652806328604,wind_stuck_7_days,2016
5465,US-CMW,US-CMW,2016-06-20,4.25617881,4.7,4.7,0.12724139540916185,0.12724139540916185,0.17621238135183342,0.5143331448859078,-0.04275535506783994,-0.018093593307454445,-0.01249285160087145,-0.1272413954091618,1.1565457696667854,0.31538931999401515,4.827241395409162,True,4.827241395409162,True,4.827241395409162,True,4.7,False,4.7,False,4.7,False,4.7,False,4.795431046556872,4.827241395409162,True,True,0.75,1.0,4.632503816620731,wind_stuck_7_days,2016
5466,US-CMW,US-CMW,2016-07-14,5.39299668,5.7,5.7,-0.39967707121067464,0.39967707121067464,0.1876964436196642,0.6714695947838794,-0.009052959728252118,-0.017171561718371,-0.01715049253319811,0.21432956878932485,1.1565457696667854,0.31538931999401515,5.300322928789326,True,5.300322928789326,True,5.300322928789326,True,5.7,False,5.7,False,5.7,False,5.7,False,5.400242196591995,5.579147288375719,True,True,0.75,0.3023758937639403,5.300322928789326,wind_stuck_7_days,2016
5467,US-CMW,US-CMW,2016-07-30,4.28362068,5.1,5.1,-0.4566580759253349,0.4566580759253349,0.13794974411312083,0.4830182806842053,-0.017516004231959464,-0.02993526993795282,-0.011966396186251132,0.4566580759253349,1.1565457696667854,0.31538931999401515,4.643341924074665,True,4.643341924074665,True,4.643341924074665,True,5.1,False,5.1,False,5.1,False,5.1,False,4.757506443055998,4.872289763527675,True,True,0.75,0.49864493474885146,4.643341924074665,wind_stuck_7_days,2016
5468,US-CMW,US-CMW,2016-08-07,5.84830566,4.8,4.8,-0.3082562851543894,0.3082562851543894,0.17424640377679232,0.47027905185205154,-0.012539091225926273,-0.01238219319899865,-0.011966396186251132,-0.3082562851543895,1.1565457696667854,0.31538931999401515,4.491743714845611,True,4.491743714845611,True,4.491743714845611,True,4.8,False,4.8,False,4.8,False,4.8,False,4.568807786134208,4.644737515681283,True,True,0.75,0.5036798657355973,4.491743714845611,wind_stuck_7_days,2016
5469,US-CMW,US-CMW,2016-08-15,6.14381402,5.6,5.6,0.10732116891238737,0.10732116891238737,0.18336087870428852,0.4763520425673361,-0.012539091225926273,-0.015105992983016993,-0.011966396186251132,0.10732116891238735,1.1565457696667854,0.31538931999401515,5.707321168912387,True,5.707321168912387,True,5.707321168912387,True,5.6,False,5.6,False,5.6,False,5.6,False,5.68049087668429,5.707321168912387,True,True,0.75,1.0,5.707321168912387,wind_stuck_7_days,2016
5470,US-CMW,US-CMW,2016-08-23,6.33479501,4.7,4.7,-0.5165272678029875,0.5165272678029875,0.11663529355081927,0.45639701054306075,-0.06998681083078673,-0.05391764604236532,-0.011966396186251132,-0.5165272678029877,1.1565457696667854,0.31538931999401515,4.183472732197012,True,4.183472732197012,True,4.183472732197012,True,4.7,False,4.7,False,4.7,False,4.7,False,4.31260454914776,4.516997315848922,True,True,0.75,0.3542943336359895,4.183472732197012,wind_stuck_7_days,2016
5471,US-CMW,US-CMW,2016-09-16,5.09048396,3.9,3.9,-0.7609206198819137,0.7609206198819137,0.2063564137524929,0.4203783274420438,0.006515548494468403,0.014838663863855139,-0.01662403711857779,-0.7609206198819138,1.1565457696667854,0.31538931999401515,3.139079380118086,True,3.139079380118086,True,3.139079380118086,True,3.139079380118086,True,3.139079380118086,True,3.139079380118086,True,3.9,False,3.329309535088565,3.4753807670021066,True,True,0.75,0.5580335476567703,3.139079380118086,wind_stuck_7_days,2016
5472,US-CMW,US-CMW,2016-10-02,2.62575602,3.3,3.3,-0.557667395640585,0.557667395640585,0.09025576562880976,0.37808069884258017,0.03997938186639723,0.0535189039174258,-0.011966396186251132,0.557667395640585,1.1565457696667854,0.31538931999401515,2.7423326043594147,True,2.7423326043594147,True,2.7423326043594147,True,2.7423326043594147,True,2.7423326043594147,True,2.7423326043594147,True,3.3,False,2.881749453269561,2.992459561363112,True,True,0.75,0.5514764553943847,2.7423326043594147,wind_stuck_7_days,2016
5473,US-CMW,US-CMW,2016-10-10,3.86508374,3.0,3.0,-0.5034376364214548,0.5034376364214548,0.12463149966522429,0.3839295130212125,0.03398110764881329,0.04476845303307144,-0.011966396186251132,-0.5034376364214548,1.1565457696667854,0.31538931999401515,2.496562363578545,True,2.496562363578545,True,2.496562363578545,True,2.496562363578545,True,2.496562363578545,True,2.496562363578545,True,3.0,False,2.622421772683909,2.769668771849983,True,True,0.75,0.45751690276329415,2.496562363578545,wind_stuck_7_days,2016
5474,US-CMW,US-CMW,2016-10-18,3.03801299,3.0,3.0,-0.546486374056248,0.546486374056248,0.19380635894778894,0.5032419088745643,0.014584263876852398,0.02767429924756082,-0.01662403711857779,-0.546486374056248,1.1565457696667854,0.31538931999401515,2.453513625943752,True,2.453513625943752,True,2.453513625943752,True,2.453513625943752,True,2.453513625943752,True,2.453513625943752,True,3.0,False,2.5901352194578138,2.8112667889620724,True,True,0.75,0.34535757888540125,2.453513625943752,wind_stuck_7_days,2016
5475,US-CMW,US-CMW,2016-10-26,1.82268972,2.7,2.7,-0.4372115584169608,0.4372115584169608,0.2497106756066783,0.47412584728821,0.03234618547254056,0.04289742771345706,-0.022295196625490538,0.4372115584169608,1.1565457696667854,0.31538931999401515,2.2627884415830395,True,2.2627884415830395,True,2.2627884415830395,True,2.2627884415830395,True,2.2627884415830395,True,2.2627884415830395,True,2.7,False,2.3720913311872796,2.451093927493184,True,True,0.75,0.5693035047107302,2.2627884415830395,wind_stuck_7_days,2016
5476,US-CMW,US-CMW,2016-11-03,0.90762558,1.6,1.6,-0.4656876216701965,0.4656876216701965,0.1507371712309726,0.5071789860652058,0.034521390117407826,0.041325918800476806,-0.017839566641077,0.4656876216701965,1.1565457696667854,0.31538931999401515,1.1343123783298035,True,1.1343123783298035,True,1.1343123783298035,True,1.1343123783298035,True,1.1343123783298035,True,1.1343123783298035,True,1.6,False,1.2507342837473527,1.3533620930914274,True,True,0.75,0.5296209206162741,1.1343123783298035,wind_stuck_7_days,2016
5477,US-CMW,US-CMW,2016-11-11,0.75313773,1.9,1.9,-0.5720212110446982,0.5720212110446982,0.1761639719907482,0.4448274904715296,0.11713626259415719,0.1144727044890334,-0.020732143915264588,0.5720212110446982,1.1565457696667854,0.31538931999401515,1.3279787889553019,True,1.3279787889553019,True,1.3279787889553019,True,1.3279787889553019,True,1.3279787889553019,True,1.3279787889553019,True,1.9,False,1.4709840917164763,1.4925091776263326,True,True,0.75,0.7123701263270562,1.3279787889553019,wind_stuck_7_days,2016
5478,US-CMW,US-CMW,2016-11-19,0.48984635,1.8,1.8,-0.7841401271728019,0.7841401271728019,0.1949804911576162,0.5380352845936691,0.09609879842285149,0.08005560685619705,-0.030207435573722352,0.7841401271728019,1.1565457696667854,0.31538931999401515,1.0158598728271981,True,1.0158598728271981,True,1.0158598728271981,True,1.0158598728271981,True,1.0158598728271981,True,1.0158598728271981,True,1.8,False,1.2118949046203986,1.2637223816711283,True,True,0.75,0.6839053375095184,1.0158598728271981,wind_stuck_7_days,2016
5479,US-CMW,US-CMW,2016-12-05,0.22929889,1.2,1.2,-0.5037881666322566,0.5037881666322566,0.14930229542219606,0.41229706724623744,0.03986875907573576,0.045205898644112265,-0.020732143915264588,0.5037881666322566,1.1565457696667854,0.31538931999401515,0.6962118333677434,True,0.6962118333677434,True,0.6962118333677434,True,0.6962118333677434,True,0.6962118333677434,True,0.6962118333677434,True,1.2,False,0.8221588750258075,0.9695083983536116,True,True,0.75,0.45751690276329415,0.6962118333677434,wind_stuck_7_days,2016
5480,US-CMW,US-CMW,2016-12-13,-0.07622323,1.1,1.1,-0.19625180448811141,0.19625180448811141,0.10242589791882079,0.3828703416967465,0.028143797637893944,0.0285457005089365,-0.024112203490587795,0.19625180448811141,1.1565457696667854,0.31538931999401515,0.9037481955118887,True,0.9037481955118887,True,0.9037481955118887,True,0.9037481955118887,True,0.9037481955118887,True,0.9037481955118887,True,1.1,False,0.9528111466339165,0.9037481955118887,True,True,0.75,1.0,0.9037481955118887,wind_stuck_7_days,2016
6826,US-GLE,US-GLE,2016-06-20,2.1782519,4.9,4.9,-1.2747606674510568,1.2747606674510568,0.21184250956497208,0.42133666891790106,0.08644010645037602,0.01872828555703837,-0.011011761178444135,1.2747606674510568,1.1565457696667854,0.31538931999401515,3.6252393325489436,True,3.6252393325489436,True,3.6252393325489436,True,3.6252393325489436,True,3.6252393325489436,True,3.6252393325489436,True,4.9,False,3.943929499411708,4.238512584715014,True,True,0.75,0.5189110647786624,3.6252393325489436,wind_stuck_7_days,2016
6827,US-GLE,US-GLE,2016-06-28,3.91571412,4.4,4.4,-1.5175487665012448,1.5175487665012448,0.38805022496889086,0.4298991034326331,-0.31762807265563414,-0.344825136677891,-0.0982350593684664,-0.5489770065012443,1.1565457696667854,0.31538931999401515,2.8824512334987555,True,4.4,False,2.8824512334987555,True,4.4,False,4.4,False,4.4,False,4.4,False,3.2618384251240666,4.4,True,False,0.75,0.0,2.8824512334987555,wind_stuck_7_days,2016
6828,US-GLE,US-GLE,2016-07-06,5.96925363,4.6,4.6,-0.6937909332051506,0.6937909332051506,0.18784196952270735,0.4330348364950581,0.006515548494468403,0.014838663863855139,-0.01662403711857779,-0.6937909332051504,1.1565457696667854,0.31538931999401515,3.9062090667948492,True,3.9062090667948492,True,3.9062090667948492,True,3.9062090667948492,True,3.9062090667948492,True,3.9062090667948492,True,4.6,False,4.079656800096137,4.316404623992843,True,True,0.75,0.40876200946733826,3.9062090667948492,wind_stuck_7_days,2016
6829,US-GLE,US-GLE,2016-07-07,4.7325088,4.2,4.2,-0.7200231328948509,0.7200231328948509,0.1191928047411153,0.4467208754364956,-0.008897495950352354,0.014838663863855139,-0.011966396186251132,-0.720023132894851,1.1565457696667854,0.31538931999401515,3.479976867105149,True,3.479976867105149,True,3.479976867105149,True,4.2,False,4.2,False,3.479976867105149,True,4.2,False,3.659982650328862,3.912091801199777,True,True,0.75,0.3998596512346613,3.479976867105149,wind_stuck_7_days,2016
6830,US-GLE,US-GLE,2016-07-14,4.77844945,4.9,4.9,-1.3050428514707304,1.3050428514707304,0.1765559909532788,0.4490297990978306,0.06603762993607638,-0.04600954649041316,0.09963804513701272,-1.0619417514707299,1.1565457696667854,0.31538931999401515,3.5949571485292697,True,3.5949571485292697,True,3.5949571485292697,True,3.5949571485292697,True,3.5949571485292697,True,4.9,False,3.5949571485292697,True,3.9212178613969524,4.515049527090979,True,True,0.75,0.29497151949853434,3.5949571485292697,wind_stuck_7_days,2016
6831,US-GLE,US-GLE,2016-07-15,4.90085101,4.3,4.3,-1.1094774934504579,1.1094774934504579,0.18395115723517386,0.3825918360765312,0.014643887556746367,0.07882102531288968,-0.023496419027287593,-1.1094774934504579,1.1565457696667854,0.31538931999401515,3.190522506549542,True,3.190522506549542,True,3.190522506549542,True,3.190522506549542,True,3.190522506549542,True,3.190522506549542,True,4.3,False,3.4678918799121563,3.7671635787625712,True,True,0.75,0.4802588825667078,3.190522506549542,wind_stuck_7_days,2016
6832,US-GLE,US-GLE,2016-07-22,4.66680511,5.0,5.0,-0.8856026658877729,0.8856026658877729,0.16082839248832748,0.36847647518807236,0.14685924043720788,0.12463661526667177,-0.007653644242519903,-0.21921288588777355,1.1565457696667854,0.31538931999401515,4.114397334112227,True,4.114397334112227,True,4.114397334112227,True,4.114397334112227,True,4.114397334112227,True,4.114397334112227,True,5.0,False,4.3357980005841705,4.438964737706524,True,True,0.75,0.6335067450718045,4.114397334112227,wind_stuck_7_days,2016
6833,US-GLE,US-GLE,2016-07-23,5.22832109,4.9,4.9,-0.858706698933798,0.858706698933798,0.23749812910259083,0.4209272549381867,-0.026842995063914472,-0.020716742349899342,-0.012311285174846564,-0.8587066989337981,1.1565457696667854,0.31538931999401515,4.041293301066203,True,4.041293301066203,True,4.041293301066203,True,4.9,False,4.9,False,4.9,False,4.9,False,4.255969975799652,4.746768053218687,True,True,0.75,0.1784450348082438,4.041293301066203,wind_stuck_7_days,2016
6834,US-GLE,US-GLE,2016-07-30,4.37988416,5.2,5.2,-0.9936018056193646,0.9936018056193646,0.12103786367043239,0.403478220279581,0.23888433689760705,0.24487176775246974,-0.017285390767662986,0.6466298743806366,1.1565457696667854,0.31538931999401515,4.206398194380635,True,4.206398194380635,True,4.206398194380635,True,4.206398194380635,True,4.206398194380635,True,4.206398194380635,True,5.2,False,4.454798645785477,4.399792997545445,True,True,0.75,0.8053598513297223,4.206398194380635,wind_stuck_7_days,2016
6835,US-GLE,US-GLE,2016-08-07,4.34803105,3.8,3.8,-0.553414758799957,0.553414758799957,0.20315158517648912,0.41228595678940644,0.0718638962799122,0.0535189039174258,-0.01662403711857779,-0.5534147587999572,1.1565457696667854,0.31538931999401515,3.2465852412000427,True,3.2465852412000427,True,3.2465852412000427,True,3.2465852412000427,True,3.2465852412000427,True,3.2465852412000427,True,3.8,False,3.384938930900032,3.5793564496586936,True,True,0.75,0.39869473452380855,3.2465852412000427,wind_stuck_7_days,2016
6836,US-GLE,US-GLE,2016-08-31,1.01791593,3.4,3.4,-0.983675434867884,0.983675434867884,0.18298739439887554,0.3496780669663064,0.2041723516599636,0.22273537708644742,-0.020177968041850573,0.983675434867884,1.1565457696667854,0.31538931999401515,2.4163245651321157,True,2.4163245651321157,True,2.4163245651321157,True,2.4163245651321157,True,2.4163245651321157,True,2.4163245651321157,True,3.4,False,2.6622434238490866,2.6345734373045926,True,True,0.75,0.7781291832282167,2.4163245651321157,wind_stuck_7_days,2016
6837,US-GLE,US-GLE,2016-09-08,2.56581667,3.2,3.2,-0.8879863734578715,0.8879863734578715,0.19640114211727908,0.46236959356156027,0.14412251171195425,0.12645292174905728,-0.012311285174846564,0.3803802865421293,1.1565457696667854,0.31538931999401515,2.3120136265421287,True,2.3120136265421287,True,2.3120136265421287,True,2.3120136265421287,True,2.3120136265421287,True,2.3120136265421287,True,3.2,False,2.5340102199065964,2.553481469188294,True,True,0.75,0.7280725809948241,2.3120136265421287,wind_stuck_7_days,2016
6838,US-GLE,US-GLE,2016-09-09,1.88241743,1.8,1.8,-0.004109118848067167,0.004109118848067167,0.23390855257322699,0.6778741878144752,0.04027103646550416,0.02582190072491816,-0.026662437751082808,-0.004109118848067167,1.1565457696667854,0.31538931999401515,1.795890881151933,True,1.795890881151933,True,1.795890881151933,True,1.795890881151933,True,1.795890881151933,True,1.795890881151933,True,1.8,False,1.7969181608639497,1.795890881151933,True,True,0.75,1.0,1.795890881151933,wind_stuck_7_days,2016
6839,US-GLE,US-GLE,2016-09-17,1.7220763,3.1,3.1,-1.0612195741516537,1.0612195741516537,0.12385965656542906,0.44816514387702844,0.18863760845645186,0.22273537708644742,-0.05013340492167303,1.0612195741516537,1.1565457696667854,0.31538931999401515,2.0387804258483464,True,2.0387804258483464,True,2.0387804258483464,True,2.0387804258483464,True,2.0387804258483464,True,2.0387804258483464,True,3.1,False,2.30408531938626,2.3897041889142123,True,True,0.75,0.6693203069247974,2.0387804258483464,wind_stuck_7_days,2016
6840,US-GLE,US-GLE,2016-10-02,0.81071949,2.0,2.0,-0.5950037400086928,0.5950037400086928,0.1257385345023746,0.3353763739518845,0.10372759024402448,0.1144727044890334,-0.024112203490587795,0.5950037400086928,1.1565457696667854,0.31538931999401515,1.4049962599913073,True,1.4049962599913073,True,1.4049962599913073,True,1.4049962599913073,True,1.4049962599913073,True,1.4049962599913073,True,2.0,False,1.5537471949934805,1.5998765100987846,True,True,0.75,0.6724722266373816,1.4049962599913073,wind_stuck_7_days,2016
6841,US-GLE,US-GLE,2016-10-10,0.9915908,2.5,2.5,-0.9065970040181697,0.9065970040181697,0.11468106584290039,0.5394940390482594,0.13114350853432968,0.1058865751423011,-0.03182243149090649,0.9065970040181697,1.1565457696667854,0.31538931999401515,1.5934029959818303,True,1.5934029959818303,True,1.5934029959818303,True,1.5934029959818303,True,1.5934029959818303,True,1.5934029959818303,True,2.5,False,1.8200522469863727,1.7139488632080706,True,True,0.75,0.8670347831594816,1.5934029959818303,wind_stuck_7_days,2016
6842,US-GLE,US-GLE,2016-10-26,0.63592533,1.5,1.5,-0.41287976857109515,0.41287976857109515,0.10003272252699132,0.2735653272946818,0.03452074105857319,0.041325918800476806,-0.024112203490587795,0.41287976857109515,1.1565457696667854,0.31538931999401515,1.0871202314289048,True,1.0871202314289048,True,1.0871202314289048,True,1.0871202314289048,True,1.0871202314289048,True,1.0871202314289048,True,1.5,False,1.1903401735716788,1.219436561401074,True,True,0.75,0.6795281821870497,1.0871202314289048,wind_stuck_7_days,2016
6843,US-GLE,US-GLE,2016-11-11,0.17195861,0.7,0.7,-0.13822212977533252,0.13822212977533252,0.08850693351402714,0.2977399983734187,0.02429894922646033,0.0285457005089365,-0.024112203490587795,0.13822212977533255,1.1565457696667854,0.31538931999401515,0.5617778702246674,True,0.5617778702246674,True,0.5617778702246674,True,0.5617778702246674,True,0.5617778702246674,True,0.5617778702246674,True,0.7,False,0.5963334026685005,0.5617778702246674,True,True,0.75,1.0,0.5617778702246674,wind_stuck_7_days,2016
6844,US-GLE,US-GLE,2016-11-12,0.25814198,1.4,1.4,-0.3484604580641428,0.3484604580641428,0.09166161592749637,0.42520541890753155,0.028143797637893944,0.0285457005089365,-0.024112203490587795,0.34846045806414283,1.1565457696667854,0.31538931999401515,1.051539541935857,True,1.051539541935857,True,1.051539541935857,True,1.051539541935857,True,1.051539541935857,True,1.051539541935857,True,1.4,False,1.138654656451893,1.2476536175341009,True,True,0.75,0.4371984795986692,1.051539541935857,wind_stuck_7_days,2016
6991,US-Hn2,US-Hn2,2016-04-15,1.64065947,1.6,1.6,0.342449086378917,0.342449086378917,0.09679153524165474,0.3343114887843724,0.02429894922646033,0.02582190072491816,-0.020732143915264588,-0.2611301463789174,1.1565457696667854,0.31538931999401515,1.9424490863789172,True,1.9424490863789172,True,1.9424490863789172,True,1.9424490863789172,True,1.9424490863789172,True,1.9424490863789172,True,1.6,False,1.8568368147841878,1.7601111235348288,True,True,0.75,0.4675472352046728,1.9424490863789172,wind_stuck_7_days,2016
6992,US-Hn2,US-Hn2,2016-05-10,0.54296427,0.4,0.4,0.8284603451519545,0.8284603451519545,0.24724471224358874,0.590248387231178,0.20476882480357794,0.2153322482580618,-0.10583584713084618,-0.5425318051519545,1.1565457696667854,0.31538931999401515,1.2284603451519547,True,1.2284603451519547,True,1.2284603451519547,True,1.2284603451519547,True,1.2284603451519547,True,1.2284603451519547,True,0.4,False,1.021345258863966,1.1626469559557493,True,True,0.75,0.9205593972224053,1.2284603451519547,wind_stuck_7_days,2016
6993,US-Hn2,US-Hn2,2016-06-11,1.26023005,0.8,0.8,0.8081945931807685,0.8081945931807685,0.1900697329805825,0.5051447507008453,0.10615128587236129,0.09398511283474462,-0.07867458951752686,0.11226550681923164,1.1565457696667854,0.31538931999401515,1.6081945931807686,True,1.6081945931807686,True,1.6081945931807686,True,1.6081945931807686,True,1.6081945931807686,True,1.6081945931807686,True,0.8,False,1.4061459448855764,1.4371743663825376,True,True,0.75,0.7883922656236096,1.6081945931807686,wind_stuck_7_days,2016
6994,US-Hn2,US-Hn2,2016-06-19,3.37395987,0.0,0.0,1.0222298871777968,1.0222298871777968,0.17251153734602834,0.6345291670280687,0.3206408405450133,0.26810668130418813,-0.18452976420818648,1.0222298871777968,1.1565457696667854,0.31538931999401515,1.0222298871777968,True,1.0222298871777968,True,1.0222298871777968,True,1.0222298871777968,True,1.0222298871777968,True,1.0222298871777968,True,0.0,False,0.7666724153833476,0.7620847713641177,True,True,0.75,0.7455121210240725,1.0222298871777968,wind_stuck_7_days,2016
6995,US-Hn2,US-Hn2,2016-06-27,1.49363559,0.7,0.7,-0.35324655725243087,0.35324655725243087,0.17914844933338298,0.3087152531380606,0.006971610043684282,0.015326155797646773,-0.01836602205569732,-0.3532465572524308,1.1565457696667854,0.31538931999401515,0.3467534427475691,True,0.3467534427475691,True,0.3467534427475691,True,0.3467534427475691,True,0.3467534427475691,True,0.3467534427475691,True,0.7,False,0.4350650820606768,0.5744735609986578,True,True,0.75,0.3553507781581596,0.3467534427475691,wind_stuck_7_days,2016
6996,US-Hn2,US-Hn2,2016-10-01,0.24991648,0.1,0.1,0.5173374269345855,0.5173374269345855,0.11742171257111941,0.3730958982041006,0.16226644339132554,0.17458407975738008,-0.04630094659425542,-0.2175044669345855,1.1565457696667854,0.31538931999401515,0.6173374269345855,True,0.6173374269345855,True,0.6173374269345855,True,0.6173374269345855,True,0.6173374269345855,True,0.6173374269345855,True,0.1,False,0.48800307020093914,0.40764188365020726,True,True,0.75,0.5946638840207222,0.6173374269345855,wind_stuck_7_days,2016
6997,US-Hn2,US-Hn2,2016-12-28,0.16833138,0.1,0.1,0.18388559412783528,0.18388559412783528,0.113923445103795,0.34527085029139387,0.014615242199861116,0.028540473015139393,-0.01209580599890227,-0.04722283412783529,1.1565457696667854,0.31538931999401515,0.2838855941278353,True,0.2838855941278353,True,0.2838855941278353,True,0.2838855941278353,True,0.2838855941278353,True,0.2838855941278353,True,0.1,False,0.23791419559587648,0.2838855941278353,True,True,0.75,1.0,0.2838855941278353,wind_stuck_7_days,2016
7114,US-IB1,US-IB1,2016-03-20,1.50339433,1.2,1.2,0.4020884915224812,0.4020884915224812,0.09550574731835283,0.41085092206307544,0.03067589264713958,0.038602119016458464,-0.024112203490587795,0.20470016847751865,1.1565457696667854,0.31538931999401515,1.6020884915224811,True,1.6020884915224811,True,1.6020884915224811,True,1.6020884915224811,True,1.6020884915224811,True,1.6020884915224811,True,1.2,False,1.501566368641861,1.4443684837593154,True,True,0.75,0.6077480179401069,1.6020884915224811,wind_stuck_7_days,2016
7115,US-IB1,US-IB1,2016-04-13,1.41217611,0.7,0.7,0.995478563970136,0.995478563970136,0.11307217602521526,0.34861867683751246,0.06468753892340644,0.016669368199071208,-0.16877895866912945,0.42887365602986427,1.1565457696667854,0.31538931999401515,1.695478563970136,True,1.695478563970136,True,1.695478563970136,True,1.695478563970136,True,1.695478563970136,True,1.695478563970136,True,0.7,False,1.446608922977602,1.4906284946793678,True,True,0.75,0.7942195073756368,1.695478563970136,wind_stuck_7_days,2016
7116,US-IB1,US-IB1,2016-05-15,5.55752678,2.9,2.9,-0.5043528179847561,0.5043528179847561,0.16625738261754583,0.43014983372129956,0.03986875907573576,0.045205898644112265,-0.014858973460438718,-0.5043528179847558,1.1565457696667854,0.31538931999401515,2.395647182015244,True,2.395647182015244,True,2.395647182015244,True,2.395647182015244,True,2.395647182015244,True,2.395647182015244,True,2.9,False,2.5217353865114327,2.669250060815675,True,True,0.75,0.45751690276329415,2.395647182015244,wind_stuck_7_days,2016
7117,US-IB1,US-IB1,2016-06-24,6.45604782,5.5,5.5,-0.7898303536978701,0.7898303536978701,0.20358919702461836,0.3931459368210394,-0.044680696414905116,-0.026230635507581514,-0.012311285174846564,-0.7898303536978701,1.1565457696667854,0.31538931999401515,4.71016964630213,True,4.71016964630213,True,4.71016964630213,True,5.5,False,5.5,False,5.5,False,5.5,False,4.907627234726597,5.2166436892680474,True,True,0.75,0.35875591436226767,4.71016964630213,wind_stuck_7_days,2016
7118,US-IB1,US-IB1,2016-11-07,0.71836579,0.8,0.8,0.09160247833167351,0.09160247833167351,0.08002677097582979,0.37841338274523484,0.02429894922646033,0.02582190072491816,-0.024112203490587795,-0.09160247833167351,1.1565457696667854,0.31538931999401515,0.8916024783316736,True,0.8916024783316736,True,0.8916024783316736,True,0.8916024783316736,True,0.8916024783316736,True,0.8916024783316736,True,0.8,False,0.8687018587487552,0.8916024783316736,True,True,0.75,1.0,0.8916024783316736,wind_stuck_7_days,2016
7225,US-IB2,US-IB1,2016-09-20,3.96530917,2.7,2.7,-0.065094671678858,0.065094671678858,0.14292361876244294,0.46772592216625714,0.028144446696728588,0.02582190072491816,-0.011966396186251132,-0.06509467167885807,1.1565457696667854,0.31538931999401515,2.634905328321142,True,2.634905328321142,True,2.634905328321142,True,2.634905328321142,True,2.634905328321142,True,2.634905328321142,True,2.7,False,2.6511789962408567,2.634905328321142,True,True,0.75,1.0,2.634905328321142,wind_stuck_7_days,2016
7226,US-IB2,US-IB1,2016-11-07,0.74243024,1.0,1.0,0.03949629054338375,0.03949629054338375,0.07406485969118803,0.3835289146191847,0.02429894922646033,0.02582190072491816,-0.024112203490587795,-0.03949629054338377,1.1565457696667854,0.31538931999401515,1.0394962905433838,True,1.0394962905433838,True,1.0394962905433838,True,1.0394962905433838,True,1.0394962905433838,True,1.0394962905433838,True,1.0,False,1.0296222179075378,1.0394962905433838,True,True,0.75,1.0,1.0394962905433838,wind_stuck_7_days,2016
7358,US-Jo2,US-Jo2,2016-01-14,0.36898366,0.2,0.2,-0.020818524790263342,0.020818524790263342,0.1266426990330258,0.4404645860549888,0.02187513782545928,0.018524977946845437,-0.01209580599890227,-0.020818524790263332,1.1565457696667854,0.31538931999401515,0.17918147520973668,True,0.17918147520973668,True,0.17918147520973668,True,0.17918147520973668,True,0.17918147520973668,True,0.17918147520973668,True,0.2,False,0.18438610640730252,0.17918147520973668,True,True,0.75,1.0,0.17918147520973668,wind_stuck_7_days,2016
7359,US-Jo2,US-Jo2,2016-02-07,0.19482424,0.1,0.1,0.012553147803063653,0.012553147803063653,0.1298384342025795,0.28476019653552953,0.02002402473389817,0.01869344557118126,-0.008715746423579066,0.012553147803063658,1.1565457696667854,0.31538931999401515,0.11255314780306366,True,0.11255314780306366,True,0.11255314780306366,True,0.11255314780306366,True,0.11255314780306366,True,0.11255314780306366,True,0.1,False,0.10941486085229775,0.11255314780306366,True,True,0.75,1.0,0.11255314780306366,wind_stuck_7_days,2016
7360,US-Jo2,US-Jo2,2016-02-15,0.20360375,0.2,0.2,0.5015328520675016,0.5015328520675016,0.1357243836204413,0.6075476244432785,0.17627885566927276,0.17458407975738008,-0.01957936261155674,-0.4943253520675016,1.1565457696667854,0.31538931999401515,0.7015328520675017,True,0.7015328520675017,True,0.7015328520675017,True,0.7015328520675017,True,0.7015328520675017,True,0.7015328520675017,True,0.2,False,0.5761496390506262,0.5154715593051231,True,True,0.75,0.6290147455039766,0.7015328520675017,wind_stuck_7_days,2016
7361,US-Jo2,US-Jo2,2016-02-23,0.24675197,0.4,0.4,-0.39749480038892687,0.39749480038892687,0.2084053019945806,0.6336085918447764,0.033873812063811085,0.03516840765394258,-0.02249720757340366,-0.0909987403889268,1.1565457696667854,0.31538931999401515,0.00250519961107315,True,0.00250519961107315,True,0.00250519961107315,True,0.00250519961107315,True,0.00250519961107315,True,0.00250519961107315,True,0.4,False,0.10187889970830488,0.05323518265320265,True,True,0.75,0.872375731726571,0.00250519961107315,wind_stuck_7_days,2016
7362,US-Jo2,US-Jo2,2016-03-02,0.35599098,0.3,0.3,-0.02443660729851631,0.02443660729851631,0.14278448619184209,0.40167056287932185,0.02003243804031929,0.021235898491364185,-0.017839566641077,-0.024436607298516308,1.1565457696667854,0.31538931999401515,0.27556339270148367,True,0.27556339270148367,True,0.27556339270148367,True,0.27556339270148367,True,0.27556339270148367,True,0.27556339270148367,True,0.3,False,0.28167254452611273,0.27556339270148367,True,True,0.75,1.0,0.27556339270148367,wind_stuck_7_days,2016
7363,US-Jo2,US-Jo2,2016-03-10,0.2152657,0.2,0.2,0.12724514868265777,0.12724514868265777,0.15320345717684708,0.33166100645450214,0.026354680561280396,0.024807227805851765,-0.005823169149391479,-0.09671374868265778,1.1565457696667854,0.31538931999401515,0.32724514868265775,True,0.32724514868265775,True,0.32724514868265775,True,0.32724514868265775,True,0.32724514868265775,True,0.32724514868265775,True,0.2,False,0.29543386151199336,0.32724514868265775,True,True,0.75,1.0,0.32724514868265775,wind_stuck_7_days,2016
7364,US-Jo2,US-Jo2,2016-03-18,0.34708048,0.1,0.1,0.25191651693949974,0.25191651693949974,0.1487930714948576,0.3049201555502246,0.026354680561280396,0.03253932529903654,-0.005823169149391479,0.2422444430605003,1.1565457696667854,0.31538931999401515,0.35191651693949977,True,0.35191651693949977,True,0.35191651693949977,True,0.35191651693949977,True,0.35191651693949977,True,0.35191651693949977,True,0.1,False,0.28893738770462485,0.3453781372067818,True,True,0.75,0.9740454504049522,0.35191651693949977,wind_stuck_7_days,2016
7365,US-Jo2,US-Jo2,2016-04-03,0.4333331,0.4,0.4,0.294895614719932,0.294895614719932,0.16368598295497286,0.39258275771484497,0.05018674004856558,0.037420183768287194,-0.017839566641077,-0.22822941471993197,1.1565457696667854,0.31538931999401515,0.694895614719932,True,0.694895614719932,True,0.694895614719932,True,0.694895614719932,True,0.694895614719932,True,0.694895614719932,True,0.4,False,0.6211717110399491,0.617682986400828,True,True,0.75,0.7381696286245749,0.694895614719932,wind_stuck_7_days,2016
7366,US-Jo2,US-Jo2,2016-04-11,0.55678389,0.8,0.8,0.347825890000472,0.347825890000472,0.10774934097006561,0.38081877519094137,0.02429894922646033,0.02582190072491816,-0.017839566641077,-0.34782589000047204,1.1565457696667854,0.31538931999401515,1.147825890000472,True,1.147825890000472,True,1.147825890000472,True,1.147825890000472,True,1.147825890000472,True,1.147825890000472,True,0.8,False,1.0608694175003541,0.9520689502732603,True,True,0.75,0.4371984795986692,1.147825890000472,wind_stuck_7_days,2016
7367,US-Jo2,US-Jo2,2016-04-19,0.52719012,0.2,0.2,0.6481796362931818,0.6481796362931818,0.09225635505208281,0.4433726949434056,0.28807910371713186,0.3012961999350374,-0.05130084692133823,0.006200603706818186,1.1565457696667854,0.31538931999401515,0.8481796362931817,True,0.8481796362931817,True,0.8481796362931817,True,0.8481796362931817,True,0.8481796362931817,True,0.8481796362931817,True,0.2,False,0.6861347272198863,0.8481796362931817,True,True,0.75,1.0,0.8481796362931817,wind_stuck_7_days,2016
7368,US-Jo2,US-Jo2,2016-04-27,0.36504299,0.2,0.2,0.3843251371116554,0.3843251371116554,0.1339694453737738,0.35691135175803496,0.14255542448731762,0.12299262682395358,-0.005823169149391479,-0.05423915711165539,1.1565457696667854,0.31538931999401515,0.5843251371116553,True,0.5843251371116553,True,0.5843251371116553,True,0.5843251371116553,True,0.5843251371116553,True,0.5843251371116553,True,0.2,False,0.48824385283374155,0.5166149606786758,True,True,0.75,0.823820588624917,0.5843251371116553,wind_stuck_7_days,2016
7369,US-Jo2,US-Jo2,2016-05-13,0.28007369,0.4,0.4,0.306436583788397,0.306436583788397,0.08653429846005924,0.3726965258316077,0.03551921582133573,0.028237018706347632,-0.015404543874620173,-0.306436583788397,1.1565457696667854,0.31538931999401515,0.706436583788397,True,0.706436583788397,True,0.706436583788397,True,0.706436583788397,True,0.706436583788397,True,0.706436583788397,True,0.4,False,0.6298274378412978,0.6168140248427557,True,True,0.75,0.7075330959585159,0.706436583788397,wind_stuck_7_days,2016
7370,US-Jo2,US-Jo2,2016-05-21,2.26798513,0.4,0.4,0.1685029294529087,0.1685029294529087,0.154630947402665,0.3322160904384443,0.005793908868668,0.010481224516444365,-0.01836602205569732,0.1685029294529088,1.1565457696667854,0.31538931999401515,0.5685029294529087,True,0.5685029294529087,True,0.5685029294529087,True,0.5685029294529087,True,0.5685029294529087,True,0.5685029294529087,True,0.4,False,0.5263771970896816,0.5685029294529087,True,True,0.75,1.0,0.5685029294529087,wind_stuck_7_days,2016
7371,US-Jo2,US-Jo2,2016-05-29,0.93842787,0.3,0.3,0.2885049341101874,0.2885049341101874,0.16378900873939856,0.3525830663398358,0.037513600200042865,0.028237018706347632,-0.01836602205569732,0.2885049341101874,1.1565457696667854,0.31538931999401515,0.5885049341101873,True,0.5885049341101873,True,0.5885049341101873,True,0.5885049341101873,True,0.5885049341101873,True,0.5885049341101873,True,0.3,False,0.5163787005826406,0.49230150660709204,True,True,0.75,0.6665449490498044,0.5885049341101873,wind_stuck_7_days,2016
7372,US-Jo2,US-Jo2,2016-06-14,0.80720593,0.5,0.5,0.07827437869917273,0.07827437869917273,0.09767785375302841,0.30782220711121655,0.005415048453465602,0.012602356013628429,-0.01836602205569732,0.07827437869917273,1.1565457696667854,0.31538931999401515,0.5782743786991728,True,0.5782743786991728,True,0.5782743786991728,True,0.5782743786991728,True,0.5782743786991728,True,0.5782743786991728,True,0.5,False,0.5587057840243795,0.5782743786991728,True,True,0.75,1.0,0.5782743786991728,wind_stuck_7_days,2016
7373,US-Jo2,US-Jo2,2016-06-22,0.72507314,0.2,0.2,0.07728835557651484,0.07728835557651484,0.19014184607594295,0.32332592397527754,0.02992670810016126,0.02366897294671675,-0.011007265496338453,0.07728835557651481,1.1565457696667854,0.31538931999401515,0.2772883555765149,True,0.2772883555765149,True,0.2772883555765149,True,0.2772883555765149,True,0.2772883555765149,True,0.2772883555765149,True,0.2,False,0.25796626668238615,0.2772883555765149,True,True,0.75,1.0,0.2772883555765149,wind_stuck_7_days,2016
7374,US-Jo2,US-Jo2,2016-07-08,0.4557609,0.3,0.3,0.40692469135572873,0.40692469135572873,0.13639706361896153,0.280665678874236,0.07780152747577489,0.07548254239129389,-0.013443085417328965,-0.09540289135572866,1.1565457696667854,0.31538931999401515,0.7069246913557288,True,0.7069246913557288,True,0.7069246913557288,True,0.7069246913557288,True,0.7069246913557288,True,0.7069246913557288,True,0.3,False,0.6051935185167965,0.6597971308659465,True,True,0.75,0.8841860386186693,0.7069246913557288,wind_stuck_7_days,2016
7375,US-Jo2,US-Jo2,2016-07-16,0.29080489,0.3,0.3,0.49991242980847106,0.49991242980847106,0.19457561768620737,0.5077948402634934,0.09668978709296697,0.08510064985125539,-0.017574270935035306,-0.499912429808471,1.1565457696667854,0.31538931999401515,0.799912429808471,True,0.799912429808471,True,0.799912429808471,True,0.799912429808471,True,0.799912429808471,True,0.799912429808471,True,0.3,False,0.6749343223563533,0.6162937723456439,True,True,0.75,0.6326983557236693,0.799912429808471,wind_stuck_7_days,2016
7376,US-Jo2,US-Jo2,2016-08-09,2.06466895,3.3,3.3,-0.5399289014946194,0.5399289014946194,0.23547613953814175,0.3857755214544236,-0.045881115586939164,-0.026252929133318375,-0.01662403711857779,0.5399289014946194,1.1565457696667854,0.31538931999401515,2.7600710985053807,True,2.7600710985053807,True,2.7600710985053807,True,3.3,False,3.3,False,3.3,False,3.3,False,2.8950533238790355,3.1236544696439523,True,True,0.75,0.32660879954359084,2.7600710985053807,wind_stuck_7_days,2016
7377,US-Jo2,US-Jo2,2016-08-17,2.02857429,1.5,1.5,-0.6393725221190067,0.6393725221190067,0.06058004602800836,0.3044688281744358,0.02364363212673649,0.039718619621216686,-0.017839566641077,-0.6393725221190067,1.1565457696667854,0.31538931999401515,0.8606274778809933,True,0.8606274778809933,True,0.8606274778809933,True,0.8606274778809933,True,0.8606274778809933,True,0.8606274778809933,True,1.5,False,1.0204706084107449,1.1663140927642686,True,True,0.75,0.5218959146536836,0.8606274778809933,wind_stuck_7_days,2016
7378,US-Jo2,US-Jo2,2016-09-10,2.21908869,0.9,0.9,-0.15514016143510673,0.15514016143510673,0.17580708897920916,0.47667959707005014,0.029709836019857154,0.030117209421916764,-0.017839566641077,-0.15514016143510667,1.1565457696667854,0.31538931999401515,0.7448598385648932,True,0.7448598385648932,True,0.7448598385648932,True,0.7448598385648932,True,0.7448598385648932,True,0.7448598385648932,True,0.9,False,0.78364487892367,0.7448598385648932,True,True,0.75,1.0,0.7448598385648932,wind_stuck_7_days,2016
7379,US-Jo2,US-Jo2,2016-09-18,0.83301642,0.5,0.5,-0.14557495776434054,0.14557495776434054,0.12634999632562546,0.4103885842695136,0.025604976580505943,0.0285457005089365,-0.017839566641077,-0.14557495776434054,1.1565457696667854,0.31538931999401515,0.35442504223565946,True,0.35442504223565946,True,0.35442504223565946,True,0.35442504223565946,True,0.35442504223565946,True,0.35442504223565946,True,0.5,False,0.3908187816767446,0.35442504223565946,True,True,0.75,1.0,0.35442504223565946,wind_stuck_7_days,2016
7380,US-Jo2,US-Jo2,2016-10-04,1.19800712,1.0,1.0,-0.3143686890670089,0.3143686890670089,0.08794300629919026,0.4250221604831652,0.02734161853434,0.030786830834098503,-0.017839566641077,-0.3143686890670089,1.1565457696667854,0.31538931999401515,0.6856313109329911,True,0.6856313109329911,True,0.6856313109329911,True,0.6856313109329911,True,0.6856313109329911,True,0.6856313109329911,True,1.0,False,0.7642234831997433,0.8387914831580067,True,True,0.75,0.5128008050688251,0.6856313109329911,wind_stuck_7_days,2016
7381,US-Jo2,US-Jo2,2016-10-12,0.97273841,0.6,0.6,-0.15998342442019794,0.15998342442019794,0.08525881088529877,0.281624596418251,0.02429894922646033,0.0285457005089365,-0.017839566641077,-0.15998342442019797,1.1565457696667854,0.31538931999401515,0.440016575579802,True,0.440016575579802,True,0.440016575579802,True,0.440016575579802,True,0.440016575579802,True,0.440016575579802,True,0.6,False,0.4800124316848515,0.440016575579802,True,True,0.75,1.0,0.440016575579802,wind_stuck_7_days,2016
7382,US-Jo2,US-Jo2,2016-10-20,0.17412232,0.3,0.3,0.013916921632212764,0.013916921632212764,0.105460026733375,0.38905824959447083,0.014621551246922463,0.019664389578383925,-0.017839566641077,-0.013916921632212753,1.1565457696667854,0.31538931999401515,0.31391692163221274,True,0.31391692163221274,True,0.31391692163221274,True,0.31391692163221274,True,0.31391692163221274,True,0.31391692163221274,True,0.3,False,0.31043769122415954,0.31391692163221274,True,True,0.75,1.0,0.31391692163221274,wind_stuck_7_days,2016
7383,US-Jo2,US-Jo2,2016-11-13,0.49922425,0.2,0.2,0.05890166752802158,0.05890166752802158,0.1379819037318711,0.3800186794899414,0.02187513782545928,0.024289729321347854,-0.01209580599890227,0.05890166752802159,1.1565457696667854,0.31538931999401515,0.2589016675280216,True,0.2589016675280216,True,0.2589016675280216,True,0.2589016675280216,True,0.2589016675280216,True,0.2589016675280216,True,0.2,False,0.2441762506460162,0.2589016675280216,True,True,0.75,1.0,0.2589016675280216,wind_stuck_7_days,2016
7384,US-Jo2,US-Jo2,2016-11-29,0.24227546,0.3,0.3,0.08706012151383478,0.08706012151383478,0.10486762692359282,0.2285884332112384,0.014621551246922463,0.019664389578383925,-0.024112203490587795,-0.0870601215138348,1.1565457696667854,0.31538931999401515,0.3870601215138348,True,0.3870601215138348,True,0.3870601215138348,True,0.3870601215138348,True,0.3870601215138348,True,0.3870601215138348,True,0.3,False,0.36529509113537606,0.3870601215138348,True,True,0.75,1.0,0.3870601215138348,wind_stuck_7_days,2016
7385,US-Jo2,US-Jo2,2016-12-15,0.30408632,0.1,0.1,0.24792787465210867,0.24792787465210867,0.10957488991857012,0.2853395633105481,0.014615242199861116,0.03253932529903654,-0.01209580599890227,0.16024476534789137,1.1565457696667854,0.31538931999401515,0.34792787465210867,True,0.34792787465210867,True,0.34792787465210867,True,0.34792787465210867,True,0.34792787465210867,True,0.34792787465210867,True,0.1,False,0.28594590598908154,0.3458426833595252,True,True,0.75,0.9915895245925478,0.34792787465210867,wind_stuck_7_days,2016
7386,US-Jo2,US-Jo2,2016-12-23,1.7775528,0.3,0.3,0.21208636806438275,0.21208636806438275,0.08556027811470669,0.25424730647433147,0.014621551246922463,0.019664389578383925,-0.024112203490587795,0.21208636806438275,1.1565457696667854,0.31538931999401515,0.5120863680643828,True,0.5120863680643828,True,0.5120863680643828,True,0.5120863680643828,True,0.5120863680643828,True,0.5120863680643828,True,0.3,False,0.45906477604828705,0.5120863680643828,True,True,0.75,1.0,0.5120863680643828,wind_stuck_7_days,2016
7581,US-KLS,US-KLS,2016-02-19,0.98517961,0.4,0.4,0.5524366524739912,0.5524366524739912,0.17661861254173797,0.608669132069986,0.20608789231199579,0.18822304299896248,-0.06169740366126415,0.5524366524739912,1.1565457696667854,0.31538931999401515,0.9524366524739912,True,0.9524366524739912,True,0.9524366524739912,True,0.9524366524739912,True,0.9524366524739912,True,0.9524366524739912,True,0.4,False,0.8143274893554935,0.9524366524739912,True,True,0.75,1.0,0.9524366524739912,wind_stuck_7_days,2016
7582,US-KLS,US-KLS,2016-02-20,0.89028925,1.3,1.3,0.16582365547773292,0.16582365547773292,0.19084886233196177,0.6076386049549815,0.037174266622669684,0.02582190072491816,-0.030042497326406015,-0.16582365547773292,1.1565457696667854,0.31538931999401515,1.4658236554777329,True,1.4658236554777329,True,1.4658236554777329,True,1.4658236554777329,True,1.4658236554777329,True,1.4658236554777329,True,1.3,False,1.4243677416082998,1.4658236554777329,True,True,0.75,1.0,1.4658236554777329,wind_stuck_7_days,2016
7583,US-KLS,US-KLS,2016-02-27,1.53357996,1.2,1.2,0.6747249851596561,0.6747249851596561,0.25279455748653484,0.8239588514696272,0.08592438470400732,0.09898696740993279,-0.15498401586542856,-0.007565065159656048,1.1565457696667854,0.31538931999401515,1.8747249851596561,True,1.8747249851596561,True,1.8747249851596561,True,1.8747249851596561,True,1.8747249851596561,True,1.8747249851596561,True,1.2,False,1.706043738869742,1.7628937697195795,True,True,0.75,0.8342565965396781,1.8747249851596561,wind_stuck_7_days,2016
7584,US-KLS,US-KLS,2016-03-14,3.75883947,2.5,2.5,0.028820254087064078,0.028820254087064078,0.22323793369241723,0.6347564169103497,0.037174266622669684,0.02582190072491816,-0.02249720757340366,0.028820254087064123,1.1565457696667854,0.31538931999401515,2.528820254087064,True,2.528820254087064,True,2.528820254087064,True,2.528820254087064,True,2.528820254087064,True,2.528820254087064,True,2.5,False,2.521615190565298,2.528820254087064,True,True,0.75,1.0,2.528820254087064,wind_stuck_7_days,2016
7585,US-KLS,US-KLS,2016-03-15,2.08632762,1.1,1.1,0.39967000336431285,0.39967000336431285,0.1346443521863618,0.48510035957443554,0.034521390117407826,0.038602119016458464,-0.020732143915264588,0.3996700033643128,1.1565457696667854,0.31538931999401515,1.4996700033643129,True,1.4996700033643129,True,1.4996700033643129,True,1.4996700033643129,True,1.4996700033643129,True,1.4996700033643129,True,1.1,False,1.3997525025232347,1.342898652374777,True,True,0.75,0.6077480179401069,1.4996700033643129,wind_stuck_7_days,2016
7586,US-KLS,US-KLS,2016-03-23,3.88450655,2.1,2.1,-0.6811704455771322,0.6811704455771322,0.22878257197651766,0.7625090133275985,0.038000571653012925,0.03388629117555347,-0.02249720757340366,-0.6811704455771324,1.1565457696667854,0.31538931999401515,1.4188295544228677,True,1.4188295544228677,True,1.4188295544228677,True,1.4188295544228677,True,1.4188295544228677,True,1.4188295544228677,True,2.1,False,1.5891221658171508,1.7904450336380313,True,True,0.75,0.45444568003782587,1.4188295544228677,wind_stuck_7_days,2016
7587,US-KLS,US-KLS,2016-03-31,1.83702714,1.8,1.8,0.16341920928261172,0.16341920928261172,0.18192143492533594,0.5372618884932079,0.028144446696728588,0.02582190072491816,-0.024112203490587795,-0.0893649292826118,1.1565457696667854,0.31538931999401515,1.9634192092826117,True,1.9634192092826117,True,1.9634192092826117,True,1.9634192092826117,True,1.9634192092826117,True,1.9634192092826117,True,1.8,False,1.9225644069619587,1.9634192092826117,True,True,0.75,1.0,1.9634192092826117,wind_stuck_7_days,2016
7588,US-KLS,US-KLS,2016-04-08,2.47448361,2.9,2.9,-0.4830993608804409,0.4830993608804409,0.09203300307259762,0.4502525619385576,0.019108345672587086,0.041325918800476806,-0.011966396186251132,0.3679334191195588,1.1565457696667854,0.31538931999401515,2.416900639119559,True,2.416900639119559,True,2.416900639119559,True,2.416900639119559,True,2.416900639119559,True,2.416900639119559,True,2.9,False,2.5376754793396694,2.6590902445012414,True,True,0.75,0.4986753761373318,2.416900639119559,wind_stuck_7_days,2016
7589,US-KLS,US-KLS,2016-04-23,4.56305331,3.9,3.9,-0.29795286290634837,0.29795286290634837,0.3027401025280076,0.773420588214714,-0.0008048470581657361,-0.01238219319899865,-0.037798756010984785,-0.29795286290634837,1.1565457696667854,0.31538931999401515,3.6020471370936518,True,3.6020471370936518,True,3.6020471370936518,True,3.9,False,3.9,False,3.9,False,3.9,False,3.6765353528202387,3.770410938661202,True,True,0.75,0.43493141859667245,3.6020471370936518,wind_stuck_7_days,2016
7590,US-KLS,US-KLS,2016-04-24,3.11050008,3.6,3.6,0.5857944649949955,0.5857944649949955,0.1359662895351884,0.7880633798169381,0.05348650286352692,0.04313809174309528,-0.030282816344878564,-0.5857944649949955,1.1565457696667854,0.31538931999401515,4.185794464994996,True,4.185794464994996,True,4.185794464994996,True,4.185794464994996,True,4.185794464994996,True,4.185794464994996,True,3.6,False,4.039345848746247,4.17282213169785,True,True,0.75,0.9778551453242961,4.185794464994996,wind_stuck_7_days,2016
7591,US-KLS,US-KLS,2016-05-10,6.37864392,4.6,4.6,-0.8423360061257583,0.8423360061257583,0.1318588753567648,0.38136344729249766,0.042311690558776836,0.056918169300177276,-0.007653644242519903,-0.8423360061257581,1.1565457696667854,0.31538931999401515,3.7576639938742415,True,3.7576639938742415,True,3.7576639938742415,True,3.7576639938742415,True,3.7576639938742415,True,3.7576639938742415,True,4.6,False,3.968247995405681,4.192546897184832,True,True,0.75,0.48371801733753234,3.7576639938742415,wind_stuck_7_days,2016
7592,US-KLS,US-KLS,2016-06-27,6.0287344,5.6,5.6,-0.09824212132953637,0.09824212132953637,0.10894698797043584,0.5253646661343433,-0.015648400035472562,-0.015145767112576643,-0.009531373419794304,-0.09824212132953636,1.1565457696667854,0.31538931999401515,5.501757878670463,True,5.501757878670463,True,5.501757878670463,True,5.6,False,5.6,False,5.6,False,5.6,False,5.526318409002847,5.501757878670463,True,True,0.75,1.0,5.501757878670463,wind_stuck_7_days,2016
7593,US-KLS,US-KLS,2016-07-04,5.07257442,5.3,5.3,-0.19907634358329088,0.19907634358329088,0.20167382476894924,0.4688622757946139,-0.012539091225926273,-0.01238219319899865,-0.01662403711857779,0.19907634358329088,1.1565457696667854,0.31538931999401515,5.100923656416709,True,5.100923656416709,True,5.100923656416709,True,5.3,False,5.3,False,5.3,False,5.3,False,5.150692742312532,5.100923656416709,True,True,0.75,1.0,5.100923656416709,wind_stuck_7_days,2016
7594,US-KLS,US-KLS,2016-07-20,4.77188524,5.6,5.6,-0.8422791305188049,0.8422791305188049,0.15416371158078945,0.7064467596313035,-0.18631980595487224,-0.19448864114446054,-0.07031399556088824,0.8139503894811952,1.1565457696667854,0.31538931999401515,4.7577208694811945,True,4.7577208694811945,True,4.7577208694811945,True,5.6,False,5.6,False,5.6,False,5.6,False,4.9682906521108965,5.6,True,False,0.75,0.0,4.850354430101807,wind_stuck_7_days,2016
7595,US-KLS,US-KLS,2016-08-13,5.10964369,3.6,3.6,-0.6035572349661893,0.6035572349661893,0.15844840419162498,0.3516296580294466,-0.04773222867850027,-0.020040937205325716,-0.011966396186251132,-0.6035572349661895,1.1565457696667854,0.31538931999401515,2.9964427650338106,True,2.9964427650338106,True,2.9964427650338106,True,3.6,False,3.6,False,3.6,False,3.6,False,3.1473320737753583,3.250274577638779,True,True,0.75,0.5794403614113123,2.9964427650338106,wind_stuck_7_days,2016
7596,US-KLS,US-KLS,2016-08-14,4.60813505,3.1,3.1,0.19617751424930016,0.19617751424930016,0.13843125720409702,0.758404399005617,0.02852120080713123,0.010173311262593403,-0.011966396186251132,0.19617751424930008,1.1565457696667854,0.31538931999401515,3.2961775142493,True,3.2961775142493,True,3.2961775142493,True,3.2961775142493,True,3.2961775142493,True,3.2961775142493,True,3.1,False,3.2471331356869753,3.2961775142493,True,True,0.75,1.0,3.348907217283069,wind_stuck_7_days,2016
7597,US-KLS,US-KLS,2016-08-21,4.73998526,3.9,3.9,-1.1836189184603296,1.1836189184603296,0.21183343937802282,0.3591407484684229,-0.0940801346039325,0.04214759336233612,-0.028154059959614244,-1.1836189184603296,1.1565457696667854,0.31538931999401515,2.7163810815396703,True,2.7163810815396703,True,2.7163810815396703,True,3.9,False,3.9,False,2.7163810815396703,True,3.9,False,3.0122858111547526,3.487676243284154,True,True,0.75,0.34835853861832733,2.7163810815396703,wind_stuck_7_days,2016
7598,US-KLS,US-KLS,2016-08-22,5.38539399,2.5,2.5,-0.7468577565834382,0.7468577565834382,0.49566108850756424,0.9450416210067445,0.04374166186969696,-0.012850766627847052,-0.045412278779513544,-0.746857756583438,1.1565457696667854,0.31538931999401515,1.7531422434165618,True,2.5,False,2.5,False,1.7531422434165618,True,2.5,False,2.5,False,2.5,False,1.9398566825624213,1.9907358365691712,True,True,0.75,0.6818757105241825,1.7531422434165618,wind_stuck_7_days,2016
7599,US-KLS,US-KLS,2016-09-06,5.10864791,4.5,4.5,-0.40980068884392623,0.40980068884392623,0.16576313370921136,0.5134868014725017,-0.017516004231959464,-0.02993526993795282,-0.011966396186251132,-0.4098006888439263,1.1565457696667854,0.31538931999401515,4.0901993111560735,True,4.0901993111560735,True,4.0901993111560735,True,4.5,False,4.5,False,4.5,False,4.5,False,4.192649483367055,4.359706867526198,True,True,0.75,0.3423447941719619,4.0901993111560735,wind_stuck_7_days,2016
7600,US-KLS,US-KLS,2016-09-22,3.78095225,4.3,4.3,-0.2856704869891692,0.2856704869891692,0.23634906459515284,0.3646477382144711,-0.01439020431748738,-0.01238219319899865,-0.01662403711857779,0.2856704869891692,1.1565457696667854,0.31538931999401515,4.01432951301083,True,4.01432951301083,True,4.01432951301083,True,4.3,False,4.3,False,4.3,False,4.3,False,4.085747134758123,4.123874530563776,True,True,0.75,0.6165336548850476,4.01432951301083,wind_stuck_7_days,2016
7601,US-KLS,US-KLS,2016-09-23,3.79587562,3.6,3.6,-0.36975958200853676,0.36975958200853676,0.26016406132453146,0.5611668971153929,0.010871158026507611,0.014468619959592002,-0.022295196625490538,-0.36975958200853676,1.1565457696667854,0.31538931999401515,3.2302404179914634,True,3.2302404179914634,True,3.2302404179914634,True,3.2302404179914634,True,3.2302404179914634,True,3.2302404179914634,True,3.6,False,3.3226803134935974,3.455910378763337,True,True,0.75,0.3896846173775059,3.2302404179914634,wind_stuck_7_days,2016
7602,US-KLS,US-KLS,2016-09-30,2.44756887,3.1,3.1,-0.5952351603483883,0.5952351603483883,0.1435291242394744,0.5281928096959756,0.035500743059696825,0.06518896152609785,-0.018239033035761926,0.5952351603483883,1.1565457696667854,0.31538931999401515,2.504764839651612,True,2.504764839651612,True,2.504764839651612,True,2.504764839651612,True,2.504764839651612,True,2.504764839651612,True,3.1,False,2.653573629738709,2.6997208863476607,True,True,0.75,0.6724722266373816,2.504764839651612,wind_stuck_7_days,2016
7603,US-KLS,US-KLS,2016-10-08,2.62527103,2.5,2.5,-0.6833949988191778,0.6833949988191778,0.14695286878951155,0.3396596036126849,0.09411500943192724,0.1144727044890334,-0.020732143915264588,-0.6833949988191778,1.1565457696667854,0.31538931999401515,1.8166050011808221,True,1.8166050011808221,True,1.8166050011808221,True,1.8166050011808221,True,1.8166050011808221,True,1.8166050011808221,True,2.5,False,1.9874537508856167,2.070376543672068,True,True,0.75,0.6286605214704065,1.8166050011808221,wind_stuck_7_days,2016
7604,US-KLS,US-KLS,2016-10-16,2.55552643,2.9,2.9,-0.15689254944644873,0.15689254944644873,0.3179759660826372,0.7411209774102097,0.03653044249750833,0.0285457005089365,-0.03953910832468767,0.15689254944644873,1.1565457696667854,0.31538931999401515,2.743107450553551,True,2.743107450553551,True,2.743107450553551,True,2.743107450553551,True,2.743107450553551,True,2.743107450553551,True,2.9,False,2.782330587915163,2.743107450553551,True,True,0.75,1.0,2.743107450553551,wind_stuck_7_days,2016
7605,US-KLS,US-KLS,2016-10-24,2.90622354,1.9,1.9,-0.07676530126684855,0.07676530126684855,0.1257029122345819,0.5633299928022467,0.028144446696728588,0.02582190072491816,-0.024112203490587795,-0.07676530126684855,1.1565457696667854,0.31538931999401515,1.8232346987331514,True,1.8232346987331514,True,1.8232346987331514,True,1.8232346987331514,True,1.8232346987331514,True,1.8232346987331514,True,1.9,False,1.8424260240498636,1.8232346987331514,True,True,0.75,1.0,1.8232346987331514,wind_stuck_7_days,2016
7606,US-KLS,US-KLS,2016-10-25,2.81071368,2.0,2.0,0.188351434812808,0.188351434812808,0.21092481349099113,0.5598955205008649,0.028144446696728588,0.02582190072491816,-0.026662437751082808,0.18835143481280803,1.1565457696667854,0.31538931999401515,2.188351434812808,True,2.188351434812808,True,2.188351434812808,True,2.188351434812808,True,2.188351434812808,True,2.188351434812808,True,2.0,False,2.141263576109606,2.188351434812808,True,True,0.75,1.0,2.188351434812808,wind_stuck_7_days,2016
7607,US-KLS,US-KLS,2016-11-09,1.69750779,1.3,1.3,-0.167723219299504,0.167723219299504,0.13484735875289436,0.33059023323800624,0.02629333360516748,0.0285457005089365,-0.024112203490587795,-0.16772321929950396,1.1565457696667854,0.31538931999401515,1.132276780700496,True,1.132276780700496,True,1.132276780700496,True,1.132276780700496,True,1.132276780700496,True,1.132276780700496,True,1.3,False,1.174207585525372,1.132276780700496,True,True,0.75,1.0,1.132276780700496,wind_stuck_7_days,2016
7608,US-KLS,US-KLS,2016-11-10,1.69420876,1.7,1.7,-0.3957571993597935,0.3957571993597935,0.11402537038193339,0.37964702301726244,0.03452074105857319,0.041325918800476806,-0.024112203490587795,-0.3841747193597935,1.1565457696667854,0.31538931999401515,1.3042428006402065,True,1.3042428006402065,True,1.3042428006402065,True,1.3042428006402065,True,1.3042428006402065,True,1.3042428006402065,True,1.7,False,1.4031821004801548,1.4899336470288969,True,True,0.75,0.5307960368400678,1.3042428006402065,wind_stuck_7_days,2016
7609,US-KLS,US-KLS,2016-11-25,0.75408082,1.0,1.0,-0.10168032137799154,0.10168032137799154,0.11145401673993864,0.34469242762553676,0.02429894922646033,0.02582190072491816,-0.024112203490587795,0.10168032137799154,1.1565457696667854,0.31538931999401515,0.8983196786220085,True,0.8983196786220085,True,0.8983196786220085,True,0.8983196786220085,True,0.8983196786220085,True,0.8983196786220085,True,1.0,False,0.9237397589665064,0.8983196786220085,True,True,0.75,1.0,0.8983196786220085,wind_stuck_7_days,2016
7610,US-KLS,US-KLS,2016-11-26,1.10008431,0.8,0.8,0.19362268593755871,0.19362268593755871,0.12914791182299803,0.6063985074844713,0.037174266622669684,0.02582190072491816,-0.024112203490587795,0.19362268593755871,1.1565457696667854,0.31538931999401515,0.9936226859375588,True,0.9936226859375588,True,0.9936226859375588,True,0.9936226859375588,True,0.9936226859375588,True,0.9936226859375588,True,0.8,False,0.9452170144531691,0.9936226859375588,True,True,0.75,1.0,0.9936226859375588,wind_stuck_7_days,2016
7611,US-KLS,US-KLS,2016-12-27,0.61233617,0.6,0.6,-0.05988098348075425,0.05988098348075425,0.051424670997348446,0.2427260436222313,0.02429894922646033,0.02582190072491816,-0.024112203490587795,-0.05988098348075424,1.1565457696667854,0.31538931999401515,0.5401190165192458,True,0.5401190165192458,True,0.5401190165192458,True,0.5401190165192458,True,0.5401190165192458,True,0.5401190165192458,True,0.6,False,0.5550892623894343,0.5401190165192458,True,True,0.75,1.0,0.5401190165192458,wind_stuck_7_days,2016
7669,US-KM4,US-KM4,2016-04-15,2.49588053,1.6,1.6,-0.054607806932026326,0.054607806932026326,0.11905078881387585,0.3434209329291681,0.023496770122906387,0.02806303105008017,-0.017839566641077,-0.05460780693202638,1.1565457696667854,0.31538931999401515,1.5453921930679737,True,1.5453921930679737,True,1.5453921930679737,True,1.5453921930679737,True,1.5453921930679737,True,1.5453921930679737,True,1.6,False,1.5590441448009804,1.5453921930679737,True,True,0.75,1.0,1.5453921930679737,wind_stuck_7_days,2016
7670,US-KM4,US-KM4,2016-04-23,3.44362279,2.6,2.6,-0.3051188672183137,0.3051188672183137,0.16371390296048047,0.4294810132091397,0.028144446696728588,0.0285457005089365,-0.014858973460438718,-0.3051188672183138,1.1565457696667854,0.31538931999401515,2.2948811327816863,True,2.2948811327816863,True,2.2948811327816863,True,2.2948811327816863,True,2.2948811327816863,True,2.2948811327816863,True,2.6,False,2.3711608495862646,2.429260916092825,True,True,0.75,0.5595821899306245,2.2948811327816863,wind_stuck_7_days,2016
7671,US-KM4,US-KM4,2016-10-08,2.19256587,1.9,1.9,-0.0910530718389579,0.0910530718389579,0.07527732122524036,0.3895656218422852,0.02517984341481147,0.02582190072491816,-0.024112203490587795,-0.09105307183895789,1.1565457696667854,0.31538931999401515,1.808946928161042,True,1.808946928161042,True,1.808946928161042,True,1.808946928161042,True,1.808946928161042,True,1.808946928161042,True,1.9,False,1.8317101961207816,1.808946928161042,True,True,0.75,1.0,1.808946928161042,wind_stuck_7_days,2016
7672,US-KM4,US-KM4,2016-11-01,1.87741712,1.6,1.6,0.33759955828818444,0.33759955828818444,0.16302304466300632,0.70928228712429,0.04027103646550416,0.02582190072491816,-0.024112203490587795,0.21723468171181548,1.1565457696667854,0.31538931999401515,1.9375995582881846,True,1.9375995582881846,True,1.9375995582881846,True,1.9375995582881846,True,1.9375995582881846,True,1.9375995582881846,True,1.6,False,1.8531996687161385,1.7578437400839595,True,True,0.75,0.4675472352046728,1.9375995582881846,wind_stuck_7_days,2016
7673,US-KM4,US-KM4,2016-11-09,1.17612272,1.0,1.0,0.04668932482419382,0.04668932482419382,0.08647076707880284,0.32626976834810256,0.02429894922646033,0.02582190072491816,-0.024112203490587795,0.04668932482419383,1.1565457696667854,0.31538931999401515,1.0466893248241937,True,1.0466893248241937,True,1.0466893248241937,True,1.0466893248241937,True,1.0466893248241937,True,1.0466893248241937,True,1.0,False,1.0350169936181453,1.0466893248241937,True,True,0.75,1.0,1.0466893248241937,wind_stuck_7_days,2016
7998,US-MMS,US-MMS,2016-01-02,0.19510714,0.5,0.5,0.1183501754057797,0.1183501754057797,0.05124888685742969,0.3536895250926152,0.021759479110237682,0.02582190072491816,-0.024112203490587795,-0.11835017540577969,1.1565457696667854,0.31538931999401515,0.6183501754057797,True,0.6183501754057797,True,0.6183501754057797,True,0.6183501754057797,True,0.6183501754057797,True,0.6183501754057797,True,0.5,False,0.5887626315543348,0.6183501754057797,True,True,0.75,1.0,0.6183501754057797,wind_stuck_7_days,2016
7999,US-MMS,US-MMS,2016-02-03,0.94370307,0.5,0.5,0.824406960890677,0.824406960890677,0.27314029690797004,1.115569294065351,0.07819154056207908,0.1356181734630208,-0.1920140545648391,0.06299917910932296,1.1565457696667854,0.31538931999401515,1.324406960890677,True,1.324406960890677,True,0.5,False,1.324406960890677,True,0.5,False,1.324406960890677,True,0.5,False,1.1183052206680077,1.2107086938086145,True,True,0.75,0.862084780362329,1.3217925791653549,wind_stuck_7_days,2016
8000,US-MMS,US-MMS,2016-02-27,0.67507408,1.7,1.7,-0.08833986545503716,0.08833986545503716,0.22220036493186424,0.6389102833250643,0.037174266622669684,0.02582190072491816,-0.030042497326406015,0.08833986545503714,1.1565457696667854,0.31538931999401515,1.6116601345449628,True,1.6116601345449628,True,1.6116601345449628,True,1.6116601345449628,True,1.6116601345449628,True,1.6116601345449628,True,1.7,False,1.633745100908722,1.6116601345449628,True,True,0.75,1.0,1.607795543891506,wind_stuck_7_days,2016
8001,US-MMS,US-MMS,2016-03-06,0.89332413,1.0,1.0,0.517259205274996,0.517259205274996,0.11994761035335864,0.44085517189140255,0.03602326160546752,0.04248209886009392,-0.06169740366126415,-0.517259205274996,1.1565457696667854,0.31538931999401515,1.517259205274996,True,1.517259205274996,True,1.517259205274996,True,1.517259205274996,True,1.517259205274996,True,1.517259205274996,True,1.0,False,1.387944403956247,1.2237309714954046,True,True,0.75,0.43253163832330477,1.511064438692185,wind_stuck_7_days,2016
8002,US-MMS,US-MMS,2016-03-22,0.86683018,3.3,3.3,-0.4628394603383213,0.4628394603383213,0.2980658800547036,1.2423291640932763,0.0282738320736947,0.020150273404855347,-0.037798756010984785,0.46283946033832124,1.1565457696667854,0.31538931999401515,2.8371605396616784,True,2.8371605396616784,True,3.3,False,2.8371605396616784,True,3.3,False,2.8371605396616784,True,3.3,False,2.9528704047462586,3.073610589106783,True,True,0.75,0.4891316110509103,2.8206211111580575,wind_stuck_7_days,2016
8003,US-MMS,US-MMS,2016-04-15,0.83203159,1.8,1.8,0.25952657686247194,0.25952657686247194,0.13337588215655835,0.46133087253546795,0.028144446696728588,0.02582190072491816,-0.017839566641077,-0.2595265768624718,1.1565457696667854,0.31538931999401515,2.059526576862472,True,2.059526576862472,True,2.059526576862472,True,2.059526576862472,True,2.059526576862472,True,2.059526576862472,True,1.8,False,1.994644932646854,1.9918892551234084,True,True,0.75,0.7393819062511435,2.059526576862472,wind_stuck_7_days,2016
8004,US-MMS,US-MMS,2016-06-10,6.43094263,5.8,5.8,-1.113414203601212,1.113414203601212,0.1264846529904598,0.389329170375896,0.00736513087513575,-0.0036638429395877336,-0.023496419027287593,-1.113414203601212,1.1565457696667854,0.31538931999401515,4.686585796398788,True,4.686585796398788,True,4.686585796398788,True,4.686585796398788,True,4.686585796398788,True,5.8,False,5.8,False,4.964939347299091,5.415545615074036,True,True,0.75,0.34529322841624427,4.686585796398788,wind_stuck_7_days,2016
8005,US-MMS,US-MMS,2016-06-18,5.48664686,6.0,6.0,-0.7035811517811157,0.7035811517811157,0.1386317907057712,0.4878052458876538,-0.040238576140874,0.025048914888386318,-0.011966396186251132,0.32312512821888517,1.1565457696667854,0.31538931999401515,5.2964188482188845,True,5.2964188482188845,True,5.2964188482188845,True,6.0,False,6.0,False,5.2964188482188845,True,6.0,False,5.472314136164163,5.611862545424592,True,True,0.75,0.5516598243043292,5.2964188482188845,wind_stuck_7_days,2016
8006,US-MMS,US-MMS,2016-06-26,4.84927664,5.6,5.6,0.48426106802427454,0.48426106802427454,0.2883655014606665,0.6012459972999125,0.023910352946445484,0.025194659879295714,-0.04215473116236271,-0.4842610680242745,1.1565457696667854,0.31538931999401515,6.084261068024274,True,6.084261068024274,True,6.084261068024274,True,6.084261068024274,True,6.084261068024274,True,6.084261068024274,True,5.6,False,5.963195801018205,5.803710560799635,True,True,0.75,0.420662684346585,6.084261068024274,wind_stuck_7_days,2016
8007,US-MMS,US-MMS,2016-08-21,4.74947438,4.3,4.3,0.9098403884463234,0.9098403884463234,0.09049993444674605,0.4090831402368674,0.03063409772684863,0.05653134048078471,-0.11833962525232984,-0.010891628446323742,1.1565457696667854,0.31538931999401515,5.209840388446323,True,5.209840388446323,True,5.209840388446323,True,5.209840388446323,True,5.209840388446323,True,5.209840388446323,True,4.3,False,4.982380291334742,5.12368057526737,True,True,0.75,0.9053022768904746,5.209840388446323,wind_stuck_7_days,2016
8008,US-MMS,US-MMS,2016-08-29,4.25450167,4.8,4.8,0.03173730888107185,0.03173730888107185,0.14037177223464042,0.4415256017662242,0.013046362671374868,0.010173311262593403,-0.011966396186251132,-0.031737308881071846,1.1565457696667854,0.31538931999401515,4.831737308881071,True,4.831737308881071,True,4.831737308881071,True,4.831737308881071,True,4.831737308881071,True,4.831737308881071,True,4.8,False,4.823802981660804,4.831737308881071,True,True,0.75,1.0,4.831737308881071,wind_stuck_7_days,2016
8009,US-MMS,US-MMS,2016-09-06,4.79840177,5.1,5.1,-0.005996922352628761,0.005996922352628761,0.21576920132328992,0.5744750819151319,0.013046362671374868,0.010173311262593403,-0.01662403711857779,0.005996922352628775,1.1565457696667854,0.31538931999401515,5.094003077647371,True,5.094003077647371,True,5.094003077647371,True,5.094003077647371,True,5.094003077647371,True,5.094003077647371,True,5.1,False,5.095502308235528,5.094003077647371,True,True,0.75,1.0,5.094003077647371,wind_stuck_7_days,2016
8010,US-MMS,US-MMS,2016-09-14,3.10057657,3.4,3.4,0.3881781444367044,0.3881781444367044,0.1665240566899181,0.48784923614097914,0.019423306092054133,0.02295352955413371,-0.014858973460438718,-0.3881781444367044,1.1565457696667854,0.31538931999401515,3.788178144436704,True,3.788178144436704,True,3.788178144436704,True,3.788178144436704,True,3.788178144436704,True,3.788178144436704,True,3.4,False,3.691133608327528,3.6083683369904658,True,True,0.75,0.5367853393519478,3.788178144436704,wind_stuck_7_days,2016
8011,US-MMS,US-MMS,2016-09-22,4.63223328,3.5,3.5,-0.01403346009674542,0.01403346009674542,0.18818140422029858,0.414641303484767,0.013046362671374868,0.010173311262593403,-0.02078926729625694,-0.014033460096745332,1.1565457696667854,0.31538931999401515,3.4859665399032544,True,3.4859665399032544,True,3.4859665399032544,True,3.4859665399032544,True,3.4859665399032544,True,3.4859665399032544,True,3.5,False,3.489474904927441,3.4859665399032544,True,True,0.75,1.0,3.4859665399032544,wind_stuck_7_days,2016
8012,US-MMS,US-MMS,2016-10-08,2.33021584,2.5,2.5,-0.5967835080537369,0.5967835080537369,0.07061239006155069,0.34764939940934675,0.10044476133018877,0.1144727044890334,-0.020732143915264588,-0.2572151880537372,1.1565457696667854,0.31538931999401515,1.903216491946263,True,1.903216491946263,True,1.903216491946263,True,1.903216491946263,True,1.903216491946263,True,1.903216491946263,True,2.5,False,2.0524123689596974,2.098679665518636,True,True,0.75,0.6724722266373816,1.903216491946263,wind_stuck_7_days,2016
8013,US-MMS,US-MMS,2016-10-24,1.09928974,1.9,1.9,-0.35963058617923577,0.35963058617923577,0.13258417489783966,0.3173778213452972,0.02629333360516748,0.0285457005089365,-0.024112203490587795,0.35963058617923577,1.1565457696667854,0.31538931999401515,1.5403694138207642,True,1.5403694138207642,True,1.5403694138207642,True,1.5403694138207642,True,1.5403694138207642,True,1.5403694138207642,True,1.9,False,1.630277060365573,1.7499757953380857,True,True,0.75,0.41716197238892216,1.5403694138207642,wind_stuck_7_days,2016
8014,US-MMS,US-MMS,2016-11-09,0.58552994,0.8,0.8,0.10224011268494829,0.10224011268494829,0.05216887625714865,0.343856654518928,0.02429894922646033,0.02582190072491816,-0.024112203490587795,-0.10224011268494826,1.1565457696667854,0.31538931999401515,0.9022401126849483,True,0.9022401126849483,True,0.9022401126849483,True,0.9022401126849483,True,0.9022401126849483,True,0.9022401126849483,True,0.8,False,0.8766800845137113,0.9022401126849483,True,True,0.75,1.0,0.9022401126849483,wind_stuck_7_days,2016
8015,US-MMS,US-MMS,2016-11-17,0.41467362,0.8,0.8,0.2727177372814376,0.2727177372814376,0.1000312537389194,0.6029747822524415,0.03332876915240144,0.02582190072491816,-0.024112203490587795,-0.2727177372814376,1.1565457696667854,0.31538931999401515,1.0727177372814376,True,1.0727177372814376,True,1.0727177372814376,True,1.0727177372814376,True,1.0727177372814376,True,1.0727177372814376,True,0.8,False,1.0045383029610782,0.9835760823205624,True,True,0.75,0.6731358368932071,1.0727177372814376,wind_stuck_7_days,2016
8016,US-MMS,US-MMS,2016-12-27,0.9275427,0.6,0.6,0.121893005068017,0.121893005068017,0.07492627089840558,0.37178120299461936,0.02429894922646033,0.02582190072491816,-0.024112203490587795,0.12189300506801698,1.1565457696667854,0.31538931999401515,0.721893005068017,True,0.721893005068017,True,0.721893005068017,True,0.721893005068017,True,0.721893005068017,True,0.721893005068017,True,0.6,False,0.6914197538010127,0.721893005068017,True,True,0.75,1.0,0.721893005068017,wind_stuck_7_days,2016
8209,US-MOz,US-MOz,2016-01-30,0.34239901,0.8,0.8,0.12118597101493137,0.12118597101493137,0.08634367708125266,0.42064366103717055,0.02429894922646033,0.02582190072491816,-0.024112203490587795,-0.12118597101493139,1.1565457696667854,0.31538931999401515,0.9211859710149314,True,0.9211859710149314,True,0.9211859710149314,True,0.9211859710149314,True,0.9211859710149314,True,0.9211859710149314,True,0.8,False,0.8908894782611986,0.9211859710149314,True,True,0.75,1.0,0.9211859710149314,wind_stuck_7_days,2016
8210,US-MOz,US-MOz,2016-04-03,1.61488445,2.5,2.5,-0.7326325248058353,0.7326325248058353,0.1900668200396034,0.7033364252299628,0.0448547519758792,0.03388629117555347,-0.02249720757340366,0.7326325248058353,1.1565457696667854,0.31538931999401515,1.7673674751941646,True,1.7673674751941646,True,1.7673674751941646,True,1.7673674751941646,True,1.7673674751941646,True,1.7673674751941646,True,2.5,False,1.9505256063956236,2.17987339222946,True,True,0.75,0.43695385739990267,1.7673674751941646,wind_stuck_7_days,2016
8211,US-MOz,US-MOz,2016-05-05,3.35696534,4.7,4.7,-1.900693315416024,1.900693315416024,0.12612169983827223,0.491012724371955,0.908853804143065,0.9691983426630187,0.14411318165246206,0.7853760045839766,1.1565457696667854,0.31538931999401515,2.7993066845839762,True,2.7993066845839762,True,2.7993066845839762,True,2.7993066845839762,True,2.7993066845839762,True,2.7993066845839762,True,2.7993066845839762,True,3.2744800134379823,2.9942203234758447,True,True,0.75,0.8974512945823636,2.7993066845839762,wind_stuck_7_days,2016
8212,US-MOz,US-MOz,2016-05-13,4.93976349,5.3,5.3,-0.5491246977750773,0.5491246977750773,0.36562452137995777,0.7454600642761307,0.04307025485053007,0.030200322619111823,-0.03953910832468767,0.1713483222249227,1.1565457696667854,0.31538931999401515,4.750875302224922,True,5.3,False,4.750875302224922,True,4.750875302224922,True,4.750875302224922,True,4.750875302224922,True,5.3,False,4.888156476668692,5.099881223777512,True,True,0.75,0.36443229931802673,4.750875302224922,wind_stuck_7_days,2016
8213,US-MOz,US-MOz,2016-05-21,4.93886382,4.7,4.7,-1.212327441041555,1.212327441041555,0.15572227458888083,0.31384609996102875,-0.011395437546999168,-0.01239033539736824,0.0955558915639664,-1.212327441041555,1.1565457696667854,0.31538931999401515,3.487672558958445,True,3.487672558958445,True,3.487672558958445,True,4.7,False,4.7,False,4.7,False,3.487672558958445,True,3.790754419218834,4.110070206005064,True,True,0.75,0.48660928889649313,3.487672558958445,wind_stuck_7_days,2016
8214,US-MOz,US-MOz,2016-06-06,5.61184895,6.5,6.5,-0.5096528146626618,0.5096528146626618,0.264001281238685,0.547006606802473,0.04768471331813774,0.040620774990885504,-0.034671174549708236,0.5096528146626618,1.1565457696667854,0.31538931999401515,5.990347185337338,True,5.990347185337338,True,5.990347185337338,True,5.990347185337338,True,5.990347185337338,True,5.990347185337338,True,6.5,False,6.117760389003004,6.371431669544827,True,True,0.75,0.2522664974199593,5.990347185337338,wind_stuck_7_days,2016
8215,US-MOz,US-MOz,2016-06-14,6.04116704,5.8,5.8,-0.3034115369851661,0.3034115369851661,0.2729249914513551,0.4619477008344731,0.010871158026507611,0.014468619959592002,-0.034671174549708236,-0.3034115369851661,1.1565457696667854,0.31538931999401515,5.496588463014834,True,5.496588463014834,True,5.496588463014834,True,5.496588463014834,True,5.496588463014834,True,5.496588463014834,True,5.8,False,5.572441347261125,5.637314187234874,True,True,0.75,0.5361886182102568,5.496588463014834,wind_stuck_7_days,2016
8216,US-MOz,US-MOz,2016-06-22,8.02166899,7.0,7.0,-0.1284174351135382,0.1284174351135382,0.2969781561629494,0.6957595528101874,0.02294359895990322,-0.011081706613044577,-0.03832521142560508,-0.12841743511353831,1.1565457696667854,0.31538931999401515,6.871582564886462,True,6.871582564886462,True,6.871582564886462,True,6.871582564886462,True,6.871582564886462,True,7.0,False,7.0,False,6.903686923664846,6.875769607343348,True,True,0.75,0.9673950624135702,6.871582564886462,wind_stuck_7_days,2016
8217,US-MOz,US-MOz,2016-07-16,6.12619621,6.2,6.2,-0.5705726328537797,0.5705726328537797,0.198063447298433,0.48575538274957175,-0.00848619301315234,0.08688593116628443,-0.01662403711857779,-0.42296505285377894,1.1565457696667854,0.31538931999401515,5.629427367146221,True,5.629427367146221,True,5.629427367146221,True,6.2,False,6.2,False,5.629427367146221,True,6.2,False,5.772070525359665,5.865068313138638,True,True,0.75,0.5870097294820568,5.629427367146221,wind_stuck_7_days,2016
8218,US-MOz,US-MOz,2016-07-24,6.17713955,6.4,6.4,-0.2649789108210844,0.2649789108210844,0.20651932260221859,0.4975133526031347,0.06618494753955956,0.06179891330985041,-0.01662403711857779,0.18074198917891693,1.1565457696667854,0.31538931999401515,6.135021089178916,True,6.135021089178916,True,6.135021089178916,True,6.135021089178916,True,6.135021089178916,True,6.135021089178916,True,6.4,False,6.201265816884187,6.135172354875723,True,True,0.75,0.9994291406197636,6.135021089178916,wind_stuck_7_days,2016
8219,US-MOz,US-MOz,2016-08-09,4.98463637,3.6,3.6,0.8299592586194626,0.8299592586194626,0.16485064544787947,0.5296300573476886,0.049242500145533774,0.04430865533278679,-0.09658486641595883,0.8299592586194626,1.1565457696667854,0.31538931999401515,4.429959258619463,True,4.429959258619463,True,4.429959258619463,True,4.429959258619463,True,4.429959258619463,True,4.429959258619463,True,3.6,False,4.222469443964597,4.090314183922466,True,True,0.75,0.5907689791159686,4.429959258619463,wind_stuck_7_days,2016
8220,US-MOz,US-MOz,2016-08-25,3.79032572,4.5,4.5,0.29857816046938124,0.29857816046938124,0.2147851462865452,0.35879663653755683,0.01119524957981376,0.010173311262593403,-0.01662403711857779,-0.29857816046938135,1.1565457696667854,0.31538931999401515,4.798578160469381,True,4.798578160469381,True,4.798578160469381,True,4.798578160469381,True,4.798578160469381,True,4.798578160469381,True,4.5,False,4.723933620352036,4.667079020900914,True,True,0.75,0.5595821899306245,4.798578160469381,wind_stuck_7_days,2016
8221,US-MOz,US-MOz,2016-09-02,5.17997335,4.4,4.4,0.3894939171816446,0.3894939171816446,0.22210347096497665,0.41673897140375954,0.019423306092054133,0.02295352955413371,-0.01662403711857779,0.3894939171816446,1.1565457696667854,0.31538931999401515,4.789493917181645,True,4.789493917181645,True,4.789493917181645,True,4.789493917181645,True,4.789493917181645,True,4.789493917181645,True,4.4,False,4.692120437886234,4.609074624509869,True,True,0.75,0.5367853393519478,4.789493917181645,wind_stuck_7_days,2016
8222,US-MOz,US-MOz,2016-10-04,3.78815832,3.5,3.5,-0.1654477750472311,0.1654477750472311,0.3475469599356602,0.7045403240247124,0.02397842773558146,0.015138241371773747,-0.03953910832468767,-0.16544777504723107,1.1565457696667854,0.31538931999401515,3.334552224952769,True,3.5,False,3.334552224952769,True,3.334552224952769,True,3.334552224952769,True,3.334552224952769,True,3.5,False,3.375914168714577,3.334552224952769,True,True,0.75,1.0,3.334552224952769,wind_stuck_7_days,2016
8223,US-MOz,US-MOz,2016-11-13,0.64729043,0.9,0.9,0.128030305926698,0.128030305926698,0.09397833634112226,0.3800069845355291,0.02429894922646033,0.02582190072491816,-0.024112203490587795,-0.128030305926698,1.1565457696667854,0.31538931999401515,1.028030305926698,True,1.028030305926698,True,1.028030305926698,True,1.028030305926698,True,1.028030305926698,True,1.028030305926698,True,0.9,False,0.9960227294450236,1.028030305926698,True,True,0.75,1.0,1.028030305926698,wind_stuck_7_days,2016
8224,US-MOz,US-MOz,2016-11-29,0.5507532,0.5,0.5,-0.02261678941837449,0.02261678941837449,0.08310388097155853,0.3467466541900004,0.021759479110237682,0.02582190072491816,-0.024112203490587795,-0.022616789418374486,1.1565457696667854,0.31538931999401515,0.47738321058162553,True,0.47738321058162553,True,0.47738321058162553,True,0.47738321058162553,True,0.47738321058162553,True,0.47738321058162553,True,0.5,False,0.48303740793621913,0.47738321058162553,True,True,0.75,1.0,0.47738321058162553,wind_stuck_7_days,2016
8225,US-MOz,US-MOz,2016-12-31,0.22180406,0.5,0.5,-0.0329793011596926,0.0329793011596926,0.05095806689449168,0.2564715928573484,0.021759479110237682,0.02582190072491816,-0.024112203490587795,0.03297930115969261,1.1565457696667854,0.31538931999401515,0.4670206988403074,True,0.4670206988403074,True,0.4670206988403074,True,0.4670206988403074,True,0.4670206988403074,True,0.4670206988403074,True,0.5,False,0.47526552413023054,0.4670206988403074,True,True,0.75,1.0,0.4670206988403074,wind_stuck_7_days,2016
8438,US-Me2,US-Me1,2016-03-22,1.47470642,1.3,1.3,0.40891029571580306,0.40891029571580306,0.12677410084084914,0.43872909596265935,0.034521390117407826,0.038602119016458464,-0.03159576010324227,-0.05949745571580323,1.1565457696667854,0.31538931999401515,1.708910295715803,True,1.708910295715803,True,1.708910295715803,True,1.708910295715803,True,1.708910295715803,True,1.708910295715803,True,1.3,False,1.6066827217868522,1.580255906569524,True,True,0.75,0.6853725853953674,1.708910295715803,wind_stuck_7_days,2016
8439,US-Me2,US-Me1,2016-03-30,1.43660148,3.3,3.3,-1.2217111385312722,1.2217111385312722,0.21474959588003675,0.5540417783089021,0.4732912653742824,0.4062890033928073,-0.042301459551644334,1.2217111385312722,1.1565457696667854,0.31538931999401515,2.0782888614687276,True,2.0782888614687276,True,2.0782888614687276,True,2.0782888614687276,True,2.0782888614687276,True,2.0782888614687276,True,3.3,False,2.3837166461015458,2.708093033171686,True,True,0.75,0.4844901124007905,2.0782888614687276,wind_stuck_7_days,2016
8440,US-Me2,US-Me1,2016-04-07,1.95167665,4.2,4.2,-0.8606631555731621,0.8606631555731621,0.1536689792044937,0.5425762396969245,0.10259896295802468,0.12645292174905728,-0.007653644242519903,0.8606631555731621,1.1565457696667854,0.31538931999401515,3.339336844426838,True,3.339336844426838,True,3.339336844426838,True,3.339336844426838,True,3.339336844426838,True,3.339336844426838,True,4.2,False,3.5545026333201286,3.5384328166972607,True,True,0.75,0.7686714355306243,3.339336844426838,wind_stuck_7_days,2016
8441,US-Me2,US-Me1,2016-04-23,1.54147442,2.0,2.0,0.3247702496960067,0.3247702496960067,0.22253652840096902,0.6302275858156005,0.037174266622669684,0.02582190072491816,-0.030042497326406015,-0.32477024969600676,1.1565457696667854,0.31538931999401515,2.3247702496960065,True,2.3247702496960065,True,2.3247702496960065,True,2.3247702496960065,True,2.3247702496960065,True,2.3247702496960065,True,2.0,False,2.243577687272005,2.1567460455787018,True,True,0.75,0.4826367123387069,2.3247702496960065,wind_stuck_7_days,2016
8442,US-Me2,US-Me1,2016-05-01,1.87693116,4.6,4.6,-1.7087991214485072,1.7087991214485072,0.19569645044005457,0.4910501183737021,0.6381222146606591,0.8194449483761223,0.03283875021418193,1.7087991214485072,1.1565457696667854,0.31538931999401515,2.8912008785514924,True,2.8912008785514924,True,2.8912008785514924,True,2.8912008785514924,True,2.8912008785514924,True,2.8912008785514924,True,2.8912008785514924,True,3.3184006589136192,3.4138051194397097,True,True,0.75,0.6941687092832665,2.8912008785514924,wind_stuck_7_days,2016
8443,US-Me2,US-Me1,2016-05-09,2.63148343,4.3,4.3,-1.8295965746448613,1.8295965746448613,0.2433454524311204,0.5043184767615532,1.048083540464624,1.3031817758267845,0.04077519475187528,1.5074365653551387,1.1565457696667854,0.31538931999401515,2.470403425355139,True,2.470403425355139,True,2.470403425355139,True,2.470403425355139,True,2.470403425355139,True,2.470403425355139,True,2.470403425355139,True,2.927802569016354,2.470403425355139,True,True,0.75,1.0,2.470403425355139,wind_stuck_7_days,2016
8444,US-Me2,US-Me1,2016-05-17,3.2062098,5.4,5.4,-1.8583270713147435,1.8583270713147435,0.18922458326677652,0.3965771493737442,0.9028619949858623,0.9387083055832014,0.037545528910051536,1.8583270713147435,1.1565457696667854,0.31538931999401515,3.541672928685257,True,3.541672928685257,True,3.541672928685257,True,3.541672928685257,True,3.541672928685257,True,3.541672928685257,True,3.541672928685257,True,4.006254696513943,3.789341882215177,True,True,0.75,0.8667247777030458,3.541672928685257,wind_stuck_7_days,2016
8445,US-Me2,US-Me1,2016-06-26,2.79554072,5.6,5.6,-1.2529590779711537,1.2529590779711537,0.20869465829719702,0.4653429991836612,-0.07248372216862285,-0.06011143899129236,-0.011011761178444135,1.2529590779711537,1.1565457696667854,0.31538931999401515,4.347040922028846,True,4.347040922028846,True,4.347040922028846,True,5.6,False,5.6,False,5.6,False,5.6,False,4.660280691521635,5.430085102328864,True,True,0.75,0.13561089157538142,4.347040922028846,wind_stuck_7_days,2016
8446,US-Me2,US-Me1,2016-07-04,3.88562829,5.0,5.0,-1.275490334690984,1.275490334690984,0.28146623904428597,0.3473446558756745,0.15354630047392723,0.12216144350222605,-0.04620119739074466,0.9532530853090158,1.1565457696667854,0.31538931999401515,3.724509665309016,True,3.724509665309016,True,3.724509665309016,True,3.724509665309016,True,3.724509665309016,True,3.724509665309016,True,5.0,False,4.043382248981762,4.565434314758577,True,True,0.75,0.3407048045932124,3.724509665309016,wind_stuck_7_days,2016
8447,US-Me2,US-Me1,2016-07-20,2.39580429,4.4,4.4,-1.4834033225147134,1.4834033225147134,0.30431651352202105,0.4767080535353413,-0.15957724430023015,-0.25883469416370775,-0.0982350593684664,1.4834033225147134,1.1565457696667854,0.31538931999401515,2.9165966774852867,True,2.9165966774852867,True,2.9165966774852867,True,4.4,False,4.4,False,4.4,False,4.4,False,3.2874475081139654,4.048054889854411,True,True,0.75,0.23725517180921515,2.9165966774852867,wind_stuck_7_days,2016
8448,US-Me2,US-Me1,2016-07-28,1.79622441,4.1,4.1,-1.2601900220102216,1.2601900220102216,0.1873538304618442,0.3775449833666615,-0.28855375798107924,-0.24061849605875574,-0.011011761178444135,1.2601900220102216,1.1565457696667854,0.31538931999401515,2.839809977989778,True,2.839809977989778,True,2.839809977989778,True,4.1,False,4.1,False,4.1,False,4.1,False,3.1548574834923335,3.954772789223638,True,True,0.75,0.11524231127040578,2.839809977989778,wind_stuck_7_days,2016
8449,US-Me2,US-Me1,2016-08-05,1.90543015,4.2,4.2,-1.2116064546102132,1.2116064546102132,0.2681570301510928,0.4471565107735508,-0.18982020820802795,-0.12444079326668801,-0.04620119739074466,1.2116064546102132,1.1565457696667854,0.31538931999401515,2.988393545389787,True,2.988393545389787,True,2.988393545389787,True,4.2,False,4.2,False,4.2,False,4.2,False,3.29129515904234,4.055430613050834,True,True,0.75,0.11932041662461738,2.988393545389787,wind_stuck_7_days,2016
8450,US-Me2,US-Me1,2016-08-21,1.70847587,4.4,4.4,-0.21656744987482623,0.21656744987482623,0.1296179249998292,0.46967398786276043,-0.012539091225926273,-0.01238219319899865,-0.011966396186251132,0.21656744987482623,1.1565457696667854,0.31538931999401515,4.183432550125174,True,4.183432550125174,True,4.183432550125174,True,4.4,False,4.4,False,4.4,False,4.4,False,4.23757441259388,4.188706269119188,True,True,0.75,0.9756486074104755,4.183432550125174,wind_stuck_7_days,2016
8451,US-Me2,US-Me1,2016-08-29,1.03359542,3.6,3.6,-1.1957033208566377,1.1957033208566377,0.12152713985322075,0.41088530753353664,-0.08866476903204962,-0.06970240269825037,0.05705668219489996,1.1957033208566377,1.1565457696667854,0.31538931999401515,2.4042966791433624,True,2.4042966791433624,True,2.4042966791433624,True,3.6,False,3.6,False,3.6,False,2.4042966791433624,True,2.7032225093575217,3.1958649119875373,True,True,0.75,0.33798943346826915,2.4042966791433624,wind_stuck_7_days,2016
8452,US-Me2,US-Me1,2016-09-14,0.59974983,2.8,2.8,-0.9435054793445993,0.9435054793445993,0.2371604095832524,0.412265994288364,0.15474927732497437,0.1058865751423011,-0.027324479889855254,0.9435054793445992,1.1565457696667854,0.31538931999401515,1.8564945206554007,True,1.8564945206554007,True,1.8564945206554007,True,1.8564945206554007,True,1.8564945206554007,True,1.8564945206554007,True,2.8,False,2.0923708904915506,2.030222427506139,True,True,0.75,0.8158697425144601,1.8564945206554007,wind_stuck_7_days,2016
8453,US-Me2,US-Me1,2016-09-22,0.5887308,2.4,2.4,-0.11093796277085533,0.11093796277085533,0.19270670085469016,0.5711694183556629,0.028144446696728588,0.02582190072491816,-0.030042497326406015,0.11093796277085533,1.1565457696667854,0.31538931999401515,2.2890620372291446,True,2.2890620372291446,True,2.2890620372291446,True,2.2890620372291446,True,2.2890620372291446,True,2.2890620372291446,True,2.4,False,2.3167965279218583,2.2890620372291446,True,True,0.75,1.0,2.2890620372291446,wind_stuck_7_days,2016
8454,US-Me2,US-Me1,2016-10-08,1.34162653,2.3,2.3,-0.15893662317590532,0.15893662317590532,0.08350101272575464,0.49977522200359326,0.02517984341481147,0.0285457005089365,-0.024112203490587795,0.1589366231759053,1.1565457696667854,0.31538931999401515,2.1410633768240945,True,2.1410633768240945,True,2.1410633768240945,True,2.1410633768240945,True,2.1410633768240945,True,2.1410633768240945,True,2.3,False,2.1807975326180706,2.1410633768240945,True,True,0.75,1.0,2.1410633768240945,wind_stuck_7_days,2016
8455,US-Me2,US-Me1,2016-11-09,0.7803731,1.1,1.1,-0.22521552070127937,0.22521552070127937,0.10437482505881664,0.366770341108579,0.028143797637893944,0.0285457005089365,-0.024112203490587795,0.22521552070127937,1.1565457696667854,0.31538931999401515,0.8747844792987207,True,0.8747844792987207,True,0.8747844792987207,True,0.8747844792987207,True,0.8747844792987207,True,0.8747844792987207,True,1.1,False,0.9310883594740406,0.8876294615575548,True,True,0.75,0.9429658212771603,0.8747844792987207,wind_stuck_7_days,2016
8621,US-Me6,US-Me1,2016-03-06,2.02638454,0.2,0.2,1.161605269989869,1.161605269989869,0.21655512767665558,0.6766229183871616,0.3926431533974058,0.29767899274948584,-0.28669431957468927,1.161605269989869,1.1565457696667854,0.31538931999401515,1.3616052699898689,True,1.3616052699898689,True,1.3616052699898689,True,1.3616052699898689,True,1.3616052699898689,True,1.3616052699898689,True,0.2,False,1.0712039524924017,1.1035783953022418,True,True,0.75,0.7778704338265635,1.3616052699898689,wind_stuck_7_days,2016
8622,US-Me6,US-Me1,2016-03-22,1.77714141,1.4,1.4,0.37951249003086707,0.37951249003086707,0.10890597252924758,0.4242553768197035,0.02429894922646033,0.02582190072491816,-0.024112203490587795,0.3747703299691332,1.1565457696667854,0.31538931999401515,1.779512490030867,True,1.779512490030867,True,1.779512490030867,True,1.779512490030867,True,1.779512490030867,True,1.779512490030867,True,1.4,False,1.68463436752315,1.5438134910729853,True,True,0.75,0.37894270900356547,1.779512490030867,wind_stuck_7_days,2016
8623,US-Me6,US-Me1,2016-03-30,1.179858,1.5,1.5,0.005591833809139068,0.005591833809139068,0.11465742459433609,0.35736426089046597,0.02429894922646033,0.02582190072491816,-0.024112203490587795,-0.00559183380913908,1.1565457696667854,0.31538931999401515,1.505591833809139,True,1.505591833809139,True,1.505591833809139,True,1.505591833809139,True,1.505591833809139,True,1.505591833809139,True,1.5,False,1.5041938753568542,1.505591833809139,True,True,0.75,1.0,1.505591833809139,wind_stuck_7_days,2016
8624,US-Me6,US-Me1,2016-04-07,1.42416792,1.8,1.8,-0.3983348499472516,0.3983348499472516,0.07884831938919186,0.4104951470055081,0.010064024667966338,0.04289742771345706,-0.017839566641077,0.35332931005274865,1.1565457696667854,0.31538931999401515,1.4016651500527484,True,1.4016651500527484,True,1.4016651500527484,True,1.4016651500527484,True,1.4016651500527484,True,1.4016651500527484,True,1.8,False,1.5012488625395615,1.5554177286321216,True,True,0.75,0.6140117325919803,1.4016651500527484,wind_stuck_7_days,2016
8625,US-Me6,US-Me1,2016-04-15,3.00536701,2.6,2.6,-0.6536312610872195,0.6536312610872195,0.21137728810141002,0.45551378838076034,0.1323292757437037,0.1144727044890334,-0.024169326871580146,-0.6536312610872195,1.1565457696667854,0.31538931999401515,1.9463687389127806,True,1.9463687389127806,True,1.9463687389127806,True,1.9463687389127806,True,1.9463687389127806,True,1.9463687389127806,True,2.6,False,2.1097765541845854,2.244456148773396,True,True,0.75,0.5439517238438217,1.9463687389127806,wind_stuck_7_days,2016
8626,US-Me6,US-Me1,2016-04-23,1.69420247,1.1,1.1,1.123576720318844,1.123576720318844,0.20482238132928285,0.6320276805959173,0.08471871637296982,0.10676805665850779,-0.29748903204422006,0.06482821968115582,1.1565457696667854,0.31538931999401515,2.223576720318844,True,2.223576720318844,True,2.223576720318844,True,2.223576720318844,True,2.223576720318844,True,2.223576720318844,True,1.1,False,1.942682540239133,1.9248710557393827,True,True,0.75,0.7341475137588326,2.223576720318844,wind_stuck_7_days,2016
8627,US-Me6,US-Me1,2016-05-17,1.78773692,1.4,1.4,0.23333496814827476,0.23333496814827476,0.17988122767995365,0.35659047734788113,0.027858722928296047,0.027393409637898422,-0.017839566641077,0.23333496814827476,1.1565457696667854,0.31538931999401515,1.6333349681482747,True,1.6333349681482747,True,1.6333349681482747,True,1.6333349681482747,True,1.6333349681482747,True,1.6333349681482747,True,1.4,False,1.575001226111206,1.607905476567044,True,True,0.75,0.8910172282232839,1.6333349681482747,wind_stuck_7_days,2016
8628,US-Me6,US-Me1,2016-06-26,2.2369559,1.3,1.3,-0.05903437557976585,0.05903437557976585,0.21443187008265216,0.5204402698287156,0.008967428662874566,0.01085930519834067,-0.02249720757340366,-0.059034375579765874,1.1565457696667854,0.31538931999401515,1.2409656244202343,True,1.2409656244202343,True,1.2409656244202343,True,1.2409656244202343,True,1.2409656244202343,True,1.2409656244202343,True,1.3,False,1.2557242183151756,1.2409656244202343,True,True,0.75,1.0,1.2409656244202343,wind_stuck_7_days,2016
8629,US-Me6,US-Me1,2016-07-04,1.67480849,2.0,2.0,0.1186494922623798,0.1186494922623798,0.23270407503297227,0.5373167989707716,0.029709836019857154,0.027393409637898422,-0.02249720757340366,-0.11864949226237981,1.1565457696667854,0.31538931999401515,2.1186494922623798,True,2.1186494922623798,True,2.1186494922623798,True,2.1186494922623798,True,2.1186494922623798,True,2.1186494922623798,True,2.0,False,2.088987119196785,2.1186494922623798,True,True,0.75,1.0,2.1186494922623798,wind_stuck_7_days,2016
8630,US-Me6,US-Me1,2016-07-20,1.17535284,1.6,1.6,0.3546163229167967,0.3546163229167967,0.09511642069062039,0.6144615367397266,0.034894158475530006,0.027393409637898422,-0.017839566641077,-0.3546163229167967,1.1565457696667854,0.31538931999401515,1.9546163229167968,True,1.9546163229167968,True,1.9546163229167968,True,1.9546163229167968,True,1.9546163229167968,True,1.9546163229167968,True,1.6,False,1.8659622421875977,1.7550377172200944,True,True,0.75,0.4371984795986692,1.9546163229167968,wind_stuck_7_days,2016
8631,US-Me6,US-Me1,2016-07-28,0.90085095,0.8,0.8,0.03192121366907595,0.03192121366907595,0.14364588416305735,0.388778688173857,0.008822723135245394,0.01081953106878102,-0.015404543874620173,0.03192121366907595,1.1565457696667854,0.31538931999401515,0.831921213669076,True,0.831921213669076,True,0.831921213669076,True,0.831921213669076,True,0.831921213669076,True,0.831921213669076,True,0.8,False,0.823940910251807,0.831921213669076,True,True,0.75,1.0,0.831921213669076,wind_stuck_7_days,2016
8632,US-Me6,US-Me1,2016-08-05,1.01301362,1.6,1.6,-0.03362920579976325,0.03362920579976325,0.10605852521558062,0.41974844142924983,0.005121931192606307,0.01085930519834067,-0.017839566641077,0.03362920579976325,1.1565457696667854,0.31538931999401515,1.5663707942002367,True,1.5663707942002367,True,1.5663707942002367,True,1.5663707942002367,True,1.5663707942002367,True,1.5663707942002367,True,1.6,False,1.5747780956501776,1.5663707942002367,True,True,0.75,1.0,1.5663707942002367,wind_stuck_7_days,2016
8633,US-Me6,US-Me1,2016-08-21,1.01821734,1.9,1.9,0.1360012700512153,0.1360012700512153,0.13804993674503666,0.47132553629894935,0.008967428662874566,0.01085930519834067,-0.017839566641077,-0.1360012700512152,1.1565457696667854,0.31538931999401515,2.0360012700512153,True,2.0360012700512153,True,2.0360012700512153,True,2.0360012700512153,True,2.0360012700512153,True,2.0360012700512153,True,1.9,False,2.0020009525384115,2.0360012700512153,True,True,0.75,1.0,2.0360012700512153,wind_stuck_7_days,2016
8634,US-Me6,US-Me1,2016-08-29,0.54628068,1.9,1.9,-0.6720761739215593,0.6720761739215593,0.1553239186158449,0.4349783361025198,0.0669809279582599,0.0641224068267907,-0.017839566641077,0.6720761739215593,1.1565457696667854,0.31538931999401515,1.2279238260784406,True,1.2279238260784406,True,1.2279238260784406,True,1.2279238260784406,True,1.2279238260784406,True,1.2279238260784406,True,1.9,False,1.3959428695588305,1.5797193910510274,True,True,0.75,0.47655402970192745,1.2279238260784406,wind_stuck_7_days,2016
8635,US-Me6,US-Me1,2016-09-14,0.35607366,0.8,0.8,0.18137817360911143,0.18137817360911143,0.1893899516304215,0.38364265311866674,0.028144446696728588,0.02582190072491816,-0.02249720757340366,-0.1813781736091114,1.1565457696667854,0.31538931999401515,0.9813781736091115,True,0.9813781736091115,True,0.9813781736091115,True,0.9813781736091115,True,0.9813781736091115,True,0.9813781736091115,True,0.8,False,0.9360336302068336,0.9813781736091115,True,True,0.75,1.0,0.9813781736091115,wind_stuck_7_days,2016
8636,US-Me6,US-Me1,2016-09-22,0.3573465,1.0,1.0,0.3707778084606023,0.3707778084606023,0.1488866752573239,0.4884708191907884,0.028144446696728588,0.02582190072491816,-0.024112203490587795,-0.3707778084606024,1.1565457696667854,0.31538931999401515,1.3707778084606024,True,1.3707778084606024,True,1.3707778084606024,True,1.3707778084606024,True,1.3707778084606024,True,1.3707778084606024,True,1.0,False,1.2780833563454517,1.14448640842204,True,True,0.75,0.3896846173775059,1.3707778084606024,wind_stuck_7_days,2016
8788,US-NC3,US-NC2,2016-02-02,0.5166478,0.4,0.4,0.6292146836459266,0.6292146836459266,0.27987578114263884,0.7987069017016488,0.10155464306209097,0.15050945202405344,-0.12893212727475586,-0.39591908364592665,1.1565457696667854,0.31538931999401515,1.0292146836459266,True,1.0292146836459266,True,1.0292146836459266,True,1.0292146836459266,True,1.0292146836459266,True,1.0292146836459266,True,0.4,False,0.8719110127344449,1.0292146836459266,True,True,0.75,1.0,1.0129777341639394,wind_stuck_7_days,2016
8789,US-NC3,US-NC2,2016-02-10,0.77420848,0.9,0.9,-0.05934377353210529,0.05934377353210529,0.12765916991192733,0.47505305352402055,0.028144446696728588,0.02582190072491816,-0.024112203490587795,0.05934377353210529,1.1565457696667854,0.31538931999401515,0.8406562264678947,True,0.8406562264678947,True,0.8406562264678947,True,0.8406562264678947,True,0.8406562264678947,True,0.8406562264678947,True,0.9,False,0.855492169850921,0.8406562264678947,True,True,0.75,1.0,0.8406562264678947,wind_stuck_7_days,2016
8790,US-NC3,US-NC2,2016-05-24,4.79160768,4.5,4.5,-1.3862005003215403,1.3862005003215403,0.2507770804120426,0.4433626636459369,-0.31192382790153994,-0.34167244091858007,-0.08099114766926938,-1.3862005003215403,1.1565457696667854,0.31538931999401515,3.1137994996784597,True,3.1137994996784597,True,3.1137994996784597,True,4.5,False,4.5,False,4.5,False,4.5,False,3.4603496247588446,4.5,True,False,0.75,0.0,3.1137994996784597,wind_stuck_7_days,2016
8791,US-NC3,US-NC2,2016-08-04,3.75368652,3.5,3.5,1.2574059083376956,1.2574059083376956,0.1474562175335859,0.6649226686107602,-0.2256561765780136,-0.24648332640730494,-0.09545825584730727,-0.7500328683376956,1.1565457696667854,0.31538931999401515,4.757405908337695,True,4.757405908337695,True,4.757405908337695,True,3.5,False,3.5,False,3.5,False,3.5,False,4.443054431253271,4.221655683245869,True,True,0.75,0.5739242025670973,4.757405908337695,wind_stuck_7_days,2016
8792,US-NC3,US-NC2,2016-08-20,4.55203349,4.4,4.4,0.6002968951596448,0.6002968951596448,0.28763792377405034,0.69790642165738,0.00148759956584291,0.014966366210415794,-0.0934516629379701,-0.2962299151596448,1.1565457696667854,0.31538931999401515,5.000296895159645,True,5.000296895159645,True,5.000296895159645,True,5.000296895159645,True,5.000296895159645,True,5.000296895159645,True,4.4,False,4.850222671369734,4.65430645617084,True,True,0.75,0.4236344685794319,5.000296895159645,wind_stuck_7_days,2016
8793,US-NC3,US-NC2,2016-10-23,1.54696899,2.0,2.0,-0.28233979058349057,0.28233979058349057,0.13403936723505397,0.4529327177292165,0.028144446696728588,0.0285457005089365,-0.024112203490587795,0.28233979058349057,1.1565457696667854,0.31538931999401515,1.7176602094165094,True,1.7176602094165094,True,1.7176602094165094,True,1.7176602094165094,True,1.7176602094165094,True,1.7176602094165094,True,2.0,False,1.788245157062382,1.8218839809797778,True,True,0.75,0.6308569495363124,1.7176602094165094,wind_stuck_7_days,2016
8794,US-NC3,US-NC2,2016-12-02,0.8432963,0.8,0.8,-0.06482317634765547,0.06482317634765547,0.0992148035503182,0.31195393089021495,0.02429894922646033,0.02582190072491816,-0.024112203490587795,-0.06482317634765547,1.1565457696667854,0.31538931999401515,0.7351768236523446,True,0.7351768236523446,True,0.7351768236523446,True,0.7351768236523446,True,0.7351768236523446,True,0.7351768236523446,True,0.8,False,0.7513826177392584,0.7351768236523446,True,True,0.75,1.0,0.7351768236523446,wind_stuck_7_days,2016
8795,US-NC3,US-NC2,2016-12-10,0.48216245,0.7,0.7,-0.0689773438615999,0.0689773438615999,0.14890355830391658,0.35790260522655465,0.02629333360516748,0.02582190072491816,-0.024112203490587795,0.0689773438615999,1.1565457696667854,0.31538931999401515,0.6310226561384,True,0.6310226561384,True,0.6310226561384,True,0.6310226561384,True,0.6310226561384,True,0.6310226561384,True,0.7,False,0.6482669921038,0.6310226561384,True,True,0.75,1.0,0.5901737038079907,wind_stuck_7_days,2016
8796,US-NC3,US-NC2,2016-12-18,1.53978067,0.4,0.4,0.6104782208446341,0.6104782208446341,0.24412624732940977,0.9276618636144989,0.18472592386625578,0.1998931006076345,-0.10871270183019227,0.6104782208446341,1.1565457696667854,0.31538931999401515,1.0104782208446341,True,1.0104782208446341,True,0.4,False,1.0104782208446341,True,0.4,False,1.0104782208446341,True,0.4,False,0.8578586656334756,1.0104782208446341,True,True,0.75,1.0,1.0104782208446341,wind_stuck_7_days,2016
8897,US-NC4,US-NC4,2016-02-10,0.74795826,1.6,1.6,-0.6968723503736196,0.6968723503736196,0.13669781795089572,0.7013776374566288,0.15792550922713977,0.1144727044890334,-0.024112203490587795,0.6968723503736196,1.1565457696667854,0.31538931999401515,0.9031276496263805,True,0.9031276496263805,True,0.9031276496263805,True,0.9031276496263805,True,0.9031276496263805,True,0.9031276496263805,True,1.6,False,1.0773457372197854,1.1818217982493362,True,True,0.75,0.6000786249109505,0.9031276496263805,wind_stuck_7_days,2016
8898,US-NC4,US-NC4,2016-02-18,0.87849438,2.2,2.2,-1.4108140220868854,1.4108140220868854,0.12330941439896136,0.6510392367284334,0.4017146214057597,0.25384997421970673,-0.10500700270274903,1.2321972179131149,1.1565457696667854,0.31538931999401515,0.7891859779131147,True,0.7891859779131147,True,0.7891859779131147,True,0.7891859779131147,True,0.7891859779131147,True,0.7891859779131147,True,2.2,False,1.141889483434836,0.7891859779131147,True,True,0.75,1.0,0.7891859779131147,wind_stuck_7_days,2016
8899,US-NC4,US-NC4,2016-03-29,2.0183733,3.2,3.2,-0.7608283111553075,0.7608283111553075,0.12141505450707595,0.40689111300929026,0.009477988287126777,0.06518896152609785,-0.014858973460438718,0.7608283111553075,1.1565457696667854,0.31538931999401515,2.439171688844693,True,2.439171688844693,True,2.439171688844693,True,2.439171688844693,True,2.439171688844693,True,2.439171688844693,True,3.2,False,2.6293787666335193,2.64120669907856,True,True,0.75,0.7344538744528584,2.439171688844693,wind_stuck_7_days,2016
8900,US-NC4,US-NC4,2016-05-08,4.70238974,5.4,5.4,-1.7268476728758209,1.7268476728758209,0.18250905825021072,0.38124115249081897,0.5328331506565351,0.7466649291690369,0.07206176037962211,-0.33162715287582034,1.1565457696667854,0.31538931999401515,3.6731523271241793,True,3.6731523271241793,True,3.6731523271241793,True,3.6731523271241793,True,3.6731523271241793,True,3.6731523271241793,True,3.6731523271241793,True,4.104864245343135,4.224246175928851,True,True,0.75,0.6808671329493107,3.6731523271241793,wind_stuck_7_days,2016
8901,US-NC4,US-NC4,2016-05-16,5.6475053,5.8,5.8,-2.6844541101742605,2.6844541101742605,0.23354643108342968,0.7334912748855189,1.041201927248556,0.9387083055832014,-0.22821751390042228,-2.3794647101742603,1.1565457696667854,0.31538931999401515,3.1155458898257393,True,3.1155458898257393,True,3.1155458898257393,True,3.1155458898257393,True,3.1155458898257393,True,3.1155458898257393,True,5.8,False,3.7866594173693047,3.1155458898257393,True,True,0.75,1.0,3.1155458898257393,wind_stuck_7_days,2016
8902,US-NC4,US-NC4,2016-11-16,1.40131273,1.4,1.4,-0.14159758807300307,0.14159758807300307,0.10662916297249764,0.41020268341098143,0.02429894922646033,0.0285457005089365,-0.024112203490587795,-0.14159758807300307,1.1565457696667854,0.31538931999401515,1.2584024119269968,True,1.2584024119269968,True,1.2584024119269968,True,1.2584024119269968,True,1.2584024119269968,True,1.2584024119269968,True,1.4,False,1.2938018089452477,1.2584024119269968,True,True,0.75,1.0,1.2584024119269968,wind_stuck_7_days,2016
8903,US-NC4,US-NC4,2016-12-02,1.02799513,1.1,1.1,-0.10891331666542062,0.10891331666542062,0.10369236778899156,0.2989121371619517,0.02429894922646033,0.02582190072491816,-0.024112203490587795,0.03509642333457938,1.1565457696667854,0.31538931999401515,0.9910866833345795,True,0.9910866833345795,True,0.9910866833345795,True,0.9910866833345795,True,0.9910866833345795,True,0.9910866833345795,True,1.1,False,1.0183150125009346,0.9910866833345795,True,True,0.75,1.0,0.9910866833345795,wind_stuck_7_days,2016
8904,US-NC4,US-NC4,2016-12-10,0.54225624,0.7,0.7,0.11906426366799372,0.11906426366799372,0.16024622273040232,0.43384535738155144,0.028144446696728588,0.02582190072491816,-0.024112203490587795,-0.11906426366799372,1.1565457696667854,0.31538931999401515,0.8190642636679937,True,0.8190642636679937,True,0.8190642636679937,True,0.8190642636679937,True,0.8190642636679937,True,0.8190642636679937,True,0.7,False,0.7892981977509952,0.8190642636679937,True,True,0.75,1.0,0.7557543119124048,wind_stuck_7_days,2016
9097,US-NR1,US-NR1,2016-06-05,2.97913029,5.3,5.3,-2.209002474856049,2.209002474856049,0.23045346262368424,0.4921106244504297,1.1515116373658136,1.3741359180471486,0.04077519475187528,2.209002474856049,1.1565457696667854,0.31538931999401515,3.0909975251439508,True,3.0909975251439508,True,3.0909975251439508,True,3.0909975251439508,True,3.0909975251439508,True,3.0909975251439508,True,3.0909975251439508,True,3.643248143857963,3.0909975251439508,True,True,0.75,1.0,3.0909975251439508,wind_stuck_7_days,2016
9098,US-NR1,US-NR1,2016-06-13,3.37608448,3.9,3.9,-0.6226003445339052,0.6226003445339052,0.29415649698588897,0.5947371857630805,0.09797016554877408,0.06518896152609785,-0.038836404727387384,0.42523069546609493,1.1565457696667854,0.31538931999401515,3.2773996554660947,True,3.2773996554660947,True,3.2773996554660947,True,3.2773996554660947,True,3.2773996554660947,True,3.2773996554660947,True,3.9,False,3.433049741599571,3.533016567465149,True,True,0.75,0.5894366036844778,3.2773996554660947,wind_stuck_7_days,2016
9099,US-NR1,US-NR1,2016-06-21,4.04781506,4.8,4.8,-0.44506481922837693,0.44506481922837693,0.27759417072987075,0.472900167594541,-0.02125659819995529,-0.02993526993795282,-0.034671174549708236,0.44506481922837693,1.1565457696667854,0.31538931999401515,4.354935180771623,True,4.354935180771623,True,4.354935180771623,True,4.8,False,4.8,False,4.8,False,4.8,False,4.466201385578717,4.686996333620625,True,True,0.75,0.2539038393897155,4.354935180771623,wind_stuck_7_days,2016
9100,US-NR1,US-NR1,2016-06-29,3.30081347,4.1,4.1,-0.796232099931798,0.796232099931798,0.21066086902073727,0.4062312150905438,0.002073428220437286,0.007876894225215689,-0.012311285174846564,0.796232099931798,1.1565457696667854,0.31538931999401515,3.303767900068202,True,3.303767900068202,True,3.303767900068202,True,3.303767900068202,True,3.303767900068202,True,3.303767900068202,True,4.1,False,3.502825925051151,3.7187418611161567,True,True,0.75,0.47882789316896435,3.303767900068202,wind_stuck_7_days,2016
9101,US-NR1,US-NR1,2016-07-07,3.28852209,4.7,4.7,-1.2193474528886974,1.2193474528886974,0.13024496083664136,0.38911678536707306,-0.11855219365380851,-0.12914185185800484,0.06188357027548123,1.2193474528886974,1.1565457696667854,0.31538931999401515,3.480652547111303,True,3.480652547111303,True,3.480652547111303,True,4.7,False,4.7,False,4.7,False,3.480652547111303,True,3.785489410333477,4.353406741461362,True,True,0.75,0.2842448702521507,3.480652547111303,wind_stuck_7_days,2016
9102,US-NR1,US-NR1,2016-07-15,2.88949205,3.5,3.5,-0.40024776273464757,0.40024776273464757,0.293004588566158,0.5215625725116524,0.017248101447186876,0.027248838251132314,-0.034671174549708236,0.40024776273464757,1.1565457696667854,0.31538931999401515,3.0997522372653523,True,3.0997522372653523,True,3.0997522372653523,True,3.0997522372653523,True,3.0997522372653523,True,3.0997522372653523,True,3.5,False,3.1998141779490146,3.2896622803779536,True,True,0.75,0.5255187891243603,3.0997522372653523,wind_stuck_7_days,2016
9103,US-NR1,US-NR1,2016-07-23,3.61279872,5.0,5.0,-1.1717443403856984,1.1717443403856984,0.1858304519051593,0.30638898278298987,0.25162499563488994,0.24264720200198112,-0.028154059959614244,1.1717443403856984,1.1565457696667854,0.31538931999401515,3.8282556596143014,True,3.8282556596143014,True,3.8282556596143014,True,3.8282556596143014,True,3.8282556596143014,True,3.8282556596143014,True,5.0,False,4.1211917447107265,4.4000605812373905,True,True,0.75,0.5120053906683513,3.8282556596143014,wind_stuck_7_days,2016
9104,US-NR1,US-NR1,2016-07-31,2.82734314,4.4,4.4,-0.8304559370925386,0.8304559370925386,0.19899366402877774,0.35115413336392765,0.06670621924467403,0.07078424968346186,-0.012311285174846564,0.8304559370925386,1.1565457696667854,0.31538931999401515,3.569544062907462,True,3.569544062907462,True,3.569544062907462,True,3.569544062907462,True,3.569544062907462,True,3.569544062907462,True,4.4,False,3.7771580471805963,3.954923346715683,True,True,0.75,0.5359425267553024,3.569544062907462,wind_stuck_7_days,2016
9105,US-NR1,US-NR1,2016-09-01,3.50486096,3.2,3.2,-0.9989245549771828,0.9989245549771828,0.2392691969471703,0.30720727861353303,0.2041723516599636,0.22273537708644742,-0.026108261877668792,-0.9989245549771828,1.1565457696667854,0.31538931999401515,2.201075445022817,True,2.201075445022817,True,2.201075445022817,True,2.201075445022817,True,2.201075445022817,True,2.201075445022817,True,3.2,False,2.450806583767113,2.4520528513875046,True,True,0.75,0.7487523906443367,2.201075445022817,wind_stuck_7_days,2016
9106,US-NR1,US-NR1,2016-09-09,1.90240844,3.7,3.7,-1.2993823976290866,1.2993823976290866,0.19171702623889642,0.37650819272719105,0.046915036695047076,0.10335074890916886,0.007452050377303728,1.2993823976290866,1.1565457696667854,0.31538931999401515,2.4006176023709136,True,2.4006176023709136,True,2.4006176023709136,True,2.4006176023709136,True,2.4006176023709136,True,2.4006176023709136,True,2.4006176023709136,True,2.7254632017781852,2.9217955677199905,True,True,0.75,0.5989033203004425,2.4006176023709136,wind_stuck_7_days,2016
9107,US-NR1,US-NR1,2016-09-17,1.84191367,3.4,3.4,-1.2897229536314359,1.2897229536314359,0.11875955063683369,0.4256867286156041,-0.020380932585074583,0.08593576856834927,0.05853728401742495,1.2897229536314359,1.1565457696667854,0.31538931999401515,2.110277046368564,True,2.110277046368564,True,2.110277046368564,True,3.4,False,3.4,False,2.110277046368564,True,2.110277046368564,True,2.432707784776423,2.6275806408024396,True,True,0.75,0.5989033203004425,2.110277046368564,wind_stuck_7_days,2016
9108,US-NR1,US-NR1,2016-09-25,0.75768081,3.0,3.0,-1.3522137846807851,1.3522137846807851,0.194023091166159,0.5424675591486141,0.5110932610779197,0.5168573025780059,-0.08686050796173209,1.3522137846807851,1.1565457696667854,0.31538931999401515,1.6477862153192149,True,1.6477862153192149,True,1.6477862153192149,True,1.6477862153192149,True,1.6477862153192149,True,1.6477862153192149,True,3.0,False,1.9858396614894112,2.267533751798288,True,True,0.75,0.5416793235654113,1.6477862153192149,wind_stuck_7_days,2016
9109,US-NR1,US-NR1,2016-10-03,1.10541101,2.8,2.8,-0.9277170250522004,0.9277170250522004,0.1685895671558079,0.7297632362883568,0.2104609181292762,0.1058865751423011,-0.03230098035307851,0.9277170250522004,1.1565457696667854,0.31538931999401515,1.8722829749477994,True,1.8722829749477994,True,1.8722829749477994,True,1.8722829749477994,True,1.8722829749477994,True,1.8722829749477994,True,2.8,False,2.1042122312108495,2.0189235161427757,True,True,0.75,0.84193397637957,1.7805538382881398,wind_stuck_7_days,2016
9110,US-NR1,US-NR1,2016-10-27,0.77149355,2.3,2.3,-0.8041687479429142,0.8041687479429142,0.11299378099250643,0.39806987268406585,0.01515504236777189,0.09366388999430322,-0.03182243149090649,0.8041687479429142,1.1565457696667854,0.31538931999401515,1.4958312520570858,True,1.4958312520570858,True,1.4958312520570858,True,1.4958312520570858,True,1.4958312520570858,True,1.4958312520570858,True,2.3,False,1.6968734390428142,1.7749434499238186,True,True,0.75,0.6529183724427121,1.4958312520570858,wind_stuck_7_days,2016
9111,US-NR1,US-NR1,2016-11-12,0.06752516,1.2,1.2,-0.3264122751943678,0.3264122751943678,0.1064107032103988,0.3030227845404708,0.028143797637893944,0.0285457005089365,-0.024112203490587795,0.3264122751943678,1.1565457696667854,0.31538931999401515,0.8735877248056322,True,0.8735877248056322,True,0.8735877248056322,True,0.8735877248056322,True,0.8735877248056322,True,0.8735877248056322,True,1.2,False,0.9551907936042241,1.042461452633193,True,True,0.75,0.4826367123387069,0.8735877248056322,wind_stuck_7_days,2016
9415,US-Ne1,US-Ne1,2016-02-20,2.28214758,0.9,0.9,0.18622282084225966,0.18622282084225966,0.13258435557221934,0.38618779604510334,0.028144446696728588,0.02582190072491816,-0.024112203490587795,0.1862228208422596,1.1565457696667854,0.31538931999401515,1.0862228208422597,True,1.0862228208422597,True,1.0862228208422597,True,1.0862228208422597,True,1.0862228208422597,True,1.0862228208422597,True,0.9,False,1.0396671156316948,1.0862228208422597,True,True,0.75,1.0,1.0862228208422597,wind_stuck_7_days,2016
9416,US-Ne1,US-Ne1,2016-04-08,0.7496257,1.3,1.3,0.12656706503738788,0.12656706503738788,0.12072557295754498,0.43086402950282016,0.02429894922646033,0.02582190072491816,-0.020732143915264588,-0.1265670650373879,1.1565457696667854,0.31538931999401515,1.4265670650373878,True,1.4265670650373878,True,1.4265670650373878,True,1.4265670650373878,True,1.4265670650373878,True,1.4265670650373878,True,1.3,False,1.394925298778041,1.4265670650373878,True,True,0.75,1.0,1.4265670650373878,wind_stuck_7_days,2016
9417,US-Ne1,US-Ne1,2016-05-02,4.75706861,2.2,2.2,0.2137768797504159,0.2137768797504159,0.13202728725200458,0.5742628883106972,0.028144446696728588,0.02582190072491816,-0.020732143915264588,0.21377687975041582,1.1565457696667854,0.31538931999401515,2.413776879750416,True,2.413776879750416,True,2.413776879750416,True,2.413776879750416,True,2.413776879750416,True,2.413776879750416,True,2.2,False,2.360332659812812,2.413776879750416,True,True,0.75,1.0,2.413776879750416,wind_stuck_7_days,2016
9418,US-Ne1,US-Ne1,2016-05-26,6.06396478,2.6,2.6,0.3800849472038122,0.3800849472038122,0.13499705093173373,0.5031826614717232,0.028144446696728588,0.02582190072491816,-0.011966396186251132,0.38008494720381236,1.1565457696667854,0.31538931999401515,2.9800849472038125,True,2.9800849472038125,True,2.9800849472038125,True,2.9800849472038125,True,2.9800849472038125,True,2.9800849472038125,True,2.6,False,2.8850637104028594,2.74403041954489,True,True,0.75,0.37894270900356547,2.9800849472038125,wind_stuck_7_days,2016
9419,US-Ne1,US-Ne1,2016-06-11,2.96795478,1.6,1.6,0.574256036681153,0.574256036681153,0.31027184050869255,0.5585794456234832,0.013316020485561936,-0.01759610301570338,-0.07019347732331996,0.574256036681153,1.1565457696667854,0.31538931999401515,2.174256036681153,True,2.174256036681153,True,2.174256036681153,True,2.174256036681153,True,2.174256036681153,True,1.6,False,1.6,False,2.030692027510865,2.0064211242032393,True,True,0.75,0.7077350489027567,2.174256036681153,wind_stuck_7_days,2016
9420,US-Ne1,US-Ne1,2016-06-19,7.10375116,5.6,5.6,-0.04914858529240402,0.04914858529240402,0.20113425443196908,0.6113949148614942,0.003126533050879159,-0.015145767112576643,-0.014189014352120962,-0.04914858529240407,1.1565457696667854,0.31538931999401515,5.550851414707596,True,5.550851414707596,True,5.550851414707596,True,5.550851414707596,True,5.550851414707596,True,5.6,False,5.6,False,5.563138561030697,5.550851414707596,True,True,0.75,1.0,5.550851414707596,wind_stuck_7_days,2016
9421,US-Ne1,US-Ne1,2016-06-27,5.37514834,5.1,5.1,0.49993543276057884,0.49993543276057884,0.11120666672819218,0.4988888778448118,-0.026258716178373682,-0.009153158694634265,-0.0070434595478827775,0.050361247239421814,1.1565457696667854,0.31538931999401515,5.599935432760579,True,5.599935432760579,True,5.599935432760579,True,5.1,False,5.1,False,5.1,False,5.1,False,5.474951574570434,5.312141927154301,True,True,0.75,0.42433865105916097,5.599935432760579,wind_stuck_7_days,2016
9422,US-Ne1,US-Ne1,2016-07-05,5.29332745,6.1,6.1,-0.3738158604516022,0.3738158604516022,0.16760532017927376,0.42550382793505837,-0.012539091225926273,-0.01238219319899865,-0.011966396186251132,0.3738158604516022,1.1565457696667854,0.31538931999401515,5.726184139548398,True,5.726184139548398,True,5.726184139548398,True,6.1,False,6.1,False,6.1,False,6.1,False,5.819638104661298,5.9600545735577795,True,True,0.75,0.3743699538942894,5.726184139548398,wind_stuck_7_days,2016
9423,US-Ne1,US-Ne1,2016-08-22,6.28203146,5.8,5.8,-0.1343585134755226,0.1343585134755226,0.2486970598037074,1.1316105413755388,5.2028723710136304e-05,-0.01790924913229536,-0.022295196625490538,-0.13435851347552263,1.1565457696667854,0.31538931999401515,5.6656414865244775,True,5.6656414865244775,True,5.8,False,5.6656414865244775,True,5.8,False,5.8,False,5.8,False,5.699231114893358,5.6656414865244775,True,True,0.75,1.0,5.6656414865244775,wind_stuck_7_days,2016
9424,US-Ne1,US-Ne1,2016-09-23,2.45026787,1.3,1.3,0.09564419168468634,0.09564419168468634,0.2656114182723892,0.7286725593029117,0.038095831820636895,0.027393409637898422,-0.04054434500453411,0.09564419168468641,1.1565457696667854,0.31538931999401515,1.3956441916846865,True,1.3956441916846865,True,1.3956441916846865,True,1.3956441916846865,True,1.3956441916846865,True,1.3956441916846865,True,1.3,False,1.3717331437635147,1.3956441916846865,True,True,0.75,1.0,1.3956441916846865,wind_stuck_7_days,2016
9425,US-Ne1,US-Ne1,2016-10-09,1.47043308,0.5,0.5,0.20063417714745496,0.20063417714745496,0.1271551469051048,0.4083016757139684,0.025604976580505943,0.02582190072491816,-0.020732143915264588,0.2006341771474549,1.1565457696667854,0.31538931999401515,0.7006341771474549,True,0.7006341771474549,True,0.7006341771474549,True,0.7006341771474549,True,0.7006341771474549,True,0.7006341771474549,True,0.5,False,0.6504756328605912,0.7006341771474549,True,True,0.75,1.0,0.7006341771474549,wind_stuck_7_days,2016
9426,US-Ne1,US-Ne1,2016-11-10,0.93855631,0.7,0.7,-0.09326568133195332,0.09326568133195332,0.05912297370999998,0.3282033795645324,0.02429894922646033,0.02582190072491816,-0.024112203490587795,-0.09326568133195334,1.1565457696667854,0.31538931999401515,0.6067343186680466,True,0.6067343186680466,True,0.6067343186680466,True,0.6067343186680466,True,0.6067343186680466,True,0.6067343186680466,True,0.7,False,0.630050739001035,0.6067343186680466,True,True,0.75,1.0,0.6067343186680466,wind_stuck_7_days,2016
9427,US-Ne1,US-Ne1,2016-12-12,0.42776991,0.3,0.3,0.00034094634118137234,0.00034094634118137234,0.09711688987570306,0.3387463898907928,0.014621551246922463,0.019664389578383925,-0.024112203490587795,0.00034094634118136957,1.1565457696667854,0.31538931999401515,0.30034094634118136,True,0.30034094634118136,True,0.30034094634118136,True,0.30034094634118136,True,0.30034094634118136,True,0.30034094634118136,True,0.3,False,0.300255709755886,0.30034094634118136,True,True,0.75,1.0,0.31116784445921064,wind_stuck_7_days,2016
9735,US-Ne2,US-Ne1,2016-02-20,0.92887397,0.4,0.4,0.5102162217750521,0.5102162217750521,0.10064641787602198,0.4304936940145022,0.07127064219209875,0.06728546913825717,-0.06169740366126415,0.5102162217750521,1.1565457696667854,0.31538931999401515,0.9102162217750521,True,0.9102162217750521,True,0.9102162217750521,True,0.9102162217750521,True,0.9102162217750521,True,0.9102162217750521,True,0.4,False,0.7826621663312892,0.7108918676603655,True,True,0.75,0.6093335617177492,0.9102162217750521,wind_stuck_7_days,2016
9736,US-Ne2,US-Ne1,2016-04-08,0.88594287,1.5,1.5,-0.03754205706874899,0.03754205706874899,0.11382323077503191,0.4270121727508389,0.02429894922646033,0.02582190072491816,-0.020732143915264588,0.037542057068749024,1.1565457696667854,0.31538931999401515,1.462457942931251,True,1.462457942931251,True,1.462457942931251,True,1.462457942931251,True,1.462457942931251,True,1.462457942931251,True,1.5,False,1.4718434571984382,1.462457942931251,True,True,0.75,1.0,1.462457942931251,wind_stuck_7_days,2016
9737,US-Ne2,US-Ne1,2016-05-02,2.53369385,1.1,1.1,0.8567944405432371,0.8567944405432371,0.20406243864413529,0.5621474754866892,0.1171222319632102,0.1170750587419529,-0.1233038879248404,0.8567944405432371,1.1565457696667854,0.31538931999401515,1.9567944405432371,True,1.9567944405432371,True,1.9567944405432371,True,1.9567944405432371,True,1.9567944405432371,True,1.9567944405432371,True,1.1,False,1.7425958304074278,1.8700673834111627,True,True,0.75,0.898777287727163,1.9567944405432371,wind_stuck_7_days,2016
9738,US-Ne2,US-Ne1,2016-05-26,4.54839505,1.4,1.4,0.7983456197214738,0.7983456197214738,0.3042703920963148,0.6766436940738138,0.05380569325932276,0.07011551535737362,-0.1420537289532711,0.798345619721474,1.1565457696667854,0.31538931999401515,2.198345619721474,True,2.198345619721474,True,2.198345619721474,True,2.198345619721474,True,2.198345619721474,True,2.198345619721474,True,1.4,False,1.9987592147911053,2.1101144760926553,True,True,0.75,0.8894825230460961,2.198345619721474,wind_stuck_7_days,2016
9739,US-Ne2,US-Ne1,2016-06-11,2.26704334,2.3,2.3,0.27391321633082844,0.27391321633082844,0.28798972561632535,0.6256543400631152,0.01754421060470342,0.01081953106878102,-0.04107080041915443,-0.27391321633082844,1.1565457696667854,0.31538931999401515,2.573913216330828,True,2.573913216330828,True,2.573913216330828,True,2.573913216330828,True,2.573913216330828,True,2.573913216330828,True,2.3,False,2.505434912248121,2.4282334672539614,True,True,0.75,0.4681536326421107,2.573913216330828,wind_stuck_7_days,2016
9740,US-Ne2,US-Ne1,2016-06-19,5.26694911,3.8,3.8,0.24087979866212378,0.24087979866212378,0.07196083408157786,0.5213560361549119,-0.015648400035472562,-0.015145767112576643,-0.009531373419794304,0.24087979866212383,1.1565457696667854,0.31538931999401515,4.040879798662123,True,4.040879798662123,True,4.040879798662123,True,3.8,False,3.8,False,3.8,False,3.8,False,3.9806598489965928,3.991033962183405,True,True,0.75,0.7930675932329367,4.040879798662123,wind_stuck_7_days,2016
9741,US-Ne2,US-Ne1,2016-06-27,3.38556821,3.6,3.6,-0.008643410388891515,0.008643410388891515,0.22807991166404287,0.4807911129975092,-0.00613065536247914,-0.009432769681927702,-0.01662403711857779,0.00864341038889152,1.1565457696667854,0.31538931999401515,3.5913565896111086,True,3.5913565896111086,True,3.5913565896111086,True,3.6,False,3.6,False,3.6,False,3.6,False,3.5935174422083316,3.5913565896111086,True,True,0.75,1.0,3.5913565896111086,wind_stuck_7_days,2016
9742,US-Ne2,US-Ne1,2016-07-05,4.96969071,5.0,5.0,-0.06195063630938717,0.06195063630938717,0.18224815092168398,0.47410647809604534,-0.012539091225926273,-0.015105992983016993,-0.011966396186251132,-0.0013320563093873056,1.1565457696667854,0.31538931999401515,4.938049363690613,True,4.938049363690613,True,4.938049363690613,True,5.0,False,5.0,False,5.0,False,5.0,False,4.95353702276796,4.938049363690613,True,True,0.75,1.0,4.938049363690613,wind_stuck_7_days,2016
9743,US-Ne2,US-Ne1,2016-08-22,8.35065142,5.9,5.9,-0.14249131359200845,0.14249131359200845,0.24932560061404072,1.1441501102507934,-0.0036885652442856885,-0.01790924913229536,-0.022295196625490538,-0.1424913135920085,1.1565457696667854,0.31538931999401515,5.757508686407992,True,5.757508686407992,True,5.9,False,5.9,False,5.9,False,5.9,False,5.9,False,5.793131514805994,5.757508686407992,True,True,0.75,1.0,5.757508686407992,wind_stuck_7_days,2016
9744,US-Ne2,US-Ne1,2016-09-23,4.78126713,3.8,3.8,-0.2962350416885452,0.2962350416885452,0.28019573366639144,0.5530329344663846,0.010871158026507611,0.014468619959592002,-0.034671174549708236,-0.2962350416885453,1.1565457696667854,0.31538931999401515,3.5037649583114545,True,3.5037649583114545,True,3.5037649583114545,True,3.5037649583114545,True,3.5037649583114545,True,3.5037649583114545,True,3.8,False,3.577823718733591,3.652995173161008,True,True,0.75,0.4962438812135858,3.5037649583114545,wind_stuck_7_days,2016
9745,US-Ne2,US-Ne1,2016-10-09,1.24687612,0.8,0.8,0.06588438243413561,0.06588438243413561,0.13468833006198627,0.40741713780423855,0.028144446696728588,0.02582190072491816,-0.020732143915264588,0.06588438243413564,1.1565457696667854,0.31538931999401515,0.8658843824341357,True,0.8658843824341357,True,0.8658843824341357,True,0.8658843824341357,True,0.8658843824341357,True,0.8658843824341357,True,0.8,False,0.8494132868256018,0.8658843824341357,True,True,0.75,1.0,0.8658843824341357,wind_stuck_7_days,2016
9746,US-Ne2,US-Ne1,2016-11-10,0.8984206,0.4,0.4,0.08467826756370478,0.08467826756370478,0.09273709138928855,0.34592789437010607,0.014621551246922463,0.019664389578383925,-0.024112203490587795,0.08467826756370478,1.1565457696667854,0.31538931999401515,0.4846782675637048,True,0.4846782675637048,True,0.4846782675637048,True,0.4846782675637048,True,0.4846782675637048,True,0.4846782675637048,True,0.4,False,0.4635087006727786,0.4846782675637048,True,True,0.75,1.0,0.4846782675637048,wind_stuck_7_days,2016
10039,US-Ne3,US-Ne1,2016-02-20,0.99673643,0.5,0.5,0.4287084572192074,0.4287084572192074,0.10447931876732931,0.39986522225890175,0.03587517490600219,0.038602119016458464,-0.03159576010324227,0.4287084572192074,1.1565457696667854,0.31538931999401515,0.9287084572192075,True,0.9287084572192075,True,0.9287084572192075,True,0.9287084572192075,True,0.9287084572192075,True,0.9287084572192075,True,0.5,False,0.8215313429144055,0.8146034421226405,True,True,0.75,0.7338400650253031,0.9287084572192075,wind_stuck_7_days,2016
10040,US-Ne3,US-Ne1,2016-02-28,0.90935139,0.0,0.0,1.459513502785374,1.459513502785374,0.1870922886281846,1.0468445378673041,0.519942131582779,0.4884175223181632,-0.5654346666788056,0.3591892772146259,1.1565457696667854,0.31538931999401515,1.459513502785374,True,1.459513502785374,True,0.0,False,1.459513502785374,True,0.0,False,1.459513502785374,True,0.0,False,1.0946351270890307,0.7400124271913228,True,True,0.75,0.5070267769219425,1.459513502785374,wind_stuck_7_days,2016
10041,US-Ne3,US-Ne1,2016-04-08,0.7886752,1.3,1.3,0.14555802380712515,0.14555802380712515,0.12924183213105048,0.44834014683421675,0.028144446696728588,0.02582190072491816,-0.024112203490587795,-0.14555802380712513,1.1565457696667854,0.31538931999401515,1.4455580238071253,True,1.4455580238071253,True,1.4455580238071253,True,1.4455580238071253,True,1.4455580238071253,True,1.4455580238071253,True,1.3,False,1.409168517855344,1.4455580238071253,True,True,0.75,1.0,1.4455580238071253,wind_stuck_7_days,2016
10042,US-Ne3,US-Ne1,2016-05-02,2.38776544,0.4,0.4,1.1475867429239393,1.1475867429239393,0.2084339567659459,0.6498926161547642,0.1976896353394458,0.2275742749308078,-0.27998797777763484,1.1475867429239393,1.1565457696667854,0.31538931999401515,1.5475867429239392,True,1.5475867429239392,True,1.5475867429239392,True,1.5475867429239392,True,1.5475867429239392,True,1.5475867429239392,True,0.4,False,1.2606900571929545,1.2876036035474947,True,True,0.75,0.7734522980685252,1.5475867429239392,wind_stuck_7_days,2016
10043,US-Ne3,US-Ne1,2016-05-10,2.68608611,1.4,1.4,0.6134445989613309,0.6134445989613309,0.22118895182155487,0.4816406704789859,0.10199712719180205,0.09898696740993279,-0.08127769596166556,0.6134445989613309,1.1565457696667854,0.31538931999401515,2.013444598961331,True,2.013444598961331,True,2.013444598961331,True,2.013444598961331,True,2.013444598961331,True,2.013444598961331,True,1.4,False,1.860083449220998,2.013444598961331,True,True,0.75,1.0,2.013444598961331,wind_stuck_7_days,2016
10044,US-Ne3,US-Ne1,2016-05-26,3.12197038,1.3,1.3,0.8499008778632016,0.8499008778632016,0.3160774135572619,0.7033605922354134,0.07861298227288953,0.0823382005053715,-0.1420537289532711,0.8499008778632016,1.1565457696667854,0.31538931999401515,2.1499008778632014,True,2.1499008778632014,True,2.1499008778632014,True,2.1499008778632014,True,2.1499008778632014,True,2.1499008778632014,True,1.3,False,1.9374256583974012,2.07181862038513,True,True,0.75,0.908127807004525,2.1499008778632014,wind_stuck_7_days,2016
10045,US-Ne3,US-Ne1,2016-06-11,1.70130283,3.2,3.2,-0.18822004013774404,0.18822004013774404,0.2761430281446916,0.6804183426688122,-0.014647560681351302,-0.025331410190315498,-0.035197629964328556,0.18822004013774407,1.1565457696667854,0.31538931999401515,3.011779959862256,True,3.011779959862256,True,3.011779959862256,True,3.2,False,3.2,False,3.2,False,3.2,False,3.0588349698966923,3.035733228104488,True,True,0.75,0.8727379495578552,3.011779959862256,wind_stuck_7_days,2016
10046,US-Ne3,US-Ne1,2016-06-27,4.03634527,3.4,3.4,0.05814680272566734,0.05814680272566734,0.22475706908816662,0.49694078993609264,-0.00613065536247914,-0.009432769681927702,-0.01662403711857779,0.0581468027256673,1.1565457696667854,0.31538931999401515,3.4581468027256674,True,3.4581468027256674,True,3.4581468027256674,True,3.4,False,3.4,False,3.4,False,3.4,False,3.4436101020442504,3.4581468027256674,True,True,0.75,1.0,3.4581468027256674,wind_stuck_7_days,2016
10047,US-Ne3,US-Ne1,2016-08-22,8.65224813,5.9,5.9,-0.09274884682971422,0.09274884682971422,0.24452368617158388,1.1015625015552897,5.2028723710136304e-05,-0.020633048916313703,-0.01662403711857779,-0.09274884682971418,1.1565457696667854,0.31538931999401515,5.807251153170286,True,5.807251153170286,True,5.9,False,5.807251153170286,True,5.9,False,5.9,False,5.9,False,5.830438364877715,5.807251153170286,True,True,0.75,1.0,5.807251153170286,wind_stuck_7_days,2016
10048,US-Ne3,US-Ne1,2016-09-23,5.16474872,3.8,3.8,-0.3394044875427999,0.3394044875427999,0.2534116006355357,0.5234008851331018,0.010871158026507611,0.014468619959592002,-0.022295196625490538,-0.33940448754279995,1.1565457696667854,0.31538931999401515,3.4605955124572,True,3.4605955124572,True,3.4605955124572,True,3.4605955124572,True,3.4605955124572,True,3.4605955124572,True,3.8,False,3.5454466343429,3.641312370233305,True,True,0.75,0.4675472352046728,3.4605955124572,wind_stuck_7_days,2016
10049,US-Ne3,US-Ne1,2016-10-09,1.03492814,1.1,1.1,-0.09280847713673894,0.09280847713673894,0.1336904287848466,0.4177181607316488,0.028144446696728588,0.02582190072491816,-0.020732143915264588,0.03733524286326102,1.1565457696667854,0.31538931999401515,1.007191522863261,True,1.007191522863261,True,1.007191522863261,True,1.007191522863261,True,1.007191522863261,True,1.007191522863261,True,1.1,False,1.030393642147446,1.007191522863261,True,True,0.75,1.0,1.007191522863261,wind_stuck_7_days,2016
10050,US-Ne3,US-Ne1,2016-11-10,0.7482219,0.5,0.5,0.033294811356478056,0.033294811356478056,0.08873521736585,0.31646770862678936,0.021759479110237682,0.02582190072491816,-0.024112203490587795,0.03329481135647805,1.1565457696667854,0.31538931999401515,0.533294811356478,True,0.533294811356478,True,0.533294811356478,True,0.533294811356478,True,0.533294811356478,True,0.533294811356478,True,0.5,False,0.5249711085173585,0.533294811356478,True,True,0.75,1.0,0.533294811356478,wind_stuck_7_days,2016
10206,US-Ro1,US-Ro1,2016-02-29,3.03217019,0.3,0.3,0.6031663641614998,0.6031663641614998,0.1140724173414949,0.2850972271845414,0.16119646028012952,0.1998931006076345,-0.08289269187884969,0.6031663641614999,1.1565457696667854,0.31538931999401515,0.9031663641614998,True,0.9031663641614998,True,0.9031663641614998,True,0.9031663641614998,True,0.9031663641614998,True,0.9031663641614998,True,0.3,False,0.7523747731211248,0.9031663641614998,True,True,0.75,1.0,0.9031663641614998,wind_stuck_7_days,2016
10207,US-Ro1,US-Ro1,2016-04-01,4.11239067,0.9,0.9,0.7466600550842059,0.7466600550842059,0.157558504309723,0.40538217318218567,0.10199712719180205,0.08941322594352774,-0.09827188090258586,0.746660055084206,1.1565457696667854,0.31538931999401515,1.6466600550842059,True,1.6466600550842059,True,1.6466600550842059,True,1.6466600550842059,True,1.6466600550842059,True,1.6466600550842059,True,0.9,False,1.4599950413131544,1.6466600550842059,True,True,0.75,1.0,1.6466600550842059,wind_stuck_7_days,2016
10208,US-Ro1,US-Ro1,2016-04-02,2.79100252,0.5,0.5,0.6991576820919682,0.6991576820919682,0.1909494211538005,0.580117901282182,0.16700997405828605,0.17508973032947123,-0.1042021747384041,0.6991576820919683,1.1565457696667854,0.31538931999401515,1.1991576820919683,True,1.1991576820919683,True,1.1991576820919683,True,1.1991576820919683,True,1.1991576820919683,True,1.1991576820919683,True,0.5,False,1.0243682615689762,1.1625878819351763,True,True,0.75,0.9476944885345884,1.2066446914895357,wind_stuck_7_days,2016
10209,US-Ro1,US-Ro1,2016-04-10,1.43612332,0.6,0.6,0.8624370306626021,0.8624370306626021,0.145699088206902,0.5360152025629381,0.1171222319632102,0.1170750587419529,-0.11737359408902216,0.8098096093373981,1.1565457696667854,0.31538931999401515,1.4624370306626022,True,1.4624370306626022,True,1.4624370306626022,True,1.4624370306626022,True,1.4624370306626022,True,1.4624370306626022,True,0.6,False,1.2468277729969515,1.3751388152544015,True,True,0.75,0.898777287727163,1.4624370306626022,wind_stuck_7_days,2016
10210,US-Ro1,US-Ro1,2016-05-04,1.32611634,1.2,1.2,0.4137967015266167,0.4137967015266167,0.13119568237254747,0.4321216039913594,0.034521390117407826,0.038602119016458464,-0.025323123253731476,-0.16156402152661659,1.1565457696667854,0.31538931999401515,1.6137967015266166,True,1.6137967015266166,True,1.6137967015266166,True,1.6137967015266166,True,1.6137967015266166,True,1.6137967015266166,True,1.2,False,1.5103475261449626,1.481186520383379,True,True,0.75,0.6795281821870497,1.6137967015266166,wind_stuck_7_days,2016
10211,US-Ro1,US-Ro1,2016-06-20,2.67922357,1.6,1.6,1.2633478330316887,1.2633478330316887,0.24918489812061956,0.5458208120083856,-0.23682041447525617,-0.2612370583066047,-0.2068749621391114,0.8950993069683111,1.1565457696667854,0.31538931999401515,2.863347833031689,True,2.863347833031689,True,2.863347833031689,True,1.6,False,1.6,False,1.6,False,1.6,False,2.5475108747737667,2.2160114902549166,True,True,0.75,0.4876024434036171,2.863347833031689,wind_stuck_7_days,2016
10212,US-Ro1,US-Ro1,2016-06-21,2.48696572,2.3,2.3,-0.9674549866166029,0.9674549866166029,0.15924698309842875,0.4661972165008942,-0.11483522139181918,0.01917326301030962,-0.03518154116653878,-0.9674549866166029,1.1565457696667854,0.31538931999401515,1.332545013383397,True,1.332545013383397,True,1.332545013383397,True,2.3,False,2.3,False,1.332545013383397,True,2.3,False,1.5744087600375476,2.032627264631797,True,True,0.75,0.27636710654959,1.332545013383397,wind_stuck_7_days,2016
10213,US-Ro1,US-Ro1,2016-07-06,6.03646913,4.0,4.0,0.3425059304385015,0.3425059304385015,0.21863497538112597,0.5059063978940853,0.014611751994503434,0.01174482017557366,-0.01662403711857779,0.3425059304385014,1.1565457696667854,0.31538931999401515,4.342505930438501,True,4.342505930438501,True,4.342505930438501,True,4.342505930438501,True,4.342505930438501,True,4.342505930438501,True,4.0,False,4.256879447828876,4.160137700817725,True,True,0.75,0.4675472352046728,4.342505930438501,wind_stuck_7_days,2016
10214,US-Ro1,US-Ro1,2016-07-15,5.06258225,4.0,4.0,0.08053762514153616,0.08053762514153616,0.2570917145367442,0.41226258905198543,0.008503589599825098,0.012414441587755405,-0.022295196625490538,0.08053762514153617,1.1565457696667854,0.31538931999401515,4.080537625141536,True,4.080537625141536,True,4.080537625141536,True,4.080537625141536,True,4.080537625141536,True,4.080537625141536,True,4.0,False,4.060403218856152,4.080537625141536,True,True,0.75,1.0,4.080537625141536,wind_stuck_7_days,2016
10215,US-Ro1,US-Ro1,2016-07-22,4.40346424,5.5,5.5,0.1500248942767449,0.1500248942767449,0.2250838524169736,0.44605280545484965,-0.012539091225926273,-0.015105992983016993,-0.01662403711857779,-0.1500248942767448,1.1565457696667854,0.31538931999401515,5.650024894276745,True,5.650024894276745,True,5.650024894276745,True,5.5,False,5.5,False,5.5,False,5.5,False,5.6125186707075585,5.650024894276745,True,True,0.75,1.0,5.650024894276745,wind_stuck_7_days,2016
10216,US-Ro1,US-Ro1,2016-08-07,4.62360947,3.3,3.3,0.8065174455466483,0.8065174455466483,0.1261317330206666,0.5696390492615235,0.049242500145533774,0.04430865533278679,-0.09658486641595883,0.8065174455466483,1.1565457696667854,0.31538931999401515,4.106517445546648,True,4.106517445546648,True,4.106517445546648,True,4.106517445546648,True,4.106517445546648,True,4.106517445546648,True,3.3,False,3.9048880841599862,3.963918313235435,True,True,0.75,0.8231915092492996,4.106517445546648,wind_stuck_7_days,2016
10217,US-Ro1,US-Ro1,2016-08-15,3.85573716,4.1,4.1,0.9943030629951071,0.9943030629951071,0.1873790182360528,0.5982297584717162,0.017097476855824262,-0.03261437476386435,-0.15264787192839274,-0.9943030629951071,1.1565457696667854,0.31538931999401515,5.094303062995107,True,5.094303062995107,True,5.094303062995107,True,5.094303062995107,True,5.094303062995107,True,4.1,False,4.1,False,4.84572729724633,4.66587097967915,True,True,0.75,0.5691131816235139,5.094303062995107,wind_stuck_7_days,2016
10218,US-Ro1,US-Ro1,2016-08-16,4.30937144,3.5,3.5,1.0670704608137547,1.0670704608137547,0.16981991036992963,0.5477822811306668,0.031716427160595924,0.027801460301316326,-0.15902814733627196,0.5516724191862445,1.1565457696667854,0.31538931999401515,4.5670704608137545,True,4.5670704608137545,True,4.5670704608137545,True,4.5670704608137545,True,4.5670704608137545,True,4.5670704608137545,True,3.5,False,4.300302845610316,4.049736233991545,True,True,0.75,0.5151826933455846,4.5670704608137545,wind_stuck_7_days,2016
10219,US-Ro1,US-Ro1,2016-08-23,3.8163193,3.7,3.7,0.9668462992325718,0.9668462992325718,0.22831890487105524,0.5156083792630684,-0.008425253247475579,-0.04123896906447831,-0.15264787192839274,-0.7342076992325722,1.1565457696667854,0.31538931999401515,4.666846299232572,True,4.666846299232572,True,4.666846299232572,True,3.7,False,3.7,False,3.7,False,3.7,False,4.425134724424429,4.301157166385462,True,True,0.75,0.6217711821027045,4.666846299232572,wind_stuck_7_days,2016
10220,US-Ro1,US-Ro1,2016-08-31,2.85396402,3.4,3.4,0.09407565940143962,0.09407565940143962,0.11967000915801315,0.34447124359044534,0.017525001478075276,0.010173311262593403,-0.011966396186251132,-0.09407565940143958,1.1565457696667854,0.31538931999401515,3.4940756594014397,True,3.4940756594014397,True,3.4940756594014397,True,3.4940756594014397,True,3.4940756594014397,True,3.4940756594014397,True,3.4,False,3.4705567445510797,3.4940756594014397,True,True,0.75,1.0,3.4940756594014397,wind_stuck_7_days,2016
10221,US-Ro1,US-Ro1,2016-09-01,2.88769588,3.2,3.2,0.2720512936885409,0.2720512936885409,0.11586317164879742,0.2586312703502291,0.017525001478075276,0.010173311262593403,-0.014858973460438718,-0.27205129368854086,1.1565457696667854,0.31538931999401515,3.472051293688541,True,3.472051293688541,True,3.472051293688541,True,3.472051293688541,True,3.472051293688541,True,3.472051293688541,True,3.2,False,3.4040384702664057,3.383127475254916,True,True,0.75,0.6731358368932071,3.472051293688541,wind_stuck_7_days,2016
10222,US-Ro1,US-Ro1,2016-09-08,5.19008026,3.4,3.4,0.49041784568047586,0.49041784568047586,0.12366932591894259,0.34975202406376255,0.017572193000493026,0.02295352955413371,-0.02234253007309319,0.49041784568047575,1.1565457696667854,0.31538931999401515,3.8904178456804757,True,3.8904178456804757,True,3.8904178456804757,True,3.8904178456804757,True,3.8904178456804757,True,3.8904178456804757,True,3.4,False,3.7678133842603567,3.63664966309965,True,True,0.75,0.48254700595425604,3.8904178456804757,wind_stuck_7_days,2016
10223,US-Ro1,US-Ro1,2016-09-16,2.29357234,2.1,2.1,0.2748562503217542,0.2748562503217542,0.2237109543520626,0.5218943892705723,0.028144446696728588,0.02582190072491816,-0.030042497326406015,0.11228842967824537,1.1565457696667854,0.31538931999401515,2.3748562503217543,True,2.3748562503217543,True,2.3748562503217543,True,2.3748562503217543,True,2.3748562503217543,True,2.3748562503217543,True,2.1,False,2.3061421877413157,2.2850155920856627,True,True,0.75,0.6731358368932071,2.3748562503217543,wind_stuck_7_days,2016
10224,US-Ro1,US-Ro1,2016-10-02,0.9078137,1.3,1.3,0.06112281200528695,0.06112281200528695,0.1487096145430612,0.6914821602219868,0.04027103646550416,0.02582190072491816,-0.024112203490587795,-0.061122812005286964,1.1565457696667854,0.31538931999401515,1.361122812005287,True,1.361122812005287,True,1.361122812005287,True,1.361122812005287,True,1.361122812005287,True,1.361122812005287,True,1.3,False,1.3458421090039652,1.361122812005287,True,True,0.75,1.0,1.361122812005287,wind_stuck_7_days,2016
10225,US-Ro1,US-Ro1,2016-10-03,1.24523985,1.1,1.1,0.21399383897974725,0.21399383897974725,0.18242589070959897,0.4637804985641011,0.028144446696728588,0.02582190072491816,-0.024112203490587795,0.07648586102025243,1.1565457696667854,0.31538931999401515,1.3139938389797474,True,1.3139938389797474,True,1.3139938389797474,True,1.3139938389797474,True,1.3139938389797474,True,1.3139938389797474,True,1.1,False,1.2604953792348106,1.3139938389797474,True,True,0.75,1.0,1.3139938389797474,wind_stuck_7_days,2016
10226,US-Ro1,US-Ro1,2016-10-11,0.80392677,0.4,0.4,0.4263977290980298,0.4263977290980298,0.1313249054048326,0.5608285454881164,0.06976877070403906,0.06340548929462171,-0.03159576010324227,0.38145581090197017,1.1565457696667854,0.31538931999401515,0.8263977290980298,True,0.8263977290980298,True,0.8263977290980298,True,0.8263977290980298,True,0.8263977290980298,True,0.8263977290980298,True,0.4,False,0.7197982968235224,0.7768680563358512,True,True,0.75,0.8838416122268051,0.8263977290980298,wind_stuck_7_days,2016
10227,US-Ro1,US-Ro1,2016-10-18,1.45449347,0.3,0.3,0.4473483536845884,0.4473483536845884,0.1177428455292847,0.4648724222440264,0.0659232732337708,0.06340548929462171,-0.03159576010324227,0.44734835368458836,1.1565457696667854,0.31538931999401515,0.7473483536845884,True,0.7473483536845884,True,0.7473483536845884,True,0.7473483536845884,True,0.7473483536845884,True,0.7473483536845884,True,0.3,False,0.6355112652634414,0.6497493699994878,True,True,0.75,0.7818277794447533,0.7473483536845884,wind_stuck_7_days,2016
10228,US-Ro1,US-Ro1,2016-11-03,0.74950096,0.2,0.2,0.21377190366162518,0.21377190366162518,0.10553652472209069,0.43884351340639294,0.014615242199861116,0.028540473015139393,-0.01209580599890227,0.21377190366162518,1.1565457696667854,0.31538931999401515,0.4137719036616252,True,0.4137719036616252,True,0.4137719036616252,True,0.4137719036616252,True,0.4137719036616252,True,0.4137719036616252,True,0.2,False,0.3603289277462189,0.4137719036616252,True,True,0.75,1.0,0.4137719036616252,wind_stuck_7_days,2016
10229,US-Ro1,US-Ro1,2016-11-04,0.64945841,0.5,0.5,0.12069665697349682,0.12069665697349682,0.08850946209037024,0.2650229837364326,0.021759479110237682,0.02582190072491816,-0.024112203490587795,0.12069665697349682,1.1565457696667854,0.31538931999401515,0.6206966569734969,True,0.6206966569734969,True,0.6206966569734969,True,0.6206966569734969,True,0.6206966569734969,True,0.6206966569734969,True,0.5,False,0.5905224927301226,0.6206966569734969,True,True,0.75,1.0,0.6206966569734969,wind_stuck_7_days,2016
10230,US-Ro1,US-Ro1,2016-11-11,0.61276268,0.2,0.2,0.24337288497546816,0.24337288497546816,0.07478102173398238,0.27739820589961856,0.014615242199861116,0.028540473015139393,-0.01209580599890227,0.24337288497546816,1.1565457696667854,0.31538931999401515,0.4433728849754682,True,0.4433728849754682,True,0.4433728849754682,True,0.4433728849754682,True,0.4433728849754682,True,0.4433728849754682,True,0.2,False,0.38252966373160113,0.4433728849754682,True,True,0.75,1.0,0.4433728849754682,wind_stuck_7_days,2016
10231,US-Ro1,US-Ro1,2016-11-12,0.81827302,0.4,0.4,0.37655444380049696,0.37655444380049696,0.08325757612349673,0.36898615700254134,0.05954632981309156,0.0506252710030814,-0.024112203490587795,0.37655444380049696,1.1565457696667854,0.31538931999401515,0.776554443800497,True,0.776554443800497,True,0.776554443800497,True,0.776554443800497,True,0.776554443800497,True,0.776554443800497,True,0.4,False,0.6824158328503728,0.5988136332331426,True,True,0.75,0.5279811100529103,0.776554443800497,wind_stuck_7_days,2016
10232,US-Ro2,US-Ro1,2016-02-29,2.64476447,0.3,0.3,0.6031663641614998,0.6031663641614998,0.1140724173414949,0.2850972271845414,0.16119646028012952,0.1998931006076345,-0.08289269187884969,0.6031663641614999,1.1565457696667854,0.31538931999401515,0.9031663641614998,True,0.9031663641614998,True,0.9031663641614998,True,0.9031663641614998,True,0.9031663641614998,True,0.9031663641614998,True,0.3,False,0.7523747731211248,0.9031663641614998,True,True,0.75,1.0,0.9031663641614998,wind_stuck_7_days,2016
10233,US-Ro2,US-Ro1,2016-04-01,3.69865243,1.2,1.2,0.39817091053924836,0.39817091053924836,0.15812849781117916,0.4232494101163627,0.034521390117407826,0.038602119016458464,-0.024112203490587795,0.39817091053924836,1.1565457696667854,0.31538931999401515,1.5981709105392483,True,1.5981709105392483,True,1.5981709105392483,True,1.5981709105392483,True,1.5981709105392483,True,1.5981709105392483,True,1.2,False,1.4986281829044361,1.4567618114853687,True,True,0.75,0.6448532644879373,1.5981709105392483,wind_stuck_7_days,2016
10234,US-Ro2,US-Ro1,2016-04-10,1.9837907,1.4,1.4,0.19664767496234065,0.19664767496234065,0.1447682383012205,0.469461432624988,0.028144446696728588,0.02582190072491816,-0.020732143915264588,0.19664767496234065,1.1565457696667854,0.31538931999401515,1.5966476749623406,True,1.5966476749623406,True,1.5966476749623406,True,1.5966476749623406,True,1.5966476749623406,True,1.5966476749623406,True,1.4,False,1.5474857562217554,1.5966476749623406,True,True,0.75,1.0,1.5966476749623406,wind_stuck_7_days,2016
10235,US-Ro2,US-Ro1,2016-05-03,6.42386046,4.0,4.0,-0.12302987007981739,0.12302987007981739,0.25883797047792756,0.6301497820657465,0.023249226319429495,0.014468619959592002,-0.022295196625490538,-0.12302987007981736,1.1565457696667854,0.31538931999401515,3.8769701299201826,True,3.8769701299201826,True,3.8769701299201826,True,3.8769701299201826,True,3.8769701299201826,True,3.8769701299201826,True,4.0,False,3.907727597440137,3.8769701299201826,True,True,0.75,1.0,3.8769701299201826,wind_stuck_7_days,2016
10236,US-Ro2,US-Ro1,2016-05-04,5.89070798,4.4,4.4,-1.3984458100507353,1.3984458100507353,0.22131002510968875,0.4857967696569814,-0.07001041705983821,-0.09510153162409325,-0.024505368092701287,-1.3984458100507355,1.1565457696667854,0.31538931999401515,3.001554189949265,True,3.001554189949265,True,3.001554189949265,True,4.4,False,4.4,False,4.4,False,4.4,False,3.351165642461949,3.8060461564956602,True,True,0.75,0.42472424690005806,3.001554189949265,wind_stuck_7_days,2016
10237,US-Ro2,US-Ro1,2016-06-20,7.21011937,6.3,6.3,-0.2622802392199605,0.2622802392199605,0.2081332563952307,0.5917872584414721,0.014611751994503434,0.014468619959592002,-0.01662403711857779,-0.2622802392199606,1.1565457696667854,0.31538931999401515,6.037719760780039,True,6.037719760780039,True,6.037719760780039,True,6.037719760780039,True,6.037719760780039,True,6.037719760780039,True,6.3,False,6.1032898205850294,6.114181864957011,True,True,0.75,0.7084717308312061,6.037719760780039,wind_stuck_7_days,2016
10238,US-Ro2,US-Ro1,2016-06-21,7.30894585,6.2,6.2,-1.0937164511735018,1.0937164511735018,0.2309697515265114,0.5036452975446087,0.026348027124068495,0.14862846387994166,-0.028154059959614244,-1.0937164511735018,1.1565457696667854,0.31538931999401515,5.106283548826498,True,5.106283548826498,True,5.106283548826498,True,5.106283548826498,True,5.106283548826498,True,5.106283548826498,True,6.2,False,5.379712661619874,5.398497876330766,True,True,0.75,0.7328244197198128,5.106283548826498,wind_stuck_7_days,2016
10239,US-Ro2,US-Ro1,2016-06-28,3.81167084,4.3,4.3,0.6203343755980935,0.6203343755980935,0.24814965075484857,0.5279758565882254,0.041531747728010535,0.04970322444699722,-0.08107568501375244,-0.6203343755980935,1.1565457696667854,0.31538931999401515,4.9203343755980935,True,4.9203343755980935,True,4.9203343755980935,True,4.9203343755980935,True,4.9203343755980935,True,4.9203343755980935,True,4.3,False,4.76525078169857,4.5631291253929565,True,True,0.75,0.4241730520564194,4.9203343755980935,wind_stuck_7_days,2016
10240,US-Ro2,US-Ro1,2016-07-06,5.16387624,4.4,4.4,0.40742721728071285,0.40742721728071285,0.20560417463476854,0.4694841458462178,0.0209886954151827,0.02452503846711397,-0.011701100480209439,0.40742721728071285,1.1565457696667854,0.31538931999401515,4.807427217280713,True,4.807427217280713,True,4.807427217280713,True,4.807427217280713,True,4.807427217280713,True,4.807427217280713,True,4.4,False,4.705570412960535,4.6675674116736445,True,True,0.75,0.6567244413848108,4.807427217280713,wind_stuck_7_days,2016
10241,US-Ro2,US-Ro1,2016-07-15,4.49306648,4.1,4.1,0.12511378268400994,0.12511378268400994,0.2509355266550991,0.40620742066063703,0.008503589599825098,0.012414441587755405,-0.022295196625490538,0.12511378268400997,1.1565457696667854,0.31538931999401515,4.2251137826840095,True,4.2251137826840095,True,4.2251137826840095,True,4.2251137826840095,True,4.2251137826840095,True,4.2251137826840095,True,4.1,False,4.193835337013007,4.2251137826840095,True,True,0.75,1.0,4.2251137826840095,wind_stuck_7_days,2016
10242,US-Ro2,US-Ro1,2016-07-22,4.29072773,5.3,5.3,0.13177700702775347,0.13177700702775347,0.22956632262894863,0.47575659057756453,-0.012539091225926273,-0.015105992983016993,-0.01662403711857779,-0.13177700702775352,1.1565457696667854,0.31538931999401515,5.431777007027753,True,5.431777007027753,True,5.431777007027753,True,5.3,False,5.3,False,5.3,False,5.3,False,5.398832755270815,5.431777007027753,True,True,0.75,1.0,5.431777007027753,wind_stuck_7_days,2016
10243,US-Ro2,US-Ro1,2016-08-08,0.2029731,4.0,4.0,0.6050076504270083,0.6050076504270083,0.22040948092160387,0.6253541692044225,0.05390981602093241,0.04970322444699722,-0.06210171489052458,-0.6050076504270083,1.1565457696667854,0.31538931999401515,4.605007650427009,True,4.605007650427009,True,4.605007650427009,True,4.605007650427009,True,4.605007650427009,True,4.605007650427009,True,4.0,False,4.453755737820257,4.267430489459045,True,True,0.75,0.4420282772792958,4.605007650427009,wind_stuck_7_days,2016
10244,US-Ro2,US-Ro1,2016-08-16,3.25967308,3.1,3.1,1.0170649296648828,1.0170649296648828,0.13406270486207425,0.5731004069740249,0.00806765692988313,-0.03261437476386435,-0.1479902309960661,-0.6977187696648834,1.1565457696667854,0.31538931999401515,4.117064929664883,True,4.117064929664883,True,4.117064929664883,True,4.117064929664883,True,4.117064929664883,True,3.1,False,3.1,False,3.862798697248662,3.875542928335009,True,True,0.75,0.7625304006800687,4.117064929664883,wind_stuck_7_days,2016
10245,US-Ro2,US-Ro1,2016-08-23,3.70643626,3.9,3.9,0.9640962494576062,0.9640962494576062,0.24507921520661743,0.5049665997433701,-0.008425253247475579,-0.04123896906447831,-0.15802932011825832,-0.9640962494576062,1.1565457696667854,0.31538931999401515,4.8640962494576065,True,4.8640962494576065,True,4.8640962494576065,True,3.9,False,3.9,False,3.9,False,3.9,False,4.6230721870932046,4.499447264686039,True,True,0.75,0.6217711821027045,4.8640962494576065,wind_stuck_7_days,2016
10246,US-Ro2,US-Ro1,2016-08-31,4.16683436,3.2,3.2,0.03902148808477045,0.03902148808477045,0.1339291195333973,0.3042362879211959,0.01119524957981376,0.010173311262593403,-0.011966396186251132,0.03902148808477046,1.1565457696667854,0.31538931999401515,3.2390214880847705,True,3.2390214880847705,True,3.2390214880847705,True,3.2390214880847705,True,3.2390214880847705,True,3.2390214880847705,True,3.2,False,3.229266116063578,3.2390214880847705,True,True,0.75,1.0,3.2390214880847705,wind_stuck_7_days,2016
10247,US-Ro2,US-Ro1,2016-09-01,3.3808932,2.9,2.9,0.2129068803584498,0.2129068803584498,0.17019549532262393,0.2896672287596046,0.02629333360516748,0.02582190072491816,-0.014858973460438718,0.2129068803584498,1.1565457696667854,0.31538931999401515,3.11290688035845,True,3.11290688035845,True,3.11290688035845,True,3.11290688035845,True,3.11290688035845,True,3.11290688035845,True,2.9,False,3.0596801602688375,3.11290688035845,True,True,0.75,1.0,3.11290688035845,wind_stuck_7_days,2016
10248,US-Ro2,US-Ro1,2016-09-08,4.29382061,3.1,3.1,0.4109170494395224,0.4109170494395224,0.1329278149306014,0.3444403658425766,0.017572193000493026,0.02295352955413371,-0.02234253007309319,0.41091704943952245,1.1565457696667854,0.31538931999401515,3.5109170494395223,True,3.5109170494395223,True,3.5109170494395223,True,3.5109170494395223,True,3.5109170494395223,True,3.5109170494395223,True,3.1,False,3.4081877870796418,3.379229715635305,True,True,0.75,0.6795281821870497,3.5109170494395223,wind_stuck_7_days,2016
10249,US-Ro2,US-Ro1,2016-09-16,2.38226188,2.4,2.4,0.25206063980001386,0.25206063980001386,0.20518097926939835,0.5036448125113153,0.028144446696728588,0.02582190072491816,-0.030042497326406015,-0.25206063980001386,1.1565457696667854,0.31538931999401515,2.652060639800014,True,2.652060639800014,True,2.652060639800014,True,2.652060639800014,True,2.652060639800014,True,2.652060639800014,True,2.4,False,2.5890454798500104,2.598648824979177,True,True,0.75,0.7880993444148436,2.652060639800014,wind_stuck_7_days,2016
10250,US-Ro2,US-Ro1,2016-10-02,1.80122644,1.8,1.8,-0.04018799333433455,0.04018799333433455,0.1660307458984881,0.674249155700039,0.04027103646550416,0.02582190072491816,-0.024112203490587795,-0.04018799333433455,1.1565457696667854,0.31538931999401515,1.7598120066656655,True,1.7598120066656655,True,1.7598120066656655,True,1.7598120066656655,True,1.7598120066656655,True,1.7598120066656655,True,1.8,False,1.769859004999249,1.7598120066656655,True,True,0.75,1.0,1.7598120066656655,wind_stuck_7_days,2016
10251,US-Ro2,US-Ro1,2016-10-03,3.08564121,2.1,2.1,-0.07573368959522114,0.07573368959522114,0.11136006585009377,0.46574625199462966,0.02517984341481147,0.02582190072491816,-0.024112203490587795,-0.0757336895952212,1.1565457696667854,0.31538931999401515,2.024266310404779,True,2.024266310404779,True,2.024266310404779,True,2.024266310404779,True,2.024266310404779,True,2.024266310404779,True,2.1,False,2.043199732803584,2.024266310404779,True,True,0.75,1.0,2.024266310404779,wind_stuck_7_days,2016
10252,US-Ro2,US-Ro1,2016-10-11,2.61784658,1.7,1.7,-0.25483948634639175,0.25483948634639175,0.20547200536001473,0.5706754108569685,0.028144446696728588,0.0285457005089365,-0.030042497326406015,-0.25483948634639186,1.1565457696667854,0.31538931999401515,1.445160513653608,True,1.445160513653608,True,1.445160513653608,True,1.445160513653608,True,1.445160513653608,True,1.445160513653608,True,1.7,False,1.5088703852402061,1.5115762947971425,True,True,0.75,0.7393819062511435,1.445160513653608,wind_stuck_7_days,2016
10253,US-Ro2,US-Ro1,2016-10-18,2.39306921,1.3,1.3,-0.053337500957453966,0.053337500957453966,0.15134442064152379,0.4402947279095876,0.028144446696728588,0.02582190072491816,-0.024112203490587795,-0.05333750095745393,1.1565457696667854,0.31538931999401515,1.2466624990425461,True,1.2466624990425461,True,1.2466624990425461,True,1.2466624990425461,True,1.2466624990425461,True,1.2466624990425461,True,1.3,False,1.2599968742819097,1.2466624990425461,True,True,0.75,1.0,1.2466624990425461,wind_stuck_7_days,2016
10254,US-Ro2,US-Ro1,2016-11-03,1.22559132,0.8,0.8,-0.02744782911695054,0.02744782911695054,0.11468969984356492,0.37105136080326473,0.02429894922646033,0.02582190072491816,-0.024112203490587795,-0.02744782911695054,1.1565457696667854,0.31538931999401515,0.7725521708830495,True,0.7725521708830495,True,0.7725521708830495,True,0.7725521708830495,True,0.7725521708830495,True,0.7725521708830495,True,0.8,False,0.7794141281622872,0.7725521708830495,True,True,0.75,1.0,0.7725521708830495,wind_stuck_7_days,2016
10255,US-Ro2,US-Ro1,2016-11-04,1.2580203,1.0,1.0,-0.026932535657649886,0.026932535657649886,0.0864604742912808,0.29507552639743173,0.02429894922646033,0.02582190072491816,-0.024112203490587795,-0.02693253565764986,1.1565457696667854,0.31538931999401515,0.9730674643423501,True,0.9730674643423501,True,0.9730674643423501,True,0.9730674643423501,True,0.9730674643423501,True,0.9730674643423501,True,1.0,False,0.9798005982567626,0.9730674643423501,True,True,0.75,1.0,0.9730674643423501,wind_stuck_7_days,2016
10256,US-Ro2,US-Ro1,2016-11-11,1.1069113,0.7,0.7,-0.014304649006981484,0.014304649006981484,0.11620995637799963,0.2922426366145764,0.02429894922646033,0.02582190072491816,-0.024112203490587795,-0.014304649006981474,1.1565457696667854,0.31538931999401515,0.6856953509930185,True,0.6856953509930185,True,0.6856953509930185,True,0.6856953509930185,True,0.6856953509930185,True,0.6856953509930185,True,0.7,False,0.6892715132447639,0.6856953509930185,True,True,0.75,1.0,0.6856953509930185,wind_stuck_7_days,2016
10257,US-Ro2,US-Ro1,2016-11-12,1.13417928,0.8,0.8,0.18051582927818138,0.18051582927818138,0.0961627796525198,0.32971498929223275,0.02429894922646033,0.02582190072491816,-0.024112203490587795,0.18051582927818138,1.1565457696667854,0.31538931999401515,0.9805158292781815,True,0.9805158292781815,True,0.9805158292781815,True,0.9805158292781815,True,0.9805158292781815,True,0.9805158292781815,True,0.8,False,0.935386871958636,0.9805158292781815,True,True,0.75,1.0,0.9805158292781815,wind_stuck_7_days,2016
10346,US-Ro4,US-Ro1,2016-04-02,0.87359409,0.4,0.4,0.8078544002755382,0.8078544002755382,0.18911940186797996,0.609988022313633,0.21379864472951904,0.2153322482580618,-0.1266839475001636,0.1393337797244617,1.1565457696667854,0.31538931999401515,1.2078544002755383,True,1.2078544002755383,True,1.2078544002755383,True,1.2078544002755383,True,1.2078544002755383,True,1.2078544002755383,True,0.4,False,1.0058908002066538,1.1784842637245085,True,True,0.75,0.9636442698820328,1.217413116697026,wind_stuck_7_days,2016
10347,US-Ro4,US-Ro1,2016-05-04,0.84880728,2.4,2.4,0.5938280634128594,0.5938280634128594,0.16436668529956475,0.4271713600483234,0.10199712719180205,0.09898696740993279,-0.06331724441302378,-0.5938280634128597,1.1565457696667854,0.31538931999401515,2.9938280634128596,True,2.9938280634128596,True,2.9938280634128596,True,2.9938280634128596,True,2.9938280634128596,True,2.9938280634128596,True,2.4,False,2.8453710475596443,2.9938280634128596,True,True,0.75,1.0,2.9938280634128596,wind_stuck_7_days,2016
10348,US-Ro4,US-Ro1,2016-09-08,2.8464954,3.1,3.1,0.41373281095372594,0.41373281095372594,0.13641201441142228,0.35672525827595647,0.017572193000493026,0.02295352955413371,-0.02234253007309319,-0.41373281095372594,1.1565457696667854,0.31538931999401515,3.513732810953726,True,3.513732810953726,True,3.513732810953726,True,3.513732810953726,True,3.513732810953726,True,3.513732810953726,True,3.1,False,3.4102996082152943,3.381143104938524,True,True,0.75,0.6795281821870497,3.513732810953726,wind_stuck_7_days,2016
10349,US-Ro4,US-Ro1,2016-10-11,0.55409814,0.3,0.3,0.48434887079716776,0.48434887079716776,0.12424189359358892,0.5603020679550152,0.06976877070403906,0.06340548929462171,-0.03159576010324227,0.023847409202832293,1.1565457696667854,0.31538931999401515,0.7843488707971678,True,0.7843488707971678,True,0.7843488707971678,True,0.7843488707971678,True,0.7843488707971678,True,0.7843488707971678,True,0.3,False,0.6632616530978759,0.6246451806672886,True,True,0.75,0.6702713689266372,0.7843488707971678,wind_stuck_7_days,2016
10350,US-Ro4,US-Ro1,2016-10-18,0.9214065,1.0,1.0,0.08270861966520063,0.08270861966520063,0.13329789634495848,0.48853437739935773,0.028144446696728588,0.02582190072491816,-0.024112203490587795,-0.08270861966520063,1.1565457696667854,0.31538931999401515,1.0827086196652007,True,1.0827086196652007,True,1.0827086196652007,True,1.0827086196652007,True,1.0827086196652007,True,1.0827086196652007,True,1.0,False,1.0620314647489004,1.0827086196652007,True,True,0.75,1.0,1.0827086196652007,wind_stuck_7_days,2016
10351,US-Ro4,US-Ro1,2016-11-11,0.20936009,0.6,0.6,0.04410427326669795,0.04410427326669795,0.10748189680975197,0.28559541469044947,0.02429894922646033,0.02582190072491816,-0.024112203490587795,-0.04410427326669797,1.1565457696667854,0.31538931999401515,0.644104273266698,True,0.644104273266698,True,0.644104273266698,True,0.644104273266698,True,0.644104273266698,True,0.644104273266698,True,0.6,False,0.6330782049500234,0.644104273266698,True,True,0.75,1.0,0.644104273266698,wind_stuck_7_days,2016
10352,US-Ro4,US-Ro1,2016-11-12,0.39275299,0.4,0.4,0.3769039958288715,0.3769039958288715,0.08678466874474282,0.37064931028103454,0.05954632981309156,0.0506252710030814,-0.024112203490587795,-0.3769039958288715,1.1565457696667854,0.31538931999401515,0.7769039958288715,True,0.7769039958288715,True,0.7769039958288715,True,0.7769039958288715,True,0.7769039958288715,True,0.7769039958288715,True,0.4,False,0.6826779968716536,0.598998190101105,True,True,0.75,0.5279811100529103,0.7769039958288715,wind_stuck_7_days,2016
10500,US-Rwf,US-Rwe,2016-02-23,0.30703025,0.4,0.4,0.356547370057529,0.356547370057529,0.06538806691431098,0.3036431269213664,0.05954632981309156,0.0506252710030814,-0.024112203490587795,-0.356547370057529,1.1565457696667854,0.31538931999401515,0.756547370057529,True,0.756547370057529,True,0.756547370057529,True,0.756547370057529,True,0.756547370057529,True,0.756547370057529,True,0.4,False,0.6674105275431468,0.6112849902017191,True,True,0.75,0.5925860290811519,0.756547370057529,wind_stuck_7_days,2016
10501,US-Rwf,US-Rwe,2016-04-10,1.03129282,1.5,1.5,0.15029874260892784,0.15029874260892784,0.0957833402831213,0.2620191949096681,0.02429894922646033,0.02582190072491816,-0.017839566641077,-0.15029874260892784,1.1565457696667854,0.31538931999401515,1.650298742608928,True,1.650298742608928,True,1.650298742608928,True,1.650298742608928,True,1.650298742608928,True,1.650298742608928,True,1.5,False,1.6127240569566959,1.650298742608928,True,True,0.75,1.0,1.650298742608928,wind_stuck_7_days,2016
10502,US-Rwf,US-Rwe,2016-04-19,1.55595021,2.0,2.0,-0.08743846389997975,0.08743846389997975,0.13355004738630227,0.3840236358786112,0.028144446696728588,0.02582190072491816,-0.017839566641077,0.08743846389997978,1.1565457696667854,0.31538931999401515,1.9125615361000203,True,1.9125615361000203,True,1.9125615361000203,True,1.9125615361000203,True,1.9125615361000203,True,1.9125615361000203,True,2.0,False,1.9344211520750152,1.9125615361000203,True,True,0.75,1.0,1.9125615361000203,wind_stuck_7_days,2016
10503,US-Rwf,US-Rwe,2016-05-12,3.93049757,2.7,2.7,-0.476249030421873,0.476249030421873,0.22737449988624903,0.4355024993913153,0.003990515656841366,0.012661312062219817,-0.01662403711857779,-0.47624903042187294,1.1565457696667854,0.31538931999401515,2.223750969578127,True,2.223750969578127,True,2.223750969578127,True,2.223750969578127,True,2.223750969578127,True,2.223750969578127,True,2.7,False,2.3428132271835955,2.4809893508225276,True,True,0.75,0.4598658163849018,2.223750969578127,wind_stuck_7_days,2016
10504,US-Rwf,US-Rwe,2016-05-13,3.51146434,3.0,3.0,-0.5460640136731703,0.5460640136731703,0.10933446132842706,0.3779586772558664,0.07145956676496032,0.05791041489879806,-0.011966396186251132,-0.5460640136731703,1.1565457696667854,0.31538931999401515,2.4539359863268295,True,2.4539359863268295,True,2.4539359863268295,True,2.4539359863268295,True,2.4539359863268295,True,2.4539359863268295,True,3.0,False,2.590451989745122,2.7793685306615066,True,True,0.75,0.4040395701126452,2.4539359863268295,wind_stuck_7_days,2016
10505,US-Rwf,US-Rwe,2016-05-28,2.72580333,2.8,2.8,-0.49118088155272754,0.49118088155272754,0.29841494874367175,0.6613881451905739,0.04515798503368105,0.045205898644112265,-0.037798756010984785,-0.3427875415527283,1.1565457696667854,0.31538931999401515,2.308819118447272,True,2.308819118447272,True,2.308819118447272,True,2.308819118447272,True,2.308819118447272,True,2.308819118447272,True,2.8,False,2.431614338835454,2.584920034726195,True,True,0.75,0.43788342207842296,2.308819118447272,wind_stuck_7_days,2016
10506,US-Rwf,US-Rwe,2016-06-13,5.09440836,3.1,3.1,-0.459061838161898,0.459061838161898,0.20282128310421974,0.5114499922793032,-0.017660709759588635,-0.029975044067512474,-0.014189014352120962,-0.45906183816189783,1.1565457696667854,0.31538931999401515,2.6409381618381023,True,2.6409381618381023,True,2.6409381618381023,True,3.1,False,3.1,False,3.1,False,3.1,False,2.7557036213785766,2.8977178688572143,True,True,0.75,0.4406424458036664,2.6409381618381023,wind_stuck_7_days,2016
10507,US-Rwf,US-Rwe,2016-06-22,4.55927752,2.8,2.8,-0.5243605263451662,0.5243605263451662,0.16971942650595404,0.5365705052923169,-0.030783031561585437,-0.005960854253050001,-0.011966396186251132,-0.5243605263451663,1.1565457696667854,0.31538931999401515,2.2756394736548335,True,2.2756394736548335,True,2.2756394736548335,True,2.8,False,2.8,False,2.8,False,2.8,False,2.406729605241125,2.6216075483273227,True,True,0.75,0.3402095365875203,2.2756394736548335,wind_stuck_7_days,2016
10508,US-Rwf,US-Rwe,2016-06-29,4.44524698,3.6,3.6,-0.748699608308886,0.748699608308886,0.19751541334365813,0.5707139186370829,-0.09818104944951253,-0.10555642175344353,-0.014189014352120962,-0.7486996083088862,1.1565457696667854,0.31538931999401515,2.851300391691114,True,2.851300391691114,True,2.851300391691114,True,3.6,False,3.6,False,3.6,False,3.6,False,3.0384752937683355,3.480644026670697,True,True,0.75,0.1594177050511572,2.851300391691114,wind_stuck_7_days,2016
10509,US-Rwf,US-Rwe,2016-06-30,4.59573699,1.8,1.8,-0.041108660158145995,0.041108660158145995,0.1691231941810488,0.3891767192759368,0.008822723135245394,0.01081953106878102,-0.015404543874620173,-0.04110866015814585,1.1565457696667854,0.31538931999401515,1.758891339841854,True,1.758891339841854,True,1.758891339841854,True,1.758891339841854,True,1.758891339841854,True,1.758891339841854,True,1.8,False,1.7691685048813905,1.758891339841854,True,True,0.75,1.0,1.758891339841854,wind_stuck_7_days,2016
10510,US-Rwf,US-Rwe,2016-07-07,4.03866345,3.3,3.3,-1.2835641449039552,1.2835641449039552,0.22035485378694677,0.5122274113661112,-0.29032859773121855,-0.18997442331929654,-0.022990605069357718,-1.2835641449039552,1.1565457696667854,0.31538931999401515,2.0164358550960446,True,2.0164358550960446,True,2.0164358550960446,True,3.3,False,3.3,False,3.3,False,3.3,False,2.3373268913220335,3.3,True,False,0.75,0.0,2.0164358550960446,wind_stuck_7_days,2016
10511,US-Rwf,US-Rwe,2016-07-15,3.81971559,2.5,2.5,0.24099730781433393,0.24099730781433393,0.23532899395400683,0.45964606228645905,0.008822723135245394,0.01081953106878102,-0.020062184806946833,0.24099730781433393,1.1565457696667854,0.31538931999401515,2.740997307814334,True,2.740997307814334,True,2.740997307814334,True,2.740997307814334,True,2.740997307814334,True,2.740997307814334,True,2.5,False,2.6807479808607506,2.6746146724124444,True,True,0.75,0.7245503030555386,2.740997307814334,wind_stuck_7_days,2016
10512,US-Rwf,US-Rwe,2016-07-16,4.09233007,2.6,2.6,-0.42566243673882936,0.42566243673882936,0.14321690435663,0.5279016144718038,0.003990515656841366,0.012661312062219817,-0.011966396186251132,-0.4256624367388293,1.1565457696667854,0.31538931999401515,2.1743375632611706,True,2.1743375632611706,True,2.1743375632611706,True,2.1743375632611706,True,2.1743375632611706,True,2.1743375632611706,True,2.6,False,2.280753172445878,2.351162603239078,True,True,0.75,0.5845885736767495,2.1743375632611706,wind_stuck_7_days,2016
10513,US-Rwf,US-Rwe,2016-07-23,3.36006672,1.7,1.7,-0.05471178096681334,0.05471178096681334,0.12094375703925231,0.4978463064004555,0.005121931192606307,0.01085930519834067,-0.017839566641077,-0.054711780966813395,1.1565457696667854,0.31538931999401515,1.6452882190331866,True,1.6452882190331866,True,1.6452882190331866,True,1.6452882190331866,True,1.6452882190331866,True,1.6452882190331866,True,1.7,False,1.6589661642748899,1.6452882190331866,True,True,0.75,1.0,1.6452882190331866,wind_stuck_7_days,2016
10514,US-Rwf,US-Rwe,2016-07-24,2.83206299,2.0,2.0,-0.3721111336757871,0.3721111336757871,0.14256596894585186,0.40716116310265094,0.008967428662874566,0.013583104982359014,-0.017839566641077,-0.3721111336757872,1.1565457696667854,0.31538931999401515,1.6278888663242128,True,1.6278888663242128,True,1.6278888663242128,True,1.6278888663242128,True,1.6278888663242128,True,1.6278888663242128,True,2.0,False,1.7209166497431596,1.8549940152516409,True,True,0.75,0.3896846173775059,1.6278888663242128,wind_stuck_7_days,2016
10515,US-Rwf,US-Rwe,2016-07-31,2.38805623,1.6,1.6,0.01815133305494538,0.01815133305494538,0.15911716057615022,0.42477220167361346,0.008822723135245394,0.01081953106878102,-0.015404543874620173,0.01815133305494543,1.1565457696667854,0.31538931999401515,1.6181513330549455,True,1.6181513330549455,True,1.6181513330549455,True,1.6181513330549455,True,1.6181513330549455,True,1.6181513330549455,True,1.6,False,1.613613499791209,1.6181513330549455,True,True,0.75,1.0,1.6181513330549455,wind_stuck_7_days,2016
10516,US-Rwf,US-Rwe,2016-08-01,2.84010616,2.0,2.0,-0.42949744354233743,0.42949744354233743,0.15791002877615412,0.4326590485463301,0.003990515656841366,0.012661312062219817,-0.017839566641077,-0.42949744354233754,1.1565457696667854,0.31538931999401515,1.5705025564576625,True,1.5705025564576625,True,1.5705025564576625,True,1.5705025564576625,True,1.5705025564576625,True,1.5705025564576625,True,2.0,False,1.677876917343247,1.7614970945827506,True,True,0.75,0.5553069267424853,1.5705025564576625,wind_stuck_7_days,2016
10517,US-Rwf,US-Rwe,2016-08-08,1.69104266,1.4,1.4,-0.026266057875473904,0.026266057875473904,0.18467058817047,0.48854005751880347,0.008967428662874566,0.01085930519834067,-0.017839566641077,-0.026266057875473925,1.1565457696667854,0.31538931999401515,1.373733942124526,True,1.373733942124526,True,1.373733942124526,True,1.373733942124526,True,1.373733942124526,True,1.373733942124526,True,1.4,False,1.3803004565933945,1.373733942124526,True,True,0.75,1.0,1.373733942124526,wind_stuck_7_days,2016
10518,US-Rwf,US-Rwe,2016-08-09,2.07438426,1.8,1.8,0.2856652222729482,0.2856652222729482,0.24084573172816945,0.6553739290696532,0.03637208751911574,0.02806303105008017,-0.02249720757340366,0.26310329772705165,1.1565457696667854,0.31538931999401515,2.085665222272948,True,2.085665222272948,True,2.085665222272948,True,2.085665222272948,True,2.085665222272948,True,2.085665222272948,True,1.8,False,2.014248916704711,1.9761222235614904,True,True,0.75,0.6165336548850476,2.085665222272948,wind_stuck_7_days,2016
10519,US-Rwf,US-Rwe,2016-08-16,1.25104797,1.1,1.1,0.15652207940900334,0.15652207940900334,0.14916450004119083,0.4120554757996543,0.008822723135245394,0.01081953106878102,-0.015404543874620173,0.14557386059099628,1.1565457696667854,0.31538931999401515,1.2565220794090035,True,1.2565220794090035,True,1.2565220794090035,True,1.2565220794090035,True,1.2565220794090035,True,1.2565220794090035,True,1.1,False,1.2173915595567526,1.2565220794090035,True,True,0.75,1.0,1.2565220794090035,wind_stuck_7_days,2016
10520,US-Rwf,US-Rwe,2016-08-24,2.38421244,2.0,2.0,-0.2556937900399924,0.2556937900399924,0.17994144086745395,0.3987779824913851,0.029709836019857154,0.030117209421916764,-0.017839566641077,-0.2556937900399924,1.1565457696667854,0.31538931999401515,1.7443062099600075,True,1.7443062099600075,True,1.7443062099600075,True,1.7443062099600075,True,1.7443062099600075,True,1.7443062099600075,True,2.0,False,1.8082296574700056,1.8109446381036507,True,True,0.75,0.7393819062511435,1.7443062099600075,wind_stuck_7_days,2016
10521,US-Rwf,US-Rwe,2016-08-25,0.84373511,1.4,1.4,-0.09499968005621043,0.09499968005621043,0.1631198313218315,0.3934974267956738,0.027342267593174645,0.02806303105008017,-0.017839566641077,0.0949996800562104,1.1565457696667854,0.31538931999401515,1.3050003199437894,True,1.3050003199437894,True,1.3050003199437894,True,1.3050003199437894,True,1.3050003199437894,True,1.3050003199437894,True,1.4,False,1.3287502399578421,1.3050003199437894,True,True,0.75,1.0,1.3050003199437894,wind_stuck_7_days,2016
10522,US-Rwf,US-Rwe,2016-09-01,0.89631579,1.1,1.1,-0.052227851711001014,0.052227851711001014,0.09892176051970389,0.2974382014389868,0.025864338549588896,0.027393409637898422,-0.017839566641077,0.05222785171100103,1.1565457696667854,0.31538931999401515,1.047772148288999,True,1.047772148288999,True,1.047772148288999,True,1.047772148288999,True,1.047772148288999,True,1.047772148288999,True,1.1,False,1.0608291112167494,1.047772148288999,True,True,0.75,1.0,1.047772148288999,wind_stuck_7_days,2016
10523,US-Rwf,US-Rwe,2016-09-09,0.55548033,1.0,1.0,0.15390740600733555,0.15390740600733555,0.14422118442212603,0.3743494131798982,0.028144446696728588,0.02582190072491816,-0.017839566641077,-0.15390740600733555,1.1565457696667854,0.31538931999401515,1.1539074060073355,True,1.1539074060073355,True,1.1539074060073355,True,1.1539074060073355,True,1.1539074060073355,True,1.1539074060073355,True,1.0,False,1.1154305545055017,1.1539074060073355,True,True,0.75,1.0,1.1539074060073355,wind_stuck_7_days,2016
10524,US-Rwf,US-Rwe,2016-09-25,0.54396148,0.8,0.8,-0.03568223783097403,0.03568223783097403,0.11126561782527944,0.510674587871466,0.02429894922646033,0.02582190072491816,-0.024112203490587795,0.03568223783097402,1.1565457696667854,0.31538931999401515,0.764317762169026,True,0.764317762169026,True,0.764317762169026,True,0.764317762169026,True,0.764317762169026,True,0.764317762169026,True,0.8,False,0.7732383216267695,0.764317762169026,True,True,0.75,1.0,0.764317762169026,wind_stuck_7_days,2016
10525,US-Rwf,US-Rwe,2016-09-26,0.65668151,0.7,0.7,-0.06378830634738318,0.06378830634738318,0.11741890613862974,0.35505183460493506,0.02429894922646033,0.02582190072491816,-0.020732143915264588,0.022848673652616794,1.1565457696667854,0.31538931999401515,0.6362116936526168,True,0.6362116936526168,True,0.6362116936526168,True,0.6362116936526168,True,0.6362116936526168,True,0.6362116936526168,True,0.7,False,0.6521587702394626,0.6362116936526168,True,True,0.75,1.0,0.6362116936526168,wind_stuck_7_days,2016
10526,US-Rwf,US-Rwe,2016-10-03,0.17981187,1.1,1.1,0.03263706852857388,0.03263706852857388,0.20616303048417595,0.49243827985202965,0.028144446696728588,0.02582190072491816,-0.030042497326406015,-0.03263706852857384,1.1565457696667854,0.31538931999401515,1.132637068528574,True,1.132637068528574,True,1.132637068528574,True,1.132637068528574,True,1.132637068528574,True,1.132637068528574,True,1.1,False,1.1244778013964305,1.132637068528574,True,True,0.75,1.0,1.132637068528574,wind_stuck_7_days,2016
10527,US-Rwf,US-Rwe,2016-10-11,0.92201336,1.3,1.3,-0.3404945728882648,0.3404945728882648,0.15731718650397197,0.3416999666609972,0.02629333360516748,0.0285457005089365,-0.024112203490587795,0.3404945728882648,1.1565457696667854,0.31538931999401515,0.9595054271117353,True,0.9595054271117353,True,0.9595054271117353,True,0.9595054271117353,True,0.9595054271117353,True,0.9595054271117353,True,1.3,False,1.0446290703338015,1.140802703843896,True,True,0.75,0.4675472352046728,0.9595054271117353,wind_stuck_7_days,2016
10528,US-Rwf,US-Rwe,2016-10-12,0.54839162,0.8,0.8,-0.0061441340445645394,0.0061441340445645394,0.10231758747829865,0.2746286080046472,0.02429894922646033,0.02582190072491816,-0.024112203490587795,0.006144134044564542,1.1565457696667854,0.31538931999401515,0.7938558659554356,True,0.7938558659554356,True,0.7938558659554356,True,0.7938558659554356,True,0.7938558659554356,True,0.7938558659554356,True,0.8,False,0.7953918994665766,0.7938558659554356,True,True,0.75,1.0,0.7938558659554356,wind_stuck_7_days,2016
10529,US-Rwf,US-Rwe,2016-11-04,0.72354998,0.7,0.7,-0.03376529444813382,0.03376529444813382,0.03825031799030974,0.28734193074537256,0.02429894922646033,0.02582190072491816,-0.024112203490587795,-0.03376529444813382,1.1565457696667854,0.31538931999401515,0.6662347055518661,True,0.6662347055518661,True,0.6662347055518661,True,0.6662347055518661,True,0.6662347055518661,True,0.6662347055518661,True,0.7,False,0.6746760291638996,0.6662347055518661,True,True,0.75,1.0,0.6662347055518661,wind_stuck_7_days,2016
10530,US-Rwf,US-Rwe,2016-11-05,0.94376595,0.6,0.6,0.028017632174067532,0.028017632174067532,0.05801440334899956,0.291420543128181,0.02429894922646033,0.02582190072491816,-0.024112203490587795,0.028017632174067553,1.1565457696667854,0.31538931999401515,0.6280176321740675,True,0.6280176321740675,True,0.6280176321740675,True,0.6280176321740675,True,0.6280176321740675,True,0.6280176321740675,True,0.6,False,0.6210132241305506,0.6280176321740675,True,True,0.75,1.0,0.6280176321740675,wind_stuck_7_days,2016
10623,US-Rws,US-Rwe,2016-01-14,0.09839291,0.5,0.5,0.08300883123460848,0.08300883123460848,0.07013570593552583,0.40751210872339205,0.021759479110237682,0.02582190072491816,-0.024112203490587795,-0.0830088312346085,1.1565457696667854,0.31538931999401515,0.5830088312346084,True,0.5830088312346084,True,0.5830088312346084,True,0.5830088312346084,True,0.5830088312346084,True,0.5830088312346084,True,0.5,False,0.5622566234259564,0.5830088312346084,True,True,0.75,1.0,0.5416390678084806,wind_stuck_7_days,2016
10624,US-Rws,US-Rwe,2016-02-07,0.40102389,0.8,0.8,0.0934858478382034,0.0934858478382034,0.11405684133796304,0.49490895781543837,0.02429894922646033,0.02582190072491816,-0.024112203490587795,-0.0934858478382034,1.1565457696667854,0.31538931999401515,0.8934858478382035,True,0.8934858478382035,True,0.8934858478382035,True,0.8934858478382035,True,0.8934858478382035,True,0.8934858478382035,True,0.8,False,0.8701143858786526,0.8934858478382035,True,True,0.75,1.0,0.8934858478382035,wind_stuck_7_days,2016
10625,US-Rws,US-Rwe,2016-02-22,1.08817899,1.0,1.0,-0.1467236246615276,0.1467236246615276,0.08491707436540788,0.2601966467473633,0.02429894922646033,0.0285457005089365,-0.024112203490587795,-0.1467236246615276,1.1565457696667854,0.31538931999401515,0.8532763753384724,True,0.8532763753384724,True,0.8532763753384724,True,0.8532763753384724,True,0.8532763753384724,True,0.8532763753384724,True,1.0,False,0.8899572815038543,0.8532763753384724,True,True,0.75,1.0,0.8532763753384724,wind_stuck_7_days,2016
10626,US-Rws,US-Rwe,2016-02-23,0.72665945,0.5,0.5,0.2743104142478637,0.2743104142478637,0.07254819208909007,0.2958286858305362,0.029498231485322934,0.02582190072491816,-0.024112203490587795,0.1790084857521363,1.1565457696667854,0.31538931999401515,0.7743104142478636,True,0.7743104142478636,True,0.7743104142478636,True,0.7743104142478636,True,0.7743104142478636,True,0.7743104142478636,True,0.5,False,0.7057328106858978,0.6846481702632581,True,True,0.75,0.6731358368932071,0.7743104142478636,wind_stuck_7_days,2016
10627,US-Rws,US-Rwe,2016-03-02,0.97821972,0.8,0.8,0.40194038520122277,0.40194038520122277,0.09260435574168238,0.3741680471526376,0.03067589264713958,0.038602119016458464,-0.024112203490587795,-0.04550094520122283,1.1565457696667854,0.31538931999401515,1.201940385201223,True,1.201940385201223,True,1.201940385201223,True,1.201940385201223,True,1.201940385201223,True,1.201940385201223,True,0.8,False,1.101455288900917,1.0442784724361263,True,True,0.75,0.6077480179401069,1.201940385201223,wind_stuck_7_days,2016
10628,US-Rws,US-Rwe,2016-03-18,0.94799515,2.0,2.0,-0.7605620591072146,0.7605620591072146,0.204340252995965,0.5010600926982954,0.1323292757437037,0.1144727044890334,-0.030042497326406015,0.7605620591072146,1.1565457696667854,0.31538931999401515,1.2394379408927854,True,1.2394379408927854,True,1.2394379408927854,True,1.2394379408927854,True,1.2394379408927854,True,1.2394379408927854,True,2.0,False,1.429578455669589,1.4414022489268623,True,True,0.75,0.7344538744528584,1.2394379408927854,wind_stuck_7_days,2016
10629,US-Rws,US-Rwe,2016-04-02,1.39578412,1.8,1.8,0.04885593093798067,0.04885593093798067,0.09268726413598738,0.37890364006801763,0.03262308550342898,0.02582190072491816,-0.020732143915264588,-0.048855930937980685,1.1565457696667854,0.31538931999401515,1.8488559309379806,True,1.8488559309379806,True,1.8488559309379806,True,1.8488559309379806,True,1.8488559309379806,True,1.8488559309379806,True,1.8,False,1.8366419482034855,1.8488559309379806,True,True,0.75,1.0,1.8488559309379806,wind_stuck_7_days,2016
10630,US-Rws,US-Rwe,2016-04-10,2.09134581,0.7,0.7,0.5324869419186696,0.5324869419186696,0.12727712175036204,0.3237432068588104,0.10014601410024095,0.08731690980126078,-0.05542476681175336,0.5324869419186696,1.1565457696667854,0.31538931999401515,1.2324869419186695,True,1.2324869419186695,True,1.2324869419186695,True,1.2324869419186695,True,1.2324869419186695,True,1.2324869419186695,True,0.7,False,1.099365206439002,1.1898928587253488,True,True,0.75,0.9200091498209425,1.2324869419186695,wind_stuck_7_days,2016
10631,US-Rws,US-Rwe,2016-04-11,1.49754314,1.6,1.6,0.24077641073808648,0.24077641073808648,0.0705381608629257,0.3750589552947664,0.02429894922646033,0.02582190072491816,-0.017839566641077,-0.24077641073808648,1.1565457696667854,0.31538931999401515,1.8407764107380866,True,1.8407764107380866,True,1.8407764107380866,True,1.8407764107380866,True,1.8407764107380866,True,1.8407764107380866,True,1.6,False,1.780582308053565,1.8017740890356122,True,True,0.75,0.838014357042225,1.8407764107380866,wind_stuck_7_days,2016
10632,US-Rws,US-Rwe,2016-04-18,2.12412553,1.4,1.4,0.2611201987529607,0.2611201987529607,0.12478413713371371,0.3752239675963095,0.028144446696728588,0.02582190072491816,-0.017839566641077,0.2611201987529607,1.1565457696667854,0.31538931999401515,1.6611201987529607,True,1.6611201987529607,True,1.6611201987529607,True,1.6611201987529607,True,1.6611201987529607,True,1.6611201987529607,True,1.4,False,1.5958401490647205,1.5930675503146414,True,True,0.75,0.7393819062511435,1.6611201987529607,wind_stuck_7_days,2016
10633,US-Rws,US-Rwe,2016-04-19,2.26283811,1.4,1.4,0.181188874707002,0.181188874707002,0.12276371564668997,0.44200779054291983,0.028144446696728588,0.02582190072491816,-0.017839566641077,0.18118887470700207,1.1565457696667854,0.31538931999401515,1.581188874707002,True,1.581188874707002,True,1.581188874707002,True,1.581188874707002,True,1.581188874707002,True,1.581188874707002,True,1.4,False,1.5358916560302514,1.581188874707002,True,True,0.75,1.0,1.581188874707002,wind_stuck_7_days,2016
10634,US-Rws,US-Rwe,2016-04-26,2.32584764,1.1,1.1,0.5876304927032405,0.5876304927032405,0.11782253760167025,0.4770894904153593,0.0981516297215338,0.09898696740993279,-0.07951263230352647,0.5876304927032405,1.1565457696667854,0.31538931999401515,1.6876304927032406,True,1.6876304927032406,True,1.6876304927032406,True,1.6876304927032406,True,1.6876304927032406,True,1.6876304927032406,True,1.1,False,1.5407228695274304,1.6876304927032406,True,True,0.75,1.0,1.6876304927032406,wind_stuck_7_days,2016
10635,US-Rws,US-Rwe,2016-05-12,1.89680526,0.3,0.3,0.5580525035842444,0.5580525035842444,0.13373844376001695,0.37953725836664526,0.21095737537909948,0.18863305251462897,-0.029715462944415395,0.5580525035842445,1.1565457696667854,0.31538931999401515,0.8580525035842443,True,0.8580525035842443,True,0.8580525035842443,True,0.8580525035842443,True,0.8580525035842443,True,0.8580525035842443,True,0.3,False,0.7185393776881832,0.8580525035842443,True,True,0.75,1.0,0.8580525035842443,wind_stuck_7_days,2016
10636,US-Rws,US-Rwe,2016-05-13,1.75301048,2.1,2.1,-0.4584945958602056,0.4584945958602056,0.13506446952413012,0.42415941969698456,0.03608677944053639,0.04289742771345706,-0.017839566641077,0.23548444413979475,1.1565457696667854,0.31538931999401515,1.6415054041397945,True,1.6415054041397945,True,1.6415054041397945,True,1.6415054041397945,True,1.6415054041397945,True,1.6415054041397945,True,2.1,False,1.756129053104846,1.8615696149876377,True,True,0.75,0.5200287793251535,1.6415054041397945,wind_stuck_7_days,2016
10637,US-Rws,US-Rwe,2016-05-28,1.08924888,0.2,0.2,1.052076117784598,1.052076117784598,0.18988313299947934,0.7224219205086689,0.281565377116305,0.24477419709049442,-0.22965147337014757,0.726421642215402,1.1565457696667854,0.31538931999401515,1.252076117784598,True,1.252076117784598,True,1.252076117784598,True,1.252076117784598,True,1.252076117784598,True,1.252076117784598,True,0.2,False,0.9890570883384486,1.0256170705806986,True,True,0.75,0.7847503204608769,1.252076117784598,wind_stuck_7_days,2016
10638,US-Rws,US-Rwe,2016-06-13,0.90321247,1.4,1.4,0.29901473493727193,0.29901473493727193,0.1831318838529946,0.44421158620252743,0.008822723135245394,0.01081953106878102,-0.015404543874620173,-0.29901473493727193,1.1565457696667854,0.31538931999401515,1.699014734937272,True,1.699014734937272,True,1.699014734937272,True,1.699014734937272,True,1.699014734937272,True,1.699014734937272,True,1.4,False,1.6242610512029538,1.5446683596035469,True,True,0.75,0.4838168247256971,1.699014734937272,wind_stuck_7_days,2016
10639,US-Rws,US-Rwe,2016-06-21,0.79819697,0.5,0.5,0.8088957931147736,0.8088957931147736,0.15675128286809636,0.4256205934862439,0.18181577008111158,0.22397896351152896,-0.07401694858520018,-0.21250185311477354,1.1565457696667854,0.31538931999401515,1.3088957931147736,True,1.3088957931147736,True,1.3088957931147736,True,1.3088957931147736,True,1.3088957931147736,True,1.3088957931147736,True,0.5,False,1.1066718448360802,1.179670160556845,True,True,0.75,0.8402444002578798,1.3088957931147736,wind_stuck_7_days,2016
10640,US-Rws,US-Rwe,2016-06-22,0.55562443,0.7,0.7,0.4478572168788128,0.4478572168788128,0.12383552762092027,0.5454529240739878,0.03605026870381235,0.03320151023157461,-0.012916630002708646,-0.44785721687881286,1.1565457696667854,0.31538931999401515,1.1478572168788128,True,1.1478572168788128,True,1.1478572168788128,True,1.1478572168788128,True,1.1478572168788128,True,1.1478572168788128,True,0.7,False,1.0358929126591097,0.931593599142023,True,True,0.75,0.517114808947448,1.1478572168788128,wind_stuck_7_days,2016
10641,US-Rws,US-Rwe,2016-06-29,0.60462279,0.2,0.2,0.4215076072745121,0.4215076072745121,0.16454212286278516,0.39867988607719174,0.15059248787863178,0.13465108411131205,0.0015347902554336992,0.3877379727254878,1.1565457696667854,0.31538931999401515,0.621507607274512,True,0.621507607274512,True,0.621507607274512,True,0.621507607274512,True,0.621507607274512,True,0.621507607274512,True,0.621507607274512,True,0.5161307054558841,0.5495772029857138,True,True,0.75,0.8293496889560223,0.621507607274512,wind_stuck_7_days,2016
10642,US-Rws,US-Rwe,2016-06-30,0.51956885,0.2,0.2,0.4461819885125554,0.4461819885125554,0.18304389346518377,0.37619695951681115,0.15059248787863178,0.13465108411131205,0.0015347902554336992,0.1929557114874445,1.1565457696667854,0.31538931999401515,0.6461819885125555,True,0.6461819885125555,True,0.6461819885125555,True,0.6461819885125555,True,0.6461819885125555,True,0.6461819885125555,True,0.6461819885125555,True,0.5346364913844166,0.5273304243443315,True,True,0.75,0.7336253653706608,0.6461819885125555,wind_stuck_7_days,2016
10643,US-Rws,US-Rwe,2016-07-07,0.40191473,0.9,0.9,0.24338505927562987,0.24338505927562987,0.19109286612745638,0.4225247150556469,0.008967428662874566,0.01085930519834067,-0.02249720757340366,-0.24338505927562992,1.1565457696667854,0.31538931999401515,1.1433850592756298,True,1.1433850592756298,True,1.1433850592756298,True,1.1433850592756298,True,1.1433850592756298,True,1.1433850592756298,True,0.9,False,1.0825387944567224,1.1039601739625509,True,True,0.75,0.838014357042225,1.1433850592756298,wind_stuck_7_days,2016
10644,US-Rws,US-Rwe,2016-07-15,0.44380098,0.1,0.1,0.8170712424238848,0.8170712424238848,0.11599590767755981,0.5304817229491496,0.32774212473134967,0.36990528507625775,-0.059565528327057825,-0.12946928242388478,1.1565457696667854,0.31538931999401515,0.9170712424238848,True,0.9170712424238848,True,0.9170712424238848,True,0.9170712424238848,True,0.9170712424238848,True,0.9170712424238848,True,0.1,False,0.7128034318179136,0.8932710017278883,True,True,0.75,0.9708712784635624,0.9170712424238848,wind_stuck_7_days,2016
10645,US-Rws,US-Rwe,2016-07-16,0.34644937,0.4,0.4,0.8696145542535856,0.8696145542535856,0.20386877457196997,0.41669974989757075,0.2240475461473778,0.2668242235318878,-0.07867458951752686,-0.8696145542535856,1.1565457696667854,0.31538931999401515,1.2696145542535855,True,1.2696145542535855,True,1.2696145542535855,True,1.2696145542535855,True,1.2696145542535855,True,1.2696145542535855,True,0.4,False,1.052210915690189,1.058349222644114,True,True,0.75,0.7570586525074818,1.2696145542535855,wind_stuck_7_days,2016
10646,US-Rws,US-Rwe,2016-07-23,0.14848246,0.1,0.1,0.8681798160990329,0.8681798160990329,0.19907041694832417,0.4930785264754086,0.3391824556251593,0.3821677443538154,-0.06665819202584133,-0.7712148960990329,1.1565457696667854,0.31538931999401515,0.9681798160990329,True,0.9681798160990329,True,0.9681798160990329,True,0.9681798160990329,True,0.9681798160990329,True,0.9681798160990329,True,0.1,False,0.7511348620742747,0.7572630417101273,True,True,0.75,0.7570586525074818,0.9681798160990329,wind_stuck_7_days,2016
10647,US-Rws,US-Rwe,2016-07-24,0.21679278,0.6,0.6,0.49750683807942286,0.49750683807942286,0.13131281130498773,0.3692777891949091,0.034461052247210654,0.03440291413900724,-0.012916630002708646,-0.49750683807942286,1.1565457696667854,0.31538931999401515,1.0975068380794228,True,1.0975068380794228,True,1.0975068380794228,True,1.0975068380794228,True,1.0975068380794228,True,1.0975068380794228,True,0.6,False,0.9731301285595672,0.8111113805633307,True,True,0.75,0.42433865105916097,1.0975068380794228,wind_stuck_7_days,2016
10648,US-Rws,US-Rwe,2016-07-31,0.35709174,0.2,0.2,0.4754711041741889,0.4754711041741889,0.14970133945637107,0.36772855377433883,0.14874137478707067,0.13465108411131205,0.0015347902554336992,-0.16128762417418896,1.1565457696667854,0.31538931999401515,0.675471104174189,True,0.675471104174189,True,0.675471104174189,True,0.675471104174189,True,0.675471104174189,True,0.675471104174189,True,0.675471104174189,True,0.5566033281306417,0.5102005906040596,True,True,0.75,0.6524068190070653,0.675471104174189,wind_stuck_7_days,2016
10649,US-Rws,US-Rwe,2016-08-01,0.26224885,0.5,0.5,0.5038057617109353,0.5038057617109353,0.13547258795272313,0.3006478408446971,0.042637627410784376,0.03440291413900724,-0.029715462944415395,-0.5038057617109353,1.1565457696667854,0.31538931999401515,1.0038057617109353,True,1.0038057617109353,True,1.0038057617109353,True,1.0038057617109353,True,1.0038057617109353,True,1.0038057617109353,True,0.5,False,0.8778543212832015,0.7657318153649108,True,True,0.75,0.5274489407633604,1.0038057617109353,wind_stuck_7_days,2016
10650,US-Rws,US-Rwe,2016-08-08,0.18340075,0.7,0.7,0.4011200148503377,0.4011200148503377,0.15536329479175162,0.453406866237411,0.03605026870381235,0.03320151023157461,-0.017839566641077,-0.40112001485033766,1.1565457696667854,0.31538931999401515,1.1011200148503377,True,1.1011200148503377,True,1.1011200148503377,True,1.1011200148503377,True,1.1011200148503377,True,1.1011200148503377,True,0.7,False,1.0008400111377531,0.9184935453268355,True,True,0.75,0.5447086588495412,1.1011200148503377,wind_stuck_7_days,2016
10651,US-Rws,US-Rwe,2016-08-09,0.30350275,0.8,0.8,0.7248157186898273,0.7248157186898273,0.20649594196347176,0.6879120825976226,0.1106036339603377,0.0828480932396258,-0.0561928167557672,-0.7248157186898274,1.1565457696667854,0.31538931999401515,1.5248157186898275,True,1.5248157186898275,True,1.5248157186898275,True,1.5248157186898275,True,1.5248157186898275,True,1.5248157186898275,True,0.8,False,1.3436117890173707,1.315321972939076,True,True,0.75,0.7109696432502443,1.5248157186898275,wind_stuck_7_days,2016
10652,US-Rws,US-Rwe,2016-08-16,0.21132042,0.2,0.2,0.49440745778959583,0.49440745778959583,0.1293849879239213,0.46012466291835796,0.20534933521573695,0.2004043965436232,0.0015347902554336992,-0.47176661778959583,1.1565457696667854,0.31538931999401515,0.6944074577895958,True,0.6944074577895958,True,0.6944074577895958,True,0.6944074577895958,True,0.6944074577895958,True,0.6944074577895958,True,0.6944074577895958,True,0.5708055933421969,0.5178312475137722,True,True,0.75,0.6428528585202513,0.6944074577895958,wind_stuck_7_days,2016
10653,US-Rws,US-Rwe,2016-08-24,0.19575557,0.4,0.4,0.576187572870374,0.576187572870374,0.13104919534649134,0.38435266015515246,0.21095737537909948,0.19484504444262163,-0.042094309770263114,-0.576187572870374,1.1565457696667854,0.31538931999401515,0.976187572870374,True,0.976187572870374,True,0.976187572870374,True,0.976187572870374,True,0.976187572870374,True,0.976187572870374,True,0.4,False,0.8321406796527806,0.976187572870374,True,True,0.75,1.0,0.976187572870374,wind_stuck_7_days,2016
10654,US-Rws,US-Rwe,2016-08-25,0.11875229,0.1,0.1,0.6370569956798342,0.6370569956798342,0.10413267223413324,0.46945253169243034,0.29044667214381437,0.3006265785228557,-0.05130084692133823,-0.5995524156798342,1.1565457696667854,0.31538931999401515,0.7370569956798342,True,0.7370569956798342,True,0.7370569956798342,True,0.7370569956798342,True,0.7370569956798342,True,0.7370569956798342,True,0.1,False,0.5777927467598757,0.7370569956798342,True,True,0.75,1.0,0.7370569956798342,wind_stuck_7_days,2016
10655,US-Rws,US-Rwe,2016-09-09,0.23681239,0.0,0.0,0.5767369360864731,0.5767369360864731,0.12513419028732936,0.39091612768175127,0.3021695813128747,0.32120025213204684,-0.07054198050821207,-0.10311215608647314,1.1565457696667854,0.31538931999401515,0.5767369360864731,True,0.5767369360864731,True,0.5767369360864731,True,0.5767369360864731,True,0.5767369360864731,True,0.5767369360864731,True,0.0,False,0.43255270206485485,0.5767369360864731,True,True,0.75,1.0,0.5767369360864731,wind_stuck_7_days,2016
10656,US-Rws,US-Rwe,2016-09-10,0.19901007,0.1,0.1,0.4298068266526257,0.4298068266526257,0.10877107856945073,0.5353313496069124,0.11272401226651199,0.1145291208118353,-0.016199303036233532,-0.2317866866526257,1.1565457696667854,0.31538931999401515,0.5298068266526257,True,0.5298068266526257,True,0.5298068266526257,True,0.5298068266526257,True,0.5298068266526257,True,0.5298068266526257,True,0.1,False,0.4223551199894693,0.4608531678800376,True,True,0.75,0.839570582650803,0.5562468974293248,wind_stuck_7_days,2016
10657,US-Rws,US-Rwe,2016-09-25,0.27427787,0.1,0.1,0.3026732167002365,0.3026732167002365,0.11892264590659665,0.49778338962520047,0.04633493353123599,0.05029511948893981,-0.01209580599890227,0.045882523299763445,1.1565457696667854,0.31538931999401515,0.4026732167002365,True,0.4026732167002365,True,0.4026732167002365,True,0.4026732167002365,True,0.4026732167002365,True,0.4026732167002365,True,0.1,False,0.3270049125251774,0.33424289100031074,True,True,0.75,0.773913508284751,0.4026732167002365,wind_stuck_7_days,2016
10658,US-Rws,US-Rwe,2016-09-26,-0.05949079,0.0,0.0,0.21983630191785886,0.21983630191785886,0.10364312942430869,0.38779909673629576,0.02531655177212438,0.04654786620432579,-0.008715746423579066,-0.21983630191785886,1.1565457696667854,0.31538931999401515,0.21983630191785886,True,0.21983630191785886,True,0.21983630191785886,True,0.21983630191785886,True,0.21983630191785886,True,0.21983630191785886,True,0.0,False,0.16487722643839414,0.21983630191785886,True,True,0.75,1.0,0.21983630191785886,wind_stuck_7_days,2016
10659,US-Rws,US-Rwe,2016-10-03,-0.00220013,0.3,0.3,0.4800510540926979,0.4800510540926979,0.16735538753998536,0.549118847490897,0.06976877070403906,0.06340548929462171,-0.03159576010324227,-0.4800510540926979,1.1565457696667854,0.31538931999401515,0.7800510540926979,True,0.7800510540926979,True,0.7800510540926979,True,0.7800510540926979,True,0.7800510540926979,True,0.7800510540926979,True,0.3,False,0.6600382905695235,0.6291236073449551,True,True,0.75,0.6856012595722816,0.7800510540926979,wind_stuck_7_days,2016
10660,US-Rws,US-Rwe,2016-10-11,0.33660943,0.0,0.0,0.46684519209878567,0.46684519209878567,0.09339427916462553,0.3822025575525419,0.12342532183877525,0.12453880943322741,-0.01957936261155674,0.2063736679012143,1.1565457696667854,0.31538931999401515,0.46684519209878567,True,0.46684519209878567,True,0.46684519209878567,True,0.46684519209878567,True,0.46684519209878567,True,0.46684519209878567,True,0.0,False,0.35013389407408924,0.33754463268429147,True,True,0.75,0.7230333275294096,0.46684519209878567,wind_stuck_7_days,2016
10661,US-Rws,US-Rwe,2016-10-12,0.05801527,0.6,0.6,0.09353759914129203,0.09353759914129203,0.1018645915096445,0.2891418307434911,0.02429894922646033,0.02582190072491816,-0.024112203490587795,-0.093537599141292,1.1565457696667854,0.31538931999401515,0.693537599141292,True,0.693537599141292,True,0.693537599141292,True,0.693537599141292,True,0.693537599141292,True,0.693537599141292,True,0.6,False,0.6701531993559691,0.693537599141292,True,True,0.75,1.0,0.693537599141292,wind_stuck_7_days,2016
10662,US-Rws,US-Rwe,2016-10-19,1.04371674,0.7,0.7,0.024577241278590938,0.024577241278590938,0.10344770344070915,0.290968619897986,0.02429894922646033,0.02582190072491816,-0.024112203490587795,0.024577241278590956,1.1565457696667854,0.31538931999401515,0.7245772412785909,True,0.7245772412785909,True,0.7245772412785909,True,0.7245772412785909,True,0.7245772412785909,True,0.7245772412785909,True,0.7,False,0.7184329309589431,0.7245772412785909,True,True,0.75,1.0,0.7245772412785909,wind_stuck_7_days,2016
10663,US-Rws,US-Rwe,2016-11-04,0.62904004,0.5,0.5,0.05702380583485911,0.05702380583485911,0.034990029349750616,0.278592379005471,0.021759479110237682,0.02582190072491816,-0.024112203490587795,0.05702380583485911,1.1565457696667854,0.31538931999401515,0.5570238058348591,True,0.5570238058348591,True,0.5570238058348591,True,0.5570238058348591,True,0.5570238058348591,True,0.5570238058348591,True,0.5,False,0.5427678543761443,0.5570238058348591,True,True,0.75,1.0,0.5570238058348591,wind_stuck_7_days,2016
10664,US-Rws,US-Rwe,2016-11-05,0.75758857,0.4,0.4,0.1099558914310853,0.1099558914310853,0.040245250628098785,0.27391975580861183,0.014621551246922463,0.019664389578383925,-0.024112203490587795,0.1099558914310853,1.1565457696667854,0.31538931999401515,0.5099558914310853,True,0.5099558914310853,True,0.5099558914310853,True,0.5099558914310853,True,0.5099558914310853,True,0.5099558914310853,True,0.4,False,0.48246691857331403,0.5099558914310853,True,True,0.75,1.0,0.5099558914310853,wind_stuck_7_days,2016
11017,US-SCg,US-SCg,2016-02-07,4.21273781,1.6,1.6,0.40047012598062903,0.40047012598062903,0.16376226888277115,0.627847305069553,0.04355121004334894,0.038602119016458464,-0.017839566641077,0.4004701259806289,1.1565457696667854,0.31538931999401515,2.000470125980629,True,2.000470125980629,True,2.000470125980629,True,2.000470125980629,True,2.000470125980629,True,2.000470125980629,True,1.6,False,1.9003525944854718,1.8433849253089523,True,True,0.75,0.6077480179401069,2.000470125980629,wind_stuck_7_days,2016
11018,US-SCg,US-SCg,2016-02-08,4.36262488,2.4,2.4,0.00902341926438821,0.00902341926438821,0.2098249781311601,0.7027737202222955,0.039468857361950216,0.02806303105008017,-0.02249720757340366,0.0090234192643881,1.1565457696667854,0.31538931999401515,2.409023419264388,True,2.409023419264388,True,2.409023419264388,True,2.409023419264388,True,2.409023419264388,True,2.409023419264388,True,2.4,False,2.406767564448291,2.409023419264388,True,True,0.75,1.0,2.409023419264388,wind_stuck_7_days,2016
11019,US-SCg,US-SCg,2016-02-15,3.85012102,2.1,2.1,0.1472516282041684,0.1472516282041684,0.27675581525459253,0.7010760997736308,0.035728263393954386,0.02806303105008017,-0.04054434500453411,0.14725162820416848,1.1565457696667854,0.31538931999401515,2.2472516282041686,True,2.2472516282041686,True,2.2472516282041686,True,2.2472516282041686,True,2.2472516282041686,True,2.2472516282041686,True,2.1,False,2.2104387211531265,2.2472516282041686,True,True,0.75,1.0,2.2472516282041686,wind_stuck_7_days,2016
11020,US-SCg,US-SCg,2016-02-16,3.79069918,1.9,1.9,0.428813439342843,0.428813439342843,0.25225521608281126,0.5858874981958093,0.030780796149412006,0.038602119016458464,-0.03565192369297088,0.4288134393428429,1.1565457696667854,0.31538931999401515,2.328813439342843,True,2.328813439342843,True,2.328813439342843,True,2.328813439342843,True,2.328813439342843,True,2.328813439342843,True,1.9,False,2.221610079507132,2.161861660981847,True,True,0.75,0.6106657043751946,2.328813439342843,wind_stuck_7_days,2016
11021,US-SCg,US-SCg,2016-02-24,3.60029282,1.9,1.9,0.25261547158587216,0.25261547158587216,0.22245162296951354,0.6092468102629336,0.037174266622669684,0.02582190072491816,-0.02249720757340366,0.25261547158587216,1.1565457696667854,0.31538931999401515,2.152615471585872,True,2.152615471585872,True,2.152615471585872,True,2.152615471585872,True,2.152615471585872,True,2.152615471585872,True,1.9,False,2.0894616036894043,2.0990860875458726,True,True,0.75,0.7880993444148436,2.152615471585872,wind_stuck_7_days,2016
11022,US-SCg,US-SCg,2016-04-03,1.76583138,2.7,2.7,-0.26618551117291545,0.26618551117291545,0.12219381972681324,0.4376802117728483,0.028144446696728588,0.0285457005089365,-0.011966396186251132,0.26618551117291545,1.1565457696667854,0.31538931999401515,2.4338144888270845,True,2.4338144888270845,True,2.4338144888270845,True,2.4338144888270845,True,2.4338144888270845,True,2.4338144888270845,True,2.7,False,2.5003608666203134,2.512679790000246,True,True,0.75,0.7037205337523795,2.4338144888270845,wind_stuck_7_days,2016
11023,US-SCg,US-SCg,2016-04-04,2.36186568,2.2,2.2,-0.1676762098464835,0.1676762098464835,0.17323651966218356,0.5115032281417842,0.028144446696728588,0.0285457005089365,-0.017839566641077,-0.16767620984648346,1.1565457696667854,0.31538931999401515,2.0323237901535167,True,2.0323237901535167,True,2.0323237901535167,True,2.0323237901535167,True,2.0323237901535167,True,2.0323237901535167,True,2.2,False,2.0742428426151376,2.0323237901535167,True,True,0.75,1.0,2.0323237901535167,wind_stuck_7_days,2016
11024,US-SCg,US-SCg,2016-04-12,0.8554058,2.9,2.9,-0.7541815622627579,0.7541815622627579,0.1446696015575439,0.3882644189762918,0.09596612252348835,0.1144727044890334,-0.011966396186251132,0.7541815622627579,1.1565457696667854,0.31538931999401515,2.1458184377372422,True,2.1458184377372422,True,2.1458184377372422,True,2.1458184377372422,True,2.1458184377372422,True,2.1458184377372422,True,2.9,False,2.3343638283029318,2.3340566295119514,True,True,0.75,0.7504073273683045,2.1458184377372422,wind_stuck_7_days,2016
11025,US-SCg,US-SCg,2016-04-19,0.94023668,2.7,2.7,-0.7407970840930955,0.7407970840930955,0.247918299551548,0.5439210892454676,0.002300232973450337,-0.012850766627847052,-0.022295196625490538,0.7407970840930955,1.1565457696667854,0.31538931999401515,1.9592029159069047,True,1.9592029159069047,True,1.9592029159069047,True,1.9592029159069047,True,1.9592029159069047,True,2.7,False,2.7,False,2.1444021869301784,2.3440724163537747,True,True,0.75,0.48046569200790257,1.9592029159069047,wind_stuck_7_days,2016
11026,US-SCg,US-SCg,2016-04-27,0.07164608,2.5,2.5,0.1464293184777249,0.1464293184777249,0.224065218351613,0.40457158018628236,0.028144446696728588,0.02582190072491816,-0.02249720757340366,-0.146429318477725,1.1565457696667854,0.31538931999401515,2.646429318477725,True,2.646429318477725,True,2.646429318477725,True,2.646429318477725,True,2.646429318477725,True,2.646429318477725,True,2.5,False,2.6098219888582936,2.646429318477725,True,True,0.75,1.0,2.646429318477725,wind_stuck_7_days,2016
11027,US-SCg,US-SCg,2016-06-22,0.68846302,3.3,3.3,-0.9536201650501133,0.9536201650501133,0.254756412040572,0.40179894627293444,-0.11420862696745486,-0.0444293561599127,-0.03299563939676799,0.9536201650501133,1.1565457696667854,0.31538931999401515,2.3463798349498868,True,2.3463798349498868,True,2.3463798349498868,True,3.3,False,3.3,False,3.3,False,3.3,False,2.5847848762124146,3.3,True,False,0.75,0.0,2.3463798349498868,wind_stuck_7_days,2016
11028,US-SCg,US-SCg,2016-06-23,0.65442524,2.6,2.6,-0.9213351588196794,0.9213351588196794,0.12971554588866113,0.33570606980491774,-0.10811571657881383,-0.0162675077872173,-0.029408403078890925,0.9213351588196794,1.1565457696667854,0.31538931999401515,1.6786648411803207,True,1.6786648411803207,True,1.6786648411803207,True,2.6,False,2.6,False,2.6,False,2.6,False,1.9089986308852405,2.326118923862412,True,True,0.75,0.29726541260886685,1.6786648411803207,wind_stuck_7_days,2016
11029,US-SCg,US-SCg,2016-07-01,0.86436536,2.4,2.4,-0.6123595958340655,0.6123595958340655,0.23203072433478197,0.4113855546785465,0.0669809279582599,0.0641224068267907,-0.02249720757340366,0.6123595958340655,1.1565457696667854,0.31538931999401515,1.7876404041659344,True,1.7876404041659344,True,1.7876404041659344,True,1.7876404041659344,True,1.7876404041659344,True,1.7876404041659344,True,2.4,False,1.9407303031244507,2.0429127986602618,True,True,0.75,0.5831331847643652,1.7876404041659344,wind_stuck_7_days,2016
11030,US-SCg,US-SCg,2016-07-08,0.84707587,2.5,2.5,-0.8903117897829385,0.8903117897829385,0.19241903313007577,0.38388952492899797,-0.06831467654797789,-0.0162675077872173,-0.030207435573722352,0.8903117897829385,1.1565457696667854,0.31538931999401515,1.6096882102170615,True,1.6096882102170615,True,1.6096882102170615,True,2.5,False,2.5,False,2.5,False,2.5,False,1.832266157662796,2.3452545145235324,True,True,0.75,0.17381044174894641,1.6096882102170615,wind_stuck_7_days,2016
11031,US-SCg,US-SCg,2016-07-09,1.21674666,2.1,2.1,-0.5298891396249361,0.5298891396249361,0.21553892855017817,0.38326749928159454,0.014584263876852398,0.02767429924756082,-0.02249720757340366,0.5298891396249361,1.1565457696667854,0.31538931999401515,1.570110860375064,True,1.570110860375064,True,1.570110860375064,True,1.570110860375064,True,1.570110860375064,True,1.570110860375064,True,2.1,False,1.702583145281298,1.9246146673779339,True,True,0.75,0.330984954223079,1.570110860375064,wind_stuck_7_days,2016
11032,US-SCg,US-SCg,2016-07-16,0.81105634,2.1,2.1,-0.8857277915820563,0.8857277915820563,0.14948554741229922,0.3087615425570457,-0.0891430865646815,-0.0162675077872173,-0.025549794641395694,0.8857277915820563,1.1565457696667854,0.31538931999401515,1.2142722084179438,True,1.2142722084179438,True,1.2142722084179438,True,2.1,False,2.1,False,2.1,False,2.1,False,1.4357041563134578,1.946051261275804,True,True,0.75,0.17381044174894641,1.2142722084179438,wind_stuck_7_days,2016
11033,US-SCg,US-SCg,2016-07-25,0.7418061,1.4,1.4,-0.67644039595529,0.67644039595529,0.17592527491275192,0.37182152948482805,-0.020388860335046066,-0.0048884012837496025,-0.015404543874620173,0.6399474040447097,1.1565457696667854,0.31538931999401515,0.7235596040447099,True,0.7235596040447099,True,0.7235596040447099,True,1.4,False,1.4,False,1.4,False,1.4,False,0.8926697030335324,1.2738204623113583,True,True,0.75,0.18653459852947868,0.7235596040447099,wind_stuck_7_days,2016
11034,US-SCg,US-SCg,2016-08-01,0.35530347,3.1,3.1,-0.3489671615502296,0.3489671615502296,0.23641035348184522,0.3354127102994342,-0.01439020431748738,-0.01238219319899865,-0.01662403711857779,0.34896716155022967,1.1565457696667854,0.31538931999401515,2.7510328384497704,True,2.7510328384497704,True,2.7510328384497704,True,3.1,False,3.1,False,3.1,False,3.1,False,2.8382746288373277,2.9474320875403763,True,True,0.75,0.4371984795986692,2.7510328384497704,wind_stuck_7_days,2016
11035,US-SCg,US-SCg,2016-08-02,0.56022861,2.6,2.6,-0.15371511488495612,0.15371511488495612,0.23300554162584833,0.3446800623544152,0.007116315571313454,0.013583104982359014,-0.01662403711857779,0.15371511488495604,1.1565457696667854,0.31538931999401515,2.446284885115044,True,2.446284885115044,True,2.446284885115044,True,2.446284885115044,True,2.446284885115044,True,2.446284885115044,True,2.6,False,2.484713663836283,2.446284885115044,True,True,0.75,1.0,2.446284885115044,wind_stuck_7_days,2016
11036,US-SCg,US-SCg,2016-08-09,0.57534604,2.4,2.4,-0.13436272025579282,0.13436272025579282,0.12930570914229725,0.3745046429534272,0.029709836019857154,0.030117209421916764,-0.017839566641077,0.13436272025579288,1.1565457696667854,0.31538931999401515,2.2656372797442073,True,2.2656372797442073,True,2.2656372797442073,True,2.2656372797442073,True,2.2656372797442073,True,2.2656372797442073,True,2.4,False,2.2992279598081553,2.2656372797442073,True,True,0.75,1.0,2.2656372797442073,wind_stuck_7_days,2016
11037,US-SCg,US-SCg,2016-08-10,0.90750894,1.9,1.9,-0.45788243673552403,0.45788243673552403,0.1871663368775412,0.3526846914983995,0.034235666348975284,0.04289742771345706,-0.02249720757340366,0.4578824367355241,1.1565457696667854,0.31538931999401515,1.4421175632644758,True,1.4421175632644758,True,1.4421175632644758,True,1.4421175632644758,True,1.4421175632644758,True,1.4421175632644758,True,1.9,False,1.556588172448357,1.6610443459452566,True,True,0.75,0.5218711941833348,1.4421175632644758,wind_stuck_7_days,2016
11038,US-SCg,US-SCg,2016-08-17,1.02898563,1.1,1.1,-0.5847327284751477,0.5847327284751477,0.1294186776391879,0.32262767353995925,0.043121328433707654,0.05384754807714705,-0.017839566641077,-0.44270398847514747,1.1565457696667854,0.31538931999401515,0.5152672715248524,True,0.5152672715248524,True,0.5152672715248524,True,0.5152672715248524,True,0.5152672715248524,True,0.5152672715248524,True,1.1,False,0.6614504536436393,0.5976180203182015,True,True,0.75,0.8591651454022395,0.5152672715248524,wind_stuck_7_days,2016
11039,US-SCg,US-SCg,2016-08-18,0.56639894,2.0,2.0,-0.8074268694882992,0.8074268694882992,0.09060674054455488,0.3162336105143347,-0.0615411116544774,-0.0284901929352152,-0.025549794641395694,0.8074268694882992,1.1565457696667854,0.31538931999401515,1.1925731305117009,True,1.1925731305117009,True,1.1925731305117009,True,2.0,False,2.0,False,2.0,False,2.0,False,1.3944298478837756,1.8550058977750292,True,True,0.75,0.17957552281714353,1.1925731305117009,wind_stuck_7_days,2016
11040,US-SCg,US-SCg,2016-08-25,0.6349867,2.1,2.1,-0.13234790009334124,0.13234790009334124,0.09059192799882408,0.4025642416189479,0.02517984341481147,0.0285457005089365,-0.017839566641077,0.1323479000933412,1.1565457696667854,0.31538931999401515,1.967652099906659,True,1.967652099906659,True,1.967652099906659,True,1.967652099906659,True,1.967652099906659,True,1.967652099906659,True,2.1,False,2.000739074929994,1.967652099906659,True,True,0.75,1.0,1.967652099906659,wind_stuck_7_days,2016
11041,US-SCg,US-SCg,2016-08-26,0.60705356,1.9,1.9,-0.1139228490289919,0.1139228490289919,0.1880068330875217,0.4101747988020567,0.028144446696728588,0.02582190072491816,-0.02249720757340366,0.11392284902899186,1.1565457696667854,0.31538931999401515,1.786077150971008,True,1.786077150971008,True,1.786077150971008,True,1.786077150971008,True,1.786077150971008,True,1.786077150971008,True,1.9,False,1.814557863228256,1.786077150971008,True,True,0.75,1.0,1.786077150971008,wind_stuck_7_days,2016
11042,US-SCg,US-SCg,2016-09-02,0.67003982,2.1,2.1,-0.5770965609382531,0.5770965609382531,0.09065318127395115,0.349696869085419,0.110057342142286,0.1144727044890334,-0.017839566641077,0.5770965609382531,1.1565457696667854,0.31538931999401515,1.5229034390617469,True,1.5229034390617469,True,1.5229034390617469,True,1.5229034390617469,True,1.5229034390617469,True,1.5229034390617469,True,2.1,False,1.6671775792963102,1.6909942646658,True,True,0.75,0.7087301554340086,1.5229034390617469,wind_stuck_7_days,2016
11043,US-SCg,US-SCg,2016-09-03,0.55145969,2.2,2.2,-0.5349454974376063,0.5349454974376063,0.1788512609021313,0.38568862120910474,0.1323292757437037,0.10280264688036139,-0.017839566641077,0.5349454974376064,1.1565457696667854,0.31538931999401515,1.665054502562394,True,1.665054502562394,True,1.665054502562394,True,1.665054502562394,True,1.665054502562394,True,1.665054502562394,True,2.2,False,1.7987908769217955,1.9852550609239266,True,True,0.75,0.40143330508379593,1.665054502562394,wind_stuck_7_days,2016
11044,US-SCg,US-SCg,2016-09-10,1.78662029,2.0,2.0,-0.6496623665993039,0.6496623665993039,0.16400549784643131,0.2835014296341192,0.09071762014572196,0.07102671757143589,-0.017839566641077,-0.2229029465993041,1.1565457696667854,0.31538931999401515,1.350337633400696,True,1.350337633400696,True,1.350337633400696,True,1.350337633400696,True,1.350337633400696,True,1.350337633400696,True,2.0,False,1.5127532250505222,1.6371859670196964,True,True,0.75,0.5584655224520316,1.350337633400696,wind_stuck_7_days,2016
11045,US-SCg,US-SCg,2016-09-11,1.78435999,2.1,2.1,-0.7427185177217569,0.7427185177217569,0.11821925389442532,0.30647494704325434,0.110057342142286,0.1144727044890334,-0.017839566641077,-0.11143849772175674,1.1565457696667854,0.31538931999401515,1.357281482278243,True,1.357281482278243,True,1.357281482278243,True,1.357281482278243,True,1.357281482278243,True,1.357281482278243,True,2.1,False,1.5429611117086823,1.5301401093290559,True,True,0.75,0.7672622629888834,1.357281482278243,wind_stuck_7_days,2016
11046,US-SCg,US-SCg,2016-09-18,2.23687088,0.4,0.4,-0.13388645471999747,0.13388645471999747,0.206357736099342,0.4938460719433987,0.007789727487858285,0.01324479843002236,-0.02249720757340366,-0.13388645471999738,1.1565457696667854,0.31538931999401515,0.26611354528000253,True,0.26611354528000253,True,0.26611354528000253,True,0.26611354528000253,True,0.26611354528000253,True,0.26611354528000253,True,0.4,False,0.29958515896000193,0.26611354528000253,True,True,0.75,1.0,0.26611354528000253,wind_stuck_7_days,2016
11047,US-SCg,US-SCg,2016-09-26,0.37603067,1.3,1.3,-0.35441059665579033,0.35441059665579033,0.1525271519905582,0.6417976145879166,0.017997248588815698,0.013583104982359014,-0.017839566641077,0.35441059665579033,1.1565457696667854,0.31538931999401515,0.9455894033442097,True,0.9455894033442097,True,0.9455894033442097,True,0.9455894033442097,True,0.9455894033442097,True,0.9455894033442097,True,1.3,False,1.0341920525081574,1.1450522259884313,True,True,0.75,0.4371984795986692,0.9455894033442097,wind_stuck_7_days,2016
11048,US-SCg,US-SCg,2016-09-27,-0.12375929,0.2,0.2,-0.1394346568526471,0.1394346568526471,0.22063919916442012,0.6578853902973993,0.041962599355584176,0.01078360369951139,-0.00804578731526131,0.1394346568526471,1.1565457696667854,0.31538931999401515,0.0605653431473529,True,0.0605653431473529,True,0.0605653431473529,True,0.0605653431473529,True,0.0605653431473529,True,0.0605653431473529,True,0.2,False,0.09542400736051468,0.0605653431473529,True,True,0.75,1.0,0.0605653431473529,wind_stuck_7_days,2016
11387,US-SCs,US-SCg,2016-02-07,3.16471494,2.2,2.2,0.17872449374816385,0.17872449374816385,0.18126745435119537,0.6529809806433582,0.037174266622669684,0.02582190072491816,-0.017839566641077,0.1787244937481638,1.1565457696667854,0.31538931999401515,2.378724493748164,True,2.378724493748164,True,2.378724493748164,True,2.378724493748164,True,2.378724493748164,True,2.378724493748164,True,2.2,False,2.334043370311123,2.378724493748164,True,True,0.75,1.0,2.378724493748164,wind_stuck_7_days,2016
11388,US-SCs,US-SCg,2016-02-08,2.70212751,2.3,2.3,0.029602435568716272,0.029602435568716272,0.19844481035478953,0.6835013921043894,0.039468857361950216,0.02806303105008017,-0.02249720757340366,0.02960243556871628,1.1565457696667854,0.31538931999401515,2.329602435568716,True,2.329602435568716,True,2.329602435568716,True,2.329602435568716,True,2.329602435568716,True,2.329602435568716,True,2.3,False,2.322201826676537,2.329602435568716,True,True,0.75,1.0,2.329602435568716,wind_stuck_7_days,2016
11389,US-SCs,US-SCg,2016-02-15,3.26943314,2.2,2.2,0.12122245293550009,0.12122245293550009,0.28374792608798427,0.7139246511022885,0.035728263393954386,0.02806303105008017,-0.04054434500453411,0.12122245293550005,1.1565457696667854,0.31538931999401515,2.3212224529355003,True,2.3212224529355003,True,2.3212224529355003,True,2.3212224529355003,True,2.3212224529355003,True,2.3212224529355003,True,2.2,False,2.2909168397016253,2.3212224529355003,True,True,0.75,1.0,2.3212224529355003,wind_stuck_7_days,2016
11390,US-SCs,US-SCg,2016-02-23,2.64675104,1.8,1.8,0.45432236856926417,0.45432236856926417,0.3188131020574269,0.6366055306335574,0.03981061607535311,0.038602119016458464,-0.05289583539216801,0.45432236856926417,1.1565457696667854,0.31538931999401515,2.254322368569264,True,2.254322368569264,True,2.254322368569264,True,2.254322368569264,True,2.254322368569264,True,2.254322368569264,True,1.8,False,2.1407417764269483,2.0300840800588933,True,True,0.75,0.5064335282092008,2.254322368569264,wind_stuck_7_days,2016
11391,US-SCs,US-SCg,2016-02-24,2.35264015,2.4,2.4,0.08404906263255713,0.08404906263255713,0.25994969698359316,0.7636195531435395,0.03653044249750833,0.02582190072491816,-0.028168367080316413,-0.08404906263255713,1.1565457696667854,0.31538931999401515,2.484049062632557,True,2.484049062632557,True,2.484049062632557,True,2.484049062632557,True,2.484049062632557,True,2.484049062632557,True,2.4,False,2.463036796974418,2.484049062632557,True,True,0.75,1.0,2.484049062632557,wind_stuck_7_days,2016
11392,US-SCs,US-SCg,2016-03-10,1.89296038,2.4,2.4,-0.05849024344276841,0.05849024344276841,0.18450090372426717,0.41373800406458316,0.028144446696728588,0.02582190072491816,-0.020732143915264588,0.05849024344276843,1.1565457696667854,0.31538931999401515,2.3415097565572314,True,2.3415097565572314,True,2.3415097565572314,True,2.3415097565572314,True,2.3415097565572314,True,2.3415097565572314,True,2.4,False,2.3561323174179236,2.3415097565572314,True,True,0.75,1.0,2.3415097565572314,wind_stuck_7_days,2016
11393,US-SCs,US-SCg,2016-03-18,1.31966525,3.3,3.3,-0.5472705155730391,0.5472705155730391,0.1347423866427003,0.35814731643212744,0.03364962996813572,0.0535189039174258,-0.014858973460438718,0.5472705155730391,1.1565457696667854,0.31538931999401515,2.7527294844269607,True,2.7527294844269607,True,2.7527294844269607,True,2.7527294844269607,True,2.7527294844269607,True,2.7527294844269607,True,3.3,False,2.8895471133202206,3.0714854218177274,True,True,0.75,0.41755324228091817,2.7527294844269607,wind_stuck_7_days,2016
11394,US-SCs,US-SCg,2016-03-26,1.23072688,3.3,3.3,-0.6472233237066988,0.6472233237066988,0.1255426699175908,0.3997710158274118,0.035500743059696825,0.06518896152609785,-0.011966396186251132,0.6472233237066987,1.1565457696667854,0.31538931999401515,2.652776676293301,True,2.652776676293301,True,2.652776676293301,True,2.652776676293301,True,2.652776676293301,True,2.652776676293301,True,3.3,False,2.814582507219976,2.9385480883829977,True,True,0.75,0.5584655224520316,2.652776676293301,wind_stuck_7_days,2016
11395,US-SCs,US-SCg,2016-03-27,0.94911889,3.1,3.1,-0.5976982788755774,0.5976982788755774,0.14608615496387417,0.27028086183956657,0.03364962996813572,0.06518896152609785,-0.011966396186251132,0.5976982788755774,1.1565457696667854,0.31538931999401515,2.5023017211244225,True,2.5023017211244225,True,2.5023017211244225,True,2.5023017211244225,True,2.5023017211244225,True,2.5023017211244225,True,3.1,False,2.651726290843317,2.7130917521390097,True,True,0.75,0.6473303697458582,2.5023017211244225,wind_stuck_7_days,2016
11396,US-SCs,US-SCg,2016-04-03,2.43719433,3.0,3.0,-0.31659590953885164,0.31659590953885164,0.16611889000620905,0.4568763193794451,0.028144446696728588,0.0285457005089365,-0.011966396186251132,0.31659590953885164,1.1565457696667854,0.31538931999401515,2.6834040904611483,True,2.6834040904611483,True,2.6834040904611483,True,2.6834040904611483,True,2.6834040904611483,True,2.6834040904611483,True,3.0,False,2.7625530678458614,2.83764936270698,True,True,0.75,0.5128008050688251,2.6834040904611483,wind_stuck_7_days,2016
11397,US-SCs,US-SCg,2016-04-04,1.98892465,3.0,3.0,-0.34147923691591575,0.34147923691591575,0.12757668532645458,0.5297668968146232,0.028144446696728588,0.0285457005089365,-0.011966396186251132,0.34147923691591575,1.1565457696667854,0.31538931999401515,2.658520763084084,True,2.658520763084084,True,2.658520763084084,True,2.658520763084084,True,2.658520763084084,True,2.658520763084084,True,3.0,False,2.743890572313063,2.840342326900162,True,True,0.75,0.4675472352046728,2.658520763084084,wind_stuck_7_days,2016
11398,US-SCs,US-SCg,2016-04-12,1.38671674,3.3,3.3,-1.0132387322012764,1.0132387322012764,0.11122959233408326,0.3479559100150253,0.19311624726315227,0.22273537708644742,-0.017285390767662986,1.0132387322012764,1.1565457696667854,0.31538931999401515,2.2867612677987235,True,2.2867612677987235,True,2.2867612677987235,True,2.2867612677987235,True,2.2867612677987235,True,2.2867612677987235,True,3.3,False,2.5400709508490427,2.5413350769708574,True,True,0.75,0.7487523906443367,2.2867612677987235,wind_stuck_7_days,2016
11399,US-SCs,US-SCg,2016-04-19,1.7242301,3.2,3.2,-0.7672916988070295,0.7672916988070295,0.1881960566765519,0.6290129271540981,-0.04682110260940414,-0.09580822203894325,-0.01662403711857779,0.7672916988070295,1.1565457696667854,0.31538931999401515,2.432708301192971,True,2.432708301192971,True,2.432708301192971,True,3.2,False,3.2,False,3.2,False,3.2,False,2.624531225894728,2.883538206490929,True,True,0.75,0.41244000684628784,2.432708301192971,wind_stuck_7_days,2016
11400,US-SCs,US-SCg,2016-06-22,0.08192081,3.9,3.9,-1.0064957820958704,1.0064957820958704,0.1826072993183421,0.40586307951525297,-0.11046803299945902,-0.0664551012812515,-0.017285390767662986,1.0064957820958704,1.1565457696667854,0.31538931999401515,2.8935042179041295,True,2.8935042179041295,True,2.8935042179041295,True,3.9,False,3.9,False,3.9,False,3.9,False,3.145128163428097,3.9,True,False,0.75,0.0,2.8935042179041295,wind_stuck_7_days,2016
11401,US-SCs,US-SCg,2016-06-23,0.79903881,3.0,3.0,-1.1295834192366616,1.1295834192366616,0.1981020871537824,0.33248601362808894,-0.0021484545926006605,0.09765570378408353,-0.032980948040195524,1.1295834192366616,1.1565457696667854,0.31538931999401515,1.8704165807633384,True,1.8704165807633384,True,1.8704165807633384,True,3.0,False,3.0,False,1.8704165807633384,True,3.0,False,2.152812435572504,2.7942783429714786,True,True,0.75,0.18212170391766372,1.8704165807633384,wind_stuck_7_days,2016
11402,US-SCs,US-SCg,2016-06-30,0.90920714,3.4,3.4,-1.0893308602134595,1.0893308602134595,0.2219842775356591,0.3822722090675545,-0.09818400209605697,-0.019718043477850968,-0.032980948040195524,1.0893308602134595,1.1565457696667854,0.31538931999401515,2.3106691397865404,True,2.3106691397865404,True,2.3106691397865404,True,3.4,False,3.4,False,3.4,False,3.4,False,2.5830018548399054,3.1802138259665216,True,True,0.75,0.20176255172869179,2.3106691397865404,wind_stuck_7_days,2016
11403,US-SCs,US-SCg,2016-07-01,0.90550955,3.2,3.2,-0.8511834948675533,0.8511834948675533,0.19043446563187075,0.37051820964660837,0.019188354455273136,0.06914085444817518,-0.012311285174846564,0.8511834948675534,1.1565457696667854,0.31538931999401515,2.3488165051324468,True,2.3488165051324468,True,2.3488165051324468,True,2.3488165051324468,True,2.3488165051324468,True,2.3488165051324468,True,3.2,False,2.5616123788493352,2.6822380598494706,True,True,0.75,0.6082847509056727,2.3488165051324468,wind_stuck_7_days,2016
11404,US-SCs,US-SCg,2016-07-08,0.89374979,3.2,3.2,-1.1314211497895947,1.1314211497895947,0.16568030268504824,0.3675537344980498,-0.1190124121127606,-0.019718043477850968,-0.028323307107868862,1.1314211497895947,1.1565457696667854,0.31538931999401515,2.0685788502104057,True,2.0685788502104057,True,2.0685788502104057,True,3.2,False,3.2,False,3.2,False,3.2,False,2.351434137657804,2.993943652351837,True,True,0.75,0.18212170391766372,2.0685788502104057,wind_stuck_7_days,2016
11405,US-SCs,US-SCg,2016-07-09,0.47581325,2.7,2.7,-0.8646198479860736,0.8646198479860736,0.16539314377526126,0.32116905903893145,-0.0891430865646815,-0.0162675077872173,-0.007653644242519903,0.8646198479860736,1.1565457696667854,0.31538931999401515,1.8353801520139266,True,1.8353801520139266,True,1.8353801520139266,True,2.7,False,2.7,False,2.7,False,2.7,False,2.051535114010445,2.509892910782434,True,True,0.75,0.21987361227061278,1.8353801520139266,wind_stuck_7_days,2016
11406,US-SCs,US-SCg,2016-07-16,0.79882345,2.8,2.8,-1.2925101073628174,1.2925101073628174,0.12144813332108005,0.27924589395034577,-0.15492713075081696,-0.02191648642521092,0.08034738183122908,1.2925101073628174,1.1565457696667854,0.31538931999401515,1.5074898926371825,True,1.5074898926371825,True,1.5074898926371825,True,2.8,False,2.8,False,2.8,False,1.5074898926371825,True,1.8306174194778868,2.8,True,False,0.75,0.0,1.5074898926371825,wind_stuck_7_days,2016
11407,US-SCs,US-SCg,2016-07-17,0.63459467,3.7,3.7,-1.2661506965103306,1.2661506965103306,0.18477148707761393,0.378250546380939,-0.27626972707767716,-0.13910267165512957,0.05705668219489996,1.2661506965103306,1.1565457696667854,0.31538931999401515,2.4338493034896693,True,2.4338493034896693,True,2.4338493034896693,True,3.7,False,3.7,False,3.7,False,2.4338493034896693,True,2.7503869776172523,3.5540858673175157,True,True,0.75,0.11524231127040578,2.4338493034896693,wind_stuck_7_days,2016
11408,US-SCs,US-SCg,2016-07-24,-0.03697408,3.5,3.5,-1.5184527403155499,1.5184527403155499,0.15650424792025816,0.3785423008582215,-0.5950690909292632,-0.4901479127553305,-0.07031026426210314,1.5184527403155497,1.1565457696667854,0.31538931999401515,1.9815472596844501,True,1.9815472596844501,True,1.9815472596844501,True,3.5,False,3.5,False,3.5,False,3.5,False,2.3611604447633376,3.5,True,False,0.75,0.0,1.9815472596844501,wind_stuck_7_days,2016
11409,US-SCs,US-SCg,2016-07-25,-0.25533436,2.9,2.9,-1.2993313322755866,1.2993313322755866,0.1798184795615967,0.3874122799321573,-0.2192679162978108,-0.05997220667497528,-0.002460516215686142,1.2993313322755866,1.1565457696667854,0.31538931999401515,1.6006686677244133,True,1.6006686677244133,True,1.6006686677244133,True,2.9,False,2.9,False,2.9,False,2.9,False,1.92550150079331,2.9,True,False,0.75,0.0,1.6006686677244133,wind_stuck_7_days,2016
11410,US-SCs,US-SCg,2016-08-01,0.28501173,3.4,3.4,-0.4258869888113989,0.4258869888113989,0.23464403467733258,0.3737290752238605,-0.017516004231959464,-0.013303986119137842,-0.01662403711857779,0.42588698881139875,1.1565457696667854,0.31538931999401515,2.974113011188601,True,2.974113011188601,True,2.974113011188601,True,3.4,False,3.4,False,3.4,False,3.4,False,3.080584758391451,3.1510313326632584,True,True,0.75,0.5845885736767495,2.974113011188601,wind_stuck_7_days,2016
11411,US-SCs,US-SCg,2016-08-02,0.56327191,3.1,3.1,-0.32841569975174495,0.32841569975174495,0.21749961129693543,0.32456516409535274,-0.01439020431748738,-0.01238219319899865,-0.01662403711857779,0.3284156997517451,1.1565457696667854,0.31538931999401515,2.771584300248255,True,2.771584300248255,True,2.771584300248255,True,3.1,False,3.1,False,3.1,False,3.1,False,2.8536882251861915,2.9423225915795657,True,True,0.75,0.4801153189071825,2.771584300248255,wind_stuck_7_days,2016
11412,US-SCs,US-SCg,2016-08-09,0.7687933,3.7,3.7,-0.12715145431166236,0.12715145431166236,0.21927238695856474,0.4426165822200291,0.014611751994503434,0.014468619959592002,-0.01662403711857779,0.12715145431166253,1.1565457696667854,0.31538931999401515,3.5728485456883377,True,3.5728485456883377,True,3.5728485456883377,True,3.5728485456883377,True,3.5728485456883377,True,3.5728485456883377,True,3.7,False,3.6046364092662535,3.5728485456883377,True,True,0.75,1.0,3.5728485456883377,wind_stuck_7_days,2016
11413,US-SCs,US-SCg,2016-08-10,0.53917244,2.6,2.6,-0.821808091349383,0.821808091349383,0.14739765395036777,0.3115124360016124,-0.02269050852771847,0.022743539555314912,-0.007653644242519903,0.821808091349383,1.1565457696667854,0.31538931999401515,1.778191908650617,True,1.778191908650617,True,1.778191908650617,True,2.6,False,2.6,False,1.778191908650617,True,2.6,False,1.9836439314879628,2.2079361082379867,True,True,0.75,0.47707475247445735,1.778191908650617,wind_stuck_7_days,2016
11414,US-SCs,US-SCg,2016-08-17,0.58678014,1.7,1.7,-0.9410786594881572,0.9410786594881572,0.159275080311446,0.3487531667327547,-0.12039974748221588,-0.06300456559061783,-0.04056298935640438,0.9410786594881572,1.1565457696667854,0.31538931999401515,0.7589213405118428,True,0.7589213405118428,True,0.7589213405118428,True,1.7,False,1.7,False,1.7,False,1.7,False,0.994191005383882,1.6442119016591026,True,True,0.75,0.05928101522484839,0.7589213405118428,wind_stuck_7_days,2016
11415,US-SCs,US-SCg,2016-08-18,-0.46100464,3.4,3.4,-1.105153991762141,1.105153991762141,0.14227869735612586,0.37794616294231237,-0.09818400209605697,-0.019718043477850968,-0.028323307107868862,1.105153991762141,1.1565457696667854,0.31538931999401515,2.294846008237859,True,2.294846008237859,True,2.294846008237859,True,3.4,False,3.4,False,3.4,False,3.4,False,2.571134506178394,3.1876512841385867,True,True,0.75,0.192144006576702,2.294846008237859,wind_stuck_7_days,2016
11416,US-SCs,US-SCg,2016-08-25,0.64670874,3.3,3.3,-0.19258876727928093,0.19258876727928093,0.1324266582157894,0.32705748036091287,0.01119524957981376,0.012897111046611748,-0.011966396186251132,0.19258876727928076,1.1565457696667854,0.31538931999401515,3.107411232720719,True,3.107411232720719,True,3.107411232720719,True,3.107411232720719,True,3.107411232720719,True,3.107411232720719,True,3.3,False,3.1555584245405393,3.107411232720719,True,True,0.75,1.0,3.107411232720719,wind_stuck_7_days,2016
11417,US-SCs,US-SCg,2016-08-26,0.62674166,2.6,2.6,-0.16597407121085245,0.16597407121085245,0.13408229714103542,0.40679859412137526,0.028144446696728588,0.0285457005089365,-0.011966396186251132,0.1659740712108524,1.1565457696667854,0.31538931999401515,2.4340259287891475,True,2.4340259287891475,True,2.4340259287891475,True,2.4340259287891475,True,2.4340259287891475,True,2.4340259287891475,True,2.6,False,2.4755194465918606,2.4340259287891475,True,True,0.75,1.0,2.4340259287891475,wind_stuck_7_days,2016
11418,US-SCs,US-SCg,2016-09-03,0.50002212,2.6,2.6,-0.6126488390420722,0.6126488390420722,0.16951143739928373,0.38557658221835456,0.10752368178205995,0.1144727044890334,-0.011966396186251132,0.6126488390420723,1.1565457696667854,0.31538931999401515,1.9873511609579277,True,1.9873511609579277,True,1.9873511609579277,True,1.9873511609579277,True,1.9873511609579277,True,1.9873511609579277,True,2.6,False,2.140513370718446,2.2152640168488724,True,True,0.75,0.6279877780437725,1.9873511609579277,wind_stuck_7_days,2016
11419,US-SCs,US-SCg,2016-09-11,1.40099546,2.6,2.6,-0.8459333708650967,0.8459333708650967,0.09223960957717138,0.2526160938613308,0.046517737658087345,0.09227829200419492,-0.007653644242519903,0.8459333708650967,1.1565457696667854,0.31538931999401515,1.7540666291349034,True,1.7540666291349034,True,1.7540666291349034,True,1.7540666291349034,True,1.7540666291349034,True,1.7540666291349034,True,2.6,False,1.9655499718511775,1.9255339509605212,True,True,0.75,0.797303986660006,1.7540666291349034,wind_stuck_7_days,2016
11420,US-SCs,US-SCg,2016-09-18,0.20547748,0.6,0.6,-0.21233464122657825,0.21233464122657825,0.20760700569742083,0.4688323729455176,0.008967428662874566,0.013583104982359014,-0.02249720757340366,0.21233464122657825,1.1565457696667854,0.31538931999401515,0.38766535877342173,True,0.38766535877342173,True,0.38766535877342173,True,0.38766535877342173,True,0.38766535877342173,True,0.38766535877342173,True,0.6,False,0.4407490190800663,0.38766535877342173,True,True,0.75,1.0,0.38766535877342173,wind_stuck_7_days,2016
11421,US-SCs,US-SCg,2016-09-26,0.17666019,1.5,1.5,-0.36294167633510277,0.36294167633510277,0.14084302695642012,0.616217846300503,0.017997248588815698,0.013583104982359014,-0.017839566641077,0.36294167633510277,1.1565457696667854,0.31538931999401515,1.1370583236648972,True,1.1370583236648972,True,1.1370583236648972,True,1.1370583236648972,True,1.1370583236648972,True,1.1370583236648972,True,1.5,False,1.227793742748673,1.3485945344379067,True,True,0.75,0.41716197238892216,1.1370583236648972,wind_stuck_7_days,2016
11422,US-SCs,US-SCg,2016-09-27,0.5034854,0.3,0.3,-0.1940730925988356,0.1940730925988356,0.21123860711265754,0.6462431942760107,0.020107103397682964,0.01320502430046271,-0.020062184806946833,-0.1940730925988356,1.1565457696667854,0.31538931999401515,0.1059269074011644,True,0.1059269074011644,True,0.1059269074011644,True,0.1059269074011644,True,0.1059269074011644,True,0.1059269074011644,True,0.3,False,0.1544451805508733,0.1059269074011644,True,True,0.75,1.0,0.1059269074011644,wind_stuck_7_days,2016
11650,US-SCw,US-SCw,2016-02-24,0.49469923,0.6,0.6,0.07251036193291902,0.07251036193291902,0.112724564129797,0.32652940065366287,0.02429894922646033,0.02582190072491816,-0.024112203490587795,-0.07251036193291902,1.1565457696667854,0.31538931999401515,0.672510361932919,True,0.672510361932919,True,0.672510361932919,True,0.672510361932919,True,0.672510361932919,True,0.672510361932919,True,0.6,False,0.6543827714496893,0.672510361932919,True,True,0.75,1.0,0.672510361932919,wind_stuck_7_days,2016
11651,US-SCw,US-SCw,2016-03-03,0.52650689,0.7,0.7,0.05921112718062258,0.05921112718062258,0.09102051616478371,0.33580881681239977,0.02429894922646033,0.02582190072491816,-0.017839566641077,-0.059211127180622575,1.1565457696667854,0.31538931999401515,0.7592111271806226,True,0.7592111271806226,True,0.7592111271806226,True,0.7592111271806226,True,0.7592111271806226,True,0.7592111271806226,True,0.7,False,0.7444083453854669,0.7592111271806226,True,True,0.75,1.0,0.7592111271806226,wind_stuck_7_days,2016
11652,US-SCw,US-SCw,2016-03-19,0.39046338,0.4,0.4,0.2803158784931361,0.2803158784931361,0.07469311818086956,0.3729777445819564,0.04634124257829734,0.037420183768287194,-0.017839566641077,-0.2803158784931361,1.1565457696667854,0.31538931999401515,0.6803158784931361,True,0.6803158784931361,True,0.6803158784931361,True,0.6803158784931361,True,0.6803158784931361,True,0.6803158784931361,True,0.4,False,0.610236908869852,0.6185631023897045,True,True,0.75,0.7797028964773974,0.6803158784931361,wind_stuck_7_days,2016
11653,US-SCw,US-SCw,2016-03-27,0.34498309,0.1,0.1,0.6131272303533954,0.6131272303533954,0.09687581934107492,0.3661996053449411,0.2842083761150132,0.3071917112267576,-0.06460365753765336,-0.1231610503533955,1.1565457696667854,0.31538931999401515,0.7131272303533954,True,0.7131272303533954,True,0.7131272303533954,True,0.7131272303533954,True,0.7131272303533954,True,0.7131272303533954,True,0.1,False,0.5598454227650466,0.7131272303533954,True,True,0.75,1.0,0.7131272303533954,wind_stuck_7_days,2016
11654,US-SCw,US-SCw,2016-04-04,0.22830946,0.7,0.7,0.21793292469384365,0.21793292469384365,0.09354745990958314,0.36523700753007515,0.025864338549588896,0.027393409637898422,-0.017839566641077,-0.21793292469384362,1.1565457696667854,0.31538931999401515,0.9179329246938436,True,0.9179329246938436,True,0.9179329246938436,True,0.9179329246938436,True,0.9179329246938436,True,0.9179329246938436,True,0.7,False,0.8634496935203827,0.9126259544864406,True,True,0.75,0.9756486074104755,0.9179329246938436,wind_stuck_7_days,2016
11655,US-SCw,US-SCw,2016-04-12,1.90210975,2.4,2.4,-0.23019581761012348,0.23019581761012348,0.1372591607128119,0.4056878244580588,0.028144446696728588,0.0285457005089365,-0.017839566641077,0.23019581761012348,1.1565457696667854,0.31538931999401515,2.1698041823898766,True,2.1698041823898766,True,2.1698041823898766,True,2.1698041823898766,True,2.1698041823898766,True,2.1698041823898766,True,2.4,False,2.2273531367924075,2.1829332117927023,True,True,0.75,0.9429658212771603,2.1698041823898766,wind_stuck_7_days,2016
11656,US-SCw,US-SCw,2016-04-20,0.82641633,0.9,0.9,-0.10711839623245996,0.10711839623245996,0.11811750944624048,0.37503831496707346,0.005121931192606307,0.01085930519834067,-0.017839566641077,0.04004894376754002,1.1565457696667854,0.31538931999401515,0.79288160376754,True,0.79288160376754,True,0.79288160376754,True,0.79288160376754,True,0.79288160376754,True,0.79288160376754,True,0.9,False,0.819661202825655,0.79288160376754,True,True,0.75,1.0,0.79288160376754,wind_stuck_7_days,2016
11657,US-SCw,US-SCw,2016-05-14,1.07840989,0.1,0.1,0.5455479215491423,0.5455479215491423,0.1058849293771419,0.39476045800284404,0.32017607784145563,0.32405173417644395,-0.017699065452729864,0.5455479215491423,1.1565457696667854,0.31538931999401515,0.6455479215491423,True,0.6455479215491423,True,0.6455479215491423,True,0.6455479215491423,True,0.6455479215491423,True,0.6455479215491423,True,0.1,False,0.5091609411618567,0.6455479215491423,True,True,0.75,1.0,0.6455479215491423,wind_stuck_7_days,2016
11658,US-SCw,US-SCw,2016-05-22,0.39236072,0.2,0.2,0.8414024381588524,0.8414024381588524,0.19016715535316192,0.4692685224961382,0.3117479760143181,0.316065726173283,-0.06665819202584133,-0.4566809981588524,1.1565457696667854,0.31538931999401515,1.0414024381588525,True,1.0414024381588525,True,1.0414024381588525,True,1.0414024381588525,True,1.0414024381588525,True,1.0414024381588525,True,0.2,False,0.8310518286191393,0.9403058710946142,True,True,0.75,0.8798475468107073,1.0414024381588525,wind_stuck_7_days,2016
11659,US-SCw,US-SCw,2016-05-30,0.61222216,0.1,0.1,0.758004729117849,0.758004729117849,0.08547189369912446,0.3815415493910673,0.3125017334039004,0.3101885652645493,-0.039518778331755024,0.26643959088215097,1.1565457696667854,0.31538931999401515,0.858004729117849,True,0.858004729117849,True,0.858004729117849,True,0.858004729117849,True,0.858004729117849,True,0.858004729117849,True,0.1,False,0.6685035468383868,0.8569096549059682,True,True,0.75,0.9985553200793942,0.858004729117849,wind_stuck_7_days,2016
11660,US-SCw,US-SCw,2016-06-15,0.99789326,1.1,1.1,0.5714987718345049,0.5714987718345049,0.16267134027857658,0.3976180002272941,0.10597017236476405,0.11772201805638066,-0.04262076518488345,-0.5714987718345049,1.1565457696667854,0.31538931999401515,1.671498771834505,True,1.671498771834505,True,1.671498771834505,True,1.671498771834505,True,1.671498771834505,True,1.671498771834505,True,1.1,False,1.528624078875879,1.671498771834505,True,True,0.75,1.0,1.671498771834505,wind_stuck_7_days,2016
11661,US-SCw,US-SCw,2016-06-23,-0.08709308,0.2,0.2,0.15918084315947026,0.15918084315947026,0.14928972259415982,0.3787475885102546,0.031777821191722365,0.04136268710678093,-0.0063496245640117955,-0.15918084315947023,1.1565457696667854,0.31538931999401515,0.3591808431594703,True,0.3591808431594703,True,0.3591808431594703,True,0.3591808431594703,True,0.3591808431594703,True,0.3591808431594703,True,0.2,False,0.3193856323696027,0.3591808431594703,True,True,0.75,1.0,0.3591808431594703,wind_stuck_7_days,2016
12538,US-SRG,US-SRC,2016-01-03,0.35807421,0.0,0.0,0.4528258436711585,0.4528258436711585,0.11111795005613782,0.4211660210260983,0.12342532183877525,0.12453880943322741,-0.01957936261155674,0.2633225763288415,1.1565457696667854,0.31538931999401515,0.4528258436711585,True,0.4528258436711585,True,0.4528258436711585,True,0.4528258436711585,True,0.4528258436711585,True,0.4528258436711585,True,0.0,False,0.3396193827533689,0.3540318238326189,True,True,0.75,0.7818277794447533,0.4528258436711585,wind_stuck_7_days,2016
12539,US-SRG,US-SRC,2016-01-11,0.40873688,0.4,0.4,-0.025413613167464176,0.025413613167464176,0.09951612229069122,0.34586308682090544,0.014621551246922463,0.019664389578383925,-0.024112203490587795,-0.025413613167464176,1.1565457696667854,0.31538931999401515,0.37458638683253587,True,0.37458638683253587,True,0.37458638683253587,True,0.37458638683253587,True,0.37458638683253587,True,0.37458638683253587,True,0.4,False,0.3809397901244019,0.37458638683253587,True,True,0.75,1.0,0.37458638683253587,wind_stuck_7_days,2016
12540,US-SRG,US-SRC,2016-01-12,0.88085449,0.0,0.0,0.20268647935852663,0.20268647935852663,0.0849707854901965,0.3372295659324288,0.02531655177212438,0.04254901392042865,-0.01209580599890227,0.20268647935852668,1.1565457696667854,0.31538931999401515,0.20268647935852663,True,0.20268647935852663,True,0.20268647935852663,True,0.20268647935852663,True,0.20268647935852663,True,0.20268647935852663,True,0.0,False,0.15201485951889498,0.20268647935852663,True,True,0.75,1.0,0.20268647935852663,wind_stuck_7_days,2016
12541,US-SRG,US-SRC,2016-01-19,0.33520253,0.2,0.2,0.10054939644451397,0.10054939644451397,0.07353853715953396,0.20248044890923111,0.014615242199861116,0.024289729321347854,-0.01209580599890227,0.10054939644451397,1.1565457696667854,0.31538931999401515,0.30054939644451395,True,0.30054939644451395,True,0.30054939644451395,True,0.30054939644451395,True,0.30054939644451395,True,0.30054939644451395,True,0.2,False,0.2754120473333855,0.30054939644451395,True,True,0.75,1.0,0.30054939644451395,wind_stuck_7_days,2016
12542,US-SRG,US-SRC,2016-01-20,0.34978903,0.4,0.4,-0.023851654400729068,0.023851654400729068,0.06319536956942975,0.23284342311705303,0.014621551246922463,0.019664389578383925,-0.024112203490587795,0.023851654400729068,1.1565457696667854,0.31538931999401515,0.37614834559927096,True,0.37614834559927096,True,0.37614834559927096,True,0.37614834559927096,True,0.37614834559927096,True,0.37614834559927096,True,0.4,False,0.3821112591994532,0.37614834559927096,True,True,0.75,1.0,0.37614834559927096,wind_stuck_7_days,2016
12543,US-SRG,US-SRC,2016-01-27,0.33327814,0.2,0.2,0.0018136231507676001,0.0018136231507676001,0.07813269696216524,0.28180718623471807,0.014615242199861116,0.01869344557118126,-0.01209580599890227,0.001813623150767607,1.1565457696667854,0.31538931999401515,0.20181362315076762,True,0.20181362315076762,True,0.20181362315076762,True,0.20181362315076762,True,0.20181362315076762,True,0.20181362315076762,True,0.2,False,0.20136021736307572,0.20181362315076762,True,True,0.75,1.0,0.20181362315076762,wind_stuck_7_days,2016
12544,US-SRG,US-SRC,2016-01-28,0.35334145,1.2,1.2,-0.592899326100245,0.592899326100245,0.13372651422684104,0.4303707578930484,0.10557870333558558,0.1144727044890334,-0.024112203490587795,0.592899326100245,1.1565457696667854,0.31538931999401515,0.607100673899755,True,0.607100673899755,True,0.607100673899755,True,0.607100673899755,True,0.607100673899755,True,0.607100673899755,True,1.2,False,0.7553255054248162,0.8012916700055652,True,True,0.75,0.6724722266373816,0.607100673899755,wind_stuck_7_days,2016
12545,US-SRG,US-SRC,2016-02-05,0.51740067,0.4,0.4,-0.5449251844659952,0.5449251844659952,0.18121970221944603,0.5142712558387778,0.14154937675316354,0.1155426347228248,-0.017839566641077,-0.5449251844659952,1.1565457696667854,0.31538931999401515,-0.14492518446599523,True,-0.14492518446599523,True,-0.14492518446599523,True,-0.14492518446599523,True,-0.14492518446599523,True,-0.14492518446599523,True,0.4,False,-0.008693888349496415,0.10542919918180793,True,True,0.75,0.5405710897852145,-0.14492518446599523,wind_stuck_7_days,2016
12546,US-SRG,US-SRC,2016-02-12,0.497195,0.2,0.2,0.1990808458806555,0.1990808458806555,0.11321564438889821,0.40679058302647986,0.014615242199861116,0.03253932529903654,-0.01209580599890227,0.1990808458806555,1.1565457696667854,0.31538931999401515,0.3990808458806555,True,0.3990808458806555,True,0.3990808458806555,True,0.3990808458806555,True,0.3990808458806555,True,0.3990808458806555,True,0.2,False,0.34931063441049165,0.3990808458806555,True,True,0.75,1.0,0.3990808458806555,wind_stuck_7_days,2016
12547,US-SRG,US-SRC,2016-02-13,0.54424228,0.1,0.1,0.46670123702825883,0.46670123702825883,0.15930090814746847,0.5135771061344442,0.12631456371949246,0.1145291208118353,-0.01957936261155674,0.42178332297174115,1.1565457696667854,0.31538931999401515,0.5667012370282588,True,0.5667012370282588,True,0.5667012370282588,True,0.5667012370282588,True,0.5667012370282588,True,0.5667012370282588,True,0.1,False,0.4500259277711941,0.43744054837063373,True,True,0.75,0.7230333275294096,0.5667012370282588,wind_stuck_7_days,2016
12548,US-SRG,US-SRC,2016-02-20,0.56545857,0.5,0.5,0.2781432710201546,0.2781432710201546,0.17201448843830155,0.46975746939506885,0.03334372895559118,0.02582190072491816,-0.024112203490587795,-0.14722613102015464,1.1565457696667854,0.31538931999401515,0.7781432710201546,True,0.7781432710201546,True,0.7781432710201546,True,0.7781432710201546,True,0.7781432710201546,True,0.7781432710201546,True,0.5,False,0.708607453265116,0.6872282035143659,True,True,0.75,0.6731358368932071,0.7781432710201546,wind_stuck_7_days,2016
12549,US-SRG,US-SRC,2016-02-28,0.63428184,0.5,0.5,0.213980079344598,0.213980079344598,0.18719031861851668,0.4904304200626267,0.025604976580505943,0.02582190072491816,-0.030042497326406015,0.054583600655401965,1.1565457696667854,0.31538931999401515,0.7139800793445981,True,0.7139800793445981,True,0.7139800793445981,True,0.7139800793445981,True,0.7139800793445981,True,0.7139800793445981,True,0.5,False,0.6604850595084485,0.7139800793445981,True,True,0.75,1.0,0.7139800793445981,wind_stuck_7_days,2016
12550,US-SRG,US-SRC,2016-02-29,0.62125142,0.3,0.3,0.4148257589134305,0.4148257589134305,0.18354780921992986,0.39808601065872085,0.06976877070403906,0.06340548929462171,-0.028215700527919062,0.22767708108656953,1.1565457696667854,0.31538931999401515,0.7148257589134305,True,0.7148257589134305,True,0.7148257589134305,True,0.7148257589134305,True,0.7148257589134305,True,0.7148257589134305,True,0.3,False,0.6111193191850728,0.6875492245793577,True,True,0.75,0.934245803815271,0.7148257589134305,wind_stuck_7_days,2016
12551,US-SRG,US-SRC,2016-03-07,0.63748392,1.5,1.5,-0.04557191522728718,0.04557191522728718,0.06365421028884916,0.3670597186041551,0.02429894922646033,0.02582190072491816,-0.024112203490587795,0.04557191522728721,1.1565457696667854,0.31538931999401515,1.454428084772713,True,1.454428084772713,True,1.454428084772713,True,1.454428084772713,True,1.454428084772713,True,1.454428084772713,True,1.5,False,1.4658210635795346,1.454428084772713,True,True,0.75,1.0,1.454428084772713,wind_stuck_7_days,2016
12552,US-SRG,US-SRC,2016-03-15,0.78430438,0.9,0.9,-0.24696962234732092,0.24696962234732092,0.11449784079314598,0.3111406724689088,0.028143797637893944,0.0285457005089365,-0.017839566641077,-0.015578382347320924,1.1565457696667854,0.31538931999401515,0.6530303776526791,True,0.6530303776526791,True,0.6530303776526791,True,0.6530303776526791,True,0.6530303776526791,True,0.6530303776526791,True,0.9,False,0.7147727832395093,0.7018576945606387,True,True,0.75,0.802294239899301,0.6530303776526791,wind_stuck_7_days,2016
12553,US-SRG,US-SRC,2016-03-16,0.88742257,0.3,0.3,0.12854466089748764,0.12854466089748764,0.09853743564598413,0.2712589723050468,0.014621551246922463,0.019664389578383925,-0.017839566641077,0.12854466089748762,1.1565457696667854,0.31538931999401515,0.42854466089748766,True,0.42854466089748766,True,0.42854466089748766,True,0.42854466089748766,True,0.42854466089748766,True,0.42854466089748766,True,0.3,False,0.39640849567311576,0.42854466089748766,True,True,0.75,1.0,0.42854466089748766,wind_stuck_7_days,2016
12554,US-SRG,US-SRC,2016-03-23,0.78726179,0.8,0.8,-0.11959715215747782,0.11959715215747782,0.13233990839104856,0.3309297322048677,0.02629333360516748,0.0285457005089365,-0.017839566641077,-0.09412073215747765,1.1565457696667854,0.31538931999401515,0.6804028478425223,True,0.6804028478425223,True,0.6804028478425223,True,0.6804028478425223,True,0.6804028478425223,True,0.6804028478425223,True,0.8,False,0.7103021358818917,0.6804028478425223,True,True,0.75,1.0,0.6804028478425223,wind_stuck_7_days,2016
12555,US-SRG,US-SRC,2016-03-24,0.76660086,0.7,0.7,-0.09731917384455216,0.09731917384455216,0.13310055552344885,0.37326259842232623,0.028144446696728588,0.02582190072491816,-0.017839566641077,-0.09731917384455216,1.1565457696667854,0.31538931999401515,0.6026808261554478,True,0.6026808261554478,True,0.6026808261554478,True,0.6026808261554478,True,0.6026808261554478,True,0.6026808261554478,True,0.7,False,0.6270106196165859,0.6026808261554478,True,True,0.75,1.0,0.6026808261554478,wind_stuck_7_days,2016
12556,US-SRG,US-SRC,2016-04-01,0.63514571,0.6,0.6,0.36260074435931144,0.36260074435931144,0.11782886554584954,0.4027983793697012,0.02429894922646033,0.02582190072491816,-0.017839566641077,-0.29230932435931145,1.1565457696667854,0.31538931999401515,0.9626007443593114,True,0.9626007443593114,True,0.9626007443593114,True,0.9626007443593114,True,0.9626007443593114,True,0.9626007443593114,True,0.6,False,0.8719505582694835,0.7512632417066216,True,True,0.75,0.41716197238892216,0.9626007443593114,wind_stuck_7_days,2016
12557,US-SRG,US-SRC,2016-04-09,2.11374199,1.8,1.8,-0.0915000762884326,0.0915000762884326,0.11315388119549423,0.31500182959467854,0.03262308550342898,0.02582190072491816,-0.017839566641077,-0.0915000762884326,1.1565457696667854,0.31538931999401515,1.7084999237115674,True,1.7084999237115674,True,1.7084999237115674,True,1.7084999237115674,True,1.7084999237115674,True,1.7084999237115674,True,1.8,False,1.7313749427836755,1.7084999237115674,True,True,0.75,1.0,1.7084999237115674,wind_stuck_7_days,2016
12558,US-SRG,US-SRC,2016-04-16,1.07164394,1.5,1.5,-0.17528510892679108,0.17528510892679108,0.09087410480718737,0.32699811720710936,0.02970918696102251,0.030117209421916764,-0.017839566641077,0.17528510892679106,1.1565457696667854,0.31538931999401515,1.324714891073209,True,1.324714891073209,True,1.324714891073209,True,1.324714891073209,True,1.324714891073209,True,1.324714891073209,True,1.5,False,1.3685361683049067,1.324714891073209,True,True,0.75,1.0,1.324714891073209,wind_stuck_7_days,2016
12559,US-SRG,US-SRC,2016-04-24,1.21050454,1.5,1.5,-0.1436996515489657,0.1436996515489657,0.07263393317859626,0.2974605255273943,0.005121931192606307,0.013583104982359014,-0.017839566641077,0.1436996515489657,1.1565457696667854,0.31538931999401515,1.3563003484510343,True,1.3563003484510343,True,1.3563003484510343,True,1.3563003484510343,True,1.3563003484510343,True,1.3563003484510343,True,1.5,False,1.3922252613382757,1.3563003484510343,True,True,0.75,1.0,1.3563003484510343,wind_stuck_7_days,2016
12560,US-SRG,US-SRC,2016-05-02,0.86902548,1.5,1.5,-0.11362972024462001,0.11362972024462001,0.1405250625190272,0.3660599063764033,0.027858722928296047,0.027393409637898422,-0.017839566641077,0.11362972024462004,1.1565457696667854,0.31538931999401515,1.38637027975538,True,1.38637027975538,True,1.38637027975538,True,1.38637027975538,True,1.38637027975538,True,1.38637027975538,True,1.5,False,1.414777709816535,1.38637027975538,True,True,0.75,1.0,1.38637027975538,wind_stuck_7_days,2016
12561,US-SRG,US-SRC,2016-05-03,1.01421133,0.9,0.9,-0.018028700219311744,0.018028700219311744,0.15519864185655713,0.547255195328114,0.029709836019857154,0.027393409637898422,-0.017839566641077,-0.018028700219311744,1.1565457696667854,0.31538931999401515,0.8819712997806883,True,0.8819712997806883,True,0.8819712997806883,True,0.8819712997806883,True,0.8819712997806883,True,0.8819712997806883,True,0.9,False,0.8864784748355162,0.8819712997806883,True,True,0.75,1.0,0.8819712997806883,wind_stuck_7_days,2016
12562,US-SRG,US-SRC,2016-05-10,0.84780979,1.8,1.8,-0.30474881698365464,0.30474881698365464,0.09928013575439172,0.3772593690770999,0.01344606746957497,0.013583104982359014,-0.017839566641077,0.30474881698365464,1.1565457696667854,0.31538931999401515,1.4952511830163453,True,1.4952511830163453,True,1.4952511830163453,True,1.4952511830163453,True,1.4952511830163453,True,1.4952511830163453,True,1.8,False,1.571438387262259,1.6294679896135196,True,True,0.75,0.5595821899306245,1.4952511830163453,wind_stuck_7_days,2016
12563,US-SRG,US-SRC,2016-05-11,0.90081021,1.2,1.2,-0.1776505470599063,0.1776505470599063,0.11443732023247465,0.36640473562454207,0.00896677960403992,0.013583104982359014,-0.017839566641077,0.1776505470599063,1.1565457696667854,0.31538931999401515,1.0223494529400936,True,1.0223494529400936,True,1.0223494529400936,True,1.0223494529400936,True,1.0223494529400936,True,1.0223494529400936,True,1.2,False,1.0667620897050702,1.0223494529400936,True,True,0.75,1.0,1.0223494529400936,wind_stuck_7_days,2016
12564,US-SRG,US-SRC,2016-05-19,2.16925494,1.4,1.4,-0.06701383979602031,0.06701383979602031,0.16011279812692786,0.38707974253960675,0.008967428662874566,0.01085930519834067,-0.017839566641077,-0.06701383979602027,1.1565457696667854,0.31538931999401515,1.3329861602039796,True,1.3329861602039796,True,1.3329861602039796,True,1.3329861602039796,True,1.3329861602039796,True,1.3329861602039796,True,1.4,False,1.3497396201529848,1.3329861602039796,True,True,0.75,1.0,1.3329861602039796,wind_stuck_7_days,2016
12565,US-SRG,US-SRC,2016-05-26,0.75107758,1.5,1.5,0.3084747962949304,0.3084747962949304,0.18251973565876004,0.3313051659013559,0.007116315571313454,0.01085930519834067,-0.017839566641077,-0.30847479629493035,1.1565457696667854,0.31538931999401515,1.8084747962949304,True,1.8084747962949304,True,1.8084747962949304,True,1.8084747962949304,True,1.8084747962949304,True,1.8084747962949304,True,1.5,False,1.7313560972211979,1.6641782159010914,True,True,0.75,0.5322257048972064,1.8084747962949304,wind_stuck_7_days,2016
12566,US-SRG,US-SRC,2016-06-03,0.78975761,1.6,1.6,-0.09022730072927364,0.09022730072927364,0.20231756116101596,0.5340617297738557,0.008822723135245394,0.020781147735660414,-0.02302366298802398,0.09022730072927365,1.1565457696667854,0.31538931999401515,1.5097726992707265,True,1.5097726992707265,True,1.5097726992707265,True,1.5097726992707265,True,1.5097726992707265,True,1.5097726992707265,True,1.6,False,1.5323295244530448,1.5097726992707265,True,True,0.75,1.0,1.5097726992707265,wind_stuck_7_days,2016
12567,US-SRG,US-SRC,2016-06-19,0.63897325,1.6,1.6,-0.5404798939961264,0.5404798939961264,0.12814184539001652,0.5101091469600431,0.03573290873404809,0.015604648176922918,-0.01836602205569732,0.5404798939961264,1.1565457696667854,0.31538931999401515,1.0595201060038737,True,1.0595201060038737,True,1.0595201060038737,True,1.0595201060038737,True,1.0595201060038737,True,1.0595201060038737,True,1.6,False,1.1946400795029053,1.4196641604794846,True,True,0.75,0.3336587383245154,0.9903109636736749,wind_stuck_7_days,2016
12568,US-SRG,US-SRC,2016-06-20,0.57158093,1.1,1.1,-0.5301796877086102,0.5301796877086102,0.18005066961281255,0.3489285511384341,0.06655418822648304,0.015427995928548025,-0.01836602205569732,0.52665845229139,1.1565457696667854,0.31538931999401515,0.5698203122913899,True,0.5698203122913899,True,0.5698203122913899,True,0.5698203122913899,True,0.5698203122913899,True,0.5698203122913899,True,1.1,False,0.7023652342185425,0.9322637359675433,True,True,0.75,0.31637625492104027,0.5698203122913899,wind_stuck_7_days,2016
12569,US-SRG,US-SRC,2016-06-27,3.30323674,3.1,3.1,-0.8317213915277296,0.8317213915277296,0.16661667705127842,0.42581861964708895,-0.06165256206881765,-0.09209281210543749,-0.007653644242519903,-0.8317213915277297,1.1565457696667854,0.31538931999401515,2.2682786084722704,True,2.2682786084722704,True,2.2682786084722704,True,3.1,False,3.1,False,3.1,False,3.1,False,2.4762089563542027,3.1,True,False,0.75,0.0,2.2682786084722704,wind_stuck_7_days,2016
12570,US-SRG,US-SRC,2016-07-21,2.20350115,2.8,2.8,0.5973124178475107,0.5973124178475107,0.1899053438052982,0.5853271897155352,0.0984770441915621,0.09242183470603085,-0.03494045727720521,-0.5973124178475107,1.1565457696667854,0.31538931999401515,3.3973124178475107,True,3.3973124178475107,True,3.3973124178475107,True,3.3973124178475107,True,3.3973124178475107,True,3.3973124178475107,True,2.8,False,3.2479843133856328,3.3973124178475107,True,True,0.75,1.0,3.3973124178475107,wind_stuck_7_days,2016
12571,US-SRG,US-SRC,2016-07-22,5.92190349,3.3,3.3,-0.26177942947674676,0.26177942947674676,0.18902655349579162,0.3508286116608469,-0.01439020431748738,-0.01238219319899865,-0.01662403711857779,-0.2617794294767468,1.1565457696667854,0.31538931999401515,3.038220570523253,True,3.038220570523253,True,3.038220570523253,True,3.3,False,3.3,False,3.3,False,3.3,False,3.1036654278924396,3.1168263159593135,True,True,0.75,0.6997252779059838,3.038220570523253,wind_stuck_7_days,2016
12572,US-SRG,US-SRC,2016-08-07,5.55612619,4.3,4.3,-0.015731800994798605,0.015731800994798605,0.1051992605769325,0.3946611434282199,0.011647148712586312,0.01174482017557366,-0.011966396186251132,-0.01573180099479865,1.1565457696667854,0.31538931999401515,4.284268199005202,True,4.284268199005202,True,4.284268199005202,True,4.284268199005202,True,4.284268199005202,True,4.284268199005202,True,4.3,False,4.288201149253901,4.284268199005202,True,True,0.75,1.0,4.284268199005202,wind_stuck_7_days,2016
12573,US-SRG,US-SRC,2016-08-14,5.19067334,4.0,4.0,-0.06451051669429486,0.06451051669429486,0.20130150817890788,0.5551681988865514,0.013046362671374868,0.010173311262593403,-0.01662403711857779,-0.06451051669429475,1.1565457696667854,0.31538931999401515,3.9354894833057052,True,3.9354894833057052,True,3.9354894833057052,True,3.9354894833057052,True,3.9354894833057052,True,3.9354894833057052,True,4.0,False,3.951617112479279,3.9354894833057052,True,True,0.75,1.0,3.9354894833057052,wind_stuck_7_days,2016
12574,US-SRG,US-SRC,2016-08-22,4.65044702,4.1,4.1,0.24030156883155307,0.24030156883155307,0.11618136894967754,0.29498451715081686,0.017525001478075276,0.010173311262593403,-0.011966396186251132,0.24030156883155307,1.1565457696667854,0.31538931999401515,4.340301568831553,True,4.340301568831553,True,4.340301568831553,True,4.340301568831553,True,4.340301568831553,True,4.340301568831553,True,4.1,False,4.280226176623664,4.301376164700612,True,True,0.75,0.838014357042225,4.340301568831553,wind_stuck_7_days,2016
12575,US-SRG,US-SRC,2016-08-23,3.94193629,3.6,3.6,-0.11337063689082665,0.11337063689082665,0.20614397300983572,0.4350626055341881,0.012244183567820921,0.012414441587755405,-0.01662403711857779,-0.11337063689082666,1.1565457696667854,0.31538931999401515,3.4866293631091736,True,3.4866293631091736,True,3.4866293631091736,True,3.4866293631091736,True,3.4866293631091736,True,3.4866293631091736,True,3.6,False,3.51497202233188,3.4866293631091736,True,True,0.75,1.0,3.4866293631091736,wind_stuck_7_days,2016
12576,US-SRG,US-SRC,2016-08-30,2.08135815,2.8,2.8,-0.9237382647289302,0.9237382647289302,0.10424040712891676,0.3389296643555536,-0.0189760294145891,0.034966224703312836,-0.029408403078890925,0.5135454352710699,1.1565457696667854,0.31538931999401515,1.8762617352710698,True,1.8762617352710698,True,1.8762617352710698,True,2.8,False,2.8,False,1.8762617352710698,True,2.8,False,2.1071963014533024,2.130203776059988,True,True,0.75,0.7250930804913257,1.8762617352710698,wind_stuck_7_days,2016
12577,US-SRG,US-SRC,2016-09-15,2.93825055,2.6,2.6,-1.1002311553717226,1.1002311553717226,0.0949849157023193,0.35365812304475297,0.04913540526127409,0.08513616239914178,-0.028323307107868862,-1.1002311553717226,1.1565457696667854,0.31538931999401515,1.4997688446282775,True,1.4997688446282775,True,1.4997688446282775,True,1.4997688446282775,True,1.4997688446282775,True,1.4997688446282775,True,2.6,False,1.7748266334712082,1.9626092398426955,True,True,0.75,0.5793244056445181,1.4997688446282775,wind_stuck_7_days,2016
12578,US-SRG,US-SRC,2016-09-23,1.38358495,2.4,2.4,-0.2557156110125665,0.2557156110125665,0.1839556471598131,0.4379417390605025,0.028144446696728588,0.0285457005089365,-0.024112203490587795,0.25571561101256646,1.1565457696667854,0.31538931999401515,2.1442843889874332,True,2.1442843889874332,True,2.1442843889874332,True,2.1442843889874332,True,2.1442843889874332,True,2.1442843889874332,True,2.4,False,2.208213291740575,2.2109285040713527,True,True,0.75,0.7393819062511435,2.1442843889874332,wind_stuck_7_days,2016
12579,US-SRG,US-SRC,2016-09-24,1.65089901,2.2,2.2,-0.8450694740700595,0.8450694740700595,0.1243088399024103,0.42203975046692904,0.07109728486958758,0.09227829200419492,-0.025549794641395694,0.25313250592994074,1.1565457696667854,0.31538931999401515,1.3549305259299407,True,1.3549305259299407,True,1.3549305259299407,True,1.3549305259299407,True,1.3549305259299407,True,1.3549305259299407,True,2.2,False,1.5661978944474555,1.511118596347556,True,True,0.75,0.8151772425699209,1.3549305259299407,wind_stuck_7_days,2016
12580,US-SRG,US-SRC,2016-10-01,2.53077655,2.2,2.2,-0.6856050815455932,0.6856050815455932,0.10415803066622463,0.3896361116223342,0.07955594856301552,0.1144727044890334,-0.017839566641077,-0.6856050815455932,1.1565457696667854,0.31538931999401515,1.514394918454407,True,1.514394918454407,True,1.514394918454407,True,1.514394918454407,True,1.514394918454407,True,1.514394918454407,True,2.2,False,1.6857961888408053,1.7689871519127869,True,True,0.75,0.6286605214704065,1.514394918454407,wind_stuck_7_days,2016
12581,US-SRG,US-SRC,2016-10-09,2.68514203,2.4,2.4,-0.6210646963994513,0.6210646963994513,0.13840297156180034,0.4157120506384599,0.10557870333558558,0.1144727044890334,-0.017839566641077,-0.6210646963994513,1.1565457696667854,0.31538931999401515,1.7789353036005486,True,1.7789353036005486,True,1.7789353036005486,True,1.7789353036005486,True,1.7789353036005486,True,1.7789353036005486,True,2.4,False,1.9342014777004115,2.0194967660487597,True,True,0.75,0.6126627968988781,1.7789353036005486,wind_stuck_7_days,2016
12582,US-SRG,US-SRC,2016-10-10,2.47191063,1.7,1.7,-0.5424522138979556,0.5424522138979556,0.13077800206613321,0.4012747266682122,0.10557870333558558,0.10280264688036139,-0.017839566641077,-0.5424522138979555,1.1565457696667854,0.31538931999401515,1.1575477861020445,True,1.1575477861020445,True,1.1575477861020445,True,1.1575477861020445,True,1.1575477861020445,True,1.1575477861020445,True,1.7,False,1.2931608395765333,1.4719869025207921,True,True,0.75,0.42033766594987293,1.1575477861020445,wind_stuck_7_days,2016
12583,US-SRG,US-SRC,2016-10-17,1.37669175,1.6,1.6,-0.518118759161527,0.518118759161527,0.11396554073578832,0.3676324964477025,0.06927077614703187,0.06293280404728721,-0.017839566641077,-0.07150225916152686,1.1565457696667854,0.31538931999401515,1.081881240838473,True,1.081881240838473,True,1.081881240838473,True,1.081881240838473,True,1.081881240838473,True,1.081881240838473,True,1.6,False,1.2114109306288547,1.375897244253827,True,True,0.75,0.43253163832330477,1.081881240838473,wind_stuck_7_days,2016
12584,US-SRG,US-SRC,2016-10-18,1.30092588,1.3,1.3,-0.42443451836151214,0.42443451836151214,0.10053029124289699,0.28902130703763396,0.03452074105857319,0.041325918800476806,-0.017839566641077,-0.42443451836151214,1.1565457696667854,0.31538931999401515,0.8755654816384879,True,0.8755654816384879,True,0.8755654816384879,True,0.8755654816384879,True,0.8755654816384879,True,0.8755654816384879,True,1.3,False,0.9816741112288659,1.0271452875729168,True,True,0.75,0.6428664508259416,0.8755654816384879,wind_stuck_7_days,2016
12585,US-SRG,US-SRC,2016-10-25,1.45742203,1.9,1.9,-0.3471498138011643,0.3471498138011643,0.132076056756,0.44371242869438027,0.028144446696728588,0.0285457005089365,-0.024112203490587795,0.3471498138011643,1.1565457696667854,0.31538931999401515,1.5528501861988357,True,1.5528501861988357,True,1.5528501861988357,True,1.5528501861988357,True,1.5528501861988357,True,1.5528501861988357,True,1.9,False,1.6396376396491266,1.7482266292131698,True,True,0.75,0.4371984795986692,1.5528501861988357,wind_stuck_7_days,2016
12586,US-SRG,US-SRC,2016-10-26,1.20765201,0.9,0.9,-0.25957940337241636,0.25957940337241636,0.11085042841318943,0.35541935045811296,0.028143797637893944,0.0285457005089365,-0.024112203490587795,-0.25957940337241636,1.1565457696667854,0.31538931999401515,0.6404205966275837,True,0.6404205966275837,True,0.6404205966275837,True,0.6404205966275837,True,0.6404205966275837,True,0.6404205966275837,True,0.9,False,0.7053154474706878,0.7080716859109684,True,True,0.75,0.7393819062511435,0.6404205966275837,wind_stuck_7_days,2016
12587,US-SRG,US-SRC,2016-11-02,0.55775012,0.8,0.8,-0.24343788856060047,0.24343788856060047,0.08907614983941578,0.3075805586097616,0.028143797637893944,0.0285457005089365,-0.024112203490587795,0.24106187143939958,1.1565457696667854,0.31538931999401515,0.5565621114393996,True,0.5565621114393996,True,0.5565621114393996,True,0.5565621114393996,True,0.5565621114393996,True,0.5565621114393996,True,0.8,False,0.6174215835795497,0.5959955543381716,True,True,0.75,0.838014357042225,0.5565621114393996,wind_stuck_7_days,2016
12588,US-SRG,US-SRC,2016-11-10,0.35304369,0.8,0.8,-0.025344865898128604,0.025344865898128604,0.0644211768259703,0.4542530640398672,0.02429894922646033,0.02582190072491816,-0.020732143915264588,0.02534486589812862,1.1565457696667854,0.31538931999401515,0.7746551341018715,True,0.7746551341018715,True,0.7746551341018715,True,0.7746551341018715,True,0.7746551341018715,True,0.7746551341018715,True,0.8,False,0.7809913505764036,0.7746551341018715,True,True,0.75,1.0,0.7746551341018715,wind_stuck_7_days,2016
12589,US-SRG,US-SRC,2016-11-11,0.42404012,0.1,0.1,0.10478588136336428,0.10478588136336428,0.10757077430175109,0.32159836292954164,0.014615242199861116,0.024807227805851765,-0.01209580599890227,0.10478588136336428,1.1565457696667854,0.31538931999401515,0.20478588136336429,True,0.20478588136336429,True,0.20478588136336429,True,0.20478588136336429,True,0.20478588136336429,True,0.20478588136336429,True,0.1,False,0.1785894110225232,0.20478588136336429,True,True,0.75,1.0,0.20478588136336429,wind_stuck_7_days,2016
12590,US-SRG,US-SRC,2016-11-18,0.32033702,0.4,0.4,-0.1553591521772889,0.1553591521772889,0.12088572387682252,0.2982030942190828,0.014621551246922463,0.022388189362402267,-0.024112203490587795,0.003966807822711194,1.1565457696667854,0.31538931999401515,0.24464084782271112,True,0.24464084782271112,True,0.24464084782271112,True,0.24464084782271112,True,0.24464084782271112,True,0.24464084782271112,True,0.4,False,0.2834806358670333,0.24464084782271112,True,True,0.75,1.0,0.24464084782271112,wind_stuck_7_days,2016
12591,US-SRG,US-SRC,2016-11-19,0.36257135,0.1,0.1,0.1433495312884741,0.1433495312884741,0.1262916383560704,0.4922609423577347,0.02187513782545928,0.024807227805851765,-0.005823169149391479,0.1433495312884741,1.1565457696667854,0.31538931999401515,0.2433495312884741,True,0.2433495312884741,True,0.2433495312884741,True,0.2433495312884741,True,0.2433495312884741,True,0.2433495312884741,True,0.1,False,0.20751214846635557,0.2433495312884741,True,True,0.75,1.0,0.2433495312884741,wind_stuck_7_days,2016
12592,US-SRG,US-SRC,2016-11-27,0.22208953,1.3,1.3,0.022703056719491292,0.022703056719491292,0.1014233356317947,0.4361313191256948,0.02429894922646033,0.02582190072491816,-0.024112203490587795,-0.022703056719491244,1.1565457696667854,0.31538931999401515,1.3227030567194913,True,1.3227030567194913,True,1.3227030567194913,True,1.3227030567194913,True,1.3227030567194913,True,1.3227030567194913,True,1.3,False,1.3170272925396185,1.3227030567194913,True,True,0.75,1.0,1.3227030567194913,wind_stuck_7_days,2016
12593,US-SRG,US-SRC,2016-12-04,0.27238177,0.1,0.1,0.11351027489204016,0.11351027489204016,0.098546322408275,0.36301488509554103,0.014615242199861116,0.024289729321347854,-0.01209580599890227,0.11351027489204016,1.1565457696667854,0.31538931999401515,0.21351027489204016,True,0.21351027489204016,True,0.21351027489204016,True,0.21351027489204016,True,0.21351027489204016,True,0.21351027489204016,True,0.1,False,0.18513270616903013,0.21351027489204016,True,True,0.75,1.0,0.21351027489204016,wind_stuck_7_days,2016
12594,US-SRG,US-SRC,2016-12-05,0.29069712,0.1,0.1,0.16821838691154672,0.16821838691154672,0.1085795112907533,0.39255031711425864,0.014615242199861116,0.03253932529903654,-0.01209580599890227,0.16821838691154672,1.1565457696667854,0.31538931999401515,0.26821838691154676,True,0.26821838691154676,True,0.26821838691154676,True,0.26821838691154676,True,0.26821838691154676,True,0.26821838691154676,True,0.1,False,0.22616379018366004,0.26821838691154676,True,True,0.75,1.0,0.26821838691154676,wind_stuck_7_days,2016
12595,US-SRG,US-SRC,2016-12-12,0.17885513,0.9,0.9,0.013115447260383661,0.013115447260383661,0.11090018134626267,0.3508526066724512,0.02429894922646033,0.02582190072491816,-0.024112203490587795,-0.013115447260383606,1.1565457696667854,0.31538931999401515,0.9131154472603837,True,0.9131154472603837,True,0.9131154472603837,True,0.9131154472603837,True,0.9131154472603837,True,0.9131154472603837,True,0.9,False,0.9098365854452878,0.9131154472603837,True,True,0.75,1.0,0.9131154472603837,wind_stuck_7_days,2016
12596,US-SRG,US-SRC,2016-12-13,0.15018696,0.2,0.2,0.18578981048155077,0.18578981048155077,0.07469856218507004,0.3004496727500985,0.014615242199861116,0.028540473015139393,-0.01209580599890227,-0.18578981048155077,1.1565457696667854,0.31538931999401515,0.3857898104815508,True,0.3857898104815508,True,0.3857898104815508,True,0.3857898104815508,True,0.3857898104815508,True,0.3857898104815508,True,0.2,False,0.33934235786116307,0.3857898104815508,True,True,0.75,1.0,0.3857898104815508,wind_stuck_7_days,2016
13137,US-SRM,US-SRC,2016-01-03,0.29965287,0.2,0.2,0.3780879035232293,0.3780879035232293,0.14975991864139265,0.36083080844638465,0.11808650720725203,0.10123140403579109,-0.01209580599890227,-0.1787821635232293,1.1565457696667854,0.31538931999401515,0.5780879035232294,True,0.5780879035232294,True,0.5780879035232294,True,0.5780879035232294,True,0.5780879035232294,True,0.5780879035232294,True,0.2,False,0.48356592764242196,0.39962327099977224,True,True,0.75,0.5279811100529103,0.5780879035232294,wind_stuck_7_days,2016
13138,US-SRM,US-SRC,2016-01-12,0.82666702,1.4,1.4,-0.6091617824690148,0.6091617824690148,0.11567572500180365,0.3406725390899404,0.11463807158546967,0.1144727044890334,-0.024112203490587795,0.537504177530985,1.1565457696667854,0.31538931999401515,0.7908382175309852,True,0.7908382175309852,True,0.7908382175309852,True,0.7908382175309852,True,0.7908382175309852,True,0.7908382175309852,True,1.4,False,0.9431286631482388,1.0110792302128127,True,True,0.75,0.6384523471102193,0.7908382175309852,wind_stuck_7_days,2016
13139,US-SRM,US-SRC,2016-01-27,0.25631557,0.2,0.2,0.051161028024907074,0.051161028024907074,0.07186979581712785,0.26681202436806817,0.014615242199861116,0.024807227805851765,-0.01209580599890227,0.051161028024907074,1.1565457696667854,0.31538931999401515,0.2511610280249071,True,0.2511610280249071,True,0.2511610280249071,True,0.2511610280249071,True,0.2511610280249071,True,0.2511610280249071,True,0.2,False,0.23837077101868032,0.2511610280249071,True,True,0.75,1.0,0.2511610280249071,wind_stuck_7_days,2016
13140,US-SRM,US-SRC,2016-02-12,0.4074041,0.4,0.4,0.17479695751253768,0.17479695751253768,0.12849870391732038,0.2733887377878208,0.01661593562562962,0.019664389578383925,-0.020732143915264588,-0.15998875751253774,1.1565457696667854,0.31538931999401515,0.5747969575125377,True,0.5747969575125377,True,0.5747969575125377,True,0.5747969575125377,True,0.5747969575125377,True,0.5747969575125377,True,0.4,False,0.5310977181344033,0.5747969575125377,True,True,0.75,1.0,0.5747969575125377,wind_stuck_7_days,2016
13141,US-SRM,US-SRC,2016-02-28,0.49562047,0.7,0.7,0.14294216691398173,0.14294216691398173,0.20791833843706314,0.4991234275487507,0.028144446696728588,0.02582190072491816,-0.026662437751082808,-0.14294216691398176,1.1565457696667854,0.31538931999401515,0.8429421669139817,True,0.8429421669139817,True,0.8429421669139817,True,0.8429421669139817,True,0.8429421669139817,True,0.8429421669139817,True,0.7,False,0.8072066251854862,0.8429421669139817,True,True,0.75,1.0,0.8429421669139817,wind_stuck_7_days,2016
13142,US-SRM,US-SRC,2016-03-07,0.56239879,0.7,0.7,0.4015259470852187,0.4015259470852187,0.10734627862706816,0.38479987033948354,0.03067589264713958,0.038602119016458464,-0.020732143915264588,-0.4015259470852187,1.1565457696667854,0.31538931999401515,1.1015259470852188,True,1.1015259470852188,True,1.1015259470852188,True,1.1015259470852188,True,1.1015259470852188,True,1.1015259470852188,True,0.7,False,1.0011444603139141,0.9440265984925659,True,True,0.75,0.6077480179401069,1.1015259470852188,wind_stuck_7_days,2016
13143,US-SRM,US-SRC,2016-04-16,1.42773852,1.6,1.6,-0.36164311537703564,0.36164311537703564,0.08706395310926054,0.3206943831603807,0.00896677960403992,0.013583104982359014,-0.017839566641077,-0.017120155377035262,1.1565457696667854,0.31538931999401515,1.2383568846229644,True,1.2383568846229644,True,1.2383568846229644,True,1.2383568846229644,True,1.2383568846229644,True,1.2383568846229644,True,1.6,False,1.3287676634672234,1.4491362446884413,True,True,0.75,0.41716197238892216,1.2383568846229644,wind_stuck_7_days,2016
13144,US-SRM,US-SRC,2016-04-24,1.6729613,1.5,1.5,-0.4747853553343133,0.4747853553343133,0.1435672632565655,0.443865716148209,0.013191729965322002,0.03015209779524147,-0.015404543874620173,-0.4747853553343133,1.1565457696667854,0.31538931999401515,1.0252146446656867,True,1.0252146446656867,True,1.0252146446656867,True,1.0252146446656867,True,1.0252146446656867,True,1.0252146446656867,True,1.5,False,1.1439109834992651,1.2744916748182693,True,True,0.75,0.4749689994606978,1.0252146446656867,wind_stuck_7_days,2016
13145,US-SRM,US-SRC,2016-05-02,0.92060764,1.7,1.7,-0.42297387970753714,0.42297387970753714,0.13848351473040582,0.4436777169201293,0.003990515656841366,0.012661312062219817,-0.017839566641077,0.42297387970753714,1.1565457696667854,0.31538931999401515,1.2770261202924629,True,1.2770261202924629,True,1.2770261202924629,True,1.2770261202924629,True,1.2770261202924629,True,1.2770261202924629,True,1.7,False,1.382769590219347,1.4527343029592499,True,True,0.75,0.5845885736767495,1.2770261202924629,wind_stuck_7_days,2016
13146,US-SRM,US-SRC,2016-05-10,1.01100203,1.5,1.5,-0.31686263457928276,0.31686263457928276,0.09279957909236183,0.3661728188820982,0.00896677960403992,0.013583104982359014,-0.017839566641077,0.31686263457928276,1.1565457696667854,0.31538931999401515,1.1831373654207171,True,1.1831373654207171,True,1.1831373654207171,True,1.1831373654207171,True,1.1831373654207171,True,1.1831373654207171,True,1.5,False,1.2623530240655378,1.3462275719326766,True,True,0.75,0.4852968172517285,1.1831373654207171,wind_stuck_7_days,2016
13147,US-SRM,US-SRC,2016-05-18,1.32042924,1.5,1.5,-0.2135267458617393,0.2135267458617393,0.132968463180898,0.30699047415536845,0.007116315571313454,0.013583104982359014,-0.017839566641077,0.1456147741382608,1.1565457696667854,0.31538931999401515,1.2864732541382606,True,1.2864732541382606,True,1.2864732541382606,True,1.2864732541382606,True,1.2864732541382606,True,1.2864732541382606,True,1.5,False,1.3398549406036955,1.2864732541382606,True,True,0.75,1.0,1.2864732541382606,wind_stuck_7_days,2016
13148,US-SRM,US-SRC,2016-05-26,0.86824744,1.6,1.6,-0.05482479689734121,0.05482479689734121,0.10568338983090365,0.35293122342439814,0.005121931192606307,0.01085930519834067,-0.017839566641077,0.05482479689734121,1.1565457696667854,0.31538931999401515,1.5451752031026589,True,1.5451752031026589,True,1.5451752031026589,True,1.5451752031026589,True,1.5451752031026589,True,1.5451752031026589,True,1.6,False,1.5588814023269941,1.5451752031026589,True,True,0.75,1.0,1.5451752031026589,wind_stuck_7_days,2016
13149,US-SRM,US-SRC,2016-06-03,0.8779501,2.0,2.0,0.09354094277886439,0.09354094277886439,0.1659599017200724,0.6230354551638833,-0.11618731323294806,-0.14724373471549884,-0.01836602205569732,-0.09354094277886449,1.1565457696667854,0.31538931999401515,2.0935409427788643,True,2.0935409427788643,True,2.0935409427788643,True,2.0,False,2.0,False,2.0,False,2.0,False,2.0701557070841483,2.0,True,False,0.75,0.0,2.1423858673183367,wind_stuck_7_days,2016
13150,US-SRM,US-SRC,2016-06-19,0.63049035,1.8,1.8,0.03456867882218909,0.03456867882218909,0.26275611981970537,0.7042631977318656,0.02747190043867445,0.020781147735660414,-0.04107080041915443,-0.03456867882218906,1.1565457696667854,0.31538931999401515,1.834568678822189,True,1.834568678822189,True,1.834568678822189,True,1.834568678822189,True,1.834568678822189,True,1.834568678822189,True,1.8,False,1.825926509116642,1.834568678822189,True,True,0.75,1.0,0.9746984846463829,wind_stuck_7_days,2016
13151,US-SRM,US-SRC,2016-07-05,3.87483498,2.5,2.5,-0.4130166206246505,0.4130166206246505,0.222539831945023,0.42350794401930314,0.003845810129212195,-0.004009745886154813,-0.02302366298802398,-0.4130166206246506,1.1565457696667854,0.31538931999401515,2.0869833793753494,True,2.0869833793753494,True,2.0869833793753494,True,2.0869833793753494,True,2.0869833793753494,True,2.5,False,2.5,False,2.190237534531512,2.2548643875670606,True,True,0.75,0.5935248127840322,2.0869833793753494,wind_stuck_7_days,2016
13152,US-SRM,US-SRC,2016-07-13,2.59412658,2.1,2.1,-0.25388369071866185,0.25388369071866185,0.14806213917824584,0.4661101851529237,0.008822723135245394,0.013543330852799363,-0.01836602205569732,-0.2538836907186619,1.1565457696667854,0.31538931999401515,1.8461163092813382,True,1.8461163092813382,True,1.8461163092813382,True,1.8461163092813382,True,1.8461163092813382,True,1.8461163092813382,True,2.1,False,1.9095872319610037,1.9270052782310942,True,True,0.75,0.6813935990894657,1.8461163092813382,wind_stuck_7_days,2016
13153,US-SRM,US-SRC,2016-07-21,2.53989121,3.0,3.0,0.4183678415680573,0.4183678415680573,0.2270074354337555,0.5639325275551593,0.003990515656841366,0.009937512278201473,-0.011701100480209439,-0.4183678415680573,1.1565457696667854,0.31538931999401515,3.4183678415680574,True,3.4183678415680574,True,3.4183678415680574,True,3.4183678415680574,True,3.4183678415680574,True,3.4183678415680574,True,3.0,False,3.313775881176043,3.244573059774491,True,True,0.75,0.5845885736767495,3.4183678415680574,wind_stuck_7_days,2016
13154,US-SRM,US-SRC,2016-08-22,4.82294986,3.7,3.7,-0.5906778260059988,0.5906778260059988,0.17240026013879417,0.3742162540293517,0.006515548494468403,0.014838663863855139,-0.011966396186251132,-0.5906778260059988,1.1565457696667854,0.31538931999401515,3.109322173994001,True,3.109322173994001,True,3.109322173994001,True,3.109322173994001,True,3.109322173994001,True,3.109322173994001,True,3.7,False,3.256991630495501,3.311018907471161,True,True,0.75,0.658533426180939,3.109322173994001,wind_stuck_7_days,2016
13155,US-SRM,US-SRC,2016-09-15,3.19405818,2.3,2.3,-0.8896239002973845,0.8896239002973845,0.1813034409578098,0.3265157641319806,-0.02531044822386081,0.034966224703312836,-0.025549794641395694,-0.8896239002973845,1.1565457696667854,0.31538931999401515,1.4103760997026153,True,1.4103760997026153,True,1.4103760997026153,True,2.3,False,2.3,False,1.4103760997026153,True,2.3,False,1.6327820747769615,1.750914874845279,True,True,0.75,0.6172104020262631,1.4103760997026153,wind_stuck_7_days,2016
13156,US-SRM,US-SRC,2016-09-23,1.76396287,1.3,1.3,0.3055715184171512,0.3055715184171512,0.22041236678452508,0.5842989875409337,0.028144446696728588,0.02582190072491816,-0.02249720757340366,0.3055715184171512,1.1565457696667854,0.31538931999401515,1.6055715184171513,True,1.6055715184171513,True,1.6055715184171513,True,1.6055715184171513,True,1.6055715184171513,True,1.6055715184171513,True,1.3,False,1.5291786388128634,1.4626330167860782,True,True,0.75,0.5322257048972064,1.6055715184171513,wind_stuck_7_days,2016
13157,US-SRM,US-SRC,2016-09-24,1.55334697,1.9,1.9,-0.7957333792456851,0.7957333792456851,0.17553756921509217,0.4550052379493321,0.052735356398913545,0.08005560685619705,-0.025549794641395694,-0.10242731924568527,1.1565457696667854,0.31538931999401515,1.1042666207543148,True,1.1042666207543148,True,1.1042666207543148,True,1.1042666207543148,True,1.1042666207543148,True,1.1042666207543148,True,1.9,False,1.303199965565736,1.3664497766499544,True,True,0.75,0.6705138143831845,1.1042666207543148,wind_stuck_7_days,2016
13158,US-SRM,US-SRC,2016-10-01,3.09770995,2.5,2.5,-0.7680193512992255,0.7680193512992255,0.15118007881796003,0.4178452162266647,0.09596612252348835,0.1144727044890334,-0.017839566641077,-0.7680193512992255,1.1565457696667854,0.31538931999401515,1.7319806487007745,True,1.7319806487007745,True,1.7319806487007745,True,1.7319806487007745,True,1.7319806487007745,True,1.7319806487007745,True,2.5,False,1.9239854865255808,1.9495407296209952,True,True,0.75,0.7167257822967824,1.7319806487007745,wind_stuck_7_days,2016
13159,US-SRM,US-SRC,2016-10-09,1.26010158,1.8,1.8,-0.46888535974233614,0.46888535974233614,0.10724221683452273,0.4544853717388936,0.019108345672587086,0.041325918800476806,-0.017839566641077,0.46888535974233614,1.1565457696667854,0.31538931999401515,1.331114640257664,True,1.331114640257664,True,1.331114640257664,True,1.331114640257664,True,1.331114640257664,True,1.331114640257664,True,1.8,False,1.448335980193248,1.553412358945173,True,True,0.75,0.5259017709367874,1.331114640257664,wind_stuck_7_days,2016
13160,US-SRM,US-SRC,2016-10-10,1.39165799,1.4,1.4,-0.4319578983467349,0.4319578983467349,0.144600459758274,0.35609006165265505,0.03267027702584672,0.041325918800476806,-0.017839566641077,-0.4152738783467349,1.1565457696667854,0.31538931999401515,0.968042101653265,True,0.968042101653265,True,0.968042101653265,True,0.968042101653265,True,0.968042101653265,True,0.968042101653265,True,1.4,False,1.0760315762399486,1.1362181257456623,True,True,0.75,0.6106657043751946,0.968042101653265,wind_stuck_7_days,2016
13161,US-SRM,US-SRC,2016-10-17,0.73542667,1.5,1.5,-0.4624172593534056,0.4624172593534056,0.13126699772548223,0.3903485868998997,0.034521390117407826,0.041325918800476806,-0.017839566641077,0.4624172593534056,1.1565457696667854,0.31538931999401515,1.0375827406465943,True,1.0375827406465943,True,1.0375827406465943,True,1.0375827406465943,True,1.0375827406465943,True,1.0375827406465943,True,1.5,False,1.153187055484946,1.255094145392395,True,True,0.75,0.5296209206162741,1.0375827406465943,wind_stuck_7_days,2016
13162,US-SRM,US-SRC,2016-10-25,0.9738845,1.7,1.7,-0.3152541916771659,0.3152541916771659,0.13776685776859765,0.407926081052545,0.028144446696728588,0.0285457005089365,-0.020732143915264588,0.3152541916771659,1.1565457696667854,0.31538931999401515,1.3847458083228341,True,1.3847458083228341,True,1.3847458083228341,True,1.3847458083228341,True,1.3847458083228341,True,1.3847458083228341,True,1.7,False,1.4635593562421256,1.5383373967066276,True,True,0.75,0.5128008050688251,1.3847458083228341,wind_stuck_7_days,2016
13163,US-SRM,US-SRC,2016-10-26,0.76558503,0.9,0.9,-0.16960264256126334,0.16960264256126334,0.1393874747130423,0.36982951960184174,0.02629333360516748,0.0285457005089365,-0.020732143915264588,0.0992272974387367,1.1565457696667854,0.31538931999401515,0.7303973574387367,True,0.7303973574387367,True,0.7303973574387367,True,0.7303973574387367,True,0.7303973574387367,True,0.7303973574387367,True,0.9,False,0.7727980180790526,0.7303973574387367,True,True,0.75,1.0,0.7303973574387367,wind_stuck_7_days,2016
13164,US-SRM,US-SRC,2016-11-02,0.4513053,0.8,0.8,-0.24662662990564116,0.24662662990564116,0.08816078566746079,0.2967949913479978,0.028143797637893944,0.0285457005089365,-0.024112203490587795,0.24662662990564116,1.1565457696667854,0.31538931999401515,0.5533733700943588,True,0.5533733700943588,True,0.5533733700943588,True,0.5533733700943588,True,0.5533733700943588,True,0.5533733700943588,True,0.8,False,0.6150300275707692,0.6021328754209274,True,True,0.75,0.802294239899301,0.5533733700943588,wind_stuck_7_days,2016
13165,US-SRM,US-SRC,2016-11-10,0.18884831,1.3,1.3,-0.3196927849854931,0.3196927849854931,0.14761601161210744,0.5779225336670324,0.028144446696728588,0.0285457005089365,-0.017839566641077,0.31969278498549314,1.1565457696667854,0.31538931999401515,0.9803072150145069,True,0.9803072150145069,True,0.9803072150145069,True,0.9803072150145069,True,0.9803072150145069,True,0.9803072150145069,True,1.3,False,1.0602304112608802,1.1360612824847445,True,True,0.75,0.5128008050688251,0.9803072150145069,wind_stuck_7_days,2016
13166,US-SRM,US-SRC,2016-11-11,0.30590741,0.2,0.2,0.08688545567221147,0.08688545567221147,0.13814585287789619,0.39816370815449764,0.02187513782545928,0.024807227805851765,-0.008715746423579066,0.08688545567221147,1.1565457696667854,0.31538931999401515,0.28688545567221146,True,0.28688545567221146,True,0.28688545567221146,True,0.28688545567221146,True,0.28688545567221146,True,0.28688545567221146,True,0.2,False,0.2651640917541586,0.28688545567221146,True,True,0.75,1.0,0.28688545567221146,wind_stuck_7_days,2016
13167,US-SRM,US-SRC,2016-12-04,0.24014451,0.3,0.3,0.01695785738170132,0.01695785738170132,0.09276882660057875,0.3253480111252882,0.014621551246922463,0.019664389578383925,-0.024112203490587795,-0.016957857381701316,1.1565457696667854,0.31538931999401515,0.3169578573817013,True,0.3169578573817013,True,0.3169578573817013,True,0.3169578573817013,True,0.3169578573817013,True,0.3169578573817013,True,0.3,False,0.31271839303627597,0.3169578573817013,True,True,0.75,1.0,0.3169578573817013,wind_stuck_7_days,2016
13168,US-SRM,US-SRC,2016-12-13,0.12228406,0.3,0.3,0.1997309498555627,0.1997309498555627,0.09707165772042005,0.35376168520539897,0.014621551246922463,0.019664389578383925,-0.024112203490587795,-0.1997309498555627,1.1565457696667854,0.31538931999401515,0.49973094985556266,True,0.49973094985556266,True,0.49973094985556266,True,0.49973094985556266,True,0.49973094985556266,True,0.49973094985556266,True,0.3,False,0.449798212391672,0.49973094985556266,True,True,0.75,1.0,0.49973094985556266,wind_stuck_7_days,2016
13439,US-SRS,US-SRC,2016-01-03,0.48658445,0.3,0.3,0.32963998140801903,0.32963998140801903,0.1449917567859126,0.34776240242903494,0.048335626957004475,0.037420183768287194,-0.024112203490587795,0.04352891859198099,1.1565457696667854,0.31538931999401515,0.629639981408019,True,0.629639981408019,True,0.629639981408019,True,0.629639981408019,True,0.629639981408019,True,0.629639981408019,True,0.3,False,0.5472299860560143,0.510845891842267,True,True,0.75,0.6396247534709328,0.629639981408019,wind_stuck_7_days,2016
13440,US-SRS,US-SRC,2016-01-11,0.8318322,0.7,0.7,-0.20487641261082068,0.20487641261082068,0.0906033788140368,0.28971347199464664,0.028143797637893944,0.0285457005089365,-0.024112203490587795,-0.20487641261082068,1.1565457696667854,0.31538931999401515,0.4951235873891793,True,0.4951235873891793,True,0.4951235873891793,True,0.4951235873891793,True,0.4951235873891793,True,0.4951235873891793,True,0.7,False,0.5463426905418844,0.4951235873891793,True,True,0.75,1.0,0.4951235873891793,wind_stuck_7_days,2016
13441,US-SRS,US-SRC,2016-01-12,0.96823077,0.4,0.4,-0.08272790023421364,0.08272790023421364,0.08593858961604264,0.263475539111168,0.014621551246922463,0.019664389578383925,-0.024112203490587795,-0.08272790023421361,1.1565457696667854,0.31538931999401515,0.3172720997657864,True,0.3172720997657864,True,0.3172720997657864,True,0.3172720997657864,True,0.3172720997657864,True,0.3172720997657864,True,0.4,False,0.3379540748243398,0.3172720997657864,True,True,0.75,1.0,0.3172720997657864,wind_stuck_7_days,2016
13442,US-SRS,US-SRC,2016-01-19,0.64159829,0.4,0.4,0.010161585500451521,0.010161585500451521,0.06766758356918044,0.2812546648692166,0.014621551246922463,0.019664389578383925,-0.024112203490587795,0.010161585500451514,1.1565457696667854,0.31538931999401515,0.41016158550045156,True,0.41016158550045156,True,0.41016158550045156,True,0.41016158550045156,True,0.41016158550045156,True,0.41016158550045156,True,0.4,False,0.4076211891253387,0.41016158550045156,True,True,0.75,1.0,0.41016158550045156,wind_stuck_7_days,2016
13443,US-SRS,US-SRC,2016-01-27,0.54797363,0.5,0.5,-0.18555141502382472,0.18555141502382472,0.07830774294683739,0.3090695133665808,0.025604327521671296,0.0285457005089365,-0.024112203490587795,-0.18555141502382472,1.1565457696667854,0.31538931999401515,0.3144485849761753,True,0.3144485849761753,True,0.3144485849761753,True,0.3144485849761753,True,0.3144485849761753,True,0.3144485849761753,True,0.5,False,0.36083643873213145,0.3144485849761753,True,True,0.75,1.0,0.3144485849761753,wind_stuck_7_days,2016
13444,US-SRS,US-SRC,2016-03-15,0.94344042,1.2,1.2,-0.47410755549931444,0.47410755549931444,0.1345791426938776,0.4225042346033191,0.03371921101385388,0.04356704912563881,-0.017839566641077,0.03901160450068558,1.1565457696667854,0.31538931999401515,0.7258924445006856,True,0.7258924445006856,True,0.7258924445006856,True,0.7258924445006856,True,0.7258924445006856,True,0.7258924445006856,True,1.2,False,0.8444193333755141,0.9573989442176452,True,True,0.75,0.5117004632563922,0.7258924445006856,wind_stuck_7_days,2016
13445,US-SRS,US-SRC,2016-03-23,0.93190005,1.0,1.0,-0.3675502899985249,0.3675502899985249,0.1254954926517182,0.35452545708815636,0.027858722928296047,0.030117209421916764,-0.017839566641077,-0.23135038999852486,1.1565457696667854,0.31538931999401515,0.6324497100014751,True,0.6324497100014751,True,0.6324497100014751,True,0.6324497100014751,True,0.6324497100014751,True,0.6324497100014751,True,1.0,False,0.7243372825011063,0.846671996072095,True,True,0.75,0.41716197238892216,0.6324497100014751,wind_stuck_7_days,2016
13446,US-SRS,US-SRC,2016-04-16,1.33217838,1.5,1.5,-0.31601729736778356,0.31601729736778356,0.07845508230373036,0.33297188117751036,0.00896677960403992,0.013583104982359014,-0.017839566641077,0.019625942632216453,1.1565457696667854,0.31538931999401515,1.1839827026322165,True,1.1839827026322165,True,1.1839827026322165,True,1.1839827026322165,True,1.1839827026322165,True,1.1839827026322165,True,1.5,False,1.2629870269741623,1.3379460754941264,True,True,0.75,0.5128008050688251,1.1839827026322165,wind_stuck_7_days,2016
13447,US-SRS,US-SRC,2016-04-24,1.5709043,1.3,1.3,-0.3544716820600765,0.3544716820600765,0.1353332273785885,0.42883729099408335,0.008822723135245394,0.013543330852799363,-0.015404543874620173,-0.3544716820600765,1.1565457696667854,0.31538931999401515,0.9455283179399235,True,0.9455283179399235,True,0.9455283179399235,True,0.9455283179399235,True,0.9455283179399235,True,0.9455283179399235,True,1.3,False,1.0341462384549427,1.1528394348950561,True,True,0.75,0.41515464437016153,0.9455283179399235,wind_stuck_7_days,2016
13448,US-SRS,US-SRC,2016-05-10,1.09928858,1.6,1.6,-0.36833665332840587,0.36833665332840587,0.09666083315906254,0.3672455715617118,0.00896677960403992,0.013583104982359014,-0.017839566641077,0.36833665332840587,1.1565457696667854,0.31538931999401515,1.2316633466715943,True,1.2316633466715943,True,1.2316633466715943,True,1.2316633466715943,True,1.2316633466715943,True,1.2316633466715943,True,1.6,False,1.3237475100036957,1.4637020078414493,True,True,0.75,0.3700364623691921,1.2316633466715943,wind_stuck_7_days,2016
13449,US-SRS,US-SRC,2016-05-18,2.03808341,2.1,2.1,-0.5173388703705772,0.5173388703705772,0.10565032007995694,0.3395764193277171,-0.026304392754885036,-0.005960854253050001,-0.017839566641077,-0.39350569037057714,1.1565457696667854,0.31538931999401515,1.5826611296294228,True,1.5826611296294228,True,1.5826611296294228,True,2.1,False,2.1,False,2.1,False,2.1,False,1.711995847222067,1.917942962691596,True,True,0.75,0.35191060972857874,1.5826611296294228,wind_stuck_7_days,2016
13450,US-SRS,US-SRC,2016-05-26,0.79759383,1.6,1.6,-0.05482479689734121,0.05482479689734121,0.10568338983090365,0.35293122342439814,0.005121931192606307,0.01085930519834067,-0.017839566641077,0.05482479689734121,1.1565457696667854,0.31538931999401515,1.5451752031026589,True,1.5451752031026589,True,1.5451752031026589,True,1.5451752031026589,True,1.5451752031026589,True,1.5451752031026589,True,1.6,False,1.5588814023269941,1.5451752031026589,True,True,0.75,1.0,1.5451752031026589,wind_stuck_7_days,2016
13451,US-SRS,US-SRC,2016-06-03,0.73697721,1.9,1.9,0.07580827768298477,0.07580827768298477,0.17427784488485717,0.6185533923483029,-0.11618731323294806,-0.14724373471549884,-0.01836602205569732,-0.0758082776829847,1.1565457696667854,0.31538931999401515,1.9758082776829846,True,1.9758082776829846,True,1.9758082776829846,True,1.9,False,1.9,False,1.9,False,1.9,False,1.9568562082622385,1.9,True,False,0.75,0.0,2.0280977864521135,wind_stuck_7_days,2016
13452,US-SRS,US-SRC,2016-07-05,3.22316051,2.4,2.4,-0.39519938659465104,0.39519938659465104,0.19936956192513516,0.41211388894746304,0.003845810129212195,-0.004009745886154813,-0.02302366298802398,-0.39519938659465104,1.1565457696667854,0.31538931999401515,2.004800613405349,True,2.004800613405349,True,2.004800613405349,True,2.004800613405349,True,2.004800613405349,True,2.4,False,2.4,False,2.1036004600540115,2.2429135531634894,True,True,0.75,0.3974865654273678,2.004800613405349,wind_stuck_7_days,2016
13453,US-SRS,US-SRC,2016-07-13,1.3227559,1.4,1.4,-0.10781825416221928,0.10781825416221928,0.1403667731570411,0.4462922197159518,0.008822723135245394,0.01081953106878102,-0.01836602205569732,0.04666994583778057,1.1565457696667854,0.31538931999401515,1.2921817458377807,True,1.2921817458377807,True,1.2921817458377807,True,1.2921817458377807,True,1.2921817458377807,True,1.2921817458377807,True,1.4,False,1.3191363093783355,1.2921817458377807,True,True,0.75,1.0,1.2921817458377807,wind_stuck_7_days,2016
13454,US-SRS,US-SRC,2016-07-21,2.23066721,2.4,2.4,0.39564341493351074,0.39564341493351074,0.147377569938008,0.5446563350155758,0.003990515656841366,0.009937512278201473,-0.017839566641077,-0.39564341493351074,1.1565457696667854,0.31538931999401515,2.7956434149335108,True,2.7956434149335108,True,2.7956434149335108,True,2.7956434149335108,True,2.7956434149335108,True,2.7956434149335108,True,2.4,False,2.696732561200133,2.583542103223586,True,True,0.75,0.4639078935622649,2.7956434149335108,wind_stuck_7_days,2016
13455,US-SRS,US-SRC,2016-07-29,2.91831974,1.8,1.8,0.7565525139897633,0.7565525139897633,0.13384310029883975,0.4493106970873799,0.06638078040786709,0.055281967230944175,-0.05153517582344054,0.7565525139897633,1.1565457696667854,0.31538931999401515,2.5565525139897636,True,2.5565525139897636,True,2.5565525139897636,True,2.5565525139897636,True,2.5565525139897636,True,2.5565525139897636,True,1.8,False,2.3674143854923226,2.4424868409785523,True,True,0.75,0.8492296689232147,2.5565525139897636,wind_stuck_7_days,2016
13456,US-SRS,US-SRC,2016-08-06,5.00468464,3.4,3.4,0.3815550402990194,0.3815550402990194,0.15102797953304087,0.6287969271405117,0.033366763708104555,0.02452503846711397,-0.011966396186251132,0.3815550402990193,1.1565457696667854,0.31538931999401515,3.7815550402990192,True,3.7815550402990192,True,3.7815550402990192,True,3.7815550402990192,True,3.7815550402990192,True,3.7815550402990192,True,3.4,False,3.6861662802242643,3.6037424506374607,True,True,0.75,0.5339791881081974,3.7815550402990192,wind_stuck_7_days,2016
13457,US-SRS,US-SRC,2016-08-14,3.83335484,2.9,2.9,0.049209448670992514,0.049209448670992514,0.13624209369485143,0.44409993586345964,0.029709836019857154,0.027393409637898422,-0.011966396186251132,0.04920944867099253,1.1565457696667854,0.31538931999401515,2.9492094486709926,True,2.9492094486709926,True,2.9492094486709926,True,2.9492094486709926,True,2.9492094486709926,True,2.9492094486709926,True,2.9,False,2.9369070865032443,2.9492094486709926,True,True,0.75,1.0,2.9492094486709926,wind_stuck_7_days,2016
13458,US-SRS,US-SRC,2016-08-22,4.42745192,3.8,3.8,-0.5603938894322561,0.5603938894322561,0.18236167196546738,0.3689843091158215,0.004664435402907294,0.008626671935862487,-0.011966396186251132,-0.5603938894322562,1.1565457696667854,0.31538931999401515,3.2396061105677436,True,3.2396061105677436,True,3.2396061105677436,True,3.2396061105677436,True,3.2396061105677436,True,3.2396061105677436,True,3.8,False,3.379704582925808,3.499591527354053,True,True,0.75,0.5360666458199524,3.2396061105677436,wind_stuck_7_days,2016
13459,US-SRS,US-SRC,2016-08-30,1.81800212,2.5,2.5,-0.8173616439708065,0.8173616439708065,0.16130051151483207,0.25496611065004765,-0.08684816047788142,-0.0284901929352152,-0.025549794641395694,0.5466341160291934,1.1565457696667854,0.31538931999401515,1.6826383560291935,True,1.6826383560291935,True,1.6826383560291935,True,2.5,False,2.5,False,2.5,False,2.5,False,1.8869787670218952,2.35660749410804,True,True,0.75,0.17543336777506235,1.6826383560291935,wind_stuck_7_days,2016
13460,US-SRS,US-SRC,2016-09-23,0.83146355,1.5,1.5,0.1926810523560632,0.1926810523560632,0.20927122518524907,0.601044107572674,0.037174266622669684,0.02582190072491816,-0.02249720757340366,-0.19268105235606314,1.1565457696667854,0.31538931999401515,1.6926810523560631,True,1.6926810523560631,True,1.6926810523560631,True,1.6926810523560631,True,1.6926810523560631,True,1.6926810523560631,True,1.5,False,1.6445107892670474,1.6926810523560631,True,True,0.75,1.0,1.6926810523560631,wind_stuck_7_days,2016
13461,US-SRS,US-SRC,2016-10-17,0.84769652,1.6,1.6,-0.49822345241555094,0.49822345241555094,0.12558415199232703,0.4032113038728455,0.03986875907573576,0.045205898644112265,-0.017839566641077,0.49822345241555094,1.1565457696667854,0.31538931999401515,1.1017765475844492,True,1.1017765475844492,True,1.1017765475844492,True,1.1017765475844492,True,1.1017765475844492,True,1.1017765475844492,True,1.6,False,1.2263324106883369,1.3675084366930832,True,True,0.75,0.46664114701891596,1.1017765475844492,wind_stuck_7_days,2016
13462,US-SRS,US-SRC,2016-10-25,1.29419003,1.8,1.8,-0.32280235475866803,0.32280235475866803,0.14832397691686902,0.4052146781298654,0.028144446696728588,0.0285457005089365,-0.020732143915264588,0.32280235475866803,1.1565457696667854,0.31538931999401515,1.477197645241332,True,1.477197645241332,True,1.477197645241332,True,1.477197645241332,True,1.477197645241332,True,1.477197645241332,True,1.8,False,1.557898233930999,1.6442037327640835,True,True,0.75,0.4826367123387069,1.477197645241332,wind_stuck_7_days,2016
13463,US-SRS,US-SRC,2016-10-26,0.89532428,1.1,1.1,-0.20866152380277506,0.20866152380277506,0.11482000972796058,0.4009114993162413,0.028143797637893944,0.0285457005089365,-0.020732143915264588,0.20068991619722518,1.1565457696667854,0.31538931999401515,0.8913384761972251,True,0.8913384761972251,True,0.8913384761972251,True,0.8913384761972251,True,0.8913384761972251,True,0.8913384761972251,True,1.1,False,0.9435038571479188,0.8913384761972251,True,True,0.75,1.0,0.8913384761972251,wind_stuck_7_days,2016
13464,US-SRS,US-SRC,2016-11-02,0.48064159,1.0,1.0,-0.28226518788705046,0.28226518788705046,0.09700135193107902,0.28999633637359734,0.028143797637893944,0.0285457005089365,-0.024112203490587795,0.28226518788705046,1.1565457696667854,0.31538931999401515,0.7177348121129495,True,0.7177348121129495,True,0.7177348121129495,True,0.7177348121129495,True,0.7177348121129495,True,0.7177348121129495,True,1.0,False,0.7883011090847122,0.8219310446092812,True,True,0.75,0.6308569495363124,0.7177348121129495,wind_stuck_7_days,2016
13465,US-SRS,US-SRC,2016-11-10,0.26488537,1.0,1.0,-0.19785184693543156,0.19785184693543156,0.16005826494305514,0.5706216610513306,0.028144446696728588,0.0285457005089365,-0.017839566641077,0.19785184693543156,1.1565457696667854,0.31538931999401515,0.8021481530645684,True,0.8021481530645684,True,0.8021481530645684,True,0.8021481530645684,True,0.8021481530645684,True,0.8021481530645684,True,1.0,False,0.8516111147984263,0.8021481530645684,True,True,0.75,1.0,0.8021481530645684,wind_stuck_7_days,2016
13466,US-SRS,US-SRC,2016-11-11,0.3776381,0.2,0.2,0.08688545567221147,0.08688545567221147,0.13814585287789619,0.39816370815449764,0.02187513782545928,0.024807227805851765,-0.008715746423579066,0.08688545567221147,1.1565457696667854,0.31538931999401515,0.28688545567221146,True,0.28688545567221146,True,0.28688545567221146,True,0.28688545567221146,True,0.28688545567221146,True,0.28688545567221146,True,0.2,False,0.2651640917541586,0.28688545567221146,True,True,0.75,1.0,0.28688545567221146,wind_stuck_7_days,2016
13467,US-SRS,US-SRC,2016-11-18,0.24830589,0.7,0.7,-0.3131550274090018,0.3131550274090018,0.11553280945651997,0.2912936262497715,0.028143797637893944,0.0285457005089365,-0.024112203490587795,0.3131550274090018,1.1565457696667854,0.31538931999401515,0.38684497259099815,True,0.38684497259099815,True,0.38684497259099815,True,0.38684497259099815,True,0.38684497259099815,True,0.38684497259099815,True,0.7,False,0.4651337294432486,0.5363836272177421,True,True,0.75,0.522477234793244,0.38684497259099815,wind_stuck_7_days,2016
13468,US-SRS,US-SRC,2016-12-04,0.17907841,0.4,0.4,-0.03243588555903221,0.03243588555903221,0.09771671327489899,0.3273699999192207,0.014621551246922463,0.019664389578383925,-0.024112203490587795,0.03243588555903221,1.1565457696667854,0.31538931999401515,0.3675641144409678,True,0.3675641144409678,True,0.3675641144409678,True,0.3675641144409678,True,0.3675641144409678,True,0.3675641144409678,True,0.4,False,0.3756730858307259,0.3675641144409678,True,True,0.75,1.0,0.3675641144409678,wind_stuck_7_days,2016
13469,US-SRS,US-SRC,2016-12-13,0.12948712,0.2,0.2,0.233011346824011,0.233011346824011,0.10037536714479897,0.3605855153185325,0.014615242199861116,0.028540473015139393,-0.01209580599890227,-0.23301134682401103,1.1565457696667854,0.31538931999401515,0.433011346824011,True,0.433011346824011,True,0.433011346824011,True,0.433011346824011,True,0.433011346824011,True,0.433011346824011,True,0.2,False,0.37475851011800826,0.433011346824011,True,True,0.75,1.0,0.433011346824011,wind_stuck_7_days,2016
13954,US-Sne,US-Bi1,2016-05-26,4.04318786,5.1,5.1,-0.8553644609692788,0.8553644609692788,0.2168822606224664,0.403569096977398,-0.03912702596731655,-0.07568244783665125,-0.012311285174846564,0.8553644609692788,1.1565457696667854,0.31538931999401515,4.244635539030721,True,4.244635539030721,True,4.244635539030721,True,5.1,False,5.1,False,5.1,False,5.1,False,4.45847665427304,5.1,True,False,0.75,0.0,4.244635539030721,wind_stuck_7_days,2016
13955,US-Sne,US-Bi1,2016-06-11,5.07216415,4.7,4.7,-0.9179357295804713,0.9179357295804713,0.19600763649946168,0.4621441571540127,-0.20935698481494686,-0.22350964893153197,-0.13406141583005285,-0.9179357295804713,1.1565457696667854,0.31538931999401515,3.7820642704195286,True,3.7820642704195286,True,3.7820642704195286,True,4.7,False,4.7,False,4.7,False,4.7,False,4.011548202814646,4.7,True,False,0.75,0.0,3.7820642704195286,wind_stuck_7_days,2016
13956,US-Sne,US-Bi1,2016-06-19,5.03360459,4.8,4.8,-0.452978189972746,0.452978189972746,0.21170078838183534,0.4419980970009997,-0.03479097936665775,-0.042884486929269675,-0.01715049253319811,-0.4529781899727461,1.1565457696667854,0.31538931999401515,4.347021810027254,True,4.347021810027254,True,4.347021810027254,True,4.8,False,4.8,False,4.8,False,4.8,False,4.460266357520441,4.6871683560223225,True,True,0.75,0.24908846932446257,4.347021810027254,wind_stuck_7_days,2016
13957,US-Sne,US-Bi1,2016-06-27,6.33064836,5.4,5.4,-0.3556036895344593,0.3556036895344593,0.15264204887093324,0.4480444898166887,-0.04275535506783994,-0.015369793523436103,-0.01249285160087145,-0.3556036895344592,1.1565457696667854,0.31538931999401515,5.044396310465541,True,5.044396310465541,True,5.044396310465541,True,5.4,False,5.4,False,5.4,False,5.4,False,5.133297232849156,5.2801571083140155,True,True,0.75,0.33701250918649955,5.044396310465541,wind_stuck_7_days,2016
13958,US-Sne,US-Bi1,2016-07-05,4.13346461,5.9,5.9,-0.4196485665058046,0.4196485665058046,0.13207027581428482,0.5214011015144377,-0.017660709759588635,-0.029975044067512474,-0.009531373419794304,0.4196485665058045,1.1565457696667854,0.31538931999401515,5.480351433494196,True,5.480351433494196,True,5.480351433494196,True,5.9,False,5.9,False,5.9,False,5.9,False,5.5852635751206465,5.786929399053726,True,True,0.75,0.26944117047212723,5.480351433494196,wind_stuck_7_days,2016
13959,US-Sne,US-Bi1,2016-07-13,5.98287821,4.7,4.7,-0.6996166326238373,0.6996166326238373,0.251381178247386,0.44880000446889723,-0.1654148226913324,-0.14741572647769044,-0.022821652040110857,-0.6996166326238373,1.1565457696667854,0.31538931999401515,4.000383367376163,True,4.000383367376163,True,4.000383367376163,True,4.7,False,4.7,False,4.7,False,4.7,False,4.175287525532122,4.681870144461102,True,True,0.75,0.025913985879530553,4.000383367376163,wind_stuck_7_days,2016
13960,US-Sne,US-Bi1,2016-07-21,4.97114879,4.7,4.7,-0.5307908087544622,0.5307908087544622,0.29416924890832014,0.49084269314038115,-0.12970423113750568,-0.12519519273293236,-0.035197629964328556,-0.5307908087544622,1.1565457696667854,0.31538931999401515,4.169209191245538,True,4.169209191245538,True,4.169209191245538,True,4.7,False,4.7,False,4.7,False,4.7,False,4.301906893434154,4.642598240054029,True,True,0.75,0.10814384687758441,4.169209191245538,wind_stuck_7_days,2016
13961,US-Sne,US-Bi1,2016-07-29,5.53872876,5.6,5.6,-0.7115048589685079,0.7115048589685079,0.3743030799037438,0.749886590149819,-0.587273504505564,-0.6128424399125497,-0.040065563739307974,-0.588962378968508,1.1565457696667854,0.31538931999401515,4.888495141031492,True,5.6,False,4.888495141031492,True,5.6,False,5.6,False,5.6,False,5.6,False,5.066371355773619,5.6,True,False,0.75,0.0,4.942035116530799,wind_stuck_7_days,2016
13962,US-Sne,US-Bi1,2016-08-06,4.41238759,5.1,5.1,-0.2887898427839606,0.2887898427839606,0.1551830175259667,0.40310849458958825,-0.012539091225926273,-0.01238219319899865,-0.011966396186251132,0.2887898427839606,1.1565457696667854,0.31538931999401515,4.811210157216039,True,4.811210157216039,True,4.811210157216039,True,5.1,False,5.1,False,5.1,False,5.1,False,4.883407617912029,4.934475669835222,True,True,0.75,0.5731653460146243,4.811210157216039,wind_stuck_7_days,2016
13963,US-Sne,US-Bi1,2016-08-14,5.15245448,5.4,5.4,-0.4205947142935783,0.4205947142935783,0.22350049951239845,0.6346894994803789,-0.012149729571086596,-0.025350353440402987,-0.01715049253319811,0.07449632570642184,1.1565457696667854,0.31538931999401515,4.979405285706422,True,4.979405285706422,True,4.979405285706422,True,5.4,False,5.4,False,5.4,False,5.4,False,5.0845539642798165,5.286674467886349,True,True,0.75,0.26944117047212723,4.979405285706422,wind_stuck_7_days,2016
13964,US-Sne,US-Bi1,2016-08-22,3.64826121,4.4,4.4,-0.9111076118252457,0.9111076118252457,0.17187687130408782,0.3848924988955188,-0.07063608726634799,-0.050519040716500034,-0.029408403078890925,0.5923699681747554,1.1565457696667854,0.31538931999401515,3.4888923881747544,True,3.4888923881747544,True,3.4888923881747544,True,4.4,False,4.4,False,4.4,False,4.4,False,3.7166692911310664,4.154481657563287,True,True,0.75,0.26947238641202875,3.4888923881747544,wind_stuck_7_days,2016
13965,US-Sne,US-Bi1,2016-08-30,4.69016305,4.7,4.7,-0.5882942463793238,0.5882942463793238,0.1896490280169729,0.44459872830693764,-0.12596363716950987,-0.14372876500038265,-0.014189014352120962,-0.568620346379323,1.1565457696667854,0.31538931999401515,4.111705753620677,True,4.111705753620677,True,4.111705753620677,True,4.7,False,4.7,False,4.7,False,4.7,False,4.258779315215508,4.641403103306194,True,True,0.75,0.0996047421072741,4.111705753620677,wind_stuck_7_days,2016
13966,US-Sne,US-Bi1,2016-09-07,4.5006702,3.6,3.6,-1.09218132440572,1.09218132440572,0.3270887470289442,0.37889334428731447,-0.11607397717025782,-0.07620330099575176,-0.0907960169803155,-1.09218132440572,1.1565457696667854,0.31538931999401515,2.5078186755942804,True,3.6,False,2.5078186755942804,True,3.6,False,3.6,False,3.6,False,3.6,False,2.78086400669571,3.6,True,False,0.75,0.0,2.5078186755942804,wind_stuck_7_days,2016
13967,US-Sne,US-Bi1,2016-09-15,3.83587102,3.6,3.6,-0.5212884383124732,0.5212884383124732,0.14259085902672963,0.41150152585472544,0.006515548494468403,0.008626671935862487,-0.011966396186251132,-0.5212884383124732,1.1565457696667854,0.31538931999401515,3.078711561687527,True,3.078711561687527,True,3.078711561687527,True,3.078711561687527,True,3.078711561687527,True,3.078711561687527,True,3.6,False,3.209033671265645,3.413420027630124,True,True,0.75,0.35792079520097764,3.078711561687527,wind_stuck_7_days,2016
13968,US-Sne,US-Bi1,2016-09-23,3.91691349,3.0,3.0,-0.5963124232980286,0.5963124232980286,0.13551947792467167,0.39146952744343144,0.0669809279582599,0.0641224068267907,-0.011966396186251132,-0.5963124232980286,1.1565457696667854,0.31538931999401515,2.403687576701971,True,2.403687576701971,True,2.403687576701971,True,2.403687576701971,True,2.403687576701971,True,2.403687576701971,True,3.0,False,2.5527656825264784,2.6276384965663873,True,True,0.75,0.6244402915072448,2.403687576701971,wind_stuck_7_days,2016
13969,US-Sne,US-Bi1,2016-10-01,3.13215128,3.0,3.0,-0.3826460779596999,0.3826460779596999,0.13704557627941916,0.3616512262725097,0.03267027702584672,0.041325918800476806,-0.011966396186251132,-0.38264607795969985,1.1565457696667854,0.31538931999401515,2.6173539220403,True,2.6173539220403,True,2.6173539220403,True,2.6173539220403,True,2.6173539220403,True,2.6173539220403,True,3.0,False,2.7130154415302252,2.78307041646711,True,True,0.75,0.5669196576888391,2.6173539220403,wind_stuck_7_days,2016
13970,US-Sne,US-Bi1,2016-10-09,2.86308382,2.8,2.8,-0.7451590876012245,0.7451590876012245,0.13741207201132738,0.2652805362609182,0.07513771250678472,0.1144727044890334,-0.011966396186251132,-0.7451590876012245,1.1565457696667854,0.31538931999401515,2.054840912398775,True,2.054840912398775,True,2.054840912398775,True,2.054840912398775,True,2.054840912398775,True,2.054840912398775,True,2.8,False,2.2411306842990815,2.2282675521603528,True,True,0.75,0.7672622629888834,2.054840912398775,wind_stuck_7_days,2016
13971,US-Sne,US-Bi1,2016-10-17,2.84911246,2.0,2.0,-0.18934256656241408,0.18934256656241408,0.09539683322925128,0.504182584304182,0.02517984341481147,0.0285457005089365,-0.024112203490587795,-0.189342566562414,1.1565457696667854,0.31538931999401515,1.810657433437586,True,1.810657433437586,True,1.810657433437586,True,1.810657433437586,True,1.810657433437586,True,1.810657433437586,True,2.0,False,1.8579930750781894,1.810657433437586,True,True,0.75,1.0,1.810657433437586,wind_stuck_7_days,2016
13972,US-Sne,US-Bi1,2016-11-02,1.58038382,0.7,0.7,-0.08609718312687256,0.08609718312687256,0.1200535642716989,0.40910988334857523,0.02429894922646033,0.02582190072491816,-0.024112203490587795,-0.08609718312687253,1.1565457696667854,0.31538931999401515,0.6139028168731274,True,0.6139028168731274,True,0.6139028168731274,True,0.6139028168731274,True,0.6139028168731274,True,0.6139028168731274,True,0.7,False,0.6354271126548455,0.6139028168731274,True,True,0.75,1.0,0.6139028168731274,wind_stuck_7_days,2016
13973,US-Sne,US-Bi1,2016-11-18,1.0961625,1.5,1.5,0.07590938213929883,0.07590938213929883,0.10702383143325934,0.4447589009784375,0.02429894922646033,0.02582190072491816,-0.024112203490587795,-0.07590938213929882,1.1565457696667854,0.31538931999401515,1.5759093821392989,True,1.5759093821392989,True,1.5759093821392989,True,1.5759093821392989,True,1.5759093821392989,True,1.5759093821392989,True,1.5,False,1.556932036604474,1.5759093821392989,True,True,0.75,1.0,1.5759093821392989,wind_stuck_7_days,2016
14108,US-Srr,US-Srr,2016-02-12,1.76744449,1.9,1.9,-0.17647818052929787,0.17647818052929787,0.18972124637193083,0.4975794094612899,0.028144446696728588,0.0285457005089365,-0.030042497326406015,0.08863283947070211,1.1565457696667854,0.31538931999401515,1.723521819470702,True,1.723521819470702,True,1.723521819470702,True,1.723521819470702,True,1.723521819470702,True,1.723521819470702,True,1.9,False,1.7676413646030265,1.723521819470702,True,True,0.75,1.0,1.723521819470702,wind_stuck_7_days,2016
14109,US-Srr,US-Srr,2016-02-20,2.46506462,1.6,1.6,-0.12078574914581379,0.12078574914581379,0.1319364172516721,0.3888632326672056,0.028144446696728588,0.0285457005089365,-0.024112203490587795,-0.12078574914581375,1.1565457696667854,0.31538931999401515,1.4792142508541863,True,1.4792142508541863,True,1.4792142508541863,True,1.4792142508541863,True,1.4792142508541863,True,1.4792142508541863,True,1.6,False,1.5094106881406397,1.4792142508541863,True,True,0.75,1.0,1.4792142508541863,wind_stuck_7_days,2016
14110,US-Srr,US-Srr,2016-03-15,2.79100836,2.6,2.6,-0.5031056847295825,0.5031056847295825,0.12614389757412917,0.429194917518518,0.03986875907573576,0.045205898644112265,-0.018239033035761926,-0.5031056847295825,1.1565457696667854,0.31538931999401515,2.0968943152704176,True,2.0968943152704176,True,2.0968943152704176,True,2.0968943152704176,True,2.0968943152704176,True,2.0968943152704176,True,2.6,False,2.2226707364528133,2.369820645359915,True,True,0.75,0.45751690276329415,2.0968943152704176,wind_stuck_7_days,2016
14111,US-Srr,US-Srr,2016-03-23,2.90535265,2.7,2.7,-0.5052634652974215,0.5052634652974215,0.1341380818810137,0.3889389576519307,0.03986875907573576,0.045205898644112265,-0.018239033035761926,-0.5052634652974215,1.1565457696667854,0.31538931999401515,2.194736534702579,True,2.194736534702579,True,2.194736534702579,True,2.194736534702579,True,2.194736534702579,True,2.194736534702579,True,2.7,False,2.321052401026934,2.4736738076231637,True,True,0.75,0.44793698322044756,2.194736534702579,wind_stuck_7_days,2016
14112,US-Srr,US-Srr,2016-03-31,2.65598344,3.7,3.7,-0.9618185195248486,0.9618185195248486,0.15434301765996616,0.4531021451404083,0.18863760845645186,0.22273537708644742,-0.022666838957528593,0.9618185195248486,1.1565457696667854,0.31538931999401515,2.7381814804751516,True,2.7381814804751516,True,2.7381814804751516,True,2.7381814804751516,True,2.7381814804751516,True,2.7381814804751516,True,3.7,False,2.978636110356364,2.9230439357209144,True,True,0.75,0.8077990270585688,2.7381814804751516,wind_stuck_7_days,2016
14113,US-Srr,US-Srr,2016-04-16,3.96794184,4.5,4.5,-0.9817638888128638,0.9817638888128638,0.2231407825229209,0.43985710959807756,0.014643887556746367,0.10084677043422847,-0.021943031699989644,0.08235243118713631,1.1565457696667854,0.31538931999401515,3.5182361111871363,True,3.5182361111871363,True,3.5182361111871363,True,3.5182361111871363,True,3.5182361111871363,True,3.5182361111871363,True,4.5,False,3.763677083390352,3.901119331871361,True,True,0.75,0.6100047831793829,3.5182361111871363,wind_stuck_7_days,2016
14114,US-Srr,US-Srr,2016-05-02,3.43462111,4.6,4.6,-1.3915612987786727,1.3915612987786727,0.10308173918802538,0.36823994463573645,-0.1589631986181735,-0.1864630501193747,0.04516029751940032,0.9391964812213263,1.1565457696667854,0.31538931999401515,3.208438701221327,True,3.208438701221327,True,3.208438701221327,True,4.6,False,4.6,False,4.6,False,3.208438701221327,True,3.556329025915995,4.547430183579304,True,True,0.75,0.03777757865703411,3.208438701221327,wind_stuck_7_days,2016
14115,US-Srr,US-Srr,2016-05-10,3.69332967,5.2,5.2,-1.3576351134974884,1.3576351134974884,0.14283545039445264,0.2638567477921671,0.17393910705039997,0.1375524200365982,0.04516029751940032,1.3576351134974884,1.1565457696667854,0.31538931999401515,3.8423648865025117,True,3.8423648865025117,True,3.8423648865025117,True,3.8423648865025117,True,3.8423648865025117,True,3.8423648865025117,True,3.8423648865025117,True,4.181773664876884,4.056367651434176,True,True,0.75,0.842370926617861,3.8423648865025117,wind_stuck_7_days,2016
14116,US-Srr,US-Srr,2016-05-18,5.30451439,5.0,5.0,-0.9277301565297618,0.9277301565297618,0.23952899114252676,0.7390342771613894,-0.18861473204167234,-0.22168430790715796,-0.13406141583005285,-0.9277301565297618,1.1565457696667854,0.31538931999401515,4.072269843470238,True,4.072269843470238,True,4.072269843470238,True,5.0,False,5.0,False,5.0,False,5.0,False,4.3042023826026785,5.0,True,False,0.75,0.0,4.072269843470238,wind_stuck_7_days,2016
14117,US-Srr,US-Srr,2016-05-26,3.8892899,5.3,5.3,-0.8224624784764512,0.8224624784764512,0.2528187821471027,0.41248973351681917,-0.06018227825165638,-0.06461422390933531,-0.0179824446817593,0.8224624784764512,1.1565457696667854,0.31538931999401515,4.477537521523549,True,4.477537521523549,True,4.477537521523549,True,5.3,False,5.3,False,5.3,False,5.3,False,4.683153141142661,5.187619060699036,True,True,0.75,0.13663959419661484,4.477537521523549,wind_stuck_7_days,2016
14118,US-Srr,US-Srr,2016-06-11,5.61659,5.4,5.4,-0.32376458059896923,0.32376458059896923,0.11942102667129054,0.48538070100036856,-0.027952135670747023,-0.01238219319899865,-0.011966396186251132,-0.3237645805989693,1.1565457696667854,0.31538931999401515,5.076235419401031,True,5.076235419401031,True,5.076235419401031,True,5.4,False,5.4,False,5.4,False,5.4,False,5.157176564550774,5.258652886988997,True,True,0.75,0.43657373746538247,5.076235419401031,wind_stuck_7_days,2016
14119,US-Srr,US-Srr,2016-06-19,5.66072956,5.0,5.0,0.10710499656256611,0.10710499656256611,0.25129141105988656,0.4236474087614483,-0.016279685193922092,-0.015105992983016993,-0.022295196625490538,0.10710499656256611,1.1565457696667854,0.31538931999401515,5.107104996562566,True,5.107104996562566,True,5.107104996562566,True,5.0,False,5.0,False,5.0,False,5.0,False,5.080328747421925,5.107104996562566,True,True,0.75,1.0,5.107104996562566,wind_stuck_7_days,2016
14120,US-Srr,US-Srr,2016-06-27,6.08837695,5.7,5.7,-0.12423649367000485,0.12423649367000485,0.21799376897219083,0.5324404556718584,-0.04275535506783994,-0.015369793523436103,-0.01715049253319811,-0.12423649367000489,1.1565457696667854,0.31538931999401515,5.575763506329995,True,5.575763506329995,True,5.575763506329995,True,5.7,False,5.7,False,5.7,False,5.7,False,5.606822629747496,5.575763506329995,True,True,0.75,1.0,5.575763506329995,wind_stuck_7_days,2016
14121,US-Srr,US-Srr,2016-07-05,4.55766045,6.3,6.3,-0.5062464145033738,0.5062464145033738,0.19029283041747372,0.5877709055958436,0.0017287886519327003,0.026377430337065112,-0.01662403711857779,0.5062464145033738,1.1565457696667854,0.31538931999401515,5.793753585496626,True,5.793753585496626,True,5.793753585496626,True,5.793753585496626,True,5.793753585496626,True,5.793753585496626,True,6.3,False,5.920315189122469,6.098075961117345,True,True,0.75,0.39886512397473717,5.793753585496626,wind_stuck_7_days,2016
14122,US-Srr,US-Srr,2016-07-13,5.71119499,5.7,5.7,-0.35313769246677673,0.35313769246677673,0.19102803098192603,0.44524549896787136,-0.04275535506783994,-0.02354858524546809,-0.01715049253319811,-0.35313769246677673,1.1565457696667854,0.31538931999401515,5.346862307533224,True,5.346862307533224,True,5.346862307533224,True,5.7,False,5.7,False,5.7,False,5.7,False,5.435146730649918,5.5805798457781775,True,True,0.75,0.33816881281529554,5.346862307533224,wind_stuck_7_days,2016
14123,US-Srr,US-Srr,2016-07-21,4.73178299,5.4,5.4,-0.1503322078081196,0.1503322078081196,0.18306785001637604,0.5372846801312321,-0.02981406636062454,-0.025331410190315498,-0.009531373419794304,0.15033220780811962,1.1565457696667854,0.31538931999401515,5.249667792191881,True,5.249667792191881,True,5.249667792191881,True,5.4,False,5.4,False,5.4,False,5.4,False,5.2872508441439106,5.249667792191881,True,True,0.75,1.0,5.249667792191881,wind_stuck_7_days,2016
14124,US-Srr,US-Srr,2016-07-29,5.79774266,5.6,5.6,-0.44695610753954435,0.44695610753954435,0.267918791020744,0.6350874276068905,-0.015890323539082415,-0.017171561718371,-0.035197629964328556,-0.4469561075395443,1.1565457696667854,0.31538931999401515,5.153043892460455,True,5.153043892460455,True,5.153043892460455,True,5.6,False,5.6,False,5.6,False,5.6,False,5.2647829193453415,5.493471580104503,True,True,0.75,0.23834201636023591,5.153043892460455,wind_stuck_7_days,2016
14125,US-Srr,US-Srr,2016-08-06,3.64200148,5.3,5.3,0.09821079757083015,0.09821079757083015,0.15338262775444406,0.4408111300599339,-0.012539091225926273,-0.015105992983016993,-0.011966396186251132,-0.09821079757083018,1.1565457696667854,0.31538931999401515,5.3982107975708296,True,5.3982107975708296,True,5.3982107975708296,True,5.3,False,5.3,False,5.3,False,5.3,False,5.373658098178122,5.3982107975708296,True,True,0.75,1.0,5.3982107975708296,wind_stuck_7_days,2016
14126,US-Srr,US-Srr,2016-08-14,4.72428521,5.0,5.0,-0.3810352835178964,0.3810352835178964,0.16742186694974012,0.5947117597518912,-0.02346235363924953,-0.025331410190315498,-0.01249285160087145,0.17039429648210425,1.1565457696667854,0.31538931999401515,4.618964716482104,True,4.618964716482104,True,4.618964716482104,True,5.0,False,5.0,False,5.0,False,5.0,False,4.714223537361578,4.882640736296107,True,True,0.75,0.30800104027211694,4.618964716482104,wind_stuck_7_days,2016
14127,US-Srr,US-Srr,2016-08-22,3.34504683,4.5,4.5,-0.08853811125867359,0.08853811125867359,0.1667077149462373,0.4093712671656208,-0.012539091225926273,-0.015105992983016993,-0.011966396186251132,0.08853811125867361,1.1565457696667854,0.31538931999401515,4.411461888741327,True,4.411461888741327,True,4.411461888741327,True,4.5,False,4.5,False,4.5,False,4.5,False,4.433596416555995,4.411461888741327,True,True,0.75,1.0,4.411461888741327,wind_stuck_7_days,2016
14128,US-Srr,US-Srr,2016-08-30,4.23583877,4.4,4.4,-0.3568902151625115,0.3568902151625115,0.2038996168854637,0.44472036995927927,-0.012683796753555448,-0.012421967328558301,-0.014189014352120962,-0.028567755162510755,1.1565457696667854,0.31538931999401515,4.043109784837489,True,4.043109784837489,True,4.043109784837489,True,4.4,False,4.4,False,4.4,False,4.4,False,4.1323323386281166,4.252341990283131,True,True,0.75,0.4137351024029402,4.043109784837489,wind_stuck_7_days,2016
14129,US-Srr,US-Srr,2016-09-07,4.06079463,3.8,3.8,-0.9326468532466057,0.9326468532466057,0.2364906237271554,0.31783065541137223,-0.09146449728305162,-0.033133069154039095,-0.027324479889855254,-0.9326468532466057,1.1565457696667854,0.31538931999401515,2.867353146753394,True,2.867353146753394,True,2.867353146753394,True,3.8,False,3.8,False,3.8,False,3.8,False,3.1005148600650454,3.546053677103278,True,True,0.75,0.2722856159463979,2.867353146753394,wind_stuck_7_days,2016
14130,US-Srr,US-Srr,2016-09-15,3.06686279,3.7,3.7,-0.4553961522645884,0.4553961522645884,0.11783999375880283,0.35450743426366804,0.025467334221883107,0.027248838251132314,-0.011966396186251132,0.4553961522645884,1.1565457696667854,0.31538931999401515,3.2446038477354118,True,3.2446038477354118,True,3.2446038477354118,True,3.2446038477354118,True,3.2446038477354118,True,3.2446038477354118,True,3.7,False,3.358452885801559,3.460719306311565,True,True,0.75,0.5254341577076203,3.2446038477354118,wind_stuck_7_days,2016
14131,US-Srr,US-Srr,2016-09-23,3.30877328,3.1,3.1,-0.7027947199760798,0.7027947199760798,0.10957349200367433,0.28253509875436644,0.03997938186639723,0.06518896152609785,-0.011966396186251132,-0.7027947199760798,1.1565457696667854,0.31538931999401515,2.39720528002392,True,2.39720528002392,True,2.39720528002392,True,2.39720528002392,True,2.39720528002392,True,2.39720528002392,True,3.1,False,2.57290396001794,2.6782679108420777,True,True,0.75,0.6000786249109505,2.39720528002392,wind_stuck_7_days,2016
14132,US-Srr,US-Srr,2016-10-01,2.76754988,2.9,2.9,-0.580544469152476,0.580544469152476,0.15748350647853426,0.33127234637451775,0.10567256869049885,0.1144727044890334,-0.011966396186251132,-0.3156442291524758,1.1565457696667854,0.31538931999401515,2.3194555308475238,True,2.3194555308475238,True,2.3194555308475238,True,2.3194555308475238,True,2.3194555308475238,True,2.3194555308475238,True,2.9,False,2.464591648135643,2.5032693788498834,True,True,0.75,0.6833767992472564,2.3194555308475238,wind_stuck_7_days,2016
14133,US-Srr,US-Srr,2016-10-09,2.92064129,2.6,2.6,-0.8275138965086745,0.8275138965086745,0.11304676596166113,0.34779448842484123,0.03604385513494514,0.08005560685619705,-0.007653644242519903,-0.8275138965086746,1.1565457696667854,0.31538931999401515,1.7724861034913255,True,1.7724861034913255,True,1.7724861034913255,True,1.7724861034913255,True,1.7724861034913255,True,1.7724861034913255,True,2.6,False,1.9793645776184943,2.083857932140076,True,True,0.75,0.6237261634367174,1.7724861034913255,wind_stuck_7_days,2016
14134,US-Srr,US-Srr,2016-10-17,2.88780076,1.6,1.6,-0.16253572316421788,0.16253572316421788,0.09651563573661687,0.4002100213109149,0.02429894922646033,0.0285457005089365,-0.024112203490587795,-0.16253572316421794,1.1565457696667854,0.31538931999401515,1.4374642768357822,True,1.4374642768357822,True,1.4374642768357822,True,1.4374642768357822,True,1.4374642768357822,True,1.4374642768357822,True,1.6,False,1.4780982076268367,1.4374642768357822,True,True,0.75,1.0,1.4374642768357822,wind_stuck_7_days,2016
14135,US-Srr,US-Srr,2016-11-02,2.38401065,1.0,1.0,-0.11897974260730768,0.11897974260730768,0.11069247530246897,0.4240056521750872,0.02429894922646033,0.0285457005089365,-0.024112203490587795,-0.11897974260730759,1.1565457696667854,0.31538931999401515,0.8810202573926923,True,0.8810202573926923,True,0.8810202573926923,True,0.8810202573926923,True,0.8810202573926923,True,0.8810202573926923,True,1.0,False,0.9107651930445193,0.8810202573926923,True,True,0.75,1.0,0.8810202573926923,wind_stuck_7_days,2016
14136,US-Srr,US-Srr,2016-11-18,2.32402422,1.3,1.3,0.13233891211247037,0.13233891211247037,0.12080230645816528,0.4543256708658759,0.02429894922646033,0.02582190072491816,-0.024112203490587795,0.1323389121124704,1.1565457696667854,0.31538931999401515,1.4323389121124703,True,1.4323389121124703,True,1.4323389121124703,True,1.4323389121124703,True,1.4323389121124703,True,1.4323389121124703,True,1.3,False,1.3992541840843529,1.4323389121124703,True,True,0.75,1.0,1.4323389121124703,wind_stuck_7_days,2016
14256,US-Tw3,US-Bi1,2016-01-27,1.03145725,0.5,0.5,0.19484284169306512,0.19484284169306512,0.12168697176102973,0.26407765811043893,0.021759479110237682,0.02582190072491816,-0.024112203490587795,0.1948428416930651,1.1565457696667854,0.31538931999401515,0.6948428416930651,True,0.6948428416930651,True,0.6948428416930651,True,0.6948428416930651,True,0.6948428416930651,True,0.6948428416930651,True,0.5,False,0.6461321312697988,0.6948428416930651,True,True,0.75,1.0,0.6948428416930651,wind_stuck_7_days,2016
14257,US-Tw3,US-Bi1,2016-02-04,1.11305687,0.6,0.6,0.14305383914600114,0.14305383914600114,0.1276697538138578,0.3479333557739134,0.02629333360516748,0.02582190072491816,-0.024112203490587795,0.14305383914600112,1.1565457696667854,0.31538931999401515,0.7430538391460011,True,0.7430538391460011,True,0.7430538391460011,True,0.7430538391460011,True,0.7430538391460011,True,0.7430538391460011,True,0.6,False,0.7072903793595009,0.7430538391460011,True,True,0.75,1.0,0.7430538391460011,wind_stuck_7_days,2016
14258,US-Tw3,US-Bi1,2016-03-15,2.86650686,1.6,1.6,0.19011416579939472,0.19011416579939472,0.13350741027404062,0.34310810150969007,0.02629333360516748,0.02582190072491816,-0.024112203490587795,0.19011416579939477,1.1565457696667854,0.31538931999401515,1.7901141657993949,True,1.7901141657993949,True,1.7901141657993949,True,1.7901141657993949,True,1.7901141657993949,True,1.7901141657993949,True,1.6,False,1.7425856243495461,1.7901141657993949,True,True,0.75,1.0,1.7901141657993949,wind_stuck_7_days,2016
14259,US-Tw3,US-Bi1,2016-03-23,2.98498383,2.6,2.6,-0.4297027751240451,0.4297027751240451,0.1480884949085235,0.3716065563733273,0.03267027702584672,0.041325918800476806,-0.014858973460438718,-0.4297027751240451,1.1565457696667854,0.31538931999401515,2.170297224875955,True,2.170297224875955,True,2.170297224875955,True,2.170297224875955,True,2.170297224875955,True,2.170297224875955,True,2.6,False,2.2777229186569663,2.3375952521568992,True,True,0.75,0.6106657043751946,2.170297224875955,wind_stuck_7_days,2016
14260,US-Tw3,US-Bi1,2016-03-31,3.6085694,2.9,2.9,-0.6198952479842191,0.6198952479842191,0.14275884924996457,0.26130653882979027,0.09411500943192724,0.1144727044890334,-0.011966396186251132,-0.619895247984219,1.1565457696667854,0.31538931999401515,2.280104752015781,True,2.280104752015781,True,2.280104752015781,True,2.280104752015781,True,2.280104752015781,True,2.280104752015781,True,2.9,False,2.4350785640118353,2.5202132435856646,True,True,0.75,0.6126627968988781,2.280104752015781,wind_stuck_7_days,2016
14261,US-Tw3,US-Bi1,2016-04-16,3.85755206,4.0,4.0,-0.7590475777231687,0.7590475777231687,0.19428379182751476,0.4749263266375115,0.0718638962799122,0.06518896152609785,-0.01662403711857779,-0.474151697723169,1.1565457696667854,0.31538931999401515,3.2409524222768313,True,3.2409524222768313,True,3.2409524222768313,True,3.2409524222768313,True,3.2409524222768313,True,3.2409524222768313,True,4.0,False,3.4307143167076237,3.4425145656471616,True,True,0.75,0.7344538744528584,3.2409524222768313,wind_stuck_7_days,2016
14262,US-Tw3,US-Bi1,2016-04-24,3.11650356,2.2,2.2,0.7172692119751886,0.7172692119751886,0.18637099435156101,0.4754639095417552,0.10199712719180205,0.08941322594352774,-0.0833540743690866,0.7172692119751886,1.1565457696667854,0.31538931999401515,2.9172692119751886,True,2.9172692119751886,True,2.9172692119751886,True,2.9172692119751886,True,2.9172692119751886,True,2.9172692119751886,True,2.2,False,2.7379519089813917,2.818112587738673,True,True,0.75,0.8617581480132656,2.9172692119751886,wind_stuck_7_days,2016
14263,US-Tw3,US-Bi1,2016-05-02,4.82548491,3.3,3.3,-1.0518545193481237,1.0518545193481237,0.22031238919331128,0.4394049382655326,0.014643887556746367,0.07882102531288968,-0.032980948040195524,-1.0518545193481237,1.1565457696667854,0.31538931999401515,2.248145480651876,True,2.248145480651876,True,2.248145480651876,True,2.248145480651876,True,2.248145480651876,True,2.248145480651876,True,3.3,False,2.511109110488907,2.7287139716694346,True,True,0.75,0.5431226636594325,2.248145480651876,wind_stuck_7_days,2016
14264,US-Tw3,US-Bi1,2016-05-10,5.77171387,4.6,4.6,-1.0628223174019336,1.0628223174019336,0.09687910924907879,0.3509106643433633,0.01912252636344677,0.07882102531288968,-0.023496419027287593,-1.0628223174019338,1.1565457696667854,0.31538931999401515,3.537177682598066,True,3.537177682598066,True,3.537177682598066,True,3.537177682598066,True,3.537177682598066,True,3.537177682598066,True,4.6,False,3.8028832619485495,4.076688555166864,True,True,0.75,0.49237905176132263,3.537177682598066,wind_stuck_7_days,2016
14265,US-Tw3,US-Bi1,2016-05-18,7.57296011,5.7,5.7,-0.6789943596546807,0.6789943596546807,0.20435072354655262,0.6924290041149966,-0.12295246251384002,-0.14372929310141372,-0.01715049253319811,-0.6789943596546806,1.1565457696667854,0.31538931999401515,5.02100564034532,True,5.02100564034532,True,5.02100564034532,True,5.7,False,5.7,False,5.7,False,5.7,False,5.19075423025899,5.651849045934321,True,True,0.75,0.07091510169564312,5.02100564034532,wind_stuck_7_days,2016
14266,US-Tw3,US-Bi1,2016-05-26,5.62284595,5.3,5.3,-0.8550939001425013,0.8550939001425013,0.20576800174473536,0.3655333892042921,-0.04767140508061812,-0.020716742349899342,-0.012311285174846564,-0.8550939001425013,1.1565457696667854,0.31538931999401515,4.444906099857499,True,4.444906099857499,True,4.444906099857499,True,5.3,False,5.3,False,5.3,False,5.3,False,4.658679574893124,5.149963456465956,True,True,0.75,0.17546206739287945,4.444906099857499,wind_stuck_7_days,2016
14267,US-Tw3,US-Bi1,2016-06-11,3.65172999,3.2,3.2,-1.22644482147478,1.22644482147478,0.2965416677581078,0.5118129258123548,-0.5674793548857602,-0.51601069122727,-0.13696356497951778,-1.22644482147478,1.1565457696667854,0.31538931999401515,1.97355517852522,True,1.97355517852522,True,1.97355517852522,True,3.2,False,3.2,False,3.2,False,3.2,False,2.2801663838939152,3.2,True,False,0.75,0.0,1.97355517852522,wind_stuck_7_days,2016
14268,US-Tw3,US-Bi1,2016-06-19,5.06023344,3.2,3.2,-0.7336205698504283,0.7336205698504283,0.20694134224696686,0.4766667045395813,-0.1487329400161212,-0.16708576872951042,-0.014189014352120962,-0.7336205698504283,1.1565457696667854,0.31538931999401515,2.466379430149572,True,2.466379430149572,True,2.466379430149572,True,3.2,False,3.2,False,3.2,False,3.2,False,2.649784572612179,3.1264237251083866,True,True,0.75,0.10029200095440947,2.466379430149572,wind_stuck_7_days,2016
14269,US-Tw3,US-Bi1,2016-06-27,7.3100068,5.5,5.5,-0.015498465918429627,0.015498465918429627,0.16072775297916705,0.39130241780065395,-0.04275535506783994,-0.018093593307454445,-0.01249285160087145,-0.015498465918429627,1.1565457696667854,0.31538931999401515,5.48450153408157,True,5.48450153408157,True,5.48450153408157,True,5.5,False,5.5,False,5.5,False,5.5,False,5.4883761505611774,5.48450153408157,True,True,0.75,1.0,5.48450153408157,wind_stuck_7_days,2016
14270,US-Tw3,US-Bi1,2016-07-05,2.51227192,4.5,4.5,-0.635137997445964,0.635137997445964,0.27658120642961875,0.4192721852500795,-0.0791523405708971,-0.08219941802431574,-0.03223615178325141,0.6351379974459639,1.1565457696667854,0.31538931999401515,3.864862002554036,True,3.864862002554036,True,3.864862002554036,True,4.5,False,4.5,False,4.5,False,4.5,False,4.023646501915527,4.4480427383881205,True,True,0.75,0.0818046815350546,3.864862002554036,wind_stuck_7_days,2016
14271,US-Tw3,US-Bi1,2016-07-13,3.4622975,2.5,2.5,-0.3333496366557843,0.3333496366557843,0.2809139499989488,0.4540203188493841,0.005082129167249569,0.023504947519678757,-0.04107080041915443,-0.3333496366557842,1.1565457696667854,0.31538931999401515,2.166650363344216,True,2.166650363344216,True,2.166650363344216,True,2.166650363344216,True,2.166650363344216,True,2.166650363344216,True,2.5,False,2.249987772508162,2.392778373666156,True,True,0.75,0.3216491471522455,2.166650363344216,wind_stuck_7_days,2016
14272,US-Tw3,US-Bi1,2016-07-21,3.58335401,4.0,4.0,-0.2088418887006877,0.2088418887006877,0.23132456438282184,0.46081997438442,-0.02981406636062454,-0.025331410190315498,-0.01715049253319811,0.2088418887006877,1.1565457696667854,0.31538931999401515,3.7911581112993122,True,3.7911581112993122,True,3.7911581112993122,True,4.0,False,4.0,False,4.0,False,4.0,False,3.843368583474484,3.8044856046881237,True,True,0.75,0.9361838112472148,3.7911581112993122,wind_stuck_7_days,2016
14273,US-Tw3,US-Bi1,2016-07-29,6.31132565,5.7,5.7,-0.4624157798563104,0.4624157798563104,0.3069884548787181,0.757592723753312,-0.48691945886653565,-0.5041719258364794,-0.040065563739307974,-0.46241577985631044,1.1565457696667854,0.31538931999401515,5.23758422014369,True,5.23758422014369,True,5.23758422014369,True,5.7,False,5.7,False,5.7,False,5.7,False,5.353188165107768,5.7,True,False,0.75,0.0,5.268557977834489,wind_stuck_7_days,2016
14274,US-Tw3,US-Bi1,2016-08-06,1.96362083,2.2,2.2,0.1920396797193869,0.1920396797193869,0.1326917259355888,0.4585032513901798,0.008967428662874566,0.01085930519834067,-0.017839566641077,-0.1920396797193869,1.1565457696667854,0.31538931999401515,2.392039679719387,True,2.392039679719387,True,2.392039679719387,True,2.392039679719387,True,2.392039679719387,True,2.392039679719387,True,2.2,False,2.3440297597895405,2.392039679719387,True,True,0.75,1.0,2.392039679719387,wind_stuck_7_days,2016
14275,US-Tw3,US-Bi1,2016-08-14,2.28536137,2.4,2.4,-0.2746475151765204,0.2746475151765204,0.33363053122576763,0.5884967212658717,0.005082129167249569,0.013543330852799363,-0.04593873419413384,-0.04537025517652049,1.1565457696667854,0.31538931999401515,2.1253524848234795,True,2.4,False,2.1253524848234795,True,2.1253524848234795,True,2.1253524848234795,True,2.1253524848234795,True,2.4,False,2.1940143636176095,2.2714227680739825,True,True,0.75,0.4681536326421107,2.1253524848234795,wind_stuck_7_days,2016
14276,US-Tw3,US-Bi1,2016-08-22,2.71592182,3.1,3.1,-0.8635931341848447,0.8635931341848447,0.2221434254665137,0.5114506234848376,-0.05166345725221567,-0.033133069154039095,-0.012311285174846564,-0.09543677418484486,1.1565457696667854,0.31538931999401515,2.2364068658151552,True,2.2364068658151552,True,2.2364068658151552,True,3.1,False,3.1,False,3.1,False,3.1,False,2.452305149361367,2.935226978611339,True,True,0.75,0.19079936473116144,2.2364068658151552,wind_stuck_7_days,2016
14277,US-Tw3,US-Bi1,2016-08-30,5.03545502,5.5,5.5,-0.22905936326480983,0.22905936326480983,0.12130689800260737,0.3949890232936268,-0.015648400035472562,-0.012421967328558301,-0.009531373419794304,0.22905936326480983,1.1565457696667854,0.31538931999401515,5.27094063673519,True,5.27094063673519,True,5.27094063673519,True,5.5,False,5.5,False,5.5,False,5.5,False,5.328205477551393,5.3046194834291125,True,True,0.75,0.8529689150712126,5.27094063673519,wind_stuck_7_days,2016
14278,US-Tw3,US-Bi1,2016-09-07,4.12749702,3.9,3.9,-0.7824004948255322,0.7824004948255322,0.24213884165265573,0.35518682728029893,-0.09817147924928085,-0.09580822203894325,-0.012311285174846564,-0.7824004948255321,1.1565457696667854,0.31538931999401515,3.117599505174468,True,3.117599505174468,True,3.117599505174468,True,3.9,False,3.9,False,3.9,False,3.9,False,3.3131996288808505,3.786325095932014,True,True,0.75,0.1452899184238557,3.117599505174468,wind_stuck_7_days,2016
14279,US-Tw3,US-Bi1,2016-09-15,4.17100832,3.7,3.7,-0.5499961003785775,0.5499961003785775,0.1158112409736702,0.3827981788272779,-0.01950720627810166,0.008626671935862487,-0.011966396186251132,-0.5499961003785776,1.1565457696667854,0.31538931999401515,3.1500038996214226,True,3.1500038996214226,True,3.1500038996214226,True,3.7,False,3.7,False,3.1500038996214226,True,3.7,False,3.287502924716067,3.5010315385263526,True,True,0.75,0.3617634040253956,3.1500038996214226,wind_stuck_7_days,2016
14280,US-Tw3,US-Bi1,2016-09-23,1.95147236,2.0,2.0,-0.7752896304970143,0.7752896304970143,0.11026126448531089,0.40480278902640016,0.040958173185689846,0.0641224068267907,-0.025549794641395694,-0.6782343504970141,1.1565457696667854,0.31538931999401515,1.2247103695029857,True,1.2247103695029857,True,1.2247103695029857,True,1.2247103695029857,True,1.2247103695029857,True,1.2247103695029857,True,2.0,False,1.4185327771272394,1.543810164302148,True,True,0.75,0.5884121465746972,1.2247103695029857,wind_stuck_7_days,2016
14281,US-Tw3,US-Bi1,2016-10-01,2.271607,1.4,1.4,-0.24839395206871445,0.24839395206871445,0.1131434117628822,0.4532994442474238,0.028143797637893944,0.0285457005089365,-0.017839566641077,-0.2483939520687144,1.1565457696667854,0.31538931999401515,1.1516060479312855,True,1.1516060479312855,True,1.1516060479312855,True,1.1516060479312855,True,1.1516060479312855,True,1.1516060479312855,True,1.4,False,1.2137045359484642,1.2007149630294474,True,True,0.75,0.802294239899301,1.1516060479312855,wind_stuck_7_days,2016
14282,US-Tw3,US-Bi1,2016-10-09,2.40712474,2.0,2.0,-0.6726996320714549,0.6726996320714549,0.12344206614855634,0.40529603684204396,0.10557870333558558,0.1144727044890334,-0.017839566641077,-0.6726996320714549,1.1565457696667854,0.31538931999401515,1.327300367928545,True,1.327300367928545,True,1.327300367928545,True,1.327300367928545,True,1.327300367928545,True,1.327300367928545,True,2.0,False,1.4954752759464087,1.654763447509044,True,True,0.75,0.5132105564378912,1.327300367928545,wind_stuck_7_days,2016
14283,US-Tw3,US-Bi1,2016-10-17,2.63324044,1.8,1.8,-0.21509341556152908,0.21509341556152908,0.06698387948505863,0.3870360558606115,0.02517984341481147,0.0285457005089365,-0.024112203490587795,-0.21509341556152917,1.1565457696667854,0.31538931999401515,1.5849065844384709,True,1.5849065844384709,True,1.5849065844384709,True,1.5849065844384709,True,1.5849065844384709,True,1.5849065844384709,True,1.8,False,1.6386799383288533,1.5849065844384709,True,True,0.75,1.0,1.5849065844384709,wind_stuck_7_days,2016
14284,US-Tw3,US-Bi1,2016-11-02,1.93428259,1.5,1.5,-0.23121785893783012,0.23121785893783012,0.1002459831352438,0.47317296402179576,0.028143797637893944,0.0285457005089365,-0.024112203490587795,-0.2312178589378301,1.1565457696667854,0.31538931999401515,1.2687821410621698,True,1.2687821410621698,True,1.2687821410621698,True,1.2687821410621698,True,1.2687821410621698,True,1.2687821410621698,True,1.5,False,1.3265866057966273,1.2939809042134924,True,True,0.75,0.8910172282232839,1.2687821410621698,wind_stuck_7_days,2016
14285,US-Tw3,US-Bi1,2016-11-18,1.37429129,1.5,1.5,0.05887937353977039,0.05887937353977039,0.10138499393072314,0.4334512099309057,0.02429894922646033,0.02582190072491816,-0.024112203490587795,-0.05887937353977038,1.1565457696667854,0.31538931999401515,1.5588793735397704,True,1.5588793735397704,True,1.5588793735397704,True,1.5588793735397704,True,1.5588793735397704,True,1.5588793735397704,True,1.5,False,1.5441595301548279,1.5588793735397704,True,True,0.75,1.0,1.5588793735397704,wind_stuck_7_days,2016
14286,US-Tw3,US-Bi1,2016-12-04,0.71573358,0.7,0.7,0.08582803498730009,0.08582803498730009,0.09779934147960703,0.3439483712310616,0.02429894922646033,0.02582190072491816,-0.024112203490587795,-0.05436087498730004,1.1565457696667854,0.31538931999401515,0.7858280349873,True,0.7858280349873,True,0.7858280349873,True,0.7858280349873,True,0.7858280349873,True,0.7858280349873,True,0.7,False,0.764371026240475,0.7858280349873,True,True,0.75,1.0,0.7858280349873,wind_stuck_7_days,2016
14287,US-Tw3,US-Bi1,2016-12-20,0.79852876,0.3,0.3,0.19039071014425035,0.19039071014425035,0.12821175499230528,0.3047771502589255,0.01661593562562962,0.019664389578383925,-0.024112203490587795,0.19039071014425035,1.1565457696667854,0.31538931999401515,0.49039071014425034,True,0.49039071014425034,True,0.49039071014425034,True,0.49039071014425034,True,0.49039071014425034,True,0.49039071014425034,True,0.3,False,0.44279303260818775,0.49039071014425034,True,True,0.75,1.0,0.49039071014425034,wind_stuck_7_days,2016
14288,US-Tw3,US-Bi1,2016-12-28,0.65330912,0.3,0.3,0.07760408035787023,0.07760408035787023,0.1366980309849609,0.266062653625712,0.01661593562562962,0.019664389578383925,-0.024112203490587795,0.0776040803578702,1.1565457696667854,0.31538931999401515,0.3776040803578702,True,0.3776040803578702,True,0.3776040803578702,True,0.3776040803578702,True,0.3776040803578702,True,0.3776040803578702,True,0.3,False,0.35820306026840265,0.3776040803578702,True,True,0.75,1.0,0.3776040803578702,wind_stuck_7_days,2016
14527,US-Twt,US-Bi1,2016-01-27,0.87201195,1.3,1.3,-0.27966096035296373,0.27966096035296373,0.14931608681742267,0.2985187243004243,0.02629333360516748,0.0285457005089365,-0.024112203490587795,0.27966096035296373,1.1565457696667854,0.31538931999401515,1.0203390396470362,True,1.0203390396470362,True,1.0203390396470362,True,1.0203390396470362,True,1.0203390396470362,True,1.0203390396470362,True,1.3,False,1.0902542797352772,1.1235739396473337,True,True,0.75,0.6308569495363124,1.0203390396470362,wind_stuck_7_days,2016
14528,US-Twt,US-Bi1,2016-02-04,1.06491479,1.6,1.6,-0.36835044450323307,0.36835044450323307,0.12010113981804418,0.4217925972198902,0.028143797637893944,0.0285457005089365,-0.024112203490587795,0.36835044450323307,1.1565457696667854,0.31538931999401515,1.231649555496767,True,1.231649555496767,True,1.231649555496767,True,1.231649555496767,True,1.231649555496767,True,1.231649555496767,True,1.6,False,1.3237371666225752,1.4564594979729235,True,True,0.75,0.3896846173775059,1.231649555496767,wind_stuck_7_days,2016
14529,US-Twt,US-Bi1,2016-03-15,3.27080511,2.6,2.6,-0.49890472277867765,0.49890472277867765,0.1147633984289163,0.4415847499364903,0.024455714630915015,0.045205898644112265,-0.018239033035761926,-0.4989047227786776,1.1565457696667854,0.31538931999401515,2.1010952772213223,True,2.1010952772213223,True,2.1010952772213223,True,2.1010952772213223,True,2.1010952772213223,True,2.1010952772213223,True,2.6,False,2.225821457915992,2.3671905279094037,True,True,0.75,0.46664114701891596,2.1010952772213223,wind_stuck_7_days,2016
14530,US-Twt,US-Bi1,2016-03-23,3.3838824,3.1,3.1,-0.7827921602233952,0.7827921602233952,0.15783134133544327,0.3301545159784716,0.026229892301564816,0.06518896152609785,-0.01054622151670749,-0.7827921602233952,1.1565457696667854,0.31538931999401515,2.317207839776605,True,2.317207839776605,True,2.317207839776605,True,2.317207839776605,True,2.317207839776605,True,2.317207839776605,True,3.1,False,2.512905879832454,2.564644263462614,True,True,0.75,0.6839053375095184,2.317207839776605,wind_stuck_7_days,2016
14531,US-Twt,US-Bi1,2016-03-31,4.53325326,3.5,3.5,-0.9386742342628128,0.9386742342628128,0.14273214937399462,0.3475956557053007,0.13867197298858971,0.12645292174905728,-0.022666838957528593,-0.9386742342628129,1.1565457696667854,0.31538931999401515,2.561325765737187,True,2.561325765737187,True,2.561325765737187,True,2.561325765737187,True,2.561325765737187,True,2.561325765737187,True,3.5,False,2.7959943243028906,2.734164094187041,True,True,0.75,0.8158697425144601,2.561325765737187,wind_stuck_7_days,2016
14532,US-Twt,US-Bi1,2016-04-16,2.78395758,3.0,3.0,-0.5697410173128026,0.5697410173128026,0.14241561608041675,0.4186426483423619,0.09596612252348835,0.1144727044890334,-0.011966396186251132,-0.13765617731280266,1.1565457696667854,0.31538931999401515,2.4302589826871976,True,2.4302589826871976,True,2.4302589826871976,True,2.4302589826871976,True,2.4302589826871976,True,2.4302589826871976,True,3.0,False,2.5726942370153982,2.594133519523173,True,True,0.75,0.7123701263270562,2.4302589826871976,wind_stuck_7_days,2016
14533,US-Twt,US-Bi1,2016-04-24,1.06468968,1.9,1.9,0.80356358967954,0.80356358967954,0.17748900424666766,0.5035693908557903,0.10970787960932529,0.10485237359395502,-0.1011782061985195,-0.8035635896795401,1.1565457696667854,0.31538931999401515,2.70356358967954,True,2.70356358967954,True,2.70356358967954,True,2.70356358967954,True,2.70356358967954,True,2.70356358967954,True,1.9,False,2.502672692259655,2.6070525534478532,True,True,0.75,0.8798962055135237,2.70356358967954,wind_stuck_7_days,2016
14534,US-Twt,US-Bi1,2016-05-02,0.4378003,1.0,1.0,-0.08613637227900117,0.08613637227900117,0.12534137734949155,0.43646065754851726,0.029709836019857154,0.027393409637898422,-0.017839566641077,0.08613637227900117,1.1565457696667854,0.31538931999401515,0.9138636277209988,True,0.9138636277209988,True,0.9138636277209988,True,0.9138636277209988,True,0.9138636277209988,True,0.9138636277209988,True,1.0,False,0.9353977207907491,0.9138636277209988,True,True,0.75,1.0,0.9138636277209988,wind_stuck_7_days,2016
14535,US-Twt,US-Bi1,2016-05-10,0.7649479,0.9,0.9,0.07098206244521697,0.07098206244521697,0.12989273485071418,0.40552638973102206,0.029709836019857154,0.027393409637898422,-0.017839566641077,-0.07098206244521699,1.1565457696667854,0.31538931999401515,0.970982062445217,True,0.970982062445217,True,0.970982062445217,True,0.970982062445217,True,0.970982062445217,True,0.970982062445217,True,0.9,False,0.9532365468339128,0.970982062445217,True,True,0.75,1.0,0.970982062445217,wind_stuck_7_days,2016
14536,US-Twt,US-Bi1,2016-05-18,1.00530331,0.8,0.8,0.11395727559628255,0.11395727559628255,0.19251330613961662,0.4986349935642919,0.008822723135245394,0.012602356013628429,-0.02302366298802398,0.11395727559628255,1.1565457696667854,0.31538931999401515,0.9139572755962826,True,0.9139572755962826,True,0.9139572755962826,True,0.9139572755962826,True,0.9139572755962826,True,0.9139572755962826,True,0.8,False,0.8854679566972119,0.9139572755962826,True,True,0.75,1.0,0.9139572755962826,wind_stuck_7_days,2016
14537,US-Twt,US-Bi1,2016-05-26,0.6021396,1.9,1.9,-0.07796834526101125,0.07796834526101125,0.1691870217808826,0.38362747750959253,0.008967428662874566,0.01085930519834067,-0.017839566641077,0.07796834526101115,1.1565457696667854,0.31538931999401515,1.8220316547389888,True,1.8220316547389888,True,1.8220316547389888,True,1.8220316547389888,True,1.8220316547389888,True,1.8220316547389888,True,1.9,False,1.8415237410542415,1.8220316547389888,True,True,0.75,1.0,1.8220316547389888,wind_stuck_7_days,2016
14538,US-Twt,US-Bi1,2016-06-11,2.23407615,4.1,4.1,-0.9863789675734778,0.9863789675734778,0.2088150637992612,0.5303257666853083,-0.2369048996446558,-0.23873222440982764,-0.08775854241020022,0.9863789675734778,1.1565457696667854,0.31538931999401515,3.113621032426522,True,3.113621032426522,True,3.113621032426522,True,4.1,False,4.1,False,4.1,False,4.1,False,3.360215774319891,4.1,True,False,0.75,0.0,3.113621032426522,wind_stuck_7_days,2016
14539,US-Twt,US-Bi1,2016-06-19,2.97657727,2.4,2.4,-0.6894346305328221,0.6894346305328221,0.1652766386415295,0.3665620096917583,-0.020388860335046066,-0.022598966342347312,-0.015404543874620173,-0.6894346305328221,1.1565457696667854,0.31538931999401515,1.7105653694671779,True,1.7105653694671779,True,1.7105653694671779,True,2.4,False,2.4,False,2.4,False,2.4,False,1.8829240271003833,2.278062203694218,True,True,0.75,0.17686636398224362,1.7105653694671779,wind_stuck_7_days,2016
14540,US-Twt,US-Bi1,2016-06-27,8.1617826,8.4,8.4,1.3917636516334133,1.3917636516334133,0.2117576885190758,1.0074657686532456,-0.18953543305239712,-0.043446031215511494,-0.3363126671497702,-1.3917636516334133,1.1565457696667854,0.31538931999401515,9.791763651633413,True,9.791763651633413,True,8.4,False,8.4,False,8.4,False,8.4,False,8.4,False,9.44382273872506,8.798681184578815,True,True,0.75,0.28645753473365354,9.791763651633413,wind_stuck_7_days,2016
14541,US-Twt,US-Bi1,2016-07-05,6.23421775,7.4,7.4,-0.39052154648646303,0.39052154648646303,0.24859406518672195,0.4909372408605165,0.013767306783939708,0.042411858411138335,-0.0198601738590337,0.3905215464864631,1.1565457696667854,0.31538931999401515,7.0094784535135375,True,7.0094784535135375,True,7.0094784535135375,True,7.0094784535135375,True,7.0094784535135375,True,7.0094784535135375,True,7.4,False,7.107108840135153,7.176900918845083,True,True,0.75,0.5712849474302962,7.0094784535135375,wind_stuck_7_days,2016
14542,US-Twt,US-Bi1,2016-07-13,6.67585043,7.4,7.4,0.4661055020174305,0.4661055020174305,0.1660314221261156,0.45877412812874885,-0.06958659180815908,0.025244365498465447,-0.007569914962503097,-0.4661055020174305,1.1565457696667854,0.31538931999401515,7.866105502017431,True,7.866105502017431,True,7.866105502017431,True,7.4,False,7.4,False,7.866105502017431,True,7.4,False,7.749579126513074,7.503464784112923,True,True,0.75,0.22197717826779464,7.866105502017431,wind_stuck_7_days,2016
14543,US-Twt,US-Bi1,2016-07-21,9.09680522,7.7,7.7,0.5906157231218274,0.5906157231218274,0.13185408006345636,0.5172469403675477,-0.075328169683475,-0.09331636883493204,-0.030809271759498897,0.5906157231218274,1.1565457696667854,0.31538931999401515,8.290615723121828,True,8.290615723121828,True,8.290615723121828,True,7.7,False,7.7,False,7.7,False,7.7,False,8.14296179234137,7.960123510514705,True,True,0.75,0.44042767628969454,8.290615723121828,wind_stuck_7_days,2016
14544,US-Twt,US-Bi1,2016-07-29,8.81328908,8.3,8.3,0.6949426913088503,0.6949426913088503,0.2163109592146533,0.469253830642076,-0.13362467057071384,-0.028174352222256675,-0.050846101715561656,0.33163546869114935,1.1565457696667854,0.31538931999401515,8.99494269130885,True,8.99494269130885,True,8.99494269130885,True,8.3,False,8.3,False,8.3,False,8.3,False,8.821207018481639,8.3,True,False,0.75,0.0,9.034264087076306,wind_stuck_7_days,2016
14545,US-Twt,US-Bi1,2016-08-06,6.35211272,6.7,6.7,0.4600508863638303,0.4600508863638303,0.134960934690723,0.35143366318695524,0.05935692144196525,0.041522036786877894,-0.0070434595478827775,-0.4600508863638303,1.1565457696667854,0.31538931999401515,7.16005088636383,True,7.16005088636383,True,7.16005088636383,True,7.16005088636383,True,7.16005088636383,True,7.16005088636383,True,6.7,False,7.045038164772873,6.969098024690353,True,True,0.75,0.5849309993015361,7.16005088636383,wind_stuck_7_days,2016
14546,US-Twt,US-Bi1,2016-08-14,7.9420212,7.6,7.6,0.8487802324633871,0.8487802324633871,0.14158113609476564,0.6609050469835717,-0.06692082934957007,-0.07332141501638967,-0.07403608244736812,-0.16473783246338614,1.1565457696667854,0.31538931999401515,8.448780232463386,True,8.448780232463386,True,8.448780232463386,True,7.6,False,7.6,False,7.6,False,7.6,False,8.23658517434754,8.03342209767979,True,True,0.75,0.5106411307693675,8.448780232463386,wind_stuck_7_days,2016
14547,US-Twt,US-Bi1,2016-08-22,5.57930429,5.7,5.7,0.07182696567249523,0.07182696567249523,0.15510446673878767,0.3702886975083039,-0.01439020431748738,-0.015105992983016993,-0.011966396186251132,-0.07182696567249525,1.1565457696667854,0.31538931999401515,5.771826965672496,True,5.771826965672496,True,5.771826965672496,True,5.7,False,5.7,False,5.7,False,5.7,False,5.753870224254372,5.771826965672496,True,True,0.75,1.0,5.771826965672496,wind_stuck_7_days,2016
14548,US-Twt,US-Bi1,2016-08-30,6.79443445,6.2,6.2,0.16892881442576882,0.16892881442576882,0.13390311930310675,0.34448154691275823,-0.014534909845116555,-0.015145767112576643,-0.009531373419794304,0.1689288144257688,1.1565457696667854,0.31538931999401515,6.368928814425769,True,6.368928814425769,True,6.368928814425769,True,6.2,False,6.2,False,6.2,False,6.2,False,6.326696610819327,6.368928814425769,True,True,0.75,1.0,6.368928814425769,wind_stuck_7_days,2016
14549,US-Twt,US-Bi1,2016-09-07,4.67241044,5.2,5.2,-0.22187768345476194,0.22187768345476194,0.13501505988447945,0.41698413426312,-0.012539091225926273,-0.01238219319899865,-0.011966396186251132,0.22187768345476194,1.1565457696667854,0.31538931999401515,4.978122316545238,True,4.978122316545238,True,4.978122316545238,True,5.2,False,5.2,False,5.2,False,5.2,False,5.033591737408929,4.999030305923976,True,True,0.75,0.9057679481181312,4.978122316545238,wind_stuck_7_days,2016
14550,US-Twt,US-Bi1,2016-09-15,4.19981205,4.7,4.7,-0.03687431502821235,0.03687431502821235,0.12248125537936423,0.38114293759476836,0.014611751994503434,0.01174482017557366,-0.011966396186251132,0.03687431502821237,1.1565457696667854,0.31538931999401515,4.663125684971788,True,4.663125684971788,True,4.663125684971788,True,4.663125684971788,True,4.663125684971788,True,4.663125684971788,True,4.7,False,4.672344263728841,4.663125684971788,True,True,0.75,1.0,4.663125684971788,wind_stuck_7_days,2016
14551,US-Twt,US-Bi1,2016-09-23,3.53074401,3.9,3.9,-0.3100623980571995,0.3100623980571995,0.10326927935520029,0.4010820012029849,-0.011411002778066639,0.014468619959592002,-0.011966396186251132,0.3100623980571995,1.1565457696667854,0.31538931999401515,3.5899376019428004,True,3.5899376019428004,True,3.5899376019428004,True,3.9,False,3.9,False,3.5899376019428004,True,3.9,False,3.6674532014571004,3.734976821631889,True,True,0.75,0.5322257048972064,3.5899376019428004,wind_stuck_7_days,2016
14552,US-Twt,US-Bi1,2016-10-01,2.89600758,3.8,3.8,-0.20988092507521378,0.20988092507521378,0.21693868213087267,0.4285053616178642,0.013046362671374868,0.012897111046611748,-0.01662403711857779,0.20988092507521383,1.1565457696667854,0.31538931999401515,3.590119074924786,True,3.590119074924786,True,3.590119074924786,True,3.590119074924786,True,3.590119074924786,True,3.590119074924786,True,3.8,False,3.6425893061935897,3.590119074924786,True,True,0.75,1.0,3.590119074924786,wind_stuck_7_days,2016
14553,US-Twt,US-Bi1,2016-10-09,1.68536258,3.0,3.0,-0.5781222839149084,0.5781222839149084,0.14836193918377585,0.30010934126065353,0.09411500943192724,0.1144727044890334,-0.011966396186251132,0.5781222839149084,1.1565457696667854,0.31538931999401515,2.4218777160850915,True,2.4218777160850915,True,2.4218777160850915,True,2.4218777160850915,True,2.4218777160850915,True,2.4218777160850915,True,3.0,False,2.566408287063819,2.590267303861123,True,True,0.75,0.7087301554340086,2.4218777160850915,wind_stuck_7_days,2016
14554,US-Twt,US-Bi1,2016-10-17,1.63221864,1.6,1.6,-0.17521840978456993,0.17521840978456993,0.08300619105668693,0.34506373570720406,0.028143797637893944,0.0285457005089365,-0.024112203490587795,-0.17521840978456993,1.1565457696667854,0.31538931999401515,1.4247815902154302,True,1.4247815902154302,True,1.4247815902154302,True,1.4247815902154302,True,1.4247815902154302,True,1.4247815902154302,True,1.6,False,1.4685861926615726,1.4247815902154302,True,True,0.75,1.0,1.4247815902154302,wind_stuck_7_days,2016
14555,US-Twt,US-Bi1,2016-11-02,0.76526636,0.9,0.9,-0.10735886889833682,0.10735886889833682,0.10996007646304495,0.4460121641332956,0.02429894922646033,0.02582190072491816,-0.024112203490587795,0.10735886889833682,1.1565457696667854,0.31538931999401515,0.7926411311016632,True,0.7926411311016632,True,0.7926411311016632,True,0.7926411311016632,True,0.7926411311016632,True,0.7926411311016632,True,0.9,False,0.8194808483262475,0.7926411311016632,True,True,0.75,1.0,0.7926411311016632,wind_stuck_7_days,2016
14556,US-Twt,US-Bi1,2016-11-18,1.01269602,1.7,1.7,0.024430440514855368,0.024430440514855368,0.10874856884636405,0.46943508075631435,0.02429894922646033,0.02582190072491816,-0.024112203490587795,-0.024430440514855323,1.1565457696667854,0.31538931999401515,1.7244304405148554,True,1.7244304405148554,True,1.7244304405148554,True,1.7244304405148554,True,1.7244304405148554,True,1.7244304405148554,True,1.7,False,1.7183228303861415,1.7244304405148554,True,True,0.75,1.0,1.7244304405148554,wind_stuck_7_days,2016
14557,US-Twt,US-Bi1,2016-12-04,0.60853236,1.0,1.0,-0.03900504022186241,0.03900504022186241,0.06434413525598932,0.38112671193389513,0.02429894922646033,0.02582190072491816,-0.024112203490587795,0.03900504022186241,1.1565457696667854,0.31538931999401515,0.9609949597781375,True,0.9609949597781375,True,0.9609949597781375,True,0.9609949597781375,True,0.9609949597781375,True,0.9609949597781375,True,1.0,False,0.9707462198336032,0.9609949597781375,True,True,0.75,1.0,0.9609949597781375,wind_stuck_7_days,2016
14558,US-Twt,US-Bi1,2016-12-20,0.58908593,0.8,0.8,-0.0745436129505663,0.0745436129505663,0.09048662225250657,0.34810862387653463,0.02429894922646033,0.02582190072491816,-0.024112203490587795,0.0745436129505663,1.1565457696667854,0.31538931999401515,0.7254563870494337,True,0.7254563870494337,True,0.7254563870494337,True,0.7254563870494337,True,0.7254563870494337,True,0.7254563870494337,True,0.8,False,0.7440922902870754,0.7254563870494337,True,True,0.75,1.0,0.7254563870494337,wind_stuck_7_days,2016
14559,US-Twt,US-Bi1,2016-12-28,0.71991845,1.1,1.1,-0.39095499644312637,0.39095499644312637,0.11754304138039394,0.26457390648986534,0.03452074105857319,0.041325918800476806,-0.024112203490587795,0.36920810355687383,1.1565457696667854,0.31538931999401515,0.7090450035568737,True,0.7090450035568737,True,0.7090450035568737,True,0.7090450035568737,True,0.7090450035568737,True,0.7090450035568737,True,1.1,False,0.8067837526676553,0.8901410895629369,True,True,0.75,0.5367853393519478,0.7090450035568737,wind_stuck_7_days,2016
15260,US-Var,SLM001,2016-01-12,0.47788356,0.7,0.7,0.13321648442435727,0.13321648442435727,0.12637261749990628,0.35906491312175604,0.02629333360516748,0.02582190072491816,-0.024112203490587795,-0.1332164844243573,1.1565457696667854,0.31538931999401515,0.8332164844243573,True,0.8332164844243573,True,0.8332164844243573,True,0.8332164844243573,True,0.8332164844243573,True,0.8332164844243573,True,0.7,False,0.7999123633182679,0.8332164844243573,True,True,0.75,1.0,0.8332164844243573,wind_stuck_7_days,2016
15261,US-Var,SLM001,2016-02-05,0.62136647,0.4,0.4,0.22612135826438579,0.22612135826438579,0.11885418396437991,0.3711384631862102,0.014621551246922463,0.019664389578383925,-0.024112203490587795,0.21661158173561418,1.1565457696667854,0.31538931999401515,0.6261213582643859,True,0.6261213582643859,True,0.6261213582643859,True,0.6261213582643859,True,0.6261213582643859,True,0.6261213582643859,True,0.4,False,0.5695910186982893,0.6261213582643859,True,True,0.75,1.0,0.6261213582643859,wind_stuck_7_days,2016
15262,US-Var,SLM001,2016-02-12,1.05845137,0.9,0.9,0.1167119701618444,0.1167119701618444,0.17940290378511542,0.4020823343219052,0.028144446696728588,0.02582190072491816,-0.024112203490587795,0.1167119701618444,1.1565457696667854,0.31538931999401515,1.0167119701618443,True,1.0167119701618443,True,1.0167119701618443,True,1.0167119701618443,True,1.0167119701618443,True,1.0167119701618443,True,0.9,False,0.9875339776213833,1.0167119701618443,True,True,0.75,1.0,1.0167119701618443,wind_stuck_7_days,2016
15263,US-Var,SLM001,2016-02-13,1.1773185,1.6,1.6,-0.049719427156205365,0.049719427156205365,0.16570905286098425,0.4795126240977156,0.028144446696728588,0.02582190072491816,-0.024112203490587795,0.049719427156205365,1.1565457696667854,0.31538931999401515,1.5502805728437947,True,1.5502805728437947,True,1.5502805728437947,True,1.5502805728437947,True,1.5502805728437947,True,1.5502805728437947,True,1.6,False,1.562710429632846,1.5502805728437947,True,True,0.75,1.0,1.5502805728437947,wind_stuck_7_days,2016
15264,US-Var,SLM001,2016-02-21,1.19569138,1.1,1.1,0.06420461055722139,0.06420461055722139,0.08430631483773449,0.3519511864587741,0.02429894922646033,0.02582190072491816,-0.024112203490587795,0.06420461055722139,1.1565457696667854,0.31538931999401515,1.1642046105572215,True,1.1642046105572215,True,1.1642046105572215,True,1.1642046105572215,True,1.1642046105572215,True,1.1642046105572215,True,1.1,False,1.1481534579179162,1.1642046105572215,True,True,0.75,1.0,1.1642046105572215,wind_stuck_7_days,2016
15265,US-Var,SLM001,2016-02-29,2.21469346,2.1,2.1,-0.24197314733146938,0.24197314733146938,0.15556080575819237,0.4363112982922372,0.028144446696728588,0.0285457005089365,-0.024112203490587795,-0.24197314733146935,1.1565457696667854,0.31538931999401515,1.8580268526685306,True,1.8580268526685306,True,1.8580268526685306,True,1.8580268526685306,True,1.8580268526685306,True,1.8580268526685306,True,2.1,False,1.918520139501398,1.897223028517535,True,True,0.75,0.838014357042225,1.8607944421877418,wind_stuck_7_days,2016
15266,US-Var,SLM001,2016-03-15,2.67257361,2.0,2.0,-0.0764351590617833,0.0764351590617833,0.1725441215725249,0.4293722618232535,0.028144446696728588,0.02582190072491816,-0.024112203490587795,-0.07643515906178333,1.1565457696667854,0.31538931999401515,1.9235648409382167,True,1.9235648409382167,True,1.9235648409382167,True,1.9235648409382167,True,1.9235648409382167,True,1.9235648409382167,True,2.0,False,1.9426736307036625,1.9235648409382167,True,True,0.75,1.0,1.9235648409382167,wind_stuck_7_days,2016
15267,US-Var,SLM001,2016-03-16,2.2520777,2.8,2.8,-0.6306562436882354,0.6306562436882354,0.16683395315008517,0.5319270402753247,0.10752368178205995,0.1144727044890334,-0.018239033035761926,0.46518835631176414,1.1565457696667854,0.31538931999401515,2.1693437563117643,True,2.1693437563117643,True,2.1693437563117643,True,2.1693437563117643,True,2.1693437563117643,True,2.1693437563117643,True,2.8,False,2.3270078172338233,2.4265942270343723,True,True,0.75,0.592090820796219,2.1693437563117643,wind_stuck_7_days,2016
15268,US-Var,SLM001,2016-03-23,2.85513264,2.7,2.7,-0.5268780700259728,0.5268780700259728,0.16019740568920884,0.4181506128868159,0.10752368178205995,0.10280264688036139,-0.018239033035761926,-0.5268780700259728,1.1565457696667854,0.31538931999401515,2.1731219299740276,True,2.1731219299740276,True,2.1731219299740276,True,2.1731219299740276,True,2.1731219299740276,True,2.1731219299740276,True,2.7,False,2.3048414474805208,2.4806161813685406,True,True,0.75,0.4163844181646142,2.1731219299740276,wind_stuck_7_days,2016
15269,US-Var,SLM001,2016-03-24,3.03463732,3.0,3.0,-0.7246545875655054,0.7246545875655054,0.13431326482281256,0.41797997457386743,0.09596612252348835,0.1144727044890334,-0.018239033035761926,-0.7246545875655054,1.1565457696667854,0.31538931999401515,2.2753454124344947,True,2.2753454124344947,True,2.2753454124344947,True,2.2753454124344947,True,2.2753454124344947,True,2.2753454124344947,True,3.0,False,2.456509059325871,2.5973535970555877,True,True,0.75,0.5556390725367689,2.2753454124344947,wind_stuck_7_days,2016
15270,US-Var,SLM001,2016-03-31,2.99862022,3.4,3.4,-0.9576170829762573,0.9576170829762573,0.16078128438295594,0.48057144559866866,0.20019516771502346,0.22273537708644742,-0.02555941623171618,-0.1548575229762571,1.1565457696667854,0.31538931999401515,2.4423829170237426,True,2.4423829170237426,True,2.4423829170237426,True,2.4423829170237426,True,2.4423829170237426,True,2.4423829170237426,True,3.4,False,2.681787187767807,2.6055702355392314,True,True,0.75,0.8295902178266231,2.4423829170237426,wind_stuck_7_days,2016
15271,US-Var,SLM001,2016-04-01,3.21159333,3.4,3.4,-0.9620610789359191,0.9620610789359191,0.21860333831584525,0.565058832960375,0.2059487003878213,0.22273537708644742,-0.0314897100675344,-0.5852477389359191,1.1565457696667854,0.31538931999401515,2.437938921064081,True,2.437938921064081,True,2.437938921064081,True,2.437938921064081,True,2.437938921064081,True,2.437938921064081,True,3.4,False,2.6784541907980604,2.6228479964646474,True,True,0.75,0.8077990270585688,2.437938921064081,wind_stuck_7_days,2016
15272,US-Var,SLM001,2016-04-08,2.55547323,3.2,3.2,-0.7068436074030849,0.7068436074030849,0.2105949190873423,0.5937834059053964,0.1211139323286319,0.06518896152609785,-0.02078926729625694,0.5822099325969153,1.1565457696667854,0.31538931999401515,2.4931563925969153,True,2.4931563925969153,True,2.4931563925969153,True,2.4931563925969153,True,2.4931563925969153,True,2.4931563925969153,True,3.2,False,2.6698672944476867,2.7834452380147665,True,True,0.75,0.5893167280887484,2.4931563925969153,wind_stuck_7_days,2016
15273,US-Var,SLM001,2016-04-16,4.11982728,4.5,4.5,-0.9732145932094542,0.9732145932094542,0.2658634274231057,0.42815462700226103,0.11839358460732757,0.15815883773511064,-0.039990169131120065,-0.2128691532094542,1.1565457696667854,0.31538931999401515,3.5267854067905455,True,3.5267854067905455,True,3.5267854067905455,True,3.5267854067905455,True,3.5267854067905455,True,3.5267854067905455,True,4.5,False,3.7700890550929094,3.6949523080460125,True,True,0.75,0.8272047065171019,3.5267854067905455,wind_stuck_7_days,2016
15274,US-Var,SLM001,2016-04-17,4.57984552,4.1,4.1,-0.6951812071399981,0.6951812071399981,0.22825727808202628,0.6020872191020207,0.10856493983963618,0.06518896152609785,-0.01662403711857779,-0.6951812071399981,1.1565457696667854,0.31538931999401515,3.4048187928600013,True,3.4048187928600013,True,3.4048187928600013,True,3.4048187928600013,True,3.4048187928600013,True,3.4048187928600013,True,4.1,False,3.578614094645001,3.684299384621047,True,True,0.75,0.5979744721367843,3.4048187928600013,wind_stuck_7_days,2016
15275,US-Var,SLM001,2016-04-24,4.01342472,4.4,4.4,-1.1734381284154163,1.1734381284154163,0.21375869837371092,0.4069116543251415,0.12158537791760658,0.16864696479507427,-0.01756448938842476,-0.400287568415415,1.1565457696667854,0.31538931999401515,3.2265618715845843,True,3.2265618715845843,True,3.2265618715845843,True,3.2265618715845843,True,3.2265618715845843,True,3.2265618715845843,True,4.4,False,3.5199214036884383,3.749953099654622,True,True,0.75,0.5539677675406598,3.2265618715845843,wind_stuck_7_days,2016
15276,US-Var,SLM001,2016-04-25,3.72865065,3.8,3.8,-0.9025942548298836,0.9025942548298836,0.20745498510182597,0.44842599405180694,0.19586353622550873,0.12645292174905728,-0.012311285174846564,-0.7598955548298841,1.1565457696667854,0.31538931999401515,2.8974057451701163,True,2.8974057451701163,True,2.8974057451701163,True,2.8974057451701163,True,2.8974057451701163,True,2.8974057451701163,True,3.8,False,3.1230543088775873,2.9933059775046926,True,True,0.75,0.8937504511895531,2.8974057451701163,wind_stuck_7_days,2016
15277,US-Var,SLM001,2016-05-02,4.22913492,3.9,3.9,-0.49010477954990633,0.49010477954990633,0.16776640186641129,0.5729455017893426,0.01862112698850019,0.027918459663314056,-0.011966396186251132,-0.4901047795499063,1.1565457696667854,0.31538931999401515,3.4098952204500934,True,3.4098952204500934,True,3.4098952204500934,True,3.4098952204500934,True,3.4098952204500934,True,3.4098952204500934,True,3.9,False,3.53242141533757,3.6733868988538916,True,True,0.75,0.4623768438949349,3.4098952204500934,wind_stuck_7_days,2016
15278,US-Var,SLM001,2016-05-10,3.45425607,4.7,4.7,-0.4628058119027879,0.4628058119027879,0.17394576999679132,0.4950421696689496,0.0209886954151827,0.027248838251132314,-0.011966396186251132,0.4628058119027879,1.1565457696667854,0.31538931999401515,4.237194188097212,True,4.237194188097212,True,4.237194188097212,True,4.237194188097212,True,4.237194188097212,True,4.237194188097212,True,4.7,False,4.35289564107291,4.465133872589298,True,True,0.75,0.5074830984621154,4.237194188097212,wind_stuck_7_days,2016
15279,US-Var,SLM001,2016-05-11,3.43487965,4.8,4.8,-0.34380029045168337,0.34380029045168337,0.18607368826383922,0.4751604778134144,0.014611751994503434,0.014468619959592002,-0.01662403711857779,0.3438002904516835,1.1565457696667854,0.31538931999401515,4.456199709548317,True,4.456199709548317,True,4.456199709548317,True,4.456199709548317,True,4.456199709548317,True,4.456199709548317,True,4.8,False,4.542149782161237,4.639257124736752,True,True,0.75,0.4675472352046728,4.456199709548317,wind_stuck_7_days,2016
15280,US-Var,SLM001,2016-05-18,2.53664513,3.4,3.4,-0.9703073218803532,0.9703073218803532,0.23210139855889442,0.6502615068951899,-0.1909771553662349,-0.1706829065715441,-0.13546508764860196,0.7564024181196464,1.1565457696667854,0.31538931999401515,2.429692678119647,True,2.429692678119647,True,2.429692678119647,True,3.4,False,3.4,False,3.4,False,3.4,False,2.6722695085897348,3.4,True,False,0.75,0.0,2.429692678119647,wind_stuck_7_days,2016
15281,US-Var,SLM001,2016-05-19,1.83824046,3.5,3.5,0.1227992792075785,0.1227992792075785,0.0939740964374487,0.5458054869037877,-0.01550369450784339,-0.015105992983016993,-0.011966396186251132,-0.1227992792075785,1.1565457696667854,0.31538931999401515,3.6227992792075785,True,3.6227992792075785,True,3.6227992792075785,True,3.5,False,3.5,False,3.5,False,3.5,False,3.592099459405684,3.6227992792075785,True,True,0.75,1.0,3.6227992792075785,wind_stuck_7_days,2016
15282,US-Var,SLM001,2016-05-26,1.34930071,3.8,3.8,-0.6685368933139058,0.6685368933139058,0.1672750047995109,0.4433974129653304,0.006515548494468403,0.014838663863855139,-0.011966396186251132,0.6685368933139058,1.1565457696667854,0.31538931999401515,3.131463106686094,True,3.131463106686094,True,3.131463106686094,True,3.131463106686094,True,3.131463106686094,True,3.131463106686094,True,3.8,False,3.2985973300145703,3.4742297895175653,True,True,0.75,0.48728830636048653,3.131463106686094,wind_stuck_7_days,2016
15283,US-Var,SLM001,2016-05-27,1.41815462,3.4,3.4,-0.3976218257204454,0.3976218257204454,0.23776025323394956,0.6134145062247096,0.033366763708104555,0.027248838251132314,-0.01662403711857779,0.39762182572044535,1.1565457696667854,0.31538931999401515,3.0023781742795546,True,3.0023781742795546,True,3.0023781742795546,True,3.0023781742795546,True,3.0023781742795546,True,3.0023781742795546,True,3.4,False,3.101783630709666,3.1577618104827994,True,True,0.75,0.6092175374887749,3.0023781742795546,wind_stuck_7_days,2016
15284,US-Var,SLM001,2016-06-11,0.20910402,2.3,2.3,-0.24484718119690405,0.24484718119690405,0.2002247179080504,0.6561424440949832,0.03873965594579825,0.030117209421916764,-0.02249720757340366,0.24484718119690396,1.1565457696667854,0.31538931999401515,2.0551528188030956,True,2.0551528188030956,True,2.0551528188030956,True,2.0551528188030956,True,2.0551528188030956,True,2.0551528188030956,True,2.3,False,2.116364614102322,2.099630874648622,True,True,0.75,0.8183436067015316,2.0551528188030956,wind_stuck_7_days,2016
15285,US-Var,SLM001,2016-06-19,0.1557116,1.3,1.3,0.24286137703350147,0.24286137703350147,0.2153750740881817,0.6976296094740531,0.021094018431650173,0.01085930519834067,-0.02249720757340366,-0.24286137703350152,1.1565457696667854,0.31538931999401515,1.5428613770335016,True,1.5428613770335016,True,1.5428613770335016,True,1.5428613770335016,True,1.5428613770335016,True,1.5428613770335016,True,1.3,False,1.4821460327751261,1.5035213207251192,True,True,0.75,0.838014357042225,1.5428613770335016,wind_stuck_7_days,2016
15286,US-Var,SLM001,2016-06-20,0.22787204,2.6,2.6,-0.7922388641732837,0.7922388641732837,0.1288251792902674,0.46921889017881896,-0.08738077371275972,-0.06397783361382314,-0.005218621476063077,0.7922388641732838,1.1565457696667854,0.31538931999401515,1.8077611358267163,True,1.8077611358267163,True,1.8077611358267163,True,2.6,False,2.6,False,2.6,False,2.6,False,2.0058208518700376,2.4207101857322786,True,True,0.75,0.22630777455586423,1.8077611358267163,wind_stuck_7_days,2016
15287,US-Var,SLM001,2016-06-27,0.1512455,1.8,1.8,-0.4022761260961693,0.4022761260961693,0.34107654233139756,0.7736800504658962,0.012376511457621144,-0.003969971756595162,-0.045412278779513544,0.40227612609616936,1.1565457696667854,0.31538931999401515,1.3977238739038307,True,1.8,False,1.3977238739038307,True,1.3977238739038307,True,1.3977238739038307,True,1.8,False,1.8,False,1.498292905427873,1.5988828090454643,True,True,0.75,0.499948115008088,1.3977238739038307,wind_stuck_7_days,2016
15288,US-Var,SLM001,2016-06-28,0.04657569,2.4,2.4,-0.738348176327026,0.738348176327026,0.22093345436282485,0.5369234349373021,-0.018537747243484958,-0.022598966342347312,-0.02302366298802398,0.7383481763270261,1.1565457696667854,0.31538931999401515,1.6616518236729738,True,1.6616518236729738,True,1.6616518236729738,True,2.4,False,2.4,False,2.4,False,2.4,False,1.8462388677547303,2.227677801626176,True,True,0.75,0.2333888047655986,1.6616518236729738,wind_stuck_7_days,2016
15289,US-Var,SLM001,2016-07-05,0.04280448,1.9,1.9,-1.3215303662720501,1.3215303662720501,0.13433615534827759,0.30197298719414584,-0.24009632631451447,-0.05997220667497528,-0.03102268123443925,1.3215303662720501,1.1565457696667854,0.31538931999401515,0.5784696337279498,True,0.5784696337279498,True,0.5784696337279498,True,1.9,False,1.9,False,1.9,False,1.9,False,0.9088522252959623,1.9,True,False,0.75,0.0,0.5784696337279498,wind_stuck_7_days,2016
15290,US-Var,SLM001,2016-07-06,0.08784212,2.3,2.3,-1.5499800735812828,1.5499800735812828,0.11571386279063914,0.39098612029250696,-0.27512993185708756,-0.14460689943652294,-0.11809690262295512,1.5499800735812828,1.1565457696667854,0.31538931999401515,0.7500199264187171,True,0.7500199264187171,True,0.7500199264187171,True,2.3,False,2.3,False,2.3,False,2.3,False,1.1375149448140378,2.3,True,False,0.75,0.0,0.7500199264187171,wind_stuck_7_days,2016
15291,US-Var,SLM001,2016-07-13,0.13605755,1.5,1.5,-0.9575891400932102,0.9575891400932102,0.217587581967704,0.39857784342841956,-0.12898460249802418,-0.019601429448993467,-0.08012062802274118,0.9575891400932102,1.1565457696667854,0.31538931999401515,0.5424108599067898,True,0.5424108599067898,True,0.5424108599067898,True,1.5,False,1.5,False,1.5,False,1.5,False,0.7818081449300924,1.4420654004570546,True,True,0.75,0.06050047678830844,0.5424108599067898,wind_stuck_7_days,2016
15292,US-Var,SLM001,2016-07-14,0.10572317,1.3,1.3,-0.6486757624089735,0.6486757624089735,0.22787827845003422,0.39955806531769317,0.014175901935198609,-0.0048884012837496025,-0.020062184806946833,0.6486757624089735,1.1565457696667854,0.31538931999401515,0.6513242375910265,True,0.6513242375910265,True,0.6513242375910265,True,0.6513242375910265,True,0.6513242375910265,True,1.3,False,1.3,False,0.8134931781932699,1.1683296914361505,True,True,0.75,0.2029832409258954,0.6513242375910265,wind_stuck_7_days,2016
15293,US-Var,SLM001,2016-07-21,0.14784547,2.3,2.3,-0.5430687456417473,0.5430687456417473,0.1397927537308879,0.3076665676146911,-0.010389044367223701,-0.004065394074897083,-0.015404543874620173,0.5430687456417473,1.1565457696667854,0.31538931999401515,1.7569312543582525,True,1.7569312543582525,True,1.7569312543582525,True,2.3,False,2.3,False,2.3,False,2.3,False,1.8926984407686893,2.1188003675056972,True,True,0.75,0.3336587383245154,1.7569312543582525,wind_stuck_7_days,2016
15294,US-Var,SLM001,2016-07-22,0.15807771,2.4,2.4,-1.014322036344031,1.014322036344031,0.20850460279791316,0.4517070436081732,-0.12898460249802418,-0.05933773962892995,-0.09665499169283046,1.014322036344031,1.1565457696667854,0.31538931999401515,1.3856779636559688,True,1.3856779636559688,True,1.3856779636559688,True,2.4,False,2.4,False,2.4,False,2.4,False,1.6392584727419766,2.3446128195312794,True,True,0.75,0.05460512389965935,1.3856779636559688,wind_stuck_7_days,2016
15295,US-Var,SLM001,2016-07-29,0.13678777,1.6,1.6,-0.6009760895037207,0.6009760895037207,0.23769637615095116,0.4381156408532692,0.010033799756237203,-0.022598966342347312,-0.02302366298802398,0.6009760895037207,1.1565457696667854,0.31538931999401515,0.9990239104962794,True,0.9990239104962794,True,0.9990239104962794,True,0.9990239104962794,True,0.9990239104962794,True,1.6,False,1.6,False,1.1492679328722095,1.4586007871399205,True,True,0.75,0.23528259331722415,0.9990239104962794,wind_stuck_7_days,2016
15296,US-Var,SLM001,2016-07-30,0.09098143,1.6,1.6,-0.8578876105395199,0.8578876105395199,0.2094125571290018,0.46359511383648855,-0.10143668766831523,-0.07275276530511808,-0.11281397854613423,0.8578876105395199,1.1565457696667854,0.31538931999401515,0.7421123894604802,True,0.7421123894604802,True,0.7421123894604802,True,1.6,False,1.6,False,1.6,False,1.6,False,0.9565842920953602,1.5833821617352222,True,True,0.75,0.019370647227702712,0.7421123894604802,wind_stuck_7_days,2016
15297,US-Var,SLM001,2016-08-06,0.08714209,1.9,1.9,-0.8865347958128732,0.8865347958128732,0.1516796046052066,0.31118595767156,-0.0891430865646815,-0.0162675077872173,-0.025549794641395694,0.8865347958128732,1.1565457696667854,0.31538931999401515,1.0134652041871268,True,1.0134652041871268,True,1.0134652041871268,True,1.9,False,1.9,False,1.9,False,1.9,False,1.235098903140345,1.7459109955139525,True,True,0.75,0.17381044174894641,1.0134652041871268,wind_stuck_7_days,2016
15298,US-Var,SLM001,2016-08-07,0.09301816,1.9,1.9,-0.8495330972720085,0.8495330972720085,0.19955420766837922,0.3385126105519167,-0.0891430865646815,-0.0162675077872173,-0.030207435573722352,0.8495330972720085,1.1565457696667854,0.31538931999401515,1.0504669027279914,True,1.0504669027279914,True,1.0504669027279914,True,1.9,False,1.9,False,1.9,False,1.9,False,1.2628501770459934,1.7086982825591654,True,True,0.75,0.2251845373124791,1.0504669027279914,wind_stuck_7_days,2016
15299,US-Var,SLM001,2016-08-14,0.07001939,1.0,1.0,-0.37144207732255136,0.37144207732255136,0.17559839150402398,0.4831216522177565,0.008822723135245394,0.013543330852799363,-0.015404543874620173,0.3714420773225514,1.1565457696667854,0.31538931999401515,0.6285579226774487,True,0.6285579226774487,True,0.6285579226774487,True,0.6285579226774487,True,0.6285579226774487,True,0.6285579226774487,True,1.0,False,0.7214184420080865,0.8823524222547304,True,True,0.75,0.316731961530323,0.6285579226774487,wind_stuck_7_days,2016
15300,US-Var,SLM001,2016-08-15,0.03835449,1.6,1.6,-0.6346400433187812,0.6346400433187812,0.16063198944199014,0.3082480944503468,-0.010389044367223701,-0.022598966342347312,-0.015404543874620173,0.6346400433187812,1.1565457696667854,0.31538931999401515,0.9653599566812189,True,0.9653599566812189,True,0.9653599566812189,True,1.6,False,1.6,False,1.6,False,1.6,False,1.1240199675109142,1.4554502132974998,True,True,0.75,0.2277665713411224,0.9653599566812189,wind_stuck_7_days,2016
15301,US-Var,SLM001,2016-08-23,0.06028381,2.0,2.0,-0.62369111154522,0.62369111154522,0.13326691468617444,0.4051134553479659,0.0669809279582599,0.0641224068267907,-0.017839566641077,0.62369111154522,1.1565457696667854,0.31538931999401515,1.37630888845478,True,1.37630888845478,True,1.37630888845478,True,1.37630888845478,True,1.37630888845478,True,1.37630888845478,True,2.0,False,1.532231666341085,1.64518037767752,True,True,0.75,0.568902804215696,1.37630888845478,wind_stuck_7_days,2016
15302,US-Var,SLM001,2016-08-30,0.05435461,1.0,1.0,-0.2979114212235223,0.2979114212235223,0.09485963003077906,0.2716467313590517,0.00896677960403992,0.013583104982359014,-0.017839566641077,0.2979114212235223,1.1565457696667854,0.31538931999401515,0.7020885787764777,True,0.7020885787764777,True,0.7020885787764777,True,0.7020885787764777,True,0.7020885787764777,True,0.7020885787764777,True,1.0,False,0.7765664340823583,0.8332940745063967,True,True,0.75,0.5595821899306245,0.7020885787764777,wind_stuck_7_days,2016
15303,US-Var,SLM001,2016-08-31,-0.00247039,1.5,1.5,-0.6606121223792399,0.6606121223792399,0.09666661003891111,0.3767400487296831,0.02364363212673649,0.039718619621216686,-0.017839566641077,0.6606121223792399,1.1565457696667854,0.31538931999401515,0.8393878776207601,True,0.8393878776207601,True,0.8393878776207601,True,0.8393878776207601,True,0.8393878776207601,True,0.8393878776207601,True,1.5,False,1.00454090821557,1.2034485885200743,True,True,0.75,0.4489039807684355,0.8393878776207601,wind_stuck_7_days,2016
15304,US-Var,SLM001,2016-09-07,0.02996436,1.3,1.3,-0.32068036300870034,0.32068036300870034,0.14668775412389978,0.453928110296036,0.027342267593174645,0.030786830834098503,-0.017839566641077,0.3206803630087003,1.1565457696667854,0.31538931999401515,0.9793196369912998,True,0.9793196369912998,True,0.9793196369912998,True,0.9793196369912998,True,0.9793196369912998,True,0.9793196369912998,True,1.3,False,1.0594897277434747,1.1452278838858978,True,True,0.75,0.4826367123387069,0.9793196369912998,wind_stuck_7_days,2016
15305,US-Var,SLM001,2016-09-08,0.01981136,1.7,1.7,-0.6998264881818198,0.6998264881818198,0.1129408302058988,0.33721371670710587,0.076040296208144,0.0641224068267907,-0.017839566641077,0.6998264881818198,1.1565457696667854,0.31538931999401515,1.00017351181818,True,1.00017351181818,True,1.00017351181818,True,1.00017351181818,True,1.00017351181818,True,1.00017351181818,True,1.7,False,1.175130133863635,1.3893841183449949,True,True,0.75,0.4438469919336706,1.00017351181818,wind_stuck_7_days,2016
15306,US-Var,SLM001,2016-09-15,0.04033348,1.0,1.0,-0.29629952128501996,0.29629952128501996,0.15133240278285198,0.3601174340281245,0.02629333360516748,0.0285457005089365,-0.017839566641077,0.29629952128502,1.1565457696667854,0.31538931999401515,0.7037004787149801,True,0.7037004787149801,True,0.7037004787149801,True,0.7037004787149801,True,0.7037004787149801,True,0.7037004787149801,True,1.0,False,0.7777753590362351,0.8230343944938262,True,True,0.75,0.5972524178867807,0.7037004787149801,wind_stuck_7_days,2016
15307,US-Var,SLM001,2016-09-16,0.02944907,0.8,0.8,-0.22382472500201125,0.22382472500201125,0.11978133184017854,0.3963707517948972,0.028143797637893944,0.0285457005089365,-0.017839566641077,0.22382472500201123,1.1565457696667854,0.31538931999401515,0.5761752749979888,True,0.5761752749979888,True,0.5761752749979888,True,0.5761752749979888,True,0.5761752749979888,True,0.5761752749979888,True,0.8,False,0.6321314562484917,0.5857769179140281,True,True,0.75,0.9571019559347029,0.5761752749979888,wind_stuck_7_days,2016
15308,US-Var,SLM001,2016-09-23,0.13201486,0.3,0.3,0.13942605187612006,0.13942605187612006,0.11185435684622606,0.3788161106071633,0.014621551246922463,0.019664389578383925,-0.017839566641077,-0.13942605187612006,1.1565457696667854,0.31538931999401515,0.43942605187612005,True,0.43942605187612005,True,0.43942605187612005,True,0.43942605187612005,True,0.43942605187612005,True,0.43942605187612005,True,0.3,False,0.40456953890709,0.43942605187612005,True,True,0.75,1.0,0.43942605187612005,wind_stuck_7_days,2016
15309,US-Var,SLM001,2016-09-24,0.04717447,1.1,1.1,-0.1965195771405574,0.1965195771405574,0.13316333967708202,0.34669804052723535,0.02629333360516748,0.0285457005089365,-0.017839566641077,0.19651957714055746,1.1565457696667854,0.31538931999401515,0.9034804228594426,True,0.9034804228594426,True,0.9034804228594426,True,0.9034804228594426,True,0.9034804228594426,True,0.9034804228594426,True,1.1,False,0.9526103171445821,0.9034804228594426,True,True,0.75,1.0,0.9034804228594426,wind_stuck_7_days,2016
15310,US-Var,SLM001,2016-10-01,0.03301522,0.8,0.8,-0.08416482852799373,0.08416482852799373,0.09756027199945357,0.34417375902908454,0.02429894922646033,0.02582190072491816,-0.020732143915264588,0.08416482852799367,1.1565457696667854,0.31538931999401515,0.7158351714720064,True,0.7158351714720064,True,0.7158351714720064,True,0.7158351714720064,True,0.7158351714720064,True,0.7158351714720064,True,0.8,False,0.7368763786040048,0.7158351714720064,True,True,0.75,1.0,0.7158351714720064,wind_stuck_7_days,2016
15311,US-Var,SLM001,2016-10-02,0.07352073,0.9,0.9,0.34979825814705034,0.34979825814705034,0.09768083958600139,0.3485091916861111,0.02429894922646033,0.02582190072491816,-0.024112203490587795,-0.34979825814705034,1.1565457696667854,0.31538931999401515,1.2497982581470504,True,1.2497982581470504,True,1.2497982581470504,True,1.2497982581470504,True,1.2497982581470504,True,1.2497982581470504,True,0.9,False,1.1623486936102878,1.0529312666281532,True,True,0.75,0.4371984795986692,1.2497982581470504,wind_stuck_7_days,2016
15312,US-Var,SLM001,2016-10-09,0.09779628,0.5,0.5,-0.09400090675926819,0.09400090675926819,0.09958969139067622,0.3164979031413836,0.021759479110237682,0.02582190072491816,-0.017839566641077,0.0940009067592682,1.1565457696667854,0.31538931999401515,0.4059990932407318,True,0.4059990932407318,True,0.4059990932407318,True,0.4059990932407318,True,0.4059990932407318,True,0.4059990932407318,True,0.5,False,0.42949931993054885,0.4059990932407318,True,True,0.75,1.0,0.4059990932407318,wind_stuck_7_days,2016
15313,US-Var,SLM001,2016-10-10,0.04203307,0.8,0.8,-0.15271150104473044,0.15271150104473044,0.09988295450480658,0.3356700152937813,0.02429894922646033,0.0285457005089365,-0.017839566641077,0.1527115010447304,1.1565457696667854,0.31538931999401515,0.6472884989552696,True,0.6472884989552696,True,0.6472884989552696,True,0.6472884989552696,True,0.6472884989552696,True,0.6472884989552696,True,0.8,False,0.6854663742164522,0.6472884989552696,True,True,0.75,1.0,0.6472884989552696,wind_stuck_7_days,2016
15314,US-Var,SLM001,2016-10-18,0.66669219,0.9,0.9,-0.14778427620993567,0.14778427620993567,0.15511365200181276,0.4072741451583054,0.028144446696728588,0.0285457005089365,-0.024112203490587795,0.14778427620993567,1.1565457696667854,0.31538931999401515,0.7522157237900644,True,0.7522157237900644,True,0.7522157237900644,True,0.7522157237900644,True,0.7522157237900644,True,0.7522157237900644,True,0.9,False,0.7891617928425483,0.7522157237900644,True,True,0.75,1.0,0.7522157237900644,wind_stuck_7_days,2016
15315,US-Var,SLM001,2016-10-26,1.03756563,1.6,1.6,-0.03360310616361154,0.03360310616361154,0.10507140471364655,0.46821079665835097,0.02429894922646033,0.02582190072491816,-0.024112203490587795,0.03360310616361151,1.1565457696667854,0.31538931999401515,1.5663968938363886,True,1.5663968938363886,True,1.5663968938363886,True,1.5663968938363886,True,1.5663968938363886,True,1.5663968938363886,True,1.6,False,1.5747976703772915,1.5663968938363886,True,True,0.75,1.0,1.5663968938363886,wind_stuck_7_days,2016
15316,US-Var,SLM001,2016-11-02,0.84941794,0.8,0.8,-0.08242156280680635,0.08242156280680635,0.11733022508133552,0.39333631192740276,0.02429894922646033,0.02582190072491816,-0.024112203490587795,-0.08242156280680635,1.1565457696667854,0.31538931999401515,0.7175784371931937,True,0.7175784371931937,True,0.7175784371931937,True,0.7175784371931937,True,0.7175784371931937,True,0.7175784371931937,True,0.8,False,0.7381838278948953,0.7175784371931937,True,True,0.75,1.0,0.7175784371931937,wind_stuck_7_days,2016
15317,US-Var,SLM001,2016-11-03,0.90961843,1.1,1.1,-0.17001397874868487,0.17001397874868487,0.10471106577155155,0.432605817584187,0.028143797637893944,0.0285457005089365,-0.024112203490587795,0.17001397874868487,1.1565457696667854,0.31538931999401515,0.9299860212513152,True,0.9299860212513152,True,0.9299860212513152,True,0.9299860212513152,True,0.9299860212513152,True,0.9299860212513152,True,1.1,False,0.9724895159384864,0.9299860212513152,True,True,0.75,1.0,0.8992712095302621,wind_stuck_7_days,2016
15318,US-Var,SLM001,2016-11-10,0.8118458,0.6,0.6,0.11482253958522333,0.11482253958522333,0.234624948133649,0.550354560097138,0.028144446696728588,0.02582190072491816,-0.030042497326406015,0.11482253958522333,1.1565457696667854,0.31538931999401515,0.7148225395852233,True,0.7148225395852233,True,0.7148225395852233,True,0.7148225395852233,True,0.7148225395852233,True,0.7148225395852233,True,0.6,False,0.6861169046889175,0.7148225395852233,True,True,0.75,1.0,0.6805523021167867,wind_stuck_7_days,2016
15319,US-Var,SLM001,2016-11-11,0.92007344,0.8,0.8,0.06955984205978114,0.06955984205978114,0.10975152415385016,0.4895925259395867,0.02429894922646033,0.02582190072491816,-0.024112203490587795,0.06955984205978114,1.1565457696667854,0.31538931999401515,0.8695598420597812,True,0.8695598420597812,True,0.8695598420597812,True,0.8695598420597812,True,0.8695598420597812,True,0.8695598420597812,True,0.8,False,0.8521698815448359,0.8695598420597812,True,True,0.75,1.0,0.8695598420597812,wind_stuck_7_days,2016
15320,US-Var,SLM001,2016-11-18,0.90477267,1.1,1.1,0.11691406405231305,0.11691406405231305,0.07999264384311464,0.4440916719367416,0.02429894922646033,0.02582190072491816,-0.024112203490587795,-0.11691406405231308,1.1565457696667854,0.31538931999401515,1.216914064052313,True,1.216914064052313,True,1.216914064052313,True,1.216914064052313,True,1.216914064052313,True,1.216914064052313,True,1.1,False,1.187685548039235,1.216914064052313,True,True,0.75,1.0,1.216914064052313,wind_stuck_7_days,2016
15321,US-Var,SLM001,2016-11-27,0.8659083,0.6,0.6,0.22988584702742135,0.22988584702742135,0.14267318153325956,0.3895890514242594,0.028144446696728588,0.02582190072491816,-0.024112203490587795,0.22988584702742135,1.1565457696667854,0.31538931999401515,0.8298858470274213,True,0.8298858470274213,True,0.8298858470274213,True,0.8298858470274213,True,0.8298858470274213,True,0.8298858470274213,True,0.6,False,0.772414385270566,0.816774496542208,True,True,0.75,0.9429658212771603,0.8298858470274213,wind_stuck_7_days,2016
15322,US-Var,SLM001,2016-12-20,0.44063361,0.5,0.5,0.07606620112239315,0.07606620112239315,0.14202134662636984,0.36415632036115314,0.023753863488944833,0.02582190072491816,-0.024112203490587795,-0.07606620112239315,1.1565457696667854,0.31538931999401515,0.5760662011223932,True,0.5760662011223932,True,0.5760662011223932,True,0.5760662011223932,True,0.5760662011223932,True,0.5760662011223932,True,0.5,False,0.5570496508417948,0.5760662011223932,True,True,0.75,1.0,0.5760662011223932,wind_stuck_7_days,2016
15323,US-Var,SLM001,2016-12-28,0.35469201,0.2,0.2,0.14707058398806763,0.14707058398806763,0.15052687399859951,0.2599397474411557,0.026354680561280396,0.024289729321347854,-0.01209580599890227,0.14707058398806763,1.1565457696667854,0.31538931999401515,0.34707058398806767,True,0.34707058398806767,True,0.34707058398806767,True,0.34707058398806767,True,0.34707058398806767,True,0.34707058398806767,True,0.2,False,0.31030293799105074,0.34707058398806767,True,True,0.75,1.0,0.34707058398806767,wind_stuck_7_days,2016
15324,US-Var,SLM001,2016-12-29,0.42004885,0.4,0.4,0.03680903625530223,0.03680903625530223,0.11686750528841079,0.2844454700599677,0.014621551246922463,0.019664389578383925,-0.024112203490587795,0.0032886637446976758,1.1565457696667854,0.31538931999401515,0.43680903625530226,True,0.43680903625530226,True,0.43680903625530226,True,0.43680903625530226,True,0.43680903625530226,True,0.43680903625530226,True,0.4,False,0.4276067771914767,0.43680903625530226,True,True,0.75,1.0,0.43680903625530226,wind_stuck_7_days,2016
15669,US-WCr,US-WCr,2016-06-22,2.8831749,4.4,4.4,0.12569774309454873,0.12569774309454873,0.2506634184376542,0.45874004730985873,0.009305768703379045,0.010173311262593403,-0.022295196625490538,-0.12569774309454873,1.1565457696667854,0.31538931999401515,4.525697743094549,True,4.525697743094549,True,4.525697743094549,True,4.525697743094549,True,4.525697743094549,True,4.525697743094549,True,4.4,False,4.494273307320912,4.525697743094549,True,True,0.75,1.0,4.525697743094549,wind_stuck_7_days,2016
15670,US-WCr,US-WCr,2016-08-17,3.12811524,4.1,4.1,1.1284137067528053,1.1284137067528053,0.14415866149227677,0.3394656498962486,0.012284822750709483,0.001805502788151692,-0.1205289379672055,-1.1284137067528053,1.1565457696667854,0.31538931999401515,5.228413706752805,True,5.228413706752805,True,5.228413706752805,True,5.228413706752805,True,5.228413706752805,True,5.228413706752805,True,4.1,False,4.946310280064604,4.802345164559174,True,True,0.75,0.6224181435905164,5.228413706752805,wind_stuck_7_days,2016
15671,US-WCr,US-WCr,2016-08-25,2.58010987,4.1,4.1,0.18822445076199257,0.18822445076199257,0.22030974303807443,0.5549801984894621,0.013046362671374868,0.010173311262593403,-0.01662403711857779,-0.18822445076199257,1.1565457696667854,0.31538931999401515,4.288224450761993,True,4.288224450761993,True,4.288224450761993,True,4.288224450761993,True,4.288224450761993,True,4.288224450761993,True,4.1,False,4.241168338071494,4.288224450761993,True,True,0.75,1.0,4.288224450761993,wind_stuck_7_days,2016
15672,US-WCr,US-WCr,2016-09-02,2.70086739,3.4,3.4,0.29771638458419253,0.29771638458419253,0.2498008125452366,0.38421001672152244,0.009305768703379045,0.010173311262593403,-0.026460426803169686,-0.2977163845841926,1.1565457696667854,0.31538931999401515,3.6977163845841923,True,3.6977163845841923,True,3.6977163845841923,True,3.6977163845841923,True,3.6977163845841923,True,3.6977163845841923,True,3.4,False,3.6232872884381444,3.56659678646385,True,True,0.75,0.5595821899306245,3.6977163845841923,wind_stuck_7_days,2016
15673,US-WCr,US-WCr,2016-09-18,2.13752097,2.8,2.8,-0.07657861939732062,0.07657861939732062,0.1647630687162209,0.46845427798848255,0.028144446696728588,0.02582190072491816,-0.014858973460438718,0.07657861939732058,1.1565457696667854,0.31538931999401515,2.7234213806026792,True,2.7234213806026792,True,2.7234213806026792,True,2.7234213806026792,True,2.7234213806026792,True,2.7234213806026792,True,2.8,False,2.7425660354520094,2.7234213806026792,True,True,0.75,1.0,2.7234213806026792,wind_stuck_7_days,2016
15674,US-WCr,US-WCr,2016-11-05,0.36286081,0.4,0.4,0.22576222164714937,0.22576222164714937,0.06390891358971862,0.2856358623114098,0.014621551246922463,0.019664389578383925,-0.024112203490587795,-0.22576222164714937,1.1565457696667854,0.31538931999401515,0.6257622216471495,True,0.6257622216471495,True,0.6257622216471495,True,0.6257622216471495,True,0.6257622216471495,True,0.6257622216471495,True,0.4,False,0.5693216662353621,0.6257622216471495,True,True,0.75,1.0,0.6257622216471495,wind_stuck_7_days,2016
15983,US-Wkg,US-CMW,2016-01-20,0.17577854,0.8,0.8,-0.2514067812816513,0.2514067812816513,0.11463390290684976,0.3283961375234571,0.028143797637893944,0.0285457005089365,-0.024112203490587795,0.2514067812816513,1.1565457696667854,0.31538931999401515,0.5485932187183488,True,0.5485932187183488,True,0.5485932187183488,True,0.5485932187183488,True,0.5485932187183488,True,0.5485932187183488,True,0.8,False,0.6114449140387616,0.6018664804904847,True,True,0.75,0.7880993444148436,0.5485932187183488,wind_stuck_7_days,2016
15984,US-Wkg,US-CMW,2016-01-28,0.17297624,0.4,0.4,-0.2064193689291777,0.2064193689291777,0.08460336096296292,0.29585642972106674,0.018466399658356083,0.022388189362402267,-0.024112203490587795,0.2064193689291777,1.1565457696667854,0.31538931999401515,0.19358063107082232,True,0.19358063107082232,True,0.19358063107082232,True,0.19358063107082232,True,0.19358063107082232,True,0.19358063107082232,True,0.4,False,0.24518547330311674,0.19358063107082232,True,True,0.75,1.0,0.19358063107082232,wind_stuck_7_days,2016
15985,US-Wkg,US-CMW,2016-02-13,0.28968469,0.4,0.4,0.5240584919976518,0.5240584919976518,0.21583310590324206,0.6287527479290861,0.14182309788456035,0.135690390509354,-0.06762769749708239,-0.5240584919976516,1.1565457696667854,0.31538931999401515,0.9240584919976518,True,0.9240584919976518,True,0.9240584919976518,True,0.9240584919976518,True,0.9240584919976518,True,0.9240584919976518,True,0.4,False,0.7930438689982389,0.9240584919976518,True,True,0.75,1.0,0.9240584919976518,wind_stuck_7_days,2016
15986,US-Wkg,US-CMW,2016-02-21,0.36603022,1.0,1.0,-0.17511373016813106,0.17511373016813106,0.1069300646818242,0.354590506080705,0.028143797637893944,0.0285457005089365,-0.017839566641077,0.17511373016813103,1.1565457696667854,0.31538931999401515,0.824886269831869,True,0.824886269831869,True,0.824886269831869,True,0.824886269831869,True,0.824886269831869,True,0.824886269831869,True,1.0,False,0.8686647023739017,0.824886269831869,True,True,0.75,1.0,0.824886269831869,wind_stuck_7_days,2016
15987,US-Wkg,US-CMW,2016-04-09,1.72004672,2.1,2.1,-0.6164767808899501,0.6164767808899501,0.0949273048986531,0.44666664950408475,-0.0008287805679683589,0.03388629117555347,-0.017839566641077,0.14342977911005006,1.1565457696667854,0.31538931999401515,1.48352321911005,True,1.48352321911005,True,1.48352321911005,True,2.1,False,2.1,False,1.48352321911005,True,2.1,False,1.6376424143325377,1.7572176212351243,True,True,0.75,0.5560345326713407,1.48352321911005,wind_stuck_7_days,2016
15988,US-Wkg,US-CMW,2016-04-17,0.3920731,0.8,0.8,0.5318277735745136,0.5318277735745136,0.11452536941467627,0.4402695986056641,0.0981516297215338,0.08731690980126078,-0.05542476681175336,-0.5318277735745136,1.1565457696667854,0.31538931999401515,1.3318277735745137,True,1.3318277735745137,True,1.3318277735745137,True,1.3318277735745137,True,1.3318277735745137,True,1.3318277735745137,True,0.8,False,1.1988708301808852,1.289286417817453,True,True,0.75,0.9200091498209425,1.3318277735745137,wind_stuck_7_days,2016
15989,US-Wkg,US-CMW,2016-04-25,0.13632816,1.4,1.4,-0.2921462358799492,0.2921462358799492,0.1299800664468229,0.4013482217885821,0.008822723135245394,0.013543330852799363,-0.015404543874620173,0.29214623587994915,1.1565457696667854,0.31538931999401515,1.1078537641200508,True,1.1078537641200508,True,1.1078537641200508,True,1.1078537641200508,True,1.1078537641200508,True,1.1078537641200508,True,1.4,False,1.180890323090038,1.2491395860719485,True,True,0.75,0.5163866427156161,1.1078537641200508,wind_stuck_7_days,2016
15990,US-Wkg,US-CMW,2016-05-03,0.47935837,1.5,1.5,-0.21959478571442842,0.21959478571442842,0.13734804533029674,0.7427140895856967,0.041836425788632725,0.030117209421916764,-0.017839566641077,0.21959478571442848,1.1565457696667854,0.31538931999401515,1.2804052142855715,True,1.2804052142855715,True,1.2804052142855715,True,1.2804052142855715,True,1.2804052142855715,True,1.2804052142855715,True,1.5,False,1.3353039107141786,1.285752653123116,True,True,0.75,0.9756486074104755,1.2804052142855715,wind_stuck_7_days,2016
15991,US-Wkg,US-CMW,2016-05-11,0.56656816,1.2,1.2,-0.24867136040801469,0.24867136040801469,0.10131945989207113,0.30385232667887063,0.00896677960403992,0.013583104982359014,-0.017839566641077,0.24867136040801469,1.1565457696667854,0.31538931999401515,0.9513286395919853,True,0.9513286395919853,True,0.9513286395919853,True,0.9513286395919853,True,0.9513286395919853,True,0.9513286395919853,True,1.2,False,1.013496479693989,1.0111929576145096,True,True,0.75,0.7592633187661809,0.9513286395919853,wind_stuck_7_days,2016
15992,US-Wkg,US-CMW,2016-05-19,0.3797408,1.2,1.2,-0.05927361482711556,0.05927361482711556,0.10792163643105494,0.39144012457929234,0.005121931192606307,0.01085930519834067,-0.017839566641077,0.05927361482711557,1.1565457696667854,0.31538931999401515,1.1407263851728844,True,1.1407263851728844,True,1.1407263851728844,True,1.1407263851728844,True,1.1407263851728844,True,1.1407263851728844,True,1.2,False,1.1555447888796633,1.1407263851728844,True,True,0.75,1.0,1.1407263851728844,wind_stuck_7_days,2016
15993,US-Wkg,US-CMW,2016-05-27,0.32160357,1.2,1.2,-0.02304463705778704,0.02304463705778704,0.13668322345863895,0.3827550994398184,0.008967428662874566,0.01085930519834067,-0.017839566641077,0.023044637057787032,1.1565457696667854,0.31538931999401515,1.176955362942213,True,1.176955362942213,True,1.176955362942213,True,1.176955362942213,True,1.176955362942213,True,1.176955362942213,True,1.2,False,1.1827165222066596,1.176955362942213,True,True,0.75,1.0,1.176955362942213,wind_stuck_7_days,2016
15994,US-Wkg,US-CMW,2016-06-12,1.05385968,3.1,3.1,-0.43613371759353353,0.43613371759353353,0.2517006685042879,0.5001468913419963,-0.03853157333465358,-0.042884486929269675,-0.022821652040110857,0.4361337175935336,1.1565457696667854,0.31538931999401515,2.6638662824064667,True,2.6638662824064667,True,2.6638662824064667,True,3.1,False,3.1,False,3.1,False,3.1,False,2.77289971180485,2.9027431679611766,True,True,0.75,0.4522852145604164,2.6638662824064667,wind_stuck_7_days,2016
15995,US-Wkg,US-CMW,2016-06-20,0.33352008,0.9,0.9,-0.4689688254551771,0.4689688254551771,0.1611288933089749,0.33240053497188055,0.03405445008462207,0.03015209779524147,-0.01836602205569732,0.4689688254551771,1.1565457696667854,0.31538931999401515,0.4310311745448229,True,0.4310311745448229,True,0.4310311745448229,True,0.4310311745448229,True,0.4310311745448229,True,0.4310311745448229,True,0.9,False,0.5482733809086172,0.6845829798350922,True,True,0.75,0.45934187620216754,0.4310311745448229,wind_stuck_7_days,2016
15996,US-Wkg,US-CMW,2016-07-14,2.35934032,2.7,2.7,0.24844309193430014,0.24844309193430014,0.1331456796360368,0.5480544113933858,0.008822723135245394,0.020781147735660414,-0.01249285160087145,-0.24844309193430014,1.1565457696667854,0.31538931999401515,2.9484430919343003,True,2.9484430919343003,True,2.9484430919343003,True,2.9484430919343003,True,2.9484430919343003,True,2.9484430919343003,True,2.7,False,2.8863323189507253,2.872336664457157,True,True,0.75,0.6936665580652593,2.9484430919343003,wind_stuck_7_days,2016
15997,US-Wkg,US-CMW,2016-08-15,2.45226728,3.4,3.4,-0.7827283278296548,0.7827283278296548,0.17442831499598938,0.3895368357863556,-0.06505903832917517,-0.04907116423554277,-0.007653644242519903,0.7827283278296548,1.1565457696667854,0.31538931999401515,2.617271672170345,True,2.617271672170345,True,2.617271672170345,True,3.4,False,3.4,False,3.4,False,3.4,False,2.8129537541277587,3.0919545467768206,True,True,0.75,0.39355347477626923,2.617271672170345,wind_stuck_7_days,2016
15998,US-Wkg,US-CMW,2016-08-23,2.90613956,3.6,3.6,-0.5301823821374891,0.5301823821374891,0.14201108326351639,0.42612538674615985,-0.052289551450386294,-0.031926152434407655,-0.011966396186251132,0.5301823821374891,1.1565457696667854,0.31538931999401515,3.069817617862511,True,3.069817617862511,True,3.069817617862511,True,3.6,False,3.6,False,3.6,False,3.6,False,3.2023632133968833,3.4245176085183404,True,True,0.75,0.330984954223079,3.069817617862511,wind_stuck_7_days,2016
15999,US-Wkg,US-CMW,2016-09-16,2.30748921,3.0,3.0,-1.3557156002415272,1.3557156002415272,0.2229136352241593,0.4458581942284197,-0.07104091950948604,-0.0862676048067409,-0.09084035311577464,0.029305979758472933,1.1565457696667854,0.31538931999401515,1.6442843997584728,True,1.6442843997584728,True,1.6442843997584728,True,3.0,False,3.0,False,3.0,False,3.0,False,1.9832132998188547,2.7484366695308435,True,True,0.75,0.18555759808645647,1.6442843997584728,wind_stuck_7_days,2016
16000,US-Wkg,US-CMW,2016-10-10,1.22034144,1.9,1.9,-0.5887040338267555,0.5887040338267555,0.10151498910208447,0.4060814463029791,0.07955594856301552,0.1144727044890334,-0.017839566641077,0.5887040338267555,1.1565457696667854,0.31538931999401515,1.3112959661732444,True,1.3112959661732444,True,1.3112959661732444,True,1.3112959661732444,True,1.3112959661732444,True,1.3112959661732444,True,1.9,False,1.4584719746299333,1.5025920193914712,True,True,0.75,0.6750556438780548,1.3112959661732444,wind_stuck_7_days,2016
16001,US-Wkg,US-CMW,2016-11-19,0.13897907,0.8,0.8,-0.3737044437303988,0.3737044437303988,0.10405752640864535,0.3760314116914617,0.028143797637893944,0.0285457005089365,-0.017839566641077,0.3737044437303988,1.1565457696667854,0.31538931999401515,0.42629555626960125,True,0.42629555626960125,True,0.42629555626960125,True,0.42629555626960125,True,0.42629555626960125,True,0.42629555626960125,True,0.8,False,0.5197216672022009,0.6543731268326459,True,True,0.75,0.3896846173775059,0.42629555626960125,wind_stuck_7_days,2016
16002,US-Wkg,US-CMW,2016-12-05,0.10455846,0.7,0.7,-0.16215205002324343,0.16215205002324343,0.09064215547931995,0.3913934489380743,0.02429894922646033,0.0285457005089365,-0.024112203490587795,0.1621520500232434,1.1565457696667854,0.31538931999401515,0.5378479499767566,True,0.5378479499767566,True,0.5378479499767566,True,0.5378479499767566,True,0.5378479499767566,True,0.5378479499767566,True,0.7,False,0.5783859624825674,0.5378479499767566,True,True,0.75,1.0,0.5378479499767566,wind_stuck_7_days,2016
16003,US-Wkg,US-CMW,2016-12-13,0.06302764,0.7,0.7,0.023938238758644592,0.023938238758644592,0.08825541459209692,0.30053976152804396,0.02429894922646033,0.02582190072491816,-0.024112203490587795,-0.023938238758644648,1.1565457696667854,0.31538931999401515,0.7239382387586446,True,0.7239382387586446,True,0.7239382387586446,True,0.7239382387586446,True,0.7239382387586446,True,0.7239382387586446,True,0.7,False,0.7179536790689834,0.7239382387586446,True,True,0.75,1.0,0.7239382387586446,wind_stuck_7_days,2016
114,Almond_High,Almond_High,2017-01-06,0.77451277,1.2,1.2,-0.3997223371453713,0.3997223371453713,0.19780699958340042,0.45948033367112534,0.04115784753994822,0.044409067005861155,-0.006047462543166524,0.3997223371453713,1.150833819436878,0.30611238839626437,0.8002776628546286,True,0.8002776628546286,True,0.8002776628546286,True,0.8002776628546286,True,0.8002776628546286,True,0.8002776628546286,True,1.2,False,1.0001388314273143,0.9754839079099191,True,True,0.5,0.5616801244920889,0.8463496135481037,wind_stuck_7_days,2017
115,Almond_High,Almond_High,2017-01-31,0.73042523,1.1,1.1,-0.29033844537335163,0.29033844537335163,0.18114672355627895,0.7345042863781138,0.03648252898083346,0.026985182793254767,-0.006047462543166524,0.29033844537335163,1.150833819436878,0.30611238839626437,0.8096615546266485,True,0.8096615546266485,True,0.8096615546266485,True,0.8096615546266485,True,0.8096615546266485,True,0.8096615546266485,True,1.1,False,0.9548307773133242,0.9245459083528696,True,True,0.5,0.6043088486662893,0.8096615546266485,wind_stuck_7_days,2017
116,Almond_High,Almond_High,2017-02-23,1.38351129,1.8,1.8,-0.2885376606362549,0.2885376606362549,0.12754646108263154,0.43881567660930293,-0.00016183873425949812,0.014426410227436836,-0.006047462543166524,0.2885376606362549,1.150833819436878,0.30611238839626437,1.5114623393637452,True,1.5114623393637452,True,1.5114623393637452,True,1.8,False,1.8,False,1.5114623393637452,True,1.8,False,1.6557311696818726,1.652332212888724,True,True,0.5,0.5117799416050355,1.5114623393637452,wind_stuck_7_days,2017
117,Almond_High,Almond_High,2017-02-24,1.10861717,1.9,1.9,-1.0640492621703626,1.0640492621703626,0.3838474435300474,1.095430429047111,0.2673424897777381,0.018838679782461797,-0.07337511193312535,0.5187163978296372,1.150833819436878,0.30611238839626437,0.8359507378296374,True,1.9,False,1.9,False,0.8359507378296374,True,1.9,False,0.8359507378296374,True,1.9,False,1.3679753689148186,1.1337196595645915,True,True,0.5,0.7201549474057349,0.8359507378296374,wind_stuck_7_days,2017
118,Almond_High,Almond_High,2017-03-03,1.0078822,2.7,2.7,-1.3146439982611289,1.3146439982611289,0.48564135647655887,1.4842685942574063,-0.20577990191127074,-0.09893132243670602,-0.319901755231523,1.3146439982611289,1.150833819436878,0.30611238839626437,1.3853560017388713,True,2.7,False,2.7,False,2.7,False,2.7,False,2.7,False,2.7,False,2.0426780008694356,2.669215149622069,True,True,0.5,0.02341687211035858,1.3493693296444735,wind_stuck_7_days,2017
119,Almond_High,Almond_High,2017-03-11,1.98090036,3.0,3.0,-0.7497586616834501,0.7497586616834501,0.31590492183601654,0.7188804226577945,0.2341673175605107,0.04746626248199672,-0.06439872080743501,0.7497586616834501,1.150833819436878,0.30611238839626437,2.25024133831655,True,2.25024133831655,True,2.25024133831655,True,2.25024133831655,True,2.25024133831655,True,2.25024133831655,True,3.0,False,2.625120669158275,2.517225388523184,True,True,0.5,0.6439066811083328,2.25024133831655,wind_stuck_7_days,2017
120,Almond_High,Almond_High,2017-03-12,2.49532488,3.1,3.1,-0.7485668993424375,0.7485668993424375,0.30899988269343687,0.7351988095426261,0.27530321131184327,0.04746626248199672,-0.06439872080743501,0.46078334065756255,1.150833819436878,0.30611238839626437,2.3514331006575624,True,2.3514331006575624,True,2.3514331006575624,True,2.3514331006575624,True,2.3514331006575624,True,2.3514331006575624,True,3.1,False,2.7257165503287815,2.612150756585279,True,True,0.5,0.6517109477366172,2.3514331006575624,wind_stuck_7_days,2017
121,Almond_High,Almond_High,2017-03-27,4.11272939,3.4,3.4,-0.98050556309088,0.98050556309088,0.15180945430790752,0.34053534781500644,-0.012813654650131649,0.0262201719351217,-0.00657976885587006,-0.9805055630908801,1.150833819436878,0.30611238839626437,2.41949443690912,True,2.41949443690912,True,2.41949443690912,True,3.4,False,3.4,False,2.41949443690912,True,3.4,False,2.90974721845456,3.0405721247985027,True,True,0.5,0.36657402949195,2.41949443690912,wind_stuck_7_days,2017
122,Almond_High,Almond_High,2017-03-28,4.32383195,3.6,3.6,-1.2339506268838876,1.2339506268838876,0.3283048427102995,0.8354023557244785,0.3909275955719224,0.21015199046701935,-0.04159456138166367,-1.2339506268838876,1.150833819436878,0.30611238839626437,2.3660493731161125,True,3.6,False,2.3660493731161125,True,2.3660493731161125,True,2.3660493731161125,True,2.3660493731161125,True,3.6,False,2.983024686558056,2.533167759519369,True,True,0.5,0.8645663912621181,2.3660493731161125,wind_stuck_7_days,2017
123,Almond_High,Almond_High,2017-04-04,4.23482954,4.7,4.7,-1.4819673847379513,1.4819673847379513,0.7491281060737177,1.5819013112696745,0.5009672978695225,0.3126495292116471,-0.3103786035769056,-0.5516264647379505,1.150833819436878,0.30611238839626437,3.218032615262049,True,4.7,False,4.7,False,3.218032615262049,True,4.7,False,3.218032615262049,True,4.7,False,3.9590163076310247,3.3918716652667924,True,True,0.5,0.8826971147981894,3.218032615262049,wind_stuck_7_days,2017
124,Almond_High,Almond_High,2017-04-12,4.45683102,4.5,4.5,-1.2572546495602133,1.2572546495602133,0.20091448664862457,0.44957531710549253,0.12325191970840864,0.10909445347680521,-0.021566708662201933,-1.1709166895602134,1.150833819436878,0.30611238839626437,3.2427453504397867,True,3.2427453504397867,True,3.2427453504397867,True,3.2427453504397867,True,3.2427453504397867,True,3.2427453504397867,True,4.5,False,3.8713726752198934,4.030637101826384,True,True,0.5,0.3733236527204719,3.2427453504397867,wind_stuck_7_days,2017
125,Almond_High,Almond_High,2017-04-13,4.58084925,3.8,3.8,-1.2634734850150235,1.2634734850150235,0.19575677386167908,0.4103404852866398,0.1646890025031251,0.24942025175883356,0.01978437393084055,-1.2634734850150235,1.150833819436878,0.30611238839626437,2.5365265149849763,True,2.5365265149849763,True,2.5365265149849763,True,2.5365265149849763,True,2.5365265149849763,True,2.5365265149849763,True,2.5365265149849763,True,3.1682632574924883,3.095935053657249,True,True,0.5,0.5572455256822257,2.5365265149849763,wind_stuck_7_days,2017
126,Almond_High,Almond_High,2017-04-20,5.09251495,5.1,5.1,-1.3446162380899178,1.3446162380899178,0.11319356734314077,0.5587528543177251,0.4788656734645367,0.7203568075967428,-0.0008295414398825565,-1.3296461380899185,1.150833819436878,0.30611238839626437,3.755383761910082,True,3.755383761910082,True,3.755383761910082,True,3.755383761910082,True,3.755383761910082,True,3.755383761910082,True,5.1,False,4.427691880955041,3.755383761910082,True,True,0.5,1.0,3.755383761910082,wind_stuck_7_days,2017
127,Almond_High,Almond_High,2017-04-21,5.21278013,5.2,5.2,-1.6559842071911457,1.6559842071911457,0.8492894021387117,1.4093052485268998,0.6111442238991274,0.5880205237200219,-0.5218291968663324,-1.6559842071911457,1.150833819436878,0.30611238839626437,3.5440157928088545,True,5.2,False,5.2,False,3.5440157928088545,True,5.2,False,3.5440157928088545,True,5.2,False,4.372007896404427,3.750988188280142,True,True,0.5,0.87501547745896,3.5440157928088545,wind_stuck_7_days,2017
128,Almond_High,Almond_High,2017-04-28,5.83897611,5.7,5.7,-1.1452489410648663,1.1452489410648663,0.32474059224223684,0.8820098747773988,0.522422584871134,0.3576861315197951,-0.03192561905361444,-1.1452489410648663,1.150833819436878,0.30611238839626437,4.554751058935134,True,4.554751058935134,True,5.7,False,4.554751058935134,True,5.7,False,4.554751058935134,True,5.7,False,5.127375529467567,4.554751058935134,True,True,0.5,1.0,4.554751058935134,wind_stuck_7_days,2017
129,Almond_High,Almond_High,2017-04-29,4.80434701,5.5,5.5,-1.3574157579860966,1.3574157579860966,1.0795666751913116,1.9840132020175942,0.6140136531971543,0.5560174146987568,-0.3103786035769056,0.03389022201390368,1.150833819436878,0.30611238839626437,4.142584242013903,True,5.5,False,5.5,False,4.142584242013903,True,5.5,False,4.142584242013903,True,5.5,False,4.821292121006952,4.142584242013903,True,True,0.5,1.0,4.153026246443111,wind_stuck_7_days,2017
130,Almond_High,Almond_High,2017-05-07,4.61011485,3.8,3.8,-2.747300043548834,2.747300043548834,0.40724967837025744,1.1411856035186543,0.5721449406698224,0.4105167915859367,-0.6240852628215394,-2.747300043548834,1.150833819436878,0.30611238839626437,1.0526999564511659,True,3.8,False,3.8,False,1.0526999564511659,True,3.8,False,1.0526999564511659,True,3.8,False,2.426349978225583,1.8082633460810036,True,True,0.5,0.7249796608841326,1.0526999564511659,wind_stuck_7_days,2017
131,Almond_High,Almond_High,2017-05-14,4.348434,5.4,5.4,-2.2049964916424942,2.2049964916424942,0.5004080902304604,0.9379289089667472,0.7307646192641589,0.5834955455639061,-0.10670203627421689,-0.10186449164249378,1.150833819436878,0.30611238839626437,3.195003508357506,True,5.4,False,5.4,False,3.195003508357506,True,5.4,False,3.195003508357506,True,5.4,False,4.297501754178754,3.7340231894362947,True,True,0.5,0.7555462409478597,3.195003508357506,wind_stuck_7_days,2017
132,Almond_High,Almond_High,2017-05-15,4.25225478,4.3,4.3,-2.539300503630058,2.539300503630058,0.4717527685342868,1.0004937594578434,0.5721449406698224,0.41932569493797023,-0.4097910409485433,-2.443810063630059,1.150833819436878,0.30611238839626437,1.7606994963699418,True,4.3,False,4.3,False,1.7606994963699418,True,4.3,False,1.7606994963699418,True,4.3,False,3.030349748184971,2.5194187998831783,True,True,0.5,0.7012093281482011,1.7606994963699418,wind_stuck_7_days,2017
133,Almond_High,Almond_High,2017-05-22,7.44695447,7.0,7.0,0.30926929936906866,0.30926929936906866,1.531418370608619,2.1908543382746095,0.1300226052049055,-0.027067551943737746,-0.01389415878451256,0.30926929936906866,1.150833819436878,0.30611238839626437,7.309269299369069,True,7.0,False,7.0,False,7.309269299369069,True,7.0,False,7.0,False,7.0,False,7.154634649684534,7.309269299369069,True,True,0.5,1.0,7.309269299369069,wind_stuck_7_days,2017
134,Almond_High,Almond_High,2017-05-23,8.02834246,6.6,6.6,1.1256419312356027,1.1256419312356027,1.1069282580142152,1.6190066755012,0.053199515916833626,-0.15532109291407437,-0.17323659194439817,1.1256419312356027,1.150833819436878,0.30611238839626437,7.725641931235602,True,6.6,False,6.6,False,7.725641931235602,True,6.6,False,6.6,False,6.6,False,7.162820965617801,7.42469128272728,True,True,0.5,0.7326408690390797,7.725641931235602,wind_stuck_7_days,2017
135,Almond_High,Almond_High,2017-05-30,6.84316952,6.7,6.7,0.11993253043424153,0.11993253043424153,0.24817664382835763,0.6924138061266591,0.02984610945560976,0.006342843538973529,-0.002755196674701457,0.11993253043424153,1.150833819436878,0.30611238839626437,6.819932530434242,True,6.819932530434242,True,6.819932530434242,True,6.819932530434242,True,6.819932530434242,True,6.819932530434242,True,6.7,False,6.759966265217121,6.819932530434242,True,True,0.5,1.0,6.819932530434242,wind_stuck_7_days,2017
136,Almond_High,Almond_High,2017-06-07,8.42667874,6.8,6.8,0.820849097850157,0.820849097850157,0.642576236416239,1.0091885607189284,-0.11032486103007566,0.010740316191449566,-0.08143532003666155,0.820849097850157,1.150833819436878,0.30611238839626437,7.620849097850157,True,6.8,False,6.8,False,6.8,False,6.8,False,7.620849097850157,True,6.8,False,7.2104245489250784,7.4275481666204035,True,True,0.5,0.7645110024046835,7.620849097850157,wind_stuck_7_days,2017
137,Almond_High,Almond_High,2017-06-15,7.38351898,7.4,7.4,0.7635642636486775,0.7635642636486775,0.3314892449242469,0.6513693470083631,-0.10205010961711448,-0.09909825036301975,-0.07090822355974473,-0.7635642636486775,1.150833819436878,0.30611238839626437,8.163564263648677,True,7.4,False,8.163564263648677,True,7.4,False,7.4,False,7.4,False,7.4,False,7.781782131824339,7.862217865254296,True,True,0.5,0.6053424541447189,8.163564263648677,wind_stuck_7_days,2017
138,Almond_High,Almond_High,2017-06-16,8.50964127,6.7,6.7,0.4750941672490846,0.4750941672490846,0.17440844538876465,0.5744371898793026,-0.035894364688065006,-0.03097165380913337,-0.030593619422944873,0.4750941672490847,1.150833819436878,0.30611238839626437,7.175094167249084,True,7.175094167249084,True,7.175094167249084,True,6.7,False,6.7,False,6.7,False,6.7,False,6.937547083624542,6.7,True,False,0.5,0.0,7.175094167249084,wind_stuck_7_days,2017
139,Almond_High,Almond_High,2017-06-23,8.43507265,7.0,7.0,1.7556887333285318,1.7556887333285318,0.42363929536612677,1.030714142872366,-0.27868380990860686,-0.427422843231214,-0.4789909825796486,1.114456566671469,1.150833819436878,0.30611238839626437,8.755688733328531,True,7.0,False,7.0,False,7.0,False,7.0,False,7.0,False,7.0,False,7.877844366664266,8.186690136502843,True,True,0.5,0.6759114608277119,8.865831879593541,wind_stuck_7_days,2017
140,Almond_High,Almond_High,2017-07-01,6.70181039,7.0,7.0,1.1552027805014213,1.1552027805014213,0.3257673736896998,0.6232380430625415,-0.1510477560681414,-0.2472441004655434,-0.0502567164671275,-1.1552027805014213,1.150833819436878,0.30611238839626437,8.155202780501421,True,8.155202780501421,True,8.155202780501421,True,7.0,False,7.0,False,7.0,False,7.0,False,7.5776013902507104,7.621624000497357,True,True,0.5,0.5381081235171008,8.155202780501421,wind_stuck_7_days,2017
141,Almond_High,Almond_High,2017-07-02,6.72390287,6.6,6.6,1.1380759385424675,1.1380759385424675,0.31286614411196434,0.595429411807747,-0.07788326248567466,-0.18210441599040023,-0.04460926087581143,-0.890270198542467,1.150833819436878,0.30611238839626437,7.738075938542467,True,7.738075938542467,True,7.738075938542467,True,6.6,False,6.6,False,6.6,False,6.6,False,7.169037969271233,7.231503012807025,True,True,0.5,0.5548865338597617,7.738075938542467,wind_stuck_7_days,2017
142,Almond_High,Almond_High,2017-07-09,5.7924162,6.5,6.5,1.4216161441493418,1.4216161441493418,0.4101281368420835,0.8019926361052174,-0.4209415353348681,-0.4796225650915541,-0.3830594851371432,-1.4216161441493416,1.150833819436878,0.30611238839626437,7.921616144149342,True,6.5,False,7.921616144149342,True,6.5,False,6.5,False,6.5,False,6.5,False,7.210808072074671,6.947008535275437,True,True,0.5,0.31443687321299707,7.931877482112373,wind_stuck_7_days,2017
143,Almond_High,Almond_High,2017-07-17,9.83869632,6.9,6.9,1.3998150250084052,1.3998150250084052,0.4686845422506009,0.9581464702274622,-0.5656827602623204,-0.5133766081498876,-0.46524436606134806,1.3998150250084052,1.150833819436878,0.30611238839626437,8.299815025008405,True,6.9,False,6.9,False,6.9,False,6.9,False,6.9,False,6.9,False,7.599907512504203,7.083074358490034,True,True,0.5,0.13078467884635972,8.183702016854248,wind_stuck_7_days,2017
144,Almond_High,Almond_High,2017-07-18,9.29896536,7.1,7.1,1.055855228841549,1.055855228841549,0.40393931314866427,0.6721845993153452,-0.3705206945226763,-0.45073603873861895,-0.11524899711536085,1.055855228841549,1.150833819436878,0.30611238839626437,8.15585522884155,True,7.1,False,8.15585522884155,True,7.1,False,7.1,False,7.1,False,7.1,False,7.627927614420774,7.229887231004771,True,True,0.5,0.1230161365467493,8.15585522884155,wind_stuck_7_days,2017
145,Almond_High,Almond_High,2017-07-25,7.58721433,6.9,6.9,-0.39651123331554305,0.39651123331554305,0.489928092459437,0.8691921484266565,-0.08711642432358463,-0.07392578759588284,-0.06610157342581337,-0.39651123331554317,1.150833819436878,0.30611238839626437,6.503488766684457,True,6.9,False,6.503488766684457,True,6.9,False,6.9,False,6.9,False,6.9,False,6.701744383342229,6.9,True,False,0.5,0.0,6.503488766684457,wind_stuck_7_days,2017
146,Almond_High,Almond_High,2017-07-26,6.04029214,6.1,6.1,-0.8634708566902128,0.8634708566902128,0.4268565295313637,0.8361075990968727,-0.3582915510464428,-0.31716935646432887,-0.20475992683334454,-0.7440551366902136,1.150833819436878,0.30611238839626437,5.236529143309787,True,6.1,False,5.236529143309787,True,6.1,False,6.1,False,6.1,False,6.1,False,5.668264571654893,6.1,True,False,0.5,0.0,5.236529143309787,wind_stuck_7_days,2017
147,Almond_High,Almond_High,2017-08-10,3.33652894,6.3,6.3,0.9088380010313107,0.9088380010313107,0.5237645950957068,0.8991087765455121,-0.12512211132994763,0.007724207209706722,-0.10429302851677254,-0.9088380010313108,1.150833819436878,0.30611238839626437,7.20883800103131,True,6.3,False,6.3,False,6.3,False,6.3,False,7.20883800103131,True,6.3,False,6.7544190005156555,7.019273740484147,True,True,0.5,0.7914212870367937,7.20883800103131,wind_stuck_7_days,2017
148,Almond_High,Almond_High,2017-08-11,4.37348888,5.8,5.8,1.2232886300947567,1.2232886300947567,0.5602413704422946,1.1379383737224178,-0.049100394006119645,-0.007682420265235682,-0.3648762671878821,-1.223288630094757,1.150833819436878,0.30611238839626437,7.023288630094757,True,5.8,False,5.8,False,5.8,False,5.8,False,5.8,False,5.8,False,6.411644315047378,6.518085247148121,True,True,0.5,0.587012115932523,7.023288630094757,wind_stuck_7_days,2017
149,Almond_High,Almond_High,2017-08-18,2.42423234,5.4,5.4,0.45726616374316753,0.45726616374316753,0.36575911948438466,0.6352153232070473,-0.007904983311330162,-0.0009668199188477305,-0.012424128231573173,-0.45726616374316764,1.150833819436878,0.30611238839626437,5.8572661637431676,True,5.4,False,5.8572661637431676,True,5.4,False,5.4,False,5.4,False,5.4,False,5.628633081871584,5.629019532032673,True,True,0.5,0.5008451317672943,5.8572661637431676,wind_stuck_7_days,2017
150,Almond_High,Almond_High,2017-08-19,2.31693712,5.8,5.8,0.3823147130958854,0.3823147130958854,0.30398641755208644,0.532076132958141,-0.032155534511461824,-0.0315812181605589,-0.004131158068303865,-0.3823147130958855,1.150833819436878,0.30611238839626437,6.182314713095885,True,6.182314713095885,True,6.182314713095885,True,5.8,False,5.8,False,5.8,False,5.8,False,5.991157356547943,5.818444748836274,True,True,0.5,0.048244935924420675,6.182314713095885,wind_stuck_7_days,2017
151,Almond_High,Almond_High,2017-08-26,5.05789734,5.4,5.4,1.44159370412054,1.44159370412054,0.5384832402454167,1.24922740862215,-0.03742157890702985,0.015105726165976231,-0.4881763807501924,-1.44159370412054,1.150833819436878,0.30611238839626437,6.84159370412054,True,5.4,False,5.4,False,5.4,False,5.4,False,6.84159370412054,True,5.4,False,6.120796852060271,6.133596237301656,True,True,0.5,0.5088786356410975,6.782427559080828,wind_stuck_7_days,2017
152,Almond_High,Almond_High,2017-08-27,5.82177502,4.8,4.8,1.3051278475741,1.3051278475741,0.46384156922086534,1.1382455115591026,-0.2198210506617056,-0.05222181442413271,-0.4624687577710166,0.7384221924258996,1.150833819436878,0.30611238839626437,6.105127847574099,True,4.8,False,4.8,False,4.8,False,4.8,False,4.8,False,4.8,False,5.45256392378705,5.497933561611133,True,True,0.5,0.5347626003907695,6.030367597984199,wind_stuck_7_days,2017
153,Almond_High,Almond_High,2017-09-03,2.21586399,3.7,3.7,0.9065500994366426,0.9065500994366426,0.28195764350630015,0.9879545321668598,0.035934138246594305,-0.0068788021492156735,-0.04370593996107654,-0.9065500994366427,1.150833819436878,0.30611238839626437,4.606550099436642,True,4.606550099436642,True,3.7,False,4.606550099436642,True,3.7,False,3.7,False,3.7,False,4.153275049718322,4.422663209164214,True,True,0.5,0.7971574980944776,4.655275524564705,wind_stuck_7_days,2017
154,Almond_High,Almond_High,2017-09-12,4.68095379,4.4,4.4,0.08575771544278114,0.08575771544278114,0.3413853670286422,0.7347621324194133,0.028829353626948252,-0.010935465796059515,-0.004131158068303865,0.08575771544278116,1.150833819436878,0.30611238839626437,4.485757715442782,True,4.4,False,4.485757715442782,True,4.485757715442782,True,4.485757715442782,True,4.4,False,4.4,False,4.442878857721391,4.485757715442782,True,True,0.5,1.0,4.485757715442782,wind_stuck_7_days,2017
155,Almond_High,Almond_High,2017-09-19,4.11687828,3.9,3.9,-1.726800267541184,1.726800267541184,0.7052822961732667,1.1216771961454333,-0.7053249603356894,-0.9112134126849978,-0.5382182664687115,-1.726800267541184,1.150833819436878,0.30611238839626437,2.1731997324588157,True,3.9,False,3.9,False,3.9,False,3.9,False,3.9,False,3.9,False,3.036599866229408,3.9,True,False,0.5,0.0,2.1731997324588157,wind_stuck_7_days,2017
156,Almond_High,Almond_High,2017-09-20,3.62885426,4.0,4.0,-0.4883382298755545,0.4883382298755545,0.17522169665155307,0.46026418774013056,-0.0030078757447705323,0.002180379223468672,-0.004131158068303865,0.2539532501244451,1.150833819436878,0.30611238839626437,3.5116617701244457,True,3.5116617701244457,True,3.5116617701244457,True,4.0,False,4.0,False,3.5116617701244457,True,4.0,False,3.7558308850622226,3.805986437169024,True,True,0.5,0.3972934146081855,3.5116617701244457,wind_stuck_7_days,2017
157,Almond_High,Almond_High,2017-09-27,4.40317606,4.1,4.1,-0.7541127416956397,0.7541127416956397,0.56896005344808,1.4571070619676176,0.2372894525011664,0.026526939820787708,-0.0828028078707241,-0.7541127416956397,1.150833819436878,0.30611238839626437,3.34588725830436,True,4.1,False,4.1,False,3.34588725830436,True,4.1,False,3.34588725830436,True,4.1,False,3.72294362915218,4.1,True,False,0.5,0.0,3.381444670569137,wind_stuck_7_days,2017
158,Almond_High,Almond_High,2017-09-28,4.38778361,4.0,4.0,-0.1368998046317259,0.1368998046317259,0.47837895490011784,1.0103691260025456,0.11218176409024684,-0.01034814109868133,0.006334518600545823,-0.1368998046317259,1.150833819436878,0.30611238839626437,3.863100195368274,True,4.0,False,4.0,False,3.863100195368274,True,4.0,False,4.0,False,3.863100195368274,True,3.931550097684137,3.863100195368274,True,True,0.5,1.0,3.863100195368274,wind_stuck_7_days,2017
159,Almond_High,Almond_High,2017-10-05,3.85625087,3.7,3.7,-1.0326761422549666,1.0326761422549666,0.45812817240677595,1.0195384788939295,0.2428210698905083,0.06839599785284026,-0.12992932617398772,-1.0326761422549666,1.150833819436878,0.30611238839626437,2.6673238577450338,True,3.7,False,3.7,False,2.6673238577450338,True,3.7,False,2.6673238577450338,True,3.7,False,3.183661928872517,2.741562490600883,True,True,0.5,0.9281104406133165,2.6673238577450338,wind_stuck_7_days,2017
160,Almond_High,Almond_High,2017-10-06,3.61104811,3.4,3.4,-0.8465171898203169,0.8465171898203169,0.208692174166027,0.581072439527578,0.028571761447895715,0.0262201719351217,-0.020941322365091556,-0.8465171898203168,1.150833819436878,0.30611238839626437,2.553482810179683,True,2.553482810179683,True,2.553482810179683,True,2.553482810179683,True,2.553482810179683,True,2.553482810179683,True,3.4,False,2.9767414050898413,3.176861672463299,True,True,0.5,0.2635957429099163,2.553482810179683,wind_stuck_7_days,2017
161,Almond_High,Almond_High,2017-10-13,3.72584636,2.9,2.9,-0.9839818379601104,0.9839818379601104,0.19439680265525605,0.41530232545646195,0.07758150936663288,0.0262201719351217,-0.044887879178025926,-0.9839818379601104,1.150833819436878,0.30611238839626437,1.9160181620398895,True,1.9160181620398895,True,1.9160181620398895,True,1.9160181620398895,True,1.9160181620398895,True,1.9160181620398895,True,2.9,False,2.408009081019945,2.5392978127120673,True,True,0.5,0.36657402949195,1.9160181620398895,wind_stuck_7_days,2017
162,Almond_High,Almond_High,2017-10-14,3.64150157,2.9,2.9,-0.6279965493578785,0.6279965493578785,0.37423697305550474,0.6721446336372701,0.03411093314347236,-0.01662879345456601,-0.012424128231573173,-0.6279965493578785,1.150833819436878,0.30611238839626437,2.2720034506421216,True,2.9,False,2.2720034506421216,True,2.2720034506421216,True,2.2720034506421216,True,2.9,False,2.9,False,2.5860017253210605,2.700532133023107,True,True,0.5,0.3176257372446504,2.2720034506421216,wind_stuck_7_days,2017
163,Almond_High,Almond_High,2017-10-21,2.72714987,2.5,2.5,-0.3799255563048253,0.3799255563048253,0.1884463667853057,0.47821081396483756,-0.0030078757447705323,0.014426410227436836,-0.006047462543166524,-0.3799255563048253,1.150833819436878,0.30611238839626437,2.1200744436951746,True,2.1200744436951746,True,2.1200744436951746,True,2.5,False,2.5,False,2.1200744436951746,True,2.5,False,2.3100372218475873,2.286347301752941,True,True,0.5,0.5623541104343064,2.1200744436951746,wind_stuck_7_days,2017
164,Almond_High,Almond_High,2017-10-22,2.94406804,2.6,2.6,-0.2521471521045517,0.2521471521045517,0.2392606670962091,0.4631966512839586,-0.005299743385366778,0.009280503156287881,-0.004131158068303865,-0.25214715210455174,1.150833819436878,0.30611238839626437,2.3478528478954486,True,2.3478528478954486,True,2.3478528478954486,True,2.6,False,2.6,False,2.3478528478954486,True,2.6,False,2.473926423947724,2.430627560119302,True,True,0.5,0.6717206142009838,2.3478528478954486,wind_stuck_7_days,2017
165,Almond_High,Almond_High,2017-11-06,2.04859563,1.7,1.7,-0.35362570642303237,0.35362570642303237,0.15294156194203284,0.4321966061219057,-0.00016183873425949812,0.014426410227436836,-0.006047462543166524,-0.35362570642303237,1.150833819436878,0.30611238839626437,1.3463742935769676,True,1.3463742935769676,True,1.3463742935769676,True,1.7,False,1.7,False,1.3463742935769676,True,1.7,False,1.5231871467884837,1.4981061672645113,True,True,0.5,0.5709252157533162,1.3463742935769676,wind_stuck_7_days,2017
166,Almond_High,Almond_High,2017-11-07,2.11404564,1.8,1.8,-0.2766563166830007,0.2766563166830007,0.12370998054721355,0.4629768686198779,0.0021448888485801304,0.014426410227436836,-0.006047462543166524,-0.2766563166830007,1.150833819436878,0.30611238839626437,1.5233436833169993,True,1.5233436833169993,True,1.5233436833169993,True,1.5233436833169993,True,1.5233436833169993,True,1.5233436833169993,True,1.8,False,1.6616718416584997,1.6386064825043396,True,True,0.5,0.5833718869343181,1.5233436833169993,wind_stuck_7_days,2017
167,Almond_High,Almond_High,2017-11-14,1.78445113,1.8,1.8,0.11834093118551806,0.11834093118551806,0.11192980521326776,0.5067764704525717,0.0021448888485801304,0.014426410227436836,-0.006047462543166524,-0.11834093118551806,1.150833819436878,0.30611238839626437,1.9183409311855182,True,1.9183409311855182,True,1.9183409311855182,True,1.9183409311855182,True,1.9183409311855182,True,1.9183409311855182,True,1.8,False,1.859170465592759,1.9183409311855182,True,True,0.5,1.0,1.9183409311855182,wind_stuck_7_days,2017
168,Almond_High,Almond_High,2017-11-15,2.04184622,1.4,1.4,0.007674254758113425,0.007674254758113425,0.12445388746550384,0.43810198037005393,0.02298982817648017,0.024011823229732186,-0.006047462543166524,0.007674254758113452,1.150833819436878,0.30611238839626437,1.4076742547581134,True,1.4076742547581134,True,1.4076742547581134,True,1.4076742547581134,True,1.4076742547581134,True,1.4076742547581134,True,1.4,False,1.4038371273790566,1.4076742547581134,True,True,0.5,1.0,1.4076742547581134,wind_stuck_7_days,2017
169,Almond_High,Almond_High,2017-11-22,1.64207053,1.8,1.8,0.08226162531740093,0.08226162531740093,0.23653930113789814,0.7633614950097944,0.02103100753092425,0.014426410227436836,-0.006047462543166524,-0.08226162531740094,1.150833819436878,0.30611238839626437,1.882261625317401,True,1.882261625317401,True,1.882261625317401,True,1.882261625317401,True,1.882261625317401,True,1.882261625317401,True,1.8,False,1.8411308126587005,1.882261625317401,True,True,0.5,1.0,1.839817121497103,wind_stuck_7_days,2017
170,Almond_High,Almond_High,2017-11-23,1.79516844,1.7,1.7,0.1731128632398264,0.1731128632398264,0.18908163724446736,0.6706213112572375,0.024132388826577044,0.014426410227436836,-0.006047462543166524,0.017224016760173877,1.150833819436878,0.30611238839626437,1.8731128632398264,True,1.8731128632398264,True,1.8731128632398264,True,1.8731128632398264,True,1.8731128632398264,True,1.8731128632398264,True,1.7,False,1.7865564316199132,1.8731128632398264,True,True,0.5,1.0,1.8731128632398264,wind_stuck_7_days,2017
171,Almond_High,Almond_High,2017-11-30,1.1314168,1.3,1.3,0.08582152722435436,0.08582152722435436,0.27721414760874474,0.587874633013578,0.023004688118723554,0.019294785407137176,-0.006047462543166524,-0.08582152722435438,1.150833819436878,0.30611238839626437,1.3858215272243544,True,1.3858215272243544,True,1.3858215272243544,True,1.3858215272243544,True,1.3858215272243544,True,1.3858215272243544,True,1.3,False,1.3429107636121773,1.3858215272243544,True,True,0.5,1.0,1.3858215272243544,wind_stuck_7_days,2017
172,Almond_High,Almond_High,2017-12-01,0.95993043,1.8,1.8,-0.0569108281044645,0.0569108281044645,0.4707733145356481,0.9424206925238922,0.10482386696516491,-0.004382762450597842,-0.046432962231649166,0.05691082810446446,1.150833819436878,0.30611238839626437,1.7430891718955355,True,1.8,False,1.8,False,1.7430891718955355,True,1.8,False,1.8,False,1.8,False,1.7715445859477679,1.7430891718955355,True,True,0.5,1.0,1.716311339709363,wind_stuck_7_days,2017
173,Almond_High,Almond_High,2017-12-08,0.77243176,1.3,1.3,-0.27608199398127853,0.27608199398127853,0.2957366508482343,0.7993667500228885,0.07053807646237303,0.011428231817446498,-0.006047462543166524,0.27608199398127853,1.150833819436878,0.30611238839626437,1.0239180060187216,True,1.0239180060187216,True,1.0239180060187216,True,1.0239180060187216,True,1.0239180060187216,True,1.0239180060187216,True,1.3,False,1.1619590030093607,1.0239180060187216,True,True,0.5,1.0,0.9474195562075971,wind_stuck_7_days,2017
174,Almond_High,Almond_High,2017-12-16,0.75086643,1.2,1.2,-0.27619736353445357,0.27619736353445357,0.2716131039859497,0.6689323942415168,0.03017833816246539,0.017178063798652773,-0.006047462543166524,0.27619736353445357,1.150833819436878,0.30611238839626437,0.9238026364655464,True,0.9238026364655464,True,0.9238026364655464,True,0.9238026364655464,True,0.9238026364655464,True,0.9238026364655464,True,1.2,False,1.0619013182327732,1.0251621689219192,True,True,0.5,0.6330177407948753,0.9238026364655464,wind_stuck_7_days,2017
175,Almond_High,Almond_High,2017-12-17,0.33599428,1.0,1.0,-0.48584865163162155,0.48584865163162155,0.10054550427038543,0.41571796851245607,0.04322327874418221,0.05858483639193675,-0.006047462543166524,0.48584865163162155,1.150833819436878,0.30611238839626437,0.5141513483683784,True,0.5141513483683784,True,0.5141513483683784,True,0.5141513483683784,True,0.5141513483683784,True,0.5141513483683784,True,1.0,False,0.7570756741841892,0.6720780991824549,True,True,0.5,0.6749466108762219,0.5141513483683784,wind_stuck_7_days,2017
303,Almond_Low,Almond_Low,2017-02-23,1.36292445,1.7,1.7,-0.13680084199143813,0.13680084199143813,0.1251038921372822,0.40263136695675145,-0.00016183873425949812,0.014426410227436836,-0.006047462543166524,0.13680084199143813,1.150833819436878,0.30611238839626437,1.5631991580085618,True,1.5631991580085618,True,1.5631991580085618,True,1.7,False,1.7,False,1.5631991580085618,True,1.7,False,1.631599579004281,1.5631991580085618,True,True,0.5,1.0,1.5631991580085618,wind_stuck_7_days,2017
304,Almond_Low,Almond_Low,2017-02-24,1.44102789,1.6,1.6,-0.8224148661398724,0.8224148661398724,0.2570434748524577,0.6975009616724765,0.16845359219625708,0.028507715326736915,-0.0190250178902289,-0.5044706461398721,1.150833819436878,0.30611238839626437,0.7775851338601277,True,0.7775851338601277,True,0.7775851338601277,True,0.7775851338601277,True,0.7775851338601277,True,0.7775851338601277,True,1.6,False,1.1887925669300639,1.1577325934352327,True,True,0.5,0.5377667948059058,0.7775851338601277,wind_stuck_7_days,2017
305,Almond_Low,Almond_Low,2017-03-03,1.4444378,1.7,1.7,-1.1911176375920285,1.1911176375920285,0.612210990812485,1.401710708470124,-0.2134626745304189,-0.09893132243670602,-0.41437936222715127,-0.6799932375920286,1.150833819436878,0.30611238839626437,0.5088823624079715,True,1.7,False,1.7,False,1.7,False,1.7,False,1.7,False,1.7,False,1.1044411812039856,1.6358242897368112,True,True,0.5,0.05387856601042936,0.5088823624079715,wind_stuck_7_days,2017
306,Almond_Low,Almond_Low,2017-03-04,1.3813069,2.3,2.3,-1.2780728585778298,1.2780728585778298,0.5133015152183874,1.1499949634301472,-0.2206092288798957,-0.06848791870778527,-0.38006095911368937,0.5593133414221698,1.150833819436878,0.30611238839626437,1.02192714142217,True,2.3,False,2.3,False,2.3,False,2.3,False,2.3,False,2.3,False,1.6609635707110848,2.197440974303766,True,True,0.5,0.08024505411245186,1.02192714142217,wind_stuck_7_days,2017
307,Almond_Low,Almond_Low,2017-03-11,2.10303071,2.6,2.6,-0.533628507264292,0.533628507264292,0.3333634101871081,0.8724000954290181,0.08692801541875864,0.0013105652079086583,-0.006047462543166524,0.460310072735708,1.150833819436878,0.30611238839626437,2.066371492735708,True,2.6,False,2.066371492735708,True,2.066371492735708,True,2.066371492735708,True,2.066371492735708,True,2.6,False,2.333185746367854,2.25394726515646,True,True,0.5,0.6484899703308944,2.066371492735708,wind_stuck_7_days,2017
308,Almond_Low,Almond_Low,2017-03-12,2.33017634,3.2,3.2,-0.9531768757864028,0.9531768757864028,0.34903188517730616,0.8727931290248983,0.2510164176793277,0.036523643393652716,-0.06439872080743501,0.7864704442135977,1.150833819436878,0.30611238839626437,2.2468231242135976,True,3.2,False,2.2468231242135976,True,2.2468231242135976,True,2.2468231242135976,True,2.2468231242135976,True,3.2,False,2.723411562106799,2.4347541699027673,True,True,0.5,0.8028371748589469,2.2468231242135976,wind_stuck_7_days,2017
309,Almond_Low,Almond_Low,2017-03-27,5.64130901,3.5,3.5,-1.0910569997734765,1.0910569997734765,0.23360024871379298,0.5201737115661311,0.06972746637308622,0.05677623774532092,-0.00657976885587006,-1.0910569997734765,1.150833819436878,0.30611238839626437,2.4089430002265235,True,2.4089430002265235,True,2.4089430002265235,True,2.4089430002265235,True,2.4089430002265235,True,2.4089430002265235,True,3.5,False,2.9544715001132618,2.7036590383860855,True,True,0.5,0.7298802553663555,2.4089430002265235,wind_stuck_7_days,2017
310,Almond_Low,Almond_Low,2017-03-28,3.73383117,3.6,3.6,-1.3119863882184977,1.3119863882184977,0.28803666702368075,0.8607472874927566,0.32102181057999624,0.29716638157322334,-0.04159456138166367,-1.3119863882184977,1.150833819436878,0.30611238839626437,2.288013611781502,True,2.288013611781502,True,2.288013611781502,True,2.288013611781502,True,2.288013611781502,True,2.288013611781502,True,3.6,False,2.9440068058907514,2.329826170736199,True,True,0.5,0.9681303408860268,2.288013611781502,wind_stuck_7_days,2017
311,Almond_Low,Almond_Low,2017-04-05,4.07074336,3.4,3.4,-0.49833302041236227,0.49833302041236227,0.16028221702982995,0.40338607366068446,-0.00531460332761016,0.00699295976467267,-0.004131158068303865,-0.49833302041236216,1.150833819436878,0.30611238839626437,2.9016669795876378,True,2.9016669795876378,True,2.9016669795876378,True,3.4,False,3.4,False,2.9016669795876378,True,3.4,False,3.150833489793819,3.1570341580761787,True,True,0.5,0.48755717957997413,2.9016669795876378,wind_stuck_7_days,2017
312,Almond_Low,Almond_Low,2017-04-12,5.55012146,3.2,3.2,-0.3604696740577385,0.3604696740577385,0.14388219109540723,0.48517374446676814,-0.0030078757447705323,0.002180379223468672,-0.004131158068303865,-0.36046967405773866,1.150833819436878,0.30611238839626437,2.8395303259422615,True,2.8395303259422615,True,2.8395303259422615,True,3.2,False,3.2,False,2.8395303259422615,True,3.2,False,3.019765162971131,3.035360114304592,True,True,0.5,0.4567371336459143,2.8395303259422615,wind_stuck_7_days,2017
313,Almond_Low,Almond_Low,2017-04-13,4.99586895,3.2,3.2,-0.7667027744106816,0.7667027744106816,0.1766236888329999,0.4096436950545068,0.05070150490020849,0.055332816071687406,-0.05116657411702952,-0.7667027744106818,1.150833819436878,0.30611238839626437,2.4332972255893184,True,2.4332972255893184,True,2.4332972255893184,True,2.4332972255893184,True,2.4332972255893184,True,2.4332972255893184,True,3.2,False,2.8166486127946593,2.990046862136352,True,True,0.5,0.2738390219404469,2.4332972255893184,wind_stuck_7_days,2017
314,Almond_Low,Almond_Low,2017-04-20,6.29078632,4.8,4.8,-0.6947317728024218,0.6947317728024218,0.2818708032984272,0.6510092424751883,0.09046066991186336,0.09729809902890879,-0.0190250178902289,-0.694731772802422,1.150833819436878,0.30611238839626437,4.105268227197578,True,4.105268227197578,True,4.105268227197578,True,4.105268227197578,True,4.105268227197578,True,4.105268227197578,True,4.8,False,4.452634113598789,4.48255673838529,True,True,0.5,0.4569292409561202,4.105268227197578,wind_stuck_7_days,2017
315,Almond_Low,Almond_Low,2017-04-21,4.86449626,4.9,4.9,-1.4309313149831326,1.4309313149831326,0.7169227567477471,1.3922800075839687,0.585903308217089,0.5831274512417598,-0.3103786035769056,-1.3599238349831322,1.150833819436878,0.30611238839626437,3.4690686850168677,True,4.9,False,4.9,False,3.4690686850168677,True,4.9,False,3.4690686850168677,True,4.9,False,4.184534342508434,3.5909097568588866,True,True,0.5,0.914851907588971,3.4690686850168677,wind_stuck_7_days,2017
316,Almond_Low,Almond_Low,2017-04-28,8.16292428,5.3,5.3,-0.6503029308533828,0.6503029308533828,0.26521396504976724,0.9698789255347254,0.10107898642375265,0.09729809902890879,-0.004388011543821782,-0.6503029308533828,1.150833819436878,0.30611238839626437,4.649697069146617,True,4.649697069146617,True,5.3,False,4.649697069146617,True,5.3,False,4.649697069146617,True,5.3,False,4.974848534573308,5.030297473929449,True,True,0.5,0.4147336776056423,4.649697069146617,wind_stuck_7_days,2017
317,Almond_Low,Almond_Low,2017-04-29,6.22740925,5.3,5.3,-1.3618399618774075,1.3618399618774075,1.0039663391829547,1.8846164518874295,0.6140136531971543,0.5560174146987568,-0.3103786035769056,-1.3618399618774077,1.150833819436878,0.30611238839626437,3.938160038122592,True,5.3,False,5.3,False,3.938160038122592,True,5.3,False,3.938160038122592,True,5.3,False,4.619080019061296,3.938160038122592,True,True,0.5,1.0,3.9365584631243205,wind_stuck_7_days,2017
318,Almond_Low,Almond_Low,2017-05-06,6.84455489,5.1,5.1,-1.660043452916631,1.660043452916631,0.3621431374223538,0.789700811131466,-0.1933728242790394,-0.2318764910909988,0.15121640320907304,-1.6600434529166312,1.150833819436878,0.30611238839626437,3.4399565470833684,True,5.1,False,3.4399565470833684,True,5.1,False,5.1,False,5.1,False,3.4399565470833684,True,4.2699782735416845,4.674970135245362,True,True,0.5,0.2560353851026475,3.4399565470833684,wind_stuck_7_days,2017
319,Almond_Low,Almond_Low,2017-05-07,4.28686056,2.5,2.5,-2.766893461708213,2.766893461708213,0.3839896249842467,1.102989411389667,0.5721449406698224,0.43455129282130717,-0.474950934540197,-2.7668934617082135,1.150833819436878,0.30611238839626437,-0.26689346170821304,True,2.5,False,2.5,False,-0.26689346170821304,True,2.5,False,-0.26689346170821304,True,2.5,False,1.1165532691458935,0.4789203206428527,True,True,0.5,0.7304508494191828,-0.26689346170821304,wind_stuck_7_days,2017
320,Almond_Low,Almond_Low,2017-05-14,6.66869074,5.4,5.4,-2.354700903251117,2.354700903251117,0.5755460894436845,1.0137930716658679,0.7307646192641589,0.5834955455639061,-0.4816102877811433,-2.354700903251117,1.150833819436878,0.30611238839626437,3.0452990967488835,True,5.4,False,5.4,False,3.0452990967488835,True,5.4,False,3.0452990967488835,True,5.4,False,4.2226495483744415,3.6209145839920893,True,True,0.5,0.7555462409478597,3.0452990967488835,wind_stuck_7_days,2017
321,Almond_Low,Almond_Low,2017-05-22,7.3928603,7.3,7.3,-0.08889446625524297,0.08889446625524297,1.4051647766150304,2.1546304504960334,0.1300226052049055,-0.027067551943737746,-0.01389415878451256,-0.08889446625524297,1.150833819436878,0.30611238839626437,7.211105533744757,True,7.3,False,7.3,False,7.211105533744757,True,7.3,False,7.3,False,7.3,False,7.255552766872379,7.211105533744757,True,True,0.5,1.0,7.211105533744757,wind_stuck_7_days,2017
322,Almond_Low,Almond_Low,2017-05-23,7.83606971,6.8,6.8,0.5394377914464499,0.5394377914464499,1.1469862491502167,1.5555363577412264,0.11210307662131366,-0.03268253033577052,-0.06012464293174861,0.5394377914464499,1.150833819436878,0.30611238839626437,7.33943779144645,True,6.8,False,6.8,False,7.33943779144645,True,6.8,False,6.8,False,6.8,False,7.069718895723224,7.33943779144645,True,True,0.5,1.0,7.33943779144645,wind_stuck_7_days,2017
323,Almond_Low,Almond_Low,2017-05-30,9.45910752,6.5,6.5,-0.7713696623191951,0.7713696623191951,0.19643271979118104,0.5358026852682818,0.07809418858512931,0.1114115411953078,0.009926292781309562,-0.771369662319195,1.150833819436878,0.30611238839626437,5.728630337680805,True,5.728630337680805,True,5.728630337680805,True,5.728630337680805,True,5.728630337680805,True,5.728630337680805,True,5.728630337680805,True,6.1143151688404025,6.272858111342513,True,True,0.5,0.29446567547725905,5.728630337680805,wind_stuck_7_days,2017
324,Almond_Low,Almond_Low,2017-06-07,9.43158722,7.1,7.1,-0.3744843156514018,0.3744843156514018,0.5141943082454581,0.8957114641586095,0.01243132919205464,0.015281060257321191,-0.0581343624925054,-0.3744843156514017,1.150833819436878,0.30611238839626437,6.725515684348598,True,7.1,False,7.1,False,6.725515684348598,True,7.1,False,6.725515684348598,True,7.1,False,6.912757842174298,6.725515684348598,True,True,0.5,1.0,6.725515684348598,wind_stuck_7_days,2017
325,Almond_Low,Almond_Low,2017-06-08,8.79438058,4.4,4.4,0.8998004777466708,0.8998004777466708,0.13999663335699936,0.70794385912461,0.15126319364297544,0.0008760378746220862,-0.07241440983915938,0.8998004777466706,1.150833819436878,0.30611238839626437,5.299800477746671,True,5.299800477746671,True,5.299800477746671,True,5.299800477746671,True,5.299800477746671,True,5.299800477746671,True,4.4,False,4.849900238873336,5.201838468129816,True,True,0.5,0.8911291869257759,5.299800477746671,wind_stuck_7_days,2017
326,Almond_Low,Almond_Low,2017-06-15,10.00303587,7.7,7.7,-0.08738154803387178,0.08738154803387178,0.2744228518900455,0.6418412226737313,-0.004190962839574358,-0.015103736279198378,-0.030593619422944873,-0.08738154803387177,1.150833819436878,0.30611238839626437,7.612618451966128,True,7.612618451966128,True,7.612618451966128,True,7.7,False,7.7,False,7.7,False,7.7,False,7.6563092259830645,7.612618451966128,True,True,0.5,1.0,7.612618451966128,wind_stuck_7_days,2017
327,Almond_Low,Almond_Low,2017-06-16,8.96354519,7.0,7.0,-0.09428108590170142,0.09428108590170142,0.22955522422115673,0.6064611759169104,-0.020557840728118403,-0.02708418342405296,-0.030593619422944873,-0.09428108590170137,1.150833819436878,0.30611238839626437,6.905718914098299,True,6.905718914098299,True,6.905718914098299,True,7.0,False,7.0,False,7.0,False,7.0,False,6.952859457049149,7.0,True,False,0.5,0.0,6.905718914098299,wind_stuck_7_days,2017
328,Almond_Low,Almond_Low,2017-06-23,9.93123676,7.7,7.7,0.8038799770042733,0.8038799770042733,0.39916511639766916,0.892930209483714,-0.11896768336662157,-0.017094025318963355,-0.04564908546701129,0.8038799770042733,1.150833819436878,0.30611238839626437,8.503879977004274,True,7.7,False,7.7,False,7.7,False,7.7,False,7.7,False,7.7,False,8.101939988502137,8.211148674423997,True,True,0.5,0.6358519792081836,8.503879977004274,wind_stuck_7_days,2017
329,Almond_Low,Almond_Low,2017-07-01,10.15477577,7.2,7.2,0.14146835468511174,0.14146835468511174,0.1892079850550257,0.4598702445310455,-0.00436893798714724,-0.007466784394699298,-0.008402652266017531,0.14146835468511165,1.150833819436878,0.30611238839626437,7.341468354685112,True,7.341468354685112,True,7.341468354685112,True,7.2,False,7.2,False,7.2,False,7.2,False,7.270734177342556,7.341468354685112,True,True,0.5,1.0,7.341468354685112,wind_stuck_7_days,2017
330,Almond_Low,Almond_Low,2017-07-02,8.73927607,6.5,6.5,0.4747104626532354,0.4747104626532354,0.22849872579647035,0.506500828344922,-0.008873224740091385,-0.01135425477977971,-0.002755196674701457,0.47471046265323547,1.150833819436878,0.30611238839626437,6.974710462653236,True,6.974710462653236,True,6.974710462653236,True,6.5,False,6.5,False,6.5,False,6.5,False,6.737355231326617,6.6757719906514685,True,True,0.5,0.37027199625862406,6.974710462653236,wind_stuck_7_days,2017
331,Almond_Low,Almond_Low,2017-07-09,7.59091932,6.8,6.8,1.2474422805281653,1.2474422805281653,0.46482681349263794,0.9341194506850055,-0.5398539019149644,-0.4796225650915541,-0.29139454908947393,0.33439635947183555,1.150833819436878,0.30611238839626437,8.047442280528164,True,6.8,False,6.8,False,6.8,False,6.8,False,6.8,False,6.8,False,7.423721140264083,7.2644394443122975,True,True,0.5,0.37231337398284675,8.047442280528164,wind_stuck_7_days,2017
332,Almond_Low,Almond_Low,2017-07-10,7.7913351,3.2,3.2,-0.7473903180745665,0.7473903180745665,0.22427547578669443,0.510867223349979,-0.12669510535710438,-0.1562705131312962,-0.16007054340213545,-0.7473903180745669,1.150833819436878,0.30611238839626437,2.4526096819254337,True,2.4526096819254337,True,2.4526096819254337,True,3.2,False,3.2,False,3.2,False,3.2,False,2.8263048409627167,3.2,True,False,0.5,0.0,2.4526096819254337,wind_stuck_7_days,2017
333,Almond_Low,Almond_Low,2017-07-17,10.21335818,7.8,7.8,1.3939534605784167,1.3939534605784167,0.4710215929045769,0.8725211513805956,-0.5656827602623204,-0.5133766081498876,-0.4777033131696452,1.3939534605784167,1.150833819436878,0.30611238839626437,9.193953460578417,True,7.8,False,9.193953460578417,True,7.8,False,7.8,False,7.8,False,7.8,False,8.496976730289209,8.005580945267662,True,True,0.5,0.14748049420699882,9.193953460578417,wind_stuck_7_days,2017
334,Almond_Low,Almond_Low,2017-07-18,11.69171233,7.6,7.6,1.020369697237315,1.020369697237315,0.36749062732905147,0.6145617114462223,-0.42791624127471617,-0.45073603873861895,-0.0921017948863996,1.020369697237315,1.150833819436878,0.30611238839626437,8.620369697237315,True,7.6,False,8.620369697237315,True,7.6,False,7.6,False,7.6,False,7.6,False,8.110184848618657,7.658634148241888,True,True,0.5,0.057463631466753796,8.620369697237315,wind_stuck_7_days,2017
335,Almond_Low,Almond_Low,2017-07-25,8.59515159,6.1,6.1,-1.1006031104162335,1.1006031104162335,0.4922177657710975,0.9168355880164153,-0.5179148542390754,-0.3562202568859305,-0.2641791456568382,-1.1006031104162335,1.150833819436878,0.30611238839626437,4.999396889583766,True,6.1,False,6.1,False,6.1,False,6.1,False,6.1,False,6.1,False,5.549698444791883,6.1,True,False,0.5,0.0,4.999396889583766,wind_stuck_7_days,2017
336,Almond_Low,Almond_Low,2017-08-10,7.33596499,6.2,6.2,0.7404627761262871,0.7404627761262871,0.28358934642933853,0.8571338143415108,0.07936342846653355,0.07107277404663849,-0.06065997038396435,0.7404627761262871,1.150833819436878,0.30611238839626437,6.940462776126287,True,6.940462776126287,True,6.940462776126287,True,6.940462776126287,True,6.940462776126287,True,6.940462776126287,True,6.2,False,6.570231388063144,6.644214422243962,True,True,0.5,0.5999145893165075,6.940462776126287,wind_stuck_7_days,2017
337,Almond_Low,Almond_Low,2017-08-11,8.07037679,6.1,6.1,0.9015346961856864,0.9015346961856864,0.37780019249138064,1.1665695561134695,-0.03912451879756278,0.045213409454200805,-0.08096423347794661,0.9015346961856863,1.150833819436878,0.30611238839626437,7.001534696185686,True,6.1,False,6.1,False,6.1,False,6.1,False,7.001534696185686,True,6.1,False,6.550767348092843,6.458470525996783,True,True,0.5,0.39762255131548485,7.001534696185686,wind_stuck_7_days,2017
338,Almond_Low,Almond_Low,2017-08-18,6.26370678,5.5,5.5,0.08495941593538486,0.08495941593538486,0.19141351683369956,0.6236179039768197,0.01585172029724875,0.021729823144267364,-0.004131158068303865,0.08495941593538481,1.150833819436878,0.30611238839626437,5.584959415935385,True,5.584959415935385,True,5.584959415935385,True,5.584959415935385,True,5.584959415935385,True,5.584959415935385,True,5.5,False,5.542479707967693,5.584959415935385,True,True,0.5,1.0,5.584959415935385,wind_stuck_7_days,2017
339,Almond_Low,Almond_Low,2017-08-19,6.34411543,5.5,5.5,-0.2093814830696771,0.2093814830696771,0.24087885671440476,0.5031780851301036,-0.020180979404114847,-0.01982719418578781,-0.004131158068303865,-0.2093814830696772,1.150833819436878,0.30611238839626437,5.290618516930323,True,5.290618516930323,True,5.290618516930323,True,5.5,False,5.5,False,5.5,False,5.5,False,5.395309258465161,5.347834344307573,True,True,0.5,0.7267388379410299,5.290618516930323,wind_stuck_7_days,2017
340,Almond_Low,Almond_Low,2017-08-26,3.89543858,5.1,5.1,0.9759618539507555,0.9759618539507555,0.4813119657625235,0.9723807642695383,-0.04231358412906903,-0.012809857035872207,-0.1404752087015152,-0.9759618539507557,1.150833819436878,0.30611238839626437,6.075961853950755,True,5.1,False,5.1,False,5.1,False,5.1,False,5.1,False,5.1,False,5.587980926975377,5.768617739720121,True,True,0.5,0.6850859354938041,6.075961853950755,wind_stuck_7_days,2017
341,Almond_Low,Almond_Low,2017-08-27,5.17802749,5.1,5.1,0.9364126510465367,0.9364126510465367,0.40268288971484406,0.9521521965290921,-0.14430835395991065,0.00030505954938886653,-0.08096423347794661,-0.7803576710465363,1.150833819436878,0.30611238839626437,6.036412651046536,True,5.1,False,5.1,False,5.1,False,5.1,False,6.036412651046536,True,5.1,False,5.568206325523268,5.7687732875161775,True,True,0.5,0.7141865146404802,6.036412651046536,wind_stuck_7_days,2017
342,Almond_Low,Almond_Low,2017-09-03,6.14216977,3.6,3.6,0.4878022334046494,0.4878022334046494,0.3243612782679821,0.8282532037297878,0.009149908427876474,-0.018899940948509424,-0.004131158068303865,0.48780223340464923,1.150833819436878,0.30611238839626437,4.087802233404649,True,4.087802233404649,True,4.087802233404649,True,4.087802233404649,True,4.087802233404649,True,3.6,False,3.6,False,3.843901116702325,3.67384189857929,True,True,0.5,0.15137671277949072,4.0160629252718785,wind_stuck_7_days,2017
343,Almond_Low,Almond_Low,2017-09-04,6.26934022,4.2,4.2,-0.1385196450596915,0.1385196450596915,0.5750334039888088,1.0159810787401677,-0.05358789614419878,-0.049288764337954344,-0.05976717736162571,-0.1385196450596915,1.150833819436878,0.30611238839626437,4.061480354940309,True,4.2,False,4.2,False,4.2,False,4.2,False,4.2,False,4.2,False,4.130740177470154,4.061480354940309,True,True,0.5,1.0,4.061480354940309,wind_stuck_7_days,2017
344,Almond_Low,Almond_Low,2017-09-11,4.18021502,3.6,3.6,-0.412646511100154,0.412646511100154,0.14885260735319922,0.6057179192589425,-0.0030078757447705323,0.002180379223468672,-0.004131158068303865,-0.41264651110015405,1.150833819436878,0.30611238839626437,3.1873534888998463,True,3.1873534888998463,True,3.1873534888998463,True,3.6,False,3.6,False,3.1873534888998463,True,3.6,False,3.393676744449923,3.4122125305593753,True,True,0.5,0.4550807153075544,3.1873534888998463,wind_stuck_7_days,2017
345,Almond_Low,Almond_Low,2017-09-12,5.48314211,4.2,4.2,-0.24866295239168806,0.24866295239168806,0.28115384220630724,0.46029685365247763,-0.005299743385366778,0.002180379223468672,-0.004131158068303865,-0.24866295239168812,1.150833819436878,0.30611238839626437,3.951337047608312,True,3.951337047608312,True,3.951337047608312,True,4.2,False,4.2,False,3.951337047608312,True,4.2,False,4.075668523804156,4.031317840278574,True,True,0.5,0.6783566192671997,3.951337047608312,wind_stuck_7_days,2017
346,Almond_Low,Almond_Low,2017-09-19,4.64395551,4.3,4.3,-1.4017128677171224,1.4017128677171224,0.5670512318248938,1.2494889169869285,-0.4868002331235203,-0.40209487113046943,-0.4858659520936849,-1.4017128677171224,1.150833819436878,0.30611238839626437,2.8982871322828774,True,4.3,False,4.3,False,4.3,False,4.3,False,4.3,False,4.3,False,3.5991435661414384,4.3,True,False,0.5,0.0,2.8982871322828774,wind_stuck_7_days,2017
347,Almond_Low,Almond_Low,2017-09-20,4.07961267,3.9,3.9,-0.12283800620957237,0.12283800620957237,0.19769564425639538,0.4293009132256166,-0.00531460332761016,0.002180379223468672,-0.004131158068303865,-0.12283800620957236,1.150833819436878,0.30611238839626437,3.7771619937904277,True,3.7771619937904277,True,3.7771619937904277,True,3.9,False,3.9,False,3.7771619937904277,True,3.9,False,3.838580996895214,3.7771619937904277,True,True,0.5,1.0,3.7771619937904277,wind_stuck_7_days,2017
348,Almond_Low,Almond_Low,2017-09-27,3.61880285,3.0,3.0,-0.36704306479785404,0.36704306479785404,0.42617343868085517,1.2705475512006097,0.11218176409024684,-0.01034814109868133,-0.046432962231649166,-0.367043064797854,1.150833819436878,0.30611238839626437,2.632956935202146,True,3.0,False,3.0,False,2.632956935202146,True,3.0,False,3.0,False,3.0,False,2.816478467601073,2.6898617775167253,True,True,0.5,0.8449641260871684,2.632956935202146,wind_stuck_7_days,2017
349,Almond_Low,Almond_Low,2017-09-28,3.06126017,3.1,3.1,0.06953297789969518,0.06953297789969518,0.32947880422131137,1.1304551130177278,0.04866372437439488,-0.004654813440174821,-0.010925008228780708,-0.06953297789969518,1.150833819436878,0.30611238839626437,3.1695329778996952,True,3.1,False,3.1,False,3.1695329778996952,True,3.1,False,3.1,False,3.1,False,3.1347664889498477,3.1695329778996952,True,True,0.5,1.0,3.1695329778996952,wind_stuck_7_days,2017
350,Almond_Low,Almond_Low,2017-10-05,1.83648843,2.8,2.8,-0.5789445323012351,0.5789445323012351,0.3699521001085732,1.058356862523135,0.15506445357186627,-0.01034814109868133,-0.019217978392050007,0.5789445323012351,1.150833819436878,0.30611238839626437,2.221055467698765,True,2.8,False,2.8,False,2.221055467698765,True,2.8,False,2.8,False,2.8,False,2.5105277338493823,2.480777418842988,True,True,0.5,0.5513871594712888,2.221055467698765,wind_stuck_7_days,2017
351,Almond_Low,Almond_Low,2017-10-06,2.02541893,2.8,2.8,-0.8346132260586103,0.8346132260586103,0.186862178090005,0.4821712177760443,0.028571761447895715,0.0262201719351217,-0.020941322365091556,0.7145489139413896,1.150833819436878,0.30611238839626437,1.9653867739413895,True,1.9653867739413895,True,1.9653867739413895,True,1.9653867739413895,True,1.9653867739413895,True,1.9653867739413895,True,2.8,False,2.3826933869706948,2.579824274891588,True,True,0.5,0.26380569853676156,1.9653867739413895,wind_stuck_7_days,2017
352,Almond_Low,Almond_Low,2017-10-13,2.21226902,2.5,2.5,-0.8870451504864514,0.8870451504864514,0.2570331672928752,0.5489150128859991,0.05560928901581747,0.028507715326736915,-0.020941322365091556,-0.3115831904864512,1.150833819436878,0.30611238839626437,1.6129548495135486,True,1.6129548495135486,True,1.6129548495135486,True,1.6129548495135486,True,1.6129548495135486,True,1.6129548495135486,True,2.5,False,2.0564774247567743,2.006808242717927,True,True,0.5,0.5559939728114279,1.6129548495135486,wind_stuck_7_days,2017
353,Almond_Low,Almond_Low,2017-10-14,2.19319759,2.2,2.2,-0.7828572401561672,0.7828572401561672,0.237214889677805,0.5883392815575016,-0.04083053428297446,-0.053164516078836856,-0.0190250178902289,-0.7692524201561669,1.150833819436878,0.30611238839626437,1.4171427598438329,True,1.4171427598438329,True,1.4171427598438329,True,2.2,False,2.2,False,2.2,False,2.2,False,1.8085713799219165,1.9961093871390632,True,True,0.5,0.2604441811386507,1.4171427598438329,wind_stuck_7_days,2017
354,Almond_Low,Almond_Low,2017-10-21,2.06759981,1.3,1.3,-0.24631788220475176,0.24631788220475176,0.10928722655809735,0.4201138157705168,0.02298982817648017,0.024011823229732186,-0.006047462543166524,-0.24631788220475181,1.150833819436878,0.30611238839626437,1.0536821177952482,True,1.0536821177952482,True,1.0536821177952482,True,1.0536821177952482,True,1.0536821177952482,True,1.0536821177952482,True,1.3,False,1.1768410588976241,1.1186888993492496,True,True,0.5,0.736085821410382,1.0536821177952482,wind_stuck_7_days,2017
355,Almond_Low,Almond_Low,2017-10-22,2.22606399,2.2,2.2,-0.5221250396020929,0.5221250396020929,0.1207744867276405,0.39765146655329237,-0.00531460332761016,0.009280503156287881,-0.004131158068303865,-0.5221250396020929,1.150833819436878,0.30611238839626437,1.6778749603979073,True,1.6778749603979073,True,1.6778749603979073,True,2.2,False,2.2,False,1.6778749603979073,True,2.2,False,1.9389374801989536,1.9690846067524843,True,True,0.5,0.44226071483469664,1.6778749603979073,wind_stuck_7_days,2017
356,Almond_Low,Almond_Low,2017-10-29,2.72083349,1.9,1.9,-0.30465262708718244,0.30465262708718244,0.11121458715303591,0.49031029683346966,0.0021448888485801304,0.009280503156287881,-0.004131158068303865,-0.30465262708718255,1.150833819436878,0.30611238839626437,1.5953473729128174,True,1.5953473729128174,True,1.5953473729128174,True,1.5953473729128174,True,1.5953473729128174,True,1.5953473729128174,True,1.9,False,1.7476736864564086,1.669201191047927,True,True,0.5,0.7575802354267084,1.5953473729128174,wind_stuck_7_days,2017
357,Almond_Low,Almond_Low,2017-10-30,2.53929405,1.7,1.7,-0.1772273208082547,0.1772273208082547,0.08414115473166041,0.32092807206333723,-0.0017262197366568499,0.014426410227436836,-0.006047462543166524,-0.17722732080825465,1.150833819436878,0.30611238839626437,1.5227726791917453,True,1.5227726791917453,True,1.5227726791917453,True,1.7,False,1.7,False,1.5227726791917453,True,1.7,False,1.6113863395958725,1.5227726791917453,True,True,0.5,1.0,1.5227726791917453,wind_stuck_7_days,2017
358,Almond_Low,Almond_Low,2017-11-06,1.54110871,1.5,1.5,-0.25984520432700736,0.25984520432700736,0.11405811286697903,0.45061921433678204,0.025296555759319796,0.024011823229732186,-0.006047462543166524,-0.25984520432700736,1.150833819436878,0.30611238839626437,1.2401547956729926,True,1.2401547956729926,True,1.2401547956729926,True,1.2401547956729926,True,1.2401547956729926,True,1.2401547956729926,True,1.5,False,1.3700773978364964,1.3181878492523318,True,True,0.5,0.6996940783208112,1.2401547956729926,wind_stuck_7_days,2017
359,Almond_Low,Almond_Low,2017-11-07,1.56956269,1.0,1.0,-0.06447782497226015,0.06447782497226015,0.10527948407381264,0.29127272968486106,0.02298982817648017,0.024011823229732186,-0.006047462543166524,-0.06447782497226018,1.150833819436878,0.30611238839626437,0.9355221750277398,True,0.9355221750277398,True,0.9355221750277398,True,0.9355221750277398,True,0.9355221750277398,True,0.9355221750277398,True,1.0,False,0.9677610875138699,0.9355221750277398,True,True,0.5,1.0,0.9355221750277398,wind_stuck_7_days,2017
360,Almond_Low,Almond_Low,2017-11-14,1.86817635,1.3,1.3,0.12929759360175716,0.12929759360175716,0.1732806129091315,0.46325280072604896,0.025296555759319796,0.024011823229732186,-0.006047462543166524,0.1292975936017572,1.150833819436878,0.30611238839626437,1.4292975936017571,True,1.4292975936017571,True,1.4292975936017571,True,1.4292975936017571,True,1.4292975936017571,True,1.4292975936017571,True,1.3,False,1.3646487968008787,1.4292975936017571,True,True,0.5,1.0,1.4292975936017571,wind_stuck_7_days,2017
361,Almond_Low,Almond_Low,2017-11-15,1.33190575,0.7,0.7,0.017077431015451415,0.017077431015451415,0.10498469577891384,0.3120460559463051,0.02298982817648017,0.024011823229732186,-0.006047462543166524,0.01707743101545145,1.150833819436878,0.30611238839626437,0.7170774310154514,True,0.7170774310154514,True,0.7170774310154514,True,0.7170774310154514,True,0.7170774310154514,True,0.7170774310154514,True,0.7,False,0.7085387155077256,0.7170774310154514,True,True,0.5,1.0,0.7170774310154514,wind_stuck_7_days,2017
362,Almond_Low,Almond_Low,2017-11-22,1.47968932,1.0,1.0,0.2320145078590528,0.2320145078590528,0.18095165816546008,0.6177135719974316,0.025296555759319796,0.024011823229732186,-0.006047462543166524,0.2320145078590528,1.150833819436878,0.30611238839626437,1.2320145078590528,True,1.2320145078590528,True,1.2320145078590528,True,1.2320145078590528,True,1.2320145078590528,True,1.2320145078590528,True,1.0,False,1.1160072539295265,1.1416830543581973,True,True,0.5,0.6106646332834871,1.1902771412242832,wind_stuck_7_days,2017
363,Almond_Low,Almond_Low,2017-11-23,1.57522644,1.2,1.2,0.08293598445268387,0.08293598445268387,0.10254270520197,0.5733489317637142,0.025296555759319796,0.024011823229732186,-0.006047462543166524,0.08293598445268385,1.150833819436878,0.30611238839626437,1.2829359844526838,True,1.2829359844526838,True,1.2829359844526838,True,1.2829359844526838,True,1.2829359844526838,True,1.2829359844526838,True,1.2,False,1.2414679922263419,1.2829359844526838,True,True,0.5,1.0,1.2829359844526838,wind_stuck_7_days,2017
364,Almond_Low,Almond_Low,2017-11-30,0.99379177,0.8,0.8,0.24457255199669822,0.24457255199669822,0.12542822557593752,0.4404415378132153,0.025874051054493027,0.024011823229732186,-0.006047462543166524,0.14301098800330161,1.150833819436878,0.30611238839626437,1.0445725519966982,True,1.0445725519966982,True,1.0445725519966982,True,1.0445725519966982,True,1.0445725519966982,True,1.0445725519966982,True,0.8,False,0.9222862759983491,0.9917755695636636,True,True,0.5,0.7841254793230134,1.0445725519966982,wind_stuck_7_days,2017
365,Almond_Low,Almond_Low,2017-12-01,0.80801888,0.9,0.9,0.2247601637353196,0.2247601637353196,0.24578746690189163,0.5238489029906059,0.023004688118723554,0.019294785407137176,-0.006047462543166524,-0.2247601637353196,1.150833819436878,0.30611238839626437,1.1247601637353197,True,1.1247601637353197,True,1.1247601637353197,True,1.1247601637353197,True,1.1247601637353197,True,1.1247601637353197,True,0.9,False,1.0123800818676598,1.0443693149450237,True,True,0.5,0.6423260801457454,1.1247601637353197,wind_stuck_7_days,2017
366,Almond_Low,Almond_Low,2017-12-08,0.6634007,0.7,0.7,0.0363328910227226,0.0363328910227226,0.23610641953646594,0.5453275983505966,0.023004688118723554,0.019294785407137176,-0.006047462543166524,-0.03633289102272261,1.150833819436878,0.30611238839626437,0.7363328910227226,True,0.7363328910227226,True,0.7363328910227226,True,0.7363328910227226,True,0.7363328910227226,True,0.7363328910227226,True,0.7,False,0.7181664455113612,0.7363328910227226,True,True,0.5,1.0,0.7363328910227226,wind_stuck_7_days,2017
367,Almond_Low,Almond_Low,2017-12-16,0.48111959,0.9,0.9,-0.1272666440777342,0.1272666440777342,0.19663122338241326,0.7105851601913695,0.03648252898083346,0.017178063798652773,-0.006047462543166524,0.1272666440777342,1.150833819436878,0.30611238839626437,0.7727333559222658,True,0.7727333559222658,True,0.7727333559222658,True,0.7727333559222658,True,0.7727333559222658,True,0.7727333559222658,True,0.9,False,0.836366677961133,0.7727333559222658,True,True,0.5,1.0,0.7727333559222658,wind_stuck_7_days,2017
368,Almond_Low,Almond_Low,2017-12-17,0.39885897,0.3,0.3,-0.12770433574305343,0.12770433574305343,0.1099270518592083,0.3404143038607316,0.01895711667930625,0.016904472957416167,-0.006047462543166524,-0.12770433574305343,1.150833819436878,0.30611238839626437,0.17229566425694656,True,0.17229566425694656,True,0.17229566425694656,True,0.17229566425694656,True,0.17229566425694656,True,0.17229566425694656,True,0.3,False,0.2361478321284733,0.17229566425694656,True,True,0.5,1.0,0.17229566425694656,wind_stuck_7_days,2017
494,Almond_Med,Almond_High,2017-01-06,0.9466451,1.2,1.2,-0.4157822708911761,0.4157822708911761,0.19862169277536781,0.4508395166540417,0.04115784753994822,0.044409067005861155,-0.006047462543166524,0.09092752910882379,1.150833819436878,0.30611238839626437,0.7842177291088239,True,0.7842177291088239,True,0.7842177291088239,True,0.7842177291088239,True,0.7842177291088239,True,0.7842177291088239,True,1.2,False,0.9921088645544119,0.9172210974422409,True,True,0.5,0.6801129397645038,0.8371366696194922,wind_stuck_7_days,2017
495,Almond_Med,Almond_High,2017-03-03,0.94863417,2.7,2.7,-1.3803371122996981,1.3803371122996981,0.42194244083450405,1.1120186053856647,-0.125474082947868,0.033891560294773374,-0.2773075240484945,1.3803371122996981,1.150833819436878,0.30611238839626437,1.319662887700302,True,2.7,False,2.7,False,2.7,False,2.7,False,1.319662887700302,True,2.7,False,2.009831443850151,2.355436638518322,True,True,0.5,0.24962261639667271,1.319662887700302,wind_stuck_7_days,2017
496,Almond_Med,Almond_High,2017-03-11,1.90782934,2.9,2.9,-0.6460298360113963,0.6460298360113963,0.2746881543572892,0.7043874399452955,0.09615219267861666,0.03372421210080749,-0.006047462543166524,0.6460298360113963,1.150833819436878,0.30611238839626437,2.253970163988604,True,2.253970163988604,True,2.253970163988604,True,2.253970163988604,True,2.253970163988604,True,2.253970163988604,True,2.9,False,2.5769850819943017,2.6762983830145495,True,True,0.5,0.3462713399842172,2.253970163988604,wind_stuck_7_days,2017
497,Almond_Med,Almond_High,2017-03-12,2.15952894,3.1,3.1,-0.7299117439882387,0.7299117439882387,0.2935973529842749,0.7324599964571281,0.27530321131184327,0.04746626248199672,-0.06439872080743501,0.7299117439882387,1.150833819436878,0.30611238839626437,2.3700882560117615,True,2.3700882560117615,True,2.3700882560117615,True,2.3700882560117615,True,2.3700882560117615,True,2.3700882560117615,True,3.1,False,2.735044128005881,2.7388220556282277,True,True,0.5,0.4948241309261525,2.3700882560117615,wind_stuck_7_days,2017
498,Almond_Med,Almond_High,2017-03-28,4.63751335,3.6,3.6,-1.2069545865419422,1.2069545865419422,0.319476018333899,0.8393763998625481,0.3931571963772992,0.2227260579688429,-0.04159456138166367,-1.2069545865419422,1.150833819436878,0.30611238839626437,2.393045413458058,True,2.393045413458058,True,2.393045413458058,True,2.393045413458058,True,2.393045413458058,True,2.393045413458058,True,3.6,False,2.9965227067290288,2.5565076286961714,True,True,0.5,0.8645663912621181,2.393045413458058,wind_stuck_7_days,2017
499,Almond_Med,Almond_High,2017-04-04,4.45328079,4.7,4.7,-1.4768860377577666,1.4768860377577666,0.7420837869364864,1.5918568841675567,0.5009672978695225,0.3126495292116471,-0.3103786035769056,-0.9834476177577662,1.150833819436878,0.30611238839626437,3.2231139622422336,True,4.7,False,4.7,False,3.2231139622422336,True,4.7,False,3.2231139622422336,True,4.7,False,3.9615569811211166,3.39635695558549,True,True,0.5,0.8826971147981894,3.2231139622422336,wind_stuck_7_days,2017
500,Almond_Med,Almond_High,2017-04-12,4.18288511,4.5,4.5,-1.1785130041045626,1.1785130041045626,0.19921534845853214,0.4213554784101296,0.06336785363653595,0.10909445347680521,-0.021566708662201933,-0.5442832241045625,1.150833819436878,0.30611238839626437,3.3214869958954374,True,3.3214869958954374,True,3.3214869958954374,True,3.3214869958954374,True,3.3214869958954374,True,3.3214869958954374,True,4.5,False,3.9107434979477187,4.017645555821947,True,True,0.5,0.40929072695684665,3.3214869958954374,wind_stuck_7_days,2017
501,Almond_Med,Almond_High,2017-04-13,4.58931049,3.8,3.8,-1.20517572304654,1.20517572304654,0.20499582861566118,0.4045387274016335,0.1646890025031251,0.24942025175883356,0.01978437393084055,-1.20517572304654,1.150833819436878,0.30611238839626437,2.5948242769534597,True,2.5948242769534597,True,2.5948242769534597,True,2.5948242769534597,True,2.5948242769534597,True,2.5948242769534597,True,2.5948242769534597,True,3.1974121384767296,3.0837386406844365,True,True,0.5,0.5943210982585515,2.5948242769534597,wind_stuck_7_days,2017
502,Almond_Med,Almond_High,2017-04-20,5.65289098,5.1,5.1,-1.2698226980128973,1.2698226980128973,0.12966142639830508,0.5833178400781353,0.4671868583654469,0.5820200086947913,-0.021566708662201933,-1.2698226980128973,1.150833819436878,0.30611238839626437,3.8301773019871024,True,3.8301773019871024,True,3.8301773019871024,True,3.8301773019871024,True,3.8301773019871024,True,3.8301773019871024,True,5.1,False,4.465088650993551,4.001686747676117,True,True,0.5,0.8649343361420428,3.8301773019871024,wind_stuck_7_days,2017
503,Almond_Med,Almond_High,2017-04-21,6.23802315,5.2,5.2,-1.614817196218873,1.614817196218873,0.8571432630798385,1.4264057732170072,0.542187247303561,0.5576412575276359,-0.3103786035769056,-1.614817196218873,1.150833819436878,0.30611238839626437,3.585182803781127,True,5.2,False,5.2,False,3.585182803781127,True,5.2,False,3.585182803781127,True,5.2,False,4.392591401890564,3.9082402026735172,True,True,0.5,0.7999418140648766,3.585182803781127,wind_stuck_7_days,2017
504,Almond_Med,Almond_High,2017-04-28,6.37383474,5.7,5.7,-1.080965150042355,1.080965150042355,0.33134982152553755,0.8862720944235865,0.3924788524329676,0.2528505012244349,-0.03192561905361444,-1.080965150042355,1.150833819436878,0.30611238839626437,4.619034849957645,True,5.7,False,5.7,False,4.619034849957645,True,5.7,False,4.619034849957645,True,5.7,False,5.159517424978823,4.619034849957645,True,True,0.5,1.0,4.619034849957645,wind_stuck_7_days,2017
505,Almond_Med,Almond_High,2017-04-29,5.44885184,5.6,5.6,-1.4041407315393601,1.4041407315393601,1.1040941263634165,2.012751467508026,0.6140136531971543,0.5560174146987568,-0.3103786035769056,-1.1018444115393602,1.150833819436878,0.30611238839626437,4.195859268460639,True,5.6,False,5.6,False,4.195859268460639,True,5.6,False,4.195859268460639,True,5.6,False,4.897929634230319,4.195859268460639,True,True,0.5,1.0,4.203918133167668,wind_stuck_7_days,2017
506,Almond_Med,Almond_High,2017-05-07,4.39758155,3.8,3.8,-2.691356375138503,2.691356375138503,0.39210922733666,1.1491053572333638,0.5721449406698224,0.4105167915859367,-0.21015962346317435,-2.691356375138503,1.150833819436878,0.30611238839626437,1.108643624861497,True,3.8,False,3.8,False,1.108643624861497,True,3.8,False,1.108643624861497,True,3.8,False,2.4543218124307487,1.8488213678337397,True,True,0.5,0.7249796608841326,1.108643624861497,wind_stuck_7_days,2017
507,Almond_Med,Almond_High,2017-05-14,4.82605499,5.4,5.4,-2.140929447375345,2.140929447375345,0.4926989693988607,0.9186229901889478,0.7307646192641589,0.5834955455639061,-0.13659020373249614,-0.9930394273753449,1.150833819436878,0.30611238839626437,3.2590705526246553,True,5.4,False,5.4,False,3.2590705526246553,True,5.4,False,3.2590705526246553,True,5.4,False,4.329535276312328,3.2916158160562246,True,True,0.5,0.9847985352943471,3.2590705526246553,wind_stuck_7_days,2017
508,Almond_Med,Almond_High,2017-05-15,4.35044409,4.3,4.3,-2.529352445142206,2.529352445142206,0.4742542158944377,1.0063769219738816,0.5721449406698224,0.41932569493797023,-0.4097910409485433,-2.529352445142206,1.150833819436878,0.30611238839626437,1.7706475548577938,True,4.3,False,4.3,False,1.7706475548577938,True,4.3,False,1.7706475548577938,True,4.3,False,3.035323777428897,2.526394471291824,True,True,0.5,0.7012093281482011,1.7706475548577938,wind_stuck_7_days,2017
509,Almond_Med,Almond_High,2017-05-22,8.19731814,6.9,6.9,0.3668512267150725,0.3668512267150725,1.5152744479392641,2.1777494784233546,0.12781018609255762,-0.03095502232881816,-0.01389415878451256,0.36685122671507253,1.150833819436878,0.30611238839626437,7.266851226715072,True,6.9,False,6.9,False,7.266851226715072,True,6.9,False,6.9,False,6.9,False,7.083425613357536,7.266851226715072,True,True,0.5,1.0,7.266851226715072,wind_stuck_7_days,2017
510,Almond_Med,Almond_High,2017-05-23,8.45108853,6.6,6.6,1.1565516647081722,1.1565516647081722,1.090334280242874,1.637208708440592,0.053199515916833626,-0.15532109291407437,-0.17323659194439817,1.1565516647081722,1.150833819436878,0.30611238839626437,7.756551664708172,True,6.6,False,6.6,False,7.756551664708172,True,6.6,False,6.6,False,6.6,False,7.178275832354085,7.408287215738467,True,True,0.5,0.6988768771885506,7.756551664708172,wind_stuck_7_days,2017
511,Almond_Med,Almond_High,2017-05-30,7.16023875,6.9,6.9,0.15383154082058365,0.15383154082058365,0.3174772100676717,0.7272309434454536,0.015023039434960936,-0.0015237100507171496,-0.002755196674701457,0.15383154082058365,1.150833819436878,0.30611238839626437,7.053831540820584,True,7.053831540820584,True,7.053831540820584,True,7.053831540820584,True,7.053831540820584,True,6.9,False,6.9,False,6.976915770410292,7.053831540820584,True,True,0.5,1.0,7.053831540820584,wind_stuck_7_days,2017
512,Almond_Med,Almond_High,2017-06-07,8.59666588,6.8,6.8,0.8828523685194529,0.8828523685194529,0.6577757495845277,1.0232703263581457,-0.1333174591187669,0.010740316191449566,-0.10454988199229044,0.8828523685194529,1.150833819436878,0.30611238839626437,7.682852368519453,True,6.8,False,6.8,False,6.8,False,6.8,False,7.682852368519453,True,6.8,False,7.241426184259726,7.682852368519453,True,True,0.5,1.0,7.682852368519453,wind_stuck_7_days,2017
513,Almond_Med,Almond_High,2017-06-15,8.10748942,7.5,7.5,0.8360646907862466,0.8360646907862466,0.3288247901743551,0.7042651916031899,-0.13474086459935286,-0.12358657850385404,-0.07090822355974473,0.378914149213754,1.150833819436878,0.30611238839626437,8.336064690786246,True,7.5,False,8.336064690786246,True,7.5,False,7.5,False,7.5,False,7.5,False,7.918032345393123,7.964026963374389,True,True,0.5,0.555013228627095,8.336064690786246,wind_stuck_7_days,2017
514,Almond_Med,Almond_High,2017-06-16,7.35012701,6.8,6.8,0.555069682787495,0.555069682787495,0.16987548291712676,0.5963223417773174,-0.02047839219987006,-0.03097165380913337,-0.030593619422944873,0.5451843372125045,1.150833819436878,0.30611238839626437,7.355069682787494,True,7.355069682787494,True,7.355069682787494,True,6.8,False,6.8,False,6.8,False,6.8,False,7.0775348413937476,6.8,True,False,0.5,0.0,7.355069682787494,wind_stuck_7_days,2017
515,Almond_Med,Almond_High,2017-06-23,5.7790388,7.0,7.0,1.8320245167814746,1.8320245167814746,0.4197244990678038,1.0540255540268233,-0.27868380990860686,-0.427422843231214,-0.4789909825796486,-1.8320245167814746,1.150833819436878,0.30611238839626437,8.832024516781475,True,7.0,False,7.0,False,7.0,False,7.0,False,7.0,False,7.0,False,7.9160122583907375,8.23828636740995,True,True,0.5,0.6759114608277119,8.914828996762783,wind_stuck_7_days,2017
516,Almond_Med,Almond_High,2017-07-01,7.12959296,7.0,7.0,1.1101605828297654,1.1101605828297654,0.31486266635712573,0.6168005473950009,-0.07788326248567466,-0.1655677248944603,-0.0502567164671275,-0.8509746628297652,1.150833819436878,0.30611238839626437,8.110160582829765,True,8.110160582829765,True,8.110160582829765,True,7.0,False,7.0,False,7.0,False,7.0,False,7.555080291414883,7.540816506192701,True,True,0.5,0.48715160181077233,8.110160582829765,wind_stuck_7_days,2017
517,Almond_Med,Almond_High,2017-07-02,5.91797743,6.6,6.6,1.11820700892384,1.11820700892384,0.30478084904575764,0.6096066063334705,-0.07788326248567466,-0.18210441599040023,-0.04460926087581143,-1.11820700892384,1.150833819436878,0.30611238839626437,7.71820700892384,True,7.71820700892384,True,7.71820700892384,True,6.6,False,6.6,False,6.6,False,6.6,False,7.159103504461919,7.161775580601071,True,True,0.5,0.5023896077540444,7.71820700892384,wind_stuck_7_days,2017
518,Almond_Med,Almond_High,2017-07-09,6.78450498,6.5,6.5,1.3704844546231951,1.3704844546231951,0.41612475480148053,0.7986360431248707,-0.4209415353348681,-0.4796225650915541,-0.41119960664432326,-0.8014744946231944,1.150833819436878,0.30611238839626437,7.870484454623195,True,6.5,False,7.870484454623195,True,6.5,False,6.5,False,6.5,False,6.5,False,7.185242227311598,6.972370446949934,True,True,0.5,0.3446740642379695,7.870484454623195,wind_stuck_7_days,2017
519,Almond_Med,Almond_High,2017-07-17,7.59982026,6.9,6.9,1.3836792664656552,1.3836792664656552,0.46653672737453444,0.9492937165078021,-0.5656827602623204,-0.5133766081498876,-0.4779601666451631,0.015961253534344966,1.150833819436878,0.30611238839626437,8.283679266465656,True,6.9,False,6.9,False,6.9,False,6.9,False,6.9,False,6.9,False,7.591839633232828,7.080964048491078,True,True,0.5,0.13078467884635972,8.183702016854248,wind_stuck_7_days,2017
520,Almond_Med,Almond_High,2017-07-18,6.57377886,7.1,7.1,1.0282026077287754,1.0282026077287754,0.40594399299438994,0.6685205293741119,-0.3705206945226763,-0.45073603873861895,-0.17475997233892937,-1.0282026077287754,1.150833819436878,0.30611238839626437,8.128202607728776,True,7.1,False,8.128202607728776,True,7.1,False,7.1,False,7.1,False,7.1,False,7.614101303864388,7.232663984268897,True,True,0.5,0.12902513888964193,8.128202607728776,wind_stuck_7_days,2017
521,Almond_Med,Almond_High,2017-07-25,4.00773335,6.9,6.9,-0.40815576331464776,0.40815576331464776,0.5068801161463794,0.9098364511124007,-0.08711642432358463,-0.07392578759588284,-0.08622963871626675,0.40815576331464776,1.150833819436878,0.30611238839626437,6.491844236685353,True,6.9,False,6.9,False,6.9,False,6.9,False,6.9,False,6.9,False,6.6959221183426765,6.9,True,False,0.5,0.0,6.491844236685353,wind_stuck_7_days,2017
522,Almond_Med,Almond_High,2017-07-26,3.64623948,6.1,6.1,-0.8780524375780377,0.8780524375780377,0.43904265393331293,0.8732887612123541,-0.456476022525992,-0.33764460959699594,-0.22787448878897343,0.8780524375780376,1.150833819436878,0.30611238839626437,5.221947562421962,True,6.1,False,5.221947562421962,True,6.1,False,6.1,False,6.1,False,6.1,False,5.660973781210981,6.1,True,False,0.5,0.0,5.221947562421962,wind_stuck_7_days,2017
523,Almond_Med,Almond_High,2017-08-10,5.05850302,6.3,6.3,0.8985404916267514,0.8985404916267514,0.5162343121538377,0.8961632968014108,-0.12512211132994763,0.007724207209706722,-0.10429302851677254,-0.8985404916267514,1.150833819436878,0.30611238839626437,7.198540491626751,True,6.3,False,6.3,False,6.3,False,6.3,False,7.198540491626751,True,6.3,False,6.749270245813376,7.011124072337917,True,True,0.5,0.7914212870367937,7.198540491626751,wind_stuck_7_days,2017
524,Almond_Med,Almond_High,2017-08-11,5.2319181,5.8,5.8,1.2007719655988647,1.2007719655988647,0.5625329536266079,1.1359456941411863,-0.049100394006119645,-0.007682420265235682,-0.3648762671878821,-1.2007719655988647,1.150833819436878,0.30611238839626437,7.000771965598864,True,5.8,False,5.8,False,5.8,False,5.8,False,5.8,False,5.8,False,6.400385982799432,6.526534128231002,True,True,0.5,0.6050558715939501,7.000771965598864,wind_stuck_7_days,2017
525,Almond_Med,Almond_High,2017-08-18,3.99014617,5.4,5.4,0.4312984452019909,0.4312984452019909,0.3626884797210774,0.6180361032720526,-0.013016463347506021,-0.0009668199188477305,-0.004131158068303865,-0.4312984452019908,1.150833819436878,0.30611238839626437,5.831298445201991,True,5.4,False,5.831298445201991,True,5.4,False,5.4,False,5.4,False,5.4,False,5.615649222600996,5.612757167390157,True,True,0.5,0.49329453828778796,5.831298445201991,wind_stuck_7_days,2017
526,Almond_Med,Almond_High,2017-08-19,5.78560963,5.7,5.7,0.337608061642173,0.337608061642173,0.28922049197052146,0.5085754209507912,-0.032155534511461824,-0.0315812181605589,-0.004131158068303865,-0.1663888016421739,1.150833819436878,0.30611238839626437,6.037608061642173,True,6.037608061642173,True,6.037608061642173,True,5.7,False,5.7,False,5.7,False,5.7,False,5.868804030821087,5.744085814166392,True,True,0.5,0.13058282421323786,6.037608061642173,wind_stuck_7_days,2017
527,Almond_Med,Almond_High,2017-08-26,2.21407217,5.4,5.4,1.40272414255728,1.40272414255728,0.5193804383027046,1.211953099778741,-0.03742157890702985,0.015105726165976231,-0.4881763807501924,-1.4027241425572803,1.150833819436878,0.30611238839626437,6.80272414255728,True,5.4,False,5.4,False,5.4,False,5.4,False,6.80272414255728,True,5.4,False,6.101362071278641,6.22092751941735,True,True,0.5,0.5852380339877319,6.779668031331459,wind_stuck_7_days,2017
528,Almond_Med,Almond_High,2017-08-27,2.15586033,4.8,4.8,1.2316895934007603,1.2316895934007603,0.43819926199567444,1.0973720450823048,-0.2198210506617056,-0.05222181442413271,-0.32645284362489135,-1.2316895934007603,1.150833819436878,0.30611238839626437,6.03168959340076,True,4.8,False,4.8,False,4.8,False,4.8,False,4.8,False,4.8,False,5.41584479670038,5.763232952908368,True,True,0.5,0.782041967448008,6.0173198263467995,wind_stuck_7_days,2017
529,Almond_Med,Almond_High,2017-09-03,1.00931533,3.7,3.7,0.9011745302109551,0.9011745302109551,0.29193085203675,0.9521390378091301,-0.06146103251988833,-0.011067520482438092,-0.04370593996107654,-0.9011745302109553,1.150833819436878,0.30611238839626437,4.6011745302109555,True,4.6011745302109555,True,3.7,False,3.7,False,3.7,False,3.7,False,3.7,False,4.150587265105478,4.331362514822992,True,True,0.5,0.7005995993641729,4.597717363588892,wind_stuck_7_days,2017
530,Almond_Med,Almond_High,2017-09-12,3.95679507,4.3,4.3,0.06935632046528209,0.06935632046528209,0.3320043863566246,0.7220600580795574,0.028829353626948252,-0.010935465796059515,-0.004131158068303865,-0.06935632046528206,1.150833819436878,0.30611238839626437,4.369356320465282,True,4.3,False,4.369356320465282,True,4.369356320465282,True,4.369356320465282,True,4.3,False,4.3,False,4.334678160232641,4.369356320465282,True,True,0.5,1.0,4.369356320465282,wind_stuck_7_days,2017
531,Almond_Med,Almond_High,2017-09-19,3.38761351,3.9,3.9,-1.7077381057837315,1.7077381057837315,0.6926549441809975,1.1228183631505173,-0.7053249603356894,-0.9112134126849978,-0.5382182664687115,-0.6829651257837317,1.150833819436878,0.30611238839626437,2.1922618942162684,True,3.9,False,3.9,False,3.9,False,3.9,False,3.9,False,3.9,False,3.046130947108134,3.9,True,False,0.5,0.0,2.1922618942162684,wind_stuck_7_days,2017
532,Almond_Med,Almond_High,2017-09-20,3.06566425,3.9,3.9,-0.5371608599375965,0.5371608599375965,0.18686072558384534,0.4863210077842779,-0.0030078757447705323,0.002180379223468672,-0.004131158068303865,0.5371608599375965,1.150833819436878,0.30611238839626437,3.3628391400624036,True,3.3628391400624036,True,3.3628391400624036,True,3.9,False,3.9,False,3.3628391400624036,True,3.9,False,3.6314195700312015,3.7236900757410485,True,True,0.5,0.32822556036460643,3.3628391400624036,wind_stuck_7_days,2017
533,Almond_Med,Almond_High,2017-09-27,3.98431098,4.1,4.1,-0.8219999861220575,0.8219999861220575,0.5717613709453914,1.4778460629653118,0.2372894525011664,0.026526939820787708,-0.0828028078707241,-0.5906219461220583,1.150833819436878,0.30611238839626437,3.278000013877942,True,4.1,False,4.1,False,3.278000013877942,True,4.1,False,3.278000013877942,True,4.1,False,3.689000006938971,4.1,True,False,0.5,0.0,3.3510494731174862,wind_stuck_7_days,2017
534,Almond_Med,Almond_High,2017-09-28,4.34552465,4.0,4.0,-0.12584691233565481,0.12584691233565481,0.47352281043107375,1.0178554215570477,0.11218176409024684,-0.01034814109868133,0.006334518600545823,-0.12584691233565481,1.150833819436878,0.30611238839626437,3.8741530876643453,True,4.0,False,4.0,False,3.8741530876643453,True,4.0,False,4.0,False,3.8741530876643453,True,3.9370765438321724,3.8741530876643453,True,True,0.5,1.0,3.8741530876643453,wind_stuck_7_days,2017
535,Almond_Med,Almond_High,2017-10-05,4.17900838,3.8,3.8,-1.0288748559755567,1.0288748559755567,0.4908157727201815,1.0653287047185938,0.2428210698905083,0.06839599785284026,-0.08178253755188904,-1.0288748559755567,1.150833819436878,0.30611238839626437,2.771125144024443,True,3.8,False,3.8,False,2.771125144024443,True,3.8,False,2.771125144024443,True,3.8,False,3.2855625720122212,3.0228573313876748,True,True,0.5,0.7553325500169359,2.771125144024443,wind_stuck_7_days,2017
536,Almond_Med,Almond_High,2017-10-06,4.06307913,3.4,3.4,-0.859549839610318,0.859549839610318,0.21462116392575045,0.5859481955616938,0.026279893807299472,0.0262201719351217,-0.020941322365091556,-0.8595498396103181,1.150833819436878,0.30611238839626437,2.540450160389682,True,2.540450160389682,True,2.540450160389682,True,2.540450160389682,True,2.540450160389682,True,2.540450160389682,True,3.4,False,2.970225080194841,2.987983956431196,True,True,0.5,0.4793393292419135,2.540450160389682,wind_stuck_7_days,2017
537,Almond_Med,Almond_High,2017-10-13,3.49945817,3.0,3.0,-1.0326081643541758,1.0326081643541758,0.2337513681449193,0.46718351592804697,0.026279893807299472,0.0262201719351217,-0.008496073330732722,-1.0326081643541758,1.150833819436878,0.30611238839626437,1.9673918356458242,True,1.9673918356458242,True,1.9673918356458242,True,1.9673918356458242,True,1.9673918356458242,True,1.9673918356458242,True,3.0,False,2.483695917822912,2.413755483590193,True,True,0.5,0.5677318237905489,1.9673918356458242,wind_stuck_7_days,2017
538,Almond_Med,Almond_High,2017-10-14,3.71711654,2.9,2.9,-0.6445240739552779,0.6445240739552779,0.3580848065284236,0.6514418822741945,-0.04999319359719258,-0.07426123214848676,-0.004131158068303865,-0.644524073955278,1.150833819436878,0.30611238839626437,2.255475926044722,True,2.9,False,2.255475926044722,True,2.9,False,2.9,False,2.9,False,2.9,False,2.577737963022361,2.7086251583948804,True,True,0.5,0.29692427224743007,2.255475926044722,wind_stuck_7_days,2017
539,Almond_Med,Almond_High,2017-10-21,2.75780716,2.5,2.5,-0.39473396469636357,0.39473396469636357,0.18799347217957602,0.4762898784460104,-0.0030078757447705323,0.014426410227436836,-0.006047462543166524,-0.39473396469636357,1.150833819436878,0.30611238839626437,2.1052660353036363,True,2.1052660353036363,True,2.1052660353036363,True,2.5,False,2.5,False,2.1052660353036363,True,2.5,False,2.3026330176518184,2.2936584459345193,True,True,0.5,0.5227357474145972,2.1052660353036363,wind_stuck_7_days,2017
540,Almond_Med,Almond_High,2017-10-22,2.91002352,2.6,2.6,-0.2646065738152901,0.2646065738152901,0.23995869761752694,0.45451552451661764,-0.005299743385366778,0.009280503156287881,-0.004131158068303865,-0.26460657381529007,1.150833819436878,0.30611238839626437,2.33539342618471,True,2.33539342618471,True,2.33539342618471,True,2.6,False,2.6,False,2.33539342618471,True,2.6,False,2.467696713092355,2.4390393093970006,True,True,0.5,0.6083019340077277,2.33539342618471,wind_stuck_7_days,2017
541,Almond_Med,Almond_High,2017-11-06,2.13837481,1.7,1.7,-0.3717667486450411,0.3717667486450411,0.14618737290504788,0.43009710268027934,-0.00016183873425949812,0.014426410227436836,-0.006047462543166524,-0.3717667486450411,1.150833819436878,0.30611238839626437,1.3282332513549588,True,1.3282332513549588,True,1.3282332513549588,True,1.7,False,1.7,False,1.3282332513549588,True,1.7,False,1.5141166256774794,1.47739448207724,True,True,0.5,0.5987773751527768,1.3282332513549588,wind_stuck_7_days,2017
542,Almond_Med,Almond_High,2017-11-07,2.39288335,1.8,1.8,-0.2973591711403293,0.2973591711403293,0.12866313033016727,0.479825582505686,0.0021448888485801304,0.014426410227436836,-0.006047462543166524,-0.2973591711403293,1.150833819436878,0.30611238839626437,1.5026408288596707,True,1.5026408288596707,True,1.5026408288596707,True,1.5026408288596707,True,1.5026408288596707,True,1.5026408288596707,True,1.8,False,1.6513204144298355,1.5615768073529042,True,True,0.5,0.8018020487909534,1.5026408288596707,wind_stuck_7_days,2017
543,Almond_Med,Almond_High,2017-11-14,2.07244735,1.8,1.8,0.0918752469967333,0.0918752469967333,0.11269401172037208,0.48942053273612035,0.0021448888485801304,0.014426410227436836,-0.006047462543166524,0.0918752469967333,1.150833819436878,0.30611238839626437,1.8918752469967333,True,1.8918752469967333,True,1.8918752469967333,True,1.8918752469967333,True,1.8918752469967333,True,1.8918752469967333,True,1.8,False,1.8459376234983667,1.8918752469967333,True,True,0.5,1.0,1.8918752469967333,wind_stuck_7_days,2017
544,Almond_Med,Almond_High,2017-11-15,2.31127332,1.4,1.4,-0.006290199309991698,0.006290199309991698,0.12764821702111515,0.4378876209619399,0.02298982817648017,0.024011823229732186,-0.006047462543166524,-0.006290199309991751,1.150833819436878,0.30611238839626437,1.3937098006900082,True,1.3937098006900082,True,1.3937098006900082,True,1.3937098006900082,True,1.3937098006900082,True,1.3937098006900082,True,1.4,False,1.3968549003450041,1.3937098006900082,True,True,0.5,1.0,1.3937098006900082,wind_stuck_7_days,2017
545,Almond_Med,Almond_High,2017-11-22,2.13182187,1.8,1.8,0.07188741962655623,0.07188741962655623,0.2389099761214063,0.754892035929074,0.02103100753092425,0.014426410227436836,-0.006047462543166524,0.0718874196265562,1.150833819436878,0.30611238839626437,1.8718874196265562,True,1.8718874196265562,True,1.8718874196265562,True,1.8718874196265562,True,1.8718874196265562,True,1.8718874196265562,True,1.8,False,1.8359437098132783,1.8718874196265562,True,True,0.5,1.0,1.8283556931135323,wind_stuck_7_days,2017
546,Almond_Med,Almond_High,2017-11-23,2.09715527,1.7,1.7,0.15735347228921023,0.15735347228921023,0.189927961834837,0.6681182271041546,0.019571091556009633,0.014426410227436836,-0.006047462543166524,0.15735347228921023,1.150833819436878,0.30611238839626437,1.8573534722892102,True,1.8573534722892102,True,1.8573534722892102,True,1.8573534722892102,True,1.8573534722892102,True,1.8573534722892102,True,1.7,False,1.778676736144605,1.8573534722892102,True,True,0.5,1.0,1.8573534722892102,wind_stuck_7_days,2017
547,Almond_Med,Almond_High,2017-11-30,1.25303649,1.3,1.3,0.05073465219443749,0.05073465219443749,0.269516263107837,0.5725218664344551,0.023004688118723554,0.019294785407137176,-0.006047462543166524,-0.050734652194437485,1.150833819436878,0.30611238839626437,1.3507346521944374,True,1.3507346521944374,True,1.3507346521944374,True,1.3507346521944374,True,1.3507346521944374,True,1.3507346521944374,True,1.3,False,1.3253673260972187,1.3507346521944374,True,True,0.5,1.0,1.3507346521944374,wind_stuck_7_days,2017
548,Almond_Med,Almond_High,2017-12-01,1.22842504,1.8,1.8,-0.09867519008323615,0.09867519008323615,0.4608940087079757,0.9076906730726364,0.12333044954863229,-0.004382762450597842,-0.041555416546034986,0.09867519008323616,1.150833819436878,0.30611238839626437,1.701324809916764,True,1.8,False,1.8,False,1.701324809916764,True,1.8,False,1.8,False,1.8,False,1.7506624049583819,1.701324809916764,True,True,0.5,1.0,1.68670037387738,wind_stuck_7_days,2017
549,Almond_Med,Almond_High,2017-12-08,0.93448019,1.3,1.3,-0.3109476810805655,0.3109476810805655,0.2945909321767961,0.8015793893566222,0.07053807646237303,0.011428231817446498,-0.006047462543166524,0.3109476810805655,1.150833819436878,0.30611238839626437,0.9890523189194346,True,0.9890523189194346,True,0.9890523189194346,True,0.9890523189194346,True,0.9890523189194346,True,0.9890523189194346,True,1.3,False,1.1445261594597174,0.9890523189194346,True,True,0.5,1.0,0.9099398784193087,wind_stuck_7_days,2017
550,Almond_Med,Almond_High,2017-12-16,0.69836004,1.2,1.2,-0.3020820217915956,0.3020820217915956,0.25559645860781716,0.6354797965872832,0.03017833816246539,0.017178063798652773,-0.006047462543166524,0.3020820217915956,1.150833819436878,0.30611238839626437,0.8979179782084044,True,0.8979179782084044,True,0.8979179782084044,True,0.8979179782084044,True,0.8979179782084044,True,0.8979179782084044,True,1.2,False,1.0489589891042022,0.9569460609734493,True,True,0.5,0.804595843158889,0.8979179782084044,wind_stuck_7_days,2017
551,Almond_Med,Almond_High,2017-12-17,0.34470447,1.0,1.0,-0.4974510968914532,0.4974510968914532,0.09802660526156882,0.44007596501217927,0.05982949737338644,0.05858483639193675,-0.006047462543166524,0.4974510968914532,1.150833819436878,0.30611238839626437,0.5025489031085468,True,0.5025489031085468,True,0.5025489031085468,True,0.5025489031085468,True,0.5025489031085468,True,0.5025489031085468,True,1.0,False,0.7512744515542734,0.683255704785442,True,True,0.5,0.636734539724361,0.5025489031085468,wind_stuck_7_days,2017
671,BAR012,BAR012,2017-05-20,3.77553015,3.9,3.9,-1.271068194345329,1.271068194345329,0.1694481742662339,0.5658175014078994,-0.19650516421151382,-0.2631971910142687,-0.19357079770332342,-1.0221284943453288,1.150833819436878,0.30611238839626437,2.6289318056546707,True,2.6289318056546707,True,2.6289318056546707,True,3.9,False,3.9,False,3.9,False,3.9,False,3.2644659028273355,3.9,True,False,0.5,0.0,2.6289318056546707,wind_stuck_7_days,2017
672,BAR012,BAR012,2017-06-05,3.46492041,3.5,3.5,-0.3105782062578294,0.3105782062578294,0.27235356856617565,0.7355185240647668,-0.027177011183751827,-0.04989062054264261,-0.030593619422944873,-0.2404190262578293,1.150833819436878,0.30611238839626437,3.1894217937421705,True,3.1894217937421705,True,3.1894217937421705,True,3.5,False,3.5,False,3.5,False,3.5,False,3.3447108968710855,3.5,True,False,0.5,0.0,3.1894217937421705,wind_stuck_7_days,2017
673,BAR012,BAR012,2017-06-13,3.7222023,3.2,3.2,0.6343776278620188,0.6343776278620188,0.25948057466185404,0.5533448240224897,-0.07675849391847556,-0.08826543826362356,-0.034202682254949685,0.4100269721379812,1.150833819436878,0.30611238839626437,3.834377627862019,True,3.834377627862019,True,3.834377627862019,True,3.2,False,3.2,False,3.2,False,3.2,False,3.5171888139310097,3.4103259213758084,True,True,0.5,0.33154687703071933,3.834377627862019,wind_stuck_7_days,2017
674,BAR012,BAR012,2017-06-21,5.13492717,4.5,4.5,-0.5547810942350518,0.5547810942350518,0.22708273041806626,0.5687294707115796,-0.03904057544613415,-0.04989062054264261,-0.030593619422944873,-0.554781094235052,1.150833819436878,0.30611238839626437,3.945218905764948,True,3.945218905764948,True,3.945218905764948,True,4.5,False,4.5,False,4.5,False,4.5,False,4.222609452882474,4.5,True,False,0.5,0.0,4.092497522540386,wind_stuck_7_days,2017
675,BAR012,BAR012,2017-07-15,5.78100084,4.0,4.0,0.46192121149594617,0.46192121149594617,0.413299462694585,1.0219610162291928,-0.0928525887149199,-0.0789145623866741,-0.06635842690133127,0.4619212114959461,1.150833819436878,0.30611238839626437,4.461921211495946,True,4.0,False,4.0,False,4.0,False,4.0,False,4.0,False,4.0,False,4.230960605747973,4.0,True,False,0.5,0.0,4.898683800755146,wind_stuck_7_days,2017
676,BAR012,BAR012,2017-07-23,4.30766504,4.0,4.0,-0.32058330170172417,0.32058330170172417,0.32822245536067174,0.6665686639252124,-0.047287945902530465,-0.06442118285608127,-0.030593619422944873,-0.3205833017017241,1.150833819436878,0.30611238839626437,3.679416698298276,True,4.0,False,3.679416698298276,True,4.0,False,4.0,False,4.0,False,4.0,False,3.839708349149138,4.0,True,False,0.5,0.0,3.679416698298276,wind_stuck_7_days,2017
677,BAR012,BAR012,2017-07-31,3.38940427,3.7,3.7,-1.494399256695469,1.494399256695469,0.2506950528998116,0.4516110322459408,-0.4582057365942265,-0.5235576989474394,0.021663124475981375,-0.8732077966954686,1.150833819436878,0.30611238839626437,2.2056007433045313,True,2.2056007433045313,True,2.2056007433045313,True,3.7,False,3.7,False,3.7,False,2.2056007433045313,True,2.9528003716522657,3.7,True,False,0.5,0.0,2.2056007433045313,wind_stuck_7_days,2017
678,BAR012,BAR012,2017-08-08,2.83338721,3.6,3.6,0.1136295459578303,0.1136295459578303,0.28520553325219383,0.662352089361146,-0.024031307872570525,-0.03937663810658652,-0.00977861365961994,-0.11362954595783026,1.150833819436878,0.30611238839626437,3.7136295459578306,True,3.7136295459578306,True,3.7136295459578306,True,3.6,False,3.6,False,3.6,False,3.6,False,3.6568147729789153,3.7136295459578306,True,True,0.5,1.0,3.7136295459578306,wind_stuck_7_days,2017
679,BAR012,BAR012,2017-08-16,2.57750964,3.3,3.3,-1.3240288744996067,1.3240288744996067,0.17015750418507353,0.40465962757326945,-0.20045586811902155,-0.15098686113155269,-0.0008295414398825565,0.12095184550039262,1.150833819436878,0.30611238839626437,1.975971125500393,True,1.975971125500393,True,1.975971125500393,True,3.3,False,3.3,False,3.3,False,3.3,False,2.6379855627501962,3.28749287276466,True,True,0.5,0.009446264712366339,1.975971125500393,wind_stuck_7_days,2017
680,BAR012,BAR012,2017-08-24,2.63778604,2.9,2.9,0.29760200631304323,0.29760200631304323,0.22236629028838578,0.7304293555955446,0.001894983551577938,-0.025567010172913667,-0.004131158068303865,-0.29760200631304323,1.150833819436878,0.30611238839626437,3.1976020063130433,True,3.1976020063130433,True,3.1976020063130433,True,3.1976020063130433,True,3.1976020063130433,True,2.9,False,2.9,False,3.0488010031565214,3.0349105641972205,True,True,0.5,0.4533254525687246,3.1976020063130433,wind_stuck_7_days,2017
681,BAR012,BAR012,2017-09-01,4.01530329,3.5,3.5,1.3367616281940506,1.3367616281940506,0.44515006830182874,1.1922469271841656,-0.4856816443309119,-0.4350150065129694,-0.4483091865154612,-0.30615504819405004,1.150833819436878,0.30611238839626437,4.836761628194051,True,3.5,False,3.5,False,3.5,False,3.5,False,3.5,False,3.5,False,4.168380814097025,3.5,True,False,0.5,0.0,3.4547323416919875,wind_stuck_7_days,2017
682,BAR012,BAR012,2017-09-09,2.83765593,3.1,3.1,-0.7209929067481327,0.7209929067481327,0.2297603051787353,0.6310237544922019,-0.05355441054474432,-0.1562705131312962,-0.16007054340213545,-0.19630476674813235,1.150833819436878,0.30611238839626437,2.379007093251867,True,2.379007093251867,True,2.379007093251867,True,3.1,False,3.1,False,3.1,False,3.1,False,2.739503546625934,2.9517425663679058,True,True,0.5,0.20562953150367935,2.379007093251867,wind_stuck_7_days,2017
683,BAR012,BAR012,2017-09-17,2.35299141,2.2,2.2,-0.030690225383427815,0.030690225383427815,0.3751315278350043,0.8146762795585198,-0.06340050506321018,-0.057312984686916466,-0.0388865895862142,-0.030690225383427805,1.150833819436878,0.30611238839626437,2.1693097746165724,True,2.2,False,2.1693097746165724,True,2.2,False,2.2,False,2.2,False,2.2,False,2.184654887308286,2.1693097746165724,True,True,0.5,1.0,2.1693097746165724,wind_stuck_7_days,2017
684,BAR012,BAR012,2017-09-25,2.72394903,2.5,2.5,-0.504485773201361,0.504485773201361,0.17898632248335022,0.4992280764312046,-0.0367487078055379,-0.03708909471497131,-0.00977861365961994,-0.504485773201361,1.150833819436878,0.30611238839626437,1.995514226798639,True,1.995514226798639,True,1.995514226798639,True,2.5,False,2.5,False,2.5,False,2.5,False,2.2477571133993193,2.4076578203153614,True,True,0.5,0.18304218788699347,1.995514226798639,wind_stuck_7_days,2017
685,BAR012,BAR012,2017-10-03,1.99480914,2.1,2.1,-0.33443454115945365,0.33443454115945365,0.22933910269492827,0.3884180189796247,-0.030252449994357614,-0.023279466781298455,-0.004131158068303865,-0.12405282115945365,1.150833819436878,0.30611238839626437,1.7655654588405465,True,1.7655654588405465,True,1.7655654588405465,True,2.1,False,2.1,False,2.1,False,2.1,False,1.9327827294202733,2.0190231787378825,True,True,0.5,0.2421305555980502,1.7655654588405465,wind_stuck_7_days,2017
686,BAR012,BAR012,2017-10-11,1.27356861,1.8,1.8,-0.5250289171839453,0.5250289171839453,0.34592983503052394,1.1073101336394882,-0.07203450430326908,-0.04700122094633913,-0.00900870375391805,0.5250289171839453,1.150833819436878,0.30611238839626437,1.2749710828160548,True,1.8,False,1.8,False,1.8,False,1.8,False,1.8,False,1.8,False,1.5374855414080275,1.8,True,False,0.5,0.0,1.2835965793194357,wind_stuck_7_days,2017
687,BAR012,BAR012,2017-10-27,0.60336627,1.0,1.0,-0.5049258483184879,0.5049258483184879,0.15767406308298446,0.5018393550559324,0.04408990034565506,0.050881435830317054,-0.004131158068303865,0.2883416116815122,1.150833819436878,0.30611238839626437,0.49507415168151214,True,0.49507415168151214,True,0.49507415168151214,True,0.49507415168151214,True,0.49507415168151214,True,0.49507415168151214,True,1.0,False,0.747537075840756,0.7021243784934701,True,True,0.5,0.589939339605053,0.49507415168151214,wind_stuck_7_days,2017
688,BAR012,BAR012,2017-11-28,0.86505747,0.5,0.5,0.3106370806255785,0.3106370806255785,0.1717634841074697,0.4308512046343943,0.04266794014291531,0.04887066618416427,-0.006047462543166524,0.3106370806255785,1.150833819436878,0.30611238839626437,0.8106370806255785,True,0.8106370806255785,True,0.8106370806255785,True,0.8106370806255785,True,0.8106370806255785,True,0.8106370806255785,True,0.5,False,0.6553185403127892,0.7698319656214176,True,True,0.5,0.8686405534008202,0.8106370806255785,wind_stuck_7_days,2017
689,BAR012,BAR012,2017-12-06,0.93759328,0.8,0.8,-0.1815072537643657,0.1815072537643657,0.08302413240337492,0.30339276827262884,0.02298982817648017,0.024011823229732186,-0.006047462543166524,-0.18150725376436572,1.150833819436878,0.30611238839626437,0.6184927462356343,True,0.6184927462356343,True,0.6184927462356343,True,0.6184927462356343,True,0.6184927462356343,True,0.6184927462356343,True,0.8,False,0.7092463731178172,0.633897515190873,True,True,0.5,0.9151286318549162,0.6184927462356343,wind_stuck_7_days,2017
690,BAR012,BAR012,2017-12-14,0.70760879,0.4,0.4,0.07331010410616723,0.07331010410616723,0.08078141699494998,0.34965329539673756,0.02111940667872665,0.015555014461246476,-0.006047462543166524,0.07331010410616723,1.150833819436878,0.30611238839626437,0.47331010410616725,True,0.47331010410616725,True,0.47331010410616725,True,0.47331010410616725,True,0.47331010410616725,True,0.47331010410616725,True,0.4,False,0.43665505205308364,0.47331010410616725,True,True,0.5,1.0,0.47331010410616725,wind_stuck_7_days,2017
1172,JPL1_Smith5,ALARC2_Smith6,2017-12-29,0.79319684,0.4,0.4,0.2569057726027774,0.2569057726027774,0.13037857584179882,0.6940389329331729,0.04912373916621217,0.041838635903206224,-0.006047462543166524,0.2569057726027774,1.150833819436878,0.30611238839626437,0.6569057726027774,True,0.6569057726027774,True,0.6569057726027774,True,0.6569057726027774,True,0.6569057726027774,True,0.6569057726027774,True,0.4,False,0.5284528863013888,0.5933588188163064,True,True,0.5,0.752644897221807,0.6569057726027774,wind_stuck_7_days,2017
1767,RIP760,Almond_Low,2017-05-22,5.89116551,5.8,5.8,0.18485734682979316,0.18485734682979316,0.3077863581466235,0.742610848178856,-0.03402625355517255,-0.047311146804832165,-0.030593619422944873,-0.002526326829791925,1.150833819436878,0.30611238839626437,5.984857346829793,True,5.984857346829793,True,5.984857346829793,True,5.8,False,5.8,False,5.8,False,5.8,False,5.892428673414896,5.876121091489903,True,True,0.5,0.4117828844530156,5.984857346829793,wind_stuck_7_days,2017
1768,RIP760,Almond_Low,2017-05-23,6.90243652,5.7,5.7,-0.13452155128352294,0.13452155128352294,0.3683124380045508,0.8160837581462135,-0.06856231480365245,-0.05966848318708664,-0.0388865895862142,-0.13452155128352294,1.150833819436878,0.30611238839626437,5.565478448716477,True,5.7,False,5.565478448716477,True,5.7,False,5.7,False,5.7,False,5.7,False,5.632739224358239,5.620484779461153,True,True,0.5,0.591096517845365,5.565478448716477,wind_stuck_7_days,2017
1769,RIP760,Almond_Low,2017-05-30,5.43992014,5.6,5.6,-0.704615648685708,0.704615648685708,0.22141786050903037,0.5226320287496578,-0.11723935316741388,-0.15513990587129173,-0.16007054340213545,-0.38445592868570855,1.150833819436878,0.30611238839626437,4.895384351314291,True,4.895384351314291,True,4.895384351314291,True,5.6,False,5.6,False,5.6,False,5.6,False,5.2476921756571455,5.3899669193216315,True,True,0.5,0.2980817713460305,4.895384351314291,wind_stuck_7_days,2017
1770,RIP760,Almond_Low,2017-06-07,6.50791271,5.5,5.5,-0.7171675019792643,0.7171675019792643,0.17833128506615015,0.49209595239216586,-0.13733818184314975,-0.2031999403318584,-0.16007054340213545,-0.7171675019792643,1.150833819436878,0.30611238839626437,4.782832498020736,True,4.782832498020736,True,4.782832498020736,True,5.5,False,5.5,False,5.5,False,5.5,False,5.141416249010367,5.472531380814875,True,True,0.5,0.0383015391931675,4.782832498020736,wind_stuck_7_days,2017
1771,RIP760,Almond_Low,2017-06-08,5.1616628,3.5,3.5,1.1306152027026306,1.1306152027026306,0.21487530008298034,0.5228921650668251,0.010027276444986877,0.020973468579238794,-0.0335083581859014,1.1306152027026306,1.150833819436878,0.30611238839626437,4.63061520270263,True,4.63061520270263,True,4.63061520270263,True,4.63061520270263,True,4.63061520270263,True,4.63061520270263,True,3.5,False,4.065307601351315,4.0229348439933155,True,True,0.5,0.46252238846893995,4.63061520270263,wind_stuck_7_days,2017
1772,RIP760,Almond_Low,2017-06-15,6.64635681,6.4,6.4,-0.19009821521795123,0.19009821521795123,0.1991234028572818,0.44210606961073545,-0.03310445028054387,-0.02708418342405296,-0.030593619422944873,-0.19009821521795123,1.150833819436878,0.30611238839626437,6.2099017847820495,True,6.2099017847820495,True,6.2099017847820495,True,6.4,False,6.4,False,6.4,False,6.4,False,6.304950892391025,6.4,True,False,0.5,0.0,6.2099017847820495,wind_stuck_7_days,2017
1773,RIP760,Almond_Low,2017-06-16,5.94879035,5.8,5.8,-0.4949030599362415,0.4949030599362415,0.23429798255687662,0.48279211580060866,-0.05068245659148261,-0.06606230741502617,-0.030593619422944873,-0.4949030599362415,1.150833819436878,0.30611238839626437,5.305096940063758,True,5.305096940063758,True,5.305096940063758,True,5.8,False,5.8,False,5.8,False,5.8,False,5.552548470031879,5.8,True,False,0.5,0.0,5.305096940063758,wind_stuck_7_days,2017
1774,RIP760,Almond_Low,2017-06-23,7.56545021,6.3,6.3,-0.15080879853781415,0.15080879853781415,0.2352837638812321,0.6669191033025285,-0.02089978381679809,-0.02708418342405296,-0.030593619422944873,-0.15080879853781415,1.150833819436878,0.30611238839626437,6.149191201462186,True,6.149191201462186,True,6.149191201462186,True,6.3,False,6.3,False,6.3,False,6.3,False,6.224595600731092,6.167737404881073,True,True,0.5,0.8770217414454257,6.149191201462186,wind_stuck_7_days,2017
1775,RIP760,Almond_Low,2017-07-01,6.5635815,6.0,6.0,-0.5620738835935961,0.5620738835935961,0.13408437093496267,0.4495130607123932,-0.062194884826060795,-0.04966874548209945,-0.030593619422944873,-0.5620738835935961,1.150833819436878,0.30611238839626437,5.437926116406404,True,5.437926116406404,True,5.437926116406404,True,6.0,False,6.0,False,6.0,False,6.0,False,5.718963058203202,5.831469188758881,True,True,0.5,0.2998374700557598,5.437926116406404,wind_stuck_7_days,2017
1776,RIP760,Almond_Low,2017-07-02,5.9973925,5.6,5.6,-0.5116872282981799,0.5116872282981799,0.26928690186310195,0.4982362663252646,-0.02829176027515051,-0.018002272954459483,-0.030593619422944873,-0.5116872282981799,1.150833819436878,0.30611238839626437,5.08831277170182,True,5.08831277170182,True,5.08831277170182,True,5.6,False,5.6,False,5.6,False,5.6,False,5.344156385850909,5.473348026723644,True,True,0.5,0.24751833986083016,5.08831277170182,wind_stuck_7_days,2017
1777,RIP760,Almond_Low,2017-07-09,7.47575797,5.7,5.7,-0.3836528004665169,0.3836528004665169,0.24862900922143732,0.5151498049433939,-0.05068245659148261,-0.0804518689570839,-0.030593619422944873,-0.38365280046651673,1.150833819436878,0.30611238839626437,5.3163471995334834,True,5.3163471995334834,True,5.3163471995334834,True,5.7,False,5.7,False,5.7,False,5.7,False,5.508173599766741,5.7,True,False,0.5,0.0,5.364330317095264,wind_stuck_7_days,2017
1778,RIP760,Almond_Low,2017-07-10,6.85380401,5.7,5.7,-0.1389795881156049,0.1389795881156049,0.1773099532014372,0.362772326689245,-0.03801607662065411,-0.03944459321514147,-0.030593619422944873,-0.13897958811560485,1.150833819436878,0.30611238839626437,5.561020411884395,True,5.561020411884395,True,5.561020411884395,True,5.7,False,5.7,False,5.7,False,5.7,False,5.630510205942198,5.6142648033946845,True,True,0.5,0.6168905647784808,5.561020411884395,wind_stuck_7_days,2017
1779,RIP760,Almond_Low,2017-07-25,5.24122623,5.7,5.7,0.11958368021171883,0.11958368021171883,0.22100378385608074,0.4116692127360898,-0.03087869489846599,-0.027464146070286882,-0.00977861365961994,-0.11958368021171883,1.150833819436878,0.30611238839626437,5.819583680211719,True,5.819583680211719,True,5.819583680211719,True,5.7,False,5.7,False,5.7,False,5.7,False,5.759791840105859,5.819583680211719,True,True,0.5,1.0,5.819583680211719,wind_stuck_7_days,2017
1780,RIP760,Almond_Low,2017-08-10,5.74388819,4.9,4.9,-0.7937326326114011,0.7937326326114011,0.1734972638597684,0.6856486705693559,-0.09425011107556809,-0.2031999403318584,-0.16007054340213545,-0.7937326326114011,1.150833819436878,0.30611238839626437,4.106267367388599,True,4.106267367388599,True,4.106267367388599,True,4.9,False,4.9,False,4.9,False,4.9,False,4.5031336836942994,4.815521533292658,True,True,0.5,0.1064318931041121,4.106267367388599,wind_stuck_7_days,2017
1781,RIP760,Almond_Low,2017-08-18,5.56578753,5.6,5.6,-0.8111725325145752,0.8111725325145752,0.17273451887889166,0.5878137421540042,-0.11494748552681763,-0.15513990587129173,-0.16007054340213545,-0.7427475925145753,1.150833819436878,0.30611238839626437,4.788827467485424,True,4.788827467485424,True,4.788827467485424,True,5.6,False,5.6,False,5.6,False,5.6,False,5.194413733742712,5.36476897677356,True,True,0.5,0.2899888911391523,4.788827467485424,wind_stuck_7_days,2017
1782,RIP760,Almond_Low,2017-08-19,5.7135134,5.4,5.4,-0.7540344636622428,0.7540344636622428,0.1221972139137898,0.5639384503321743,-0.13733818184314975,-0.2031999403318584,-0.16007054340213545,-0.7540344636622427,1.150833819436878,0.30611238839626437,4.645965536337758,True,4.645965536337758,True,4.645965536337758,True,5.4,False,5.4,False,5.4,False,5.4,False,5.022982768168879,5.366031980203357,True,True,0.5,0.04504836507295026,4.645965536337758,wind_stuck_7_days,2017
1783,RIP760,Almond_Low,2017-08-26,5.78147674,5.5,5.5,0.2073344897832869,0.2073344897832869,0.2024380336515448,0.6014951059539664,-0.025999892634554267,-0.027464146070286882,-0.00977861365961994,0.2073344897832869,1.150833819436878,0.30611238839626437,5.707334489783287,True,5.707334489783287,True,5.707334489783287,True,5.5,False,5.5,False,5.5,False,5.5,False,5.603667244891644,5.66010343874959,True,True,0.5,0.772198773667301,5.707334489783287,wind_stuck_7_days,2017
1784,RIP760,Almond_Low,2017-08-27,4.59191733,5.2,5.2,-0.007879224450215936,0.007879224450215936,0.2320956779390839,0.6751517949505542,-0.010569065921320585,-0.027464146070286882,-0.030593619422944873,0.007879224450215938,1.150833819436878,0.30611238839626437,5.1921207755497845,True,5.1921207755497845,True,5.1921207755497845,True,5.2,False,5.2,False,5.2,False,5.2,False,5.196060387774892,5.1921207755497845,True,True,0.5,1.0,5.1921207755497845,wind_stuck_7_days,2017
1785,RIP760,Almond_Low,2017-09-03,4.47010363,4.7,4.7,0.5906358059004276,0.5906358059004276,0.25172937846428334,0.8630649767426617,-0.029289343940833382,-0.05136645153637191,-0.0367308831125781,-0.5906358059004276,1.150833819436878,0.30611238839626437,5.290635805900428,True,5.290635805900428,True,5.290635805900428,True,4.7,False,4.7,False,4.7,False,4.7,False,4.995317902950214,4.925646951149209,True,True,0.5,0.38204075827270306,5.272955656842331,wind_stuck_7_days,2017
1786,RIP760,Almond_Low,2017-09-04,4.31103398,3.6,3.6,-0.9110484728533917,0.9110484728533917,0.5164745598151137,1.0765179422371256,-0.4930124276778187,-0.4795114258230402,-0.2480025540794268,-0.9110484728533916,1.150833819436878,0.30611238839626437,2.6889515271466085,True,3.6,False,3.6,False,3.6,False,3.6,False,3.6,False,3.6,False,3.144475763573304,3.6,True,False,0.5,0.0,2.708544999836419,wind_stuck_7_days,2017
1787,RIP760,Almond_Low,2017-09-12,5.3512025,4.6,4.6,-0.43123696899399266,0.43123696899399266,0.26551713128255805,0.4906792576007743,-0.005299743385366778,0.002180379223468672,-0.004131158068303865,-0.4312369689939928,1.150833819436878,0.30611238839626437,4.168763031006007,True,4.168763031006007,True,4.168763031006007,True,4.6,False,4.6,False,4.168763031006007,True,4.6,False,4.384381515503003,4.43204457921249,True,True,0.5,0.3894736139606106,4.168763031006007,wind_stuck_7_days,2017
1788,RIP760,Almond_Low,2017-09-19,4.85712288,4.4,4.4,-0.06209180252890552,0.06209180252890552,0.15035691188065742,0.4980767897626587,-0.0030078757447705323,0.002180379223468672,-0.004131158068303865,-0.06209180252890556,1.150833819436878,0.30611238839626437,4.337908197471095,True,4.337908197471095,True,4.337908197471095,True,4.4,False,4.4,False,4.337908197471095,True,4.4,False,4.368954098735547,4.337908197471095,True,True,0.5,1.0,4.337908197471095,wind_stuck_7_days,2017
1789,RIP760,Almond_Low,2017-09-20,4.34639499,4.7,4.7,0.004790325012778776,0.004790325012778776,0.16425054543508025,0.41755763393036754,-0.00531460332761016,0.002180379223468672,-0.004131158068303865,-0.004790325012778762,1.150833819436878,0.30611238839626437,4.704790325012779,True,4.704790325012779,True,4.704790325012779,True,4.7,False,4.7,False,4.704790325012779,True,4.7,False,4.70239516250639,4.704790325012779,True,True,0.5,1.0,4.704790325012779,wind_stuck_7_days,2017
1790,RIP760,Almond_Low,2017-10-05,3.15073614,3.8,3.8,-0.34939033659049734,0.34939033659049734,0.16426736400408118,0.4400843120657657,-0.002430380449597305,0.002180379223468672,-0.004131158068303865,0.34939033659049734,1.150833819436878,0.30611238839626437,3.4506096634095025,True,3.4506096634095025,True,3.4506096634095025,True,3.8,False,3.8,False,3.4506096634095025,True,3.8,False,3.625304831704751,3.6499761948672313,True,True,0.5,0.4293873911819256,3.4506096634095025,wind_stuck_7_days,2017
1791,RIP760,Almond_Low,2017-10-06,2.94732174,3.6,3.6,-0.5284067150067928,0.5284067150067928,0.1568486808975929,0.441734487028699,0.011291615301594072,0.0037645940445996725,-0.004131158068303865,0.5284067150067928,1.150833819436878,0.30611238839626437,3.0715932849932073,True,3.0715932849932073,True,3.0715932849932073,True,3.0715932849932073,True,3.0715932849932073,True,3.0715932849932073,True,3.6,False,3.3357966424966037,3.3831913053644387,True,True,0.5,0.41030647128088515,3.0715932849932073,wind_stuck_7_days,2017
1792,RIP760,Almond_Low,2017-10-13,1.93510558,2.9,2.9,-0.9571473288488331,0.9571473288488331,0.1831732651906943,0.4343295311195939,-0.13025620235491098,-0.05545205947045207,-0.0190250178902289,0.9571473288488331,1.150833819436878,0.30611238839626437,1.9428526711511669,True,1.9428526711511669,True,1.9428526711511669,True,2.9,False,2.9,False,2.9,False,2.9,False,2.421426335575583,2.577942001972552,True,True,0.5,0.33647693340458756,1.9428526711511669,wind_stuck_7_days,2017
1793,RIP760,Almond_Low,2017-11-14,1.21150973,1.5,1.5,0.11015610611790247,0.11015610611790247,0.1932469095370437,0.5438212701158933,0.025296555759319796,0.024011823229732186,-0.006047462543166524,-0.1101561061179025,1.150833819436878,0.30611238839626437,1.6101561061179024,True,1.6101561061179024,True,1.6101561061179024,True,1.6101561061179024,True,1.6101561061179024,True,1.6101561061179024,True,1.5,False,1.5550780530589512,1.6101561061179024,True,True,0.5,1.0,1.6101561061179024,wind_stuck_7_days,2017
1794,RIP760,Almond_Low,2017-11-15,0.61007162,1.2,1.2,-0.09209704331819359,0.09209704331819359,0.08635321785064867,0.37753787605319006,0.02298982817648017,0.024011823229732186,-0.006047462543166524,0.09209704331819357,1.150833819436878,0.30611238839626437,1.1079029566818064,True,1.1079029566818064,True,1.1079029566818064,True,1.1079029566818064,True,1.1079029566818064,True,1.1079029566818064,True,1.2,False,1.153951478340903,1.1079029566818064,True,True,0.5,1.0,1.1079029566818064,wind_stuck_7_days,2017
1795,RIP760,Almond_Low,2017-12-16,0.45261339,0.8,0.8,0.15407550285685775,0.15407550285685775,0.1752254537369565,0.7448499042666785,0.03648252898083346,0.024011823229732186,-0.006047462543166524,-0.15407550285685778,1.150833819436878,0.30611238839626437,0.9540755028568578,True,0.9540755028568578,True,0.9540755028568578,True,0.9540755028568578,True,0.9540755028568578,True,0.9540755028568578,True,0.8,False,0.8770377514284289,0.9540755028568578,True,True,0.5,1.0,0.9540755028568578,wind_stuck_7_days,2017
1796,RIP760,Almond_Low,2017-12-17,0.32168814,0.4,0.4,-0.048237671136968606,0.048237671136968606,0.08833695395486771,0.2988198391519595,0.02111940667872665,0.015555014461246476,-0.006047462543166524,0.048237671136968606,1.150833819436878,0.30611238839626437,0.35176232886303144,True,0.35176232886303144,True,0.35176232886303144,True,0.35176232886303144,True,0.35176232886303144,True,0.35176232886303144,True,0.4,False,0.3758811644315157,0.35176232886303144,True,True,0.5,1.0,0.35176232886303144,wind_stuck_7_days,2017
1917,S2,S2,2017-10-05,0.62482131,1.3,1.3,-0.2528812736038507,0.2528812736038507,0.25803939123792746,0.6959516644316983,0.03017833816246539,0.019294785407137176,-0.006047462543166524,0.2528812736038507,1.150833819436878,0.30611238839626437,1.0471187263961492,True,1.0471187263961492,True,1.0471187263961492,True,1.0471187263961492,True,1.0471187263961492,True,1.0471187263961492,True,1.3,False,1.1735593631980747,1.115678612152023,True,True,0.5,0.7288850820038356,1.0438098845706114,wind_stuck_7_days,2017
1918,S2,S2,2017-10-29,0.88589703,0.7,0.7,-0.12334381512153711,0.12334381512153711,0.11500285101889393,0.35699318371199606,0.02298982817648017,0.024011823229732186,-0.006047462543166524,-0.12334381512153714,1.150833819436878,0.30611238839626437,0.5766561848784628,True,0.5766561848784628,True,0.5766561848784628,True,0.5766561848784628,True,0.5766561848784628,True,0.5766561848784628,True,0.7,False,0.6383280924392314,0.5766561848784628,True,True,0.5,1.0,0.5766561848784628,wind_stuck_7_days,2017
2156,SLM001,SLM001,2017-03-02,1.09658081,1.4,1.4,0.0024147650444096363,0.0024147650444096363,0.1187661337432181,0.4089476380481881,0.02298982817648017,0.024011823229732186,-0.006047462543166524,-0.002414765044409628,1.150833819436878,0.30611238839626437,1.4024147650444097,True,1.4024147650444097,True,1.4024147650444097,True,1.4024147650444097,True,1.4024147650444097,True,1.4024147650444097,True,1.4,False,1.4012073825222047,1.4024147650444097,True,True,0.5,1.0,1.4037186615897863,wind_stuck_7_days,2017
2157,SLM001,SLM001,2017-03-03,0.9538379,2.0,2.0,-0.11952034681137613,0.11952034681137613,0.1357106369948474,0.4315777124092818,-0.00016183873425949812,0.014426410227436836,-0.006047462543166524,0.11952034681137613,1.150833819436878,0.30611238839626437,1.8804796531886239,True,1.8804796531886239,True,1.8804796531886239,True,2.0,False,2.0,False,1.8804796531886239,True,2.0,False,1.940239826594312,1.8804796531886239,True,True,0.5,1.0,1.8843336469074496,wind_stuck_7_days,2017
2158,SLM001,SLM001,2017-04-03,1.95288149,2.7,2.7,-0.12249327056922546,0.12249327056922546,0.14910452950994726,0.5108206936907017,-0.0030078757447705323,0.002180379223468672,-0.004131158068303865,0.12249327056922543,1.150833819436878,0.30611238839626437,2.5775067294307745,True,2.5775067294307745,True,2.5775067294307745,True,2.7,False,2.7,False,2.5775067294307745,True,2.7,False,2.6387533647153876,2.5775067294307745,True,True,0.5,1.0,2.5775067294307745,wind_stuck_7_days,2017
2159,SLM001,SLM001,2017-04-04,1.95088747,2.7,2.7,-0.2510274198850218,0.2510274198850218,0.10865714058300227,0.5098470694929296,-0.0030078757447705323,0.012138866835821624,-0.006047462543166524,0.2510274198850218,1.150833819436878,0.30611238839626437,2.448972580114978,True,2.448972580114978,True,2.448972580114978,True,2.7,False,2.7,False,2.448972580114978,True,2.7,False,2.5744862900574894,2.529713888103429,True,True,0.5,0.6783566192671997,2.4565294565230387,wind_stuck_7_days,2017
2160,SLM001,SLM001,2017-04-27,2.98789124,4.0,4.0,-1.294972869986312,1.294972869986312,0.10253535728972112,0.3406837132783677,0.09519008548109188,0.345959818663436,0.0037791415355424517,0.7292446500136878,1.150833819436878,0.30611238839626437,2.705027130013688,True,2.705027130013688,True,2.705027130013688,True,2.705027130013688,True,2.705027130013688,True,2.705027130013688,True,2.705027130013688,True,3.352513565006844,2.9036169048338607,True,True,0.5,0.8466456097861944,2.705027130013688,wind_stuck_7_days,2017
2161,SLM001,SLM001,2017-04-28,3.4051082,4.2,4.2,-0.2891791433247751,0.2891791433247751,0.18075361931558556,0.5400027861518201,-0.0057694048954597165,-0.0018966255439008262,-0.004131158068303865,0.2891791433247751,1.150833819436878,0.30611238839626437,3.910820856675225,True,3.910820856675225,True,3.910820856675225,True,4.2,False,4.2,False,4.2,False,4.2,False,4.055410428337613,4.089781024143841,True,True,0.5,0.38114427821086855,3.910820856675225,wind_stuck_7_days,2017
2162,SLM001,SLM001,2017-05-05,3.07083557,4.0,4.0,-1.2348128639275522,1.2348128639275522,0.12650588245922068,0.4267823360175737,-0.0021845014895926678,0.1002855501247717,-0.021566708662201933,0.6235159960724481,1.150833819436878,0.30611238839626437,2.7651871360724476,True,2.7651871360724476,True,2.7651871360724476,True,4.0,False,4.0,False,2.7651871360724476,True,4.0,False,3.382593568036224,3.439869883227591,True,True,0.5,0.45361538831949877,2.7651871360724476,wind_stuck_7_days,2017
2163,SLM001,SLM001,2017-05-13,2.72076266,4.1,4.1,-1.2473099038473614,1.2473099038473614,0.17441792628559266,0.37155518317682923,-0.029166845821776862,0.1002855501247717,-0.021566708662201933,1.2473099038473614,1.150833819436878,0.30611238839626437,2.8526900961526382,True,2.8526900961526382,True,2.8526900961526382,True,4.1,False,4.1,False,2.8526900961526382,True,4.1,False,3.476345048076319,3.541543905611217,True,True,0.5,0.4477284215143404,2.8526900961526382,wind_stuck_7_days,2017
2164,SLM001,SLM001,2017-05-14,2.59806667,3.8,3.8,-1.001932138374493,1.001932138374493,0.16693132988397244,0.2363514798143273,-0.17505685052785033,-0.05545205947045207,-0.03192561905361444,1.001932138374493,1.150833819436878,0.30611238839626437,2.7980678616255066,True,2.7980678616255066,True,2.7980678616255066,True,3.8,False,3.8,False,3.8,False,3.8,False,3.299033930812753,3.4532823714840886,True,True,0.5,0.34604901393662885,2.7980678616255066,wind_stuck_7_days,2017
2165,SLM001,SLM001,2017-05-22,4.94717924,4.8,4.8,-0.17264945723418124,0.17264945723418124,0.25297007578248254,0.571625244771651,-0.020180979404114847,-0.01982719418578781,-0.004131158068303865,-0.17264945723418124,1.150833819436878,0.30611238839626437,4.627350542765819,True,4.627350542765819,True,4.627350542765819,True,4.8,False,4.8,False,4.8,False,4.8,False,4.713675271382909,4.627350542765819,True,True,0.5,1.0,4.627350542765819,wind_stuck_7_days,2017
2166,SLM001,SLM001,2017-05-29,3.83693441,5.1,5.1,-0.9755263228509911,0.9755263228509911,0.1686392492896389,0.3639911894286006,-0.034995197218572346,0.03939860573076286,-0.0190250178902289,0.9755263228509911,1.150833819436878,0.30611238839626437,4.124473677149009,True,4.124473677149009,True,4.124473677149009,True,5.1,False,5.1,False,4.124473677149009,True,5.1,False,4.612236838574504,4.742405098146861,True,True,0.5,0.3665661227962176,4.124473677149009,wind_stuck_7_days,2017
2167,SLM001,SLM001,2017-05-30,3.6398921,4.8,4.8,-1.0870415095139985,1.0870415095139985,0.16793147739411923,0.40620205727199277,0.2806517590839588,0.30812662102226346,-0.03192561905361444,1.0870415095139985,1.150833819436878,0.30611238839626437,3.7129584904860016,True,3.7129584904860016,True,3.7129584904860016,True,3.7129584904860016,True,3.7129584904860016,True,3.7129584904860016,True,4.8,False,4.256479245243001,3.9982748561767245,True,True,0.5,0.7375294658082703,3.7129584904860016,wind_stuck_7_days,2017
2168,SLM001,SLM001,2017-06-06,5.13129393,6.0,6.0,-0.2555325984137597,0.2555325984137597,0.21202264069058863,0.5008377751578804,-0.006660805627743487,-0.007466784394699298,-0.004131158068303865,0.25553259841375975,1.150833819436878,0.30611238839626437,5.74446740158624,True,5.74446740158624,True,5.74446740158624,True,6.0,False,6.0,False,6.0,False,6.0,False,5.87223370079312,5.760058360426826,True,True,0.5,0.9389864191990863,5.74446740158624,wind_stuck_7_days,2017
2169,SLM001,SLM001,2017-06-14,5.43615349,5.3,5.3,-0.4601977696945346,0.4601977696945346,0.2200413695848153,0.4076856520903953,-0.022767914027430336,-0.010365321069960411,-0.004131158068303865,-0.4601977696945345,1.150833819436878,0.30611238839626437,4.839802230305465,True,4.839802230305465,True,4.839802230305465,True,5.3,False,5.3,False,5.3,False,5.3,False,5.0699011151527325,5.110052740111846,True,True,0.5,0.41275136994739214,4.839802230305465,wind_stuck_7_days,2017
2170,SLM001,SLM001,2017-06-15,5.71880798,5.8,5.8,-0.14825269123493232,0.14825269123493232,0.21726258942085241,0.43921991960291995,-0.019603484108941617,-0.01982719418578781,-0.00977861365961994,0.014131348765066859,1.150833819436878,0.30611238839626437,5.651747308765067,True,5.651747308765067,True,5.651747308765067,True,5.8,False,5.8,False,5.8,False,5.8,False,5.725873654382534,5.651747308765067,True,True,0.5,1.0,5.651747308765067,wind_stuck_7_days,2017
2171,SLM001,SLM001,2017-06-22,6.64797308,5.9,5.9,-0.20698194251872426,0.20698194251872426,0.22839422582855043,0.5653837704306353,-0.03692587788835364,-0.03944459321514147,-0.030593619422944873,-0.20698194251872426,1.150833819436878,0.30611238839626437,5.693018057481276,True,5.693018057481276,True,5.693018057481276,True,5.9,False,5.9,False,5.9,False,5.9,False,5.796509028740639,5.790217989370846,True,True,0.5,0.5303941459493403,5.693018057481276,wind_stuck_7_days,2017
2172,SLM001,SLM001,2017-06-23,6.13975557,6.5,6.5,0.1734802305792808,0.1734802305792808,0.23250091212839386,0.6114963372772163,-0.020557840728118403,-0.02708418342405296,-0.030593619422944873,-0.17348023057928086,1.150833819436878,0.30611238839626437,6.673480230579281,True,6.673480230579281,True,6.673480230579281,True,6.5,False,6.5,False,6.5,False,6.5,False,6.586740115289641,6.5,True,False,0.5,0.0,6.673480230579281,wind_stuck_7_days,2017
2173,SLM001,SLM001,2017-06-30,5.52121365,5.6,5.6,-0.2922501758606775,0.2922501758606775,0.2922076295918051,0.4125203550947135,-0.03253005002242941,-0.027693747775478488,-0.00977861365961994,-0.13467747586067813,1.150833819436878,0.30611238839626437,5.307749824139322,True,5.307749824139322,True,5.307749824139322,True,5.6,False,5.6,False,5.6,False,5.6,False,5.453874912069661,5.550595630686722,True,True,0.5,0.1690482107248757,5.307749824139322,wind_stuck_7_days,2017
2174,SLM001,SLM001,2017-07-01,4.48169405,5.2,5.2,-0.6648647983662196,0.6648647983662196,0.35362659899151916,0.4463342037860313,-0.22426176429417502,-0.17331407332401966,-0.004131158068303865,0.6648647983662196,1.150833819436878,0.30611238839626437,4.53513520163378,True,5.2,False,4.53513520163378,True,5.2,False,5.2,False,5.2,False,5.2,False,4.867567600816891,5.119389120302664,True,True,0.5,0.12124401817545806,4.53513520163378,wind_stuck_7_days,2017
2175,SLM001,SLM001,2017-07-16,6.53869999,5.5,5.5,-0.1596520093988091,0.1596520093988091,0.19576337236571711,0.4442451222709036,-0.034634010247757405,-0.03944459321514147,-0.030593619422944873,-0.1596520093988092,1.150833819436878,0.30611238839626437,5.340347990601191,True,5.340347990601191,True,5.340347990601191,True,5.5,False,5.5,False,5.5,False,5.5,False,5.420173995300596,5.462776110051553,True,True,0.5,0.23315641368135068,5.340347990601191,wind_stuck_7_days,2017
2176,SLM001,SLM001,2017-07-25,5.35924292,5.0,5.0,-0.7074288143825206,0.7074288143825206,0.3319249779074789,0.4095966966069707,-0.16312830108295656,-0.09639107041138203,-0.0190250178902289,-0.7074288143825207,1.150833819436878,0.30611238839626437,4.292571185617479,True,5.0,False,4.292571185617479,True,5.0,False,5.0,False,5.0,False,5.0,False,4.64628559280874,4.923481878381341,True,True,0.5,0.10816370504422827,4.292571185617479,wind_stuck_7_days,2017
2177,SLM001,SLM001,2017-08-01,4.85017462,5.3,5.3,0.25488932946503934,0.25488932946503934,0.2522465465705114,0.37709899288697796,-0.03087869489846599,-0.027464146070286882,-0.030593619422944873,-0.2548893294650394,1.150833819436878,0.30611238839626437,5.554889329465039,True,5.554889329465039,True,5.554889329465039,True,5.3,False,5.3,False,5.3,False,5.3,False,5.427444664732519,5.378449367764352,True,True,0.5,0.3077781558333626,5.554889329465039,wind_stuck_7_days,2017
2178,SLM001,SLM001,2017-08-09,4.21031622,5.0,5.0,-0.5679337753418668,0.5679337753418668,0.18559163559295086,0.419257126452382,-0.03101296788071019,-0.018467664114665393,-0.004131158068303865,0.5679337753418668,1.150833819436878,0.30611238839626437,4.432066224658133,True,4.432066224658133,True,4.432066224658133,True,5.0,False,5.0,False,5.0,False,5.0,False,4.716033112329066,4.862882788306879,True,True,0.5,0.24143169088787453,4.432066224658133,wind_stuck_7_days,2017
2179,SLM001,SLM001,2017-08-10,4.12811627,5.1,5.1,-0.4874080080527549,0.4874080080527549,0.29310355337170063,0.3849104205312611,-0.0211549899473374,-0.004422246725978262,-0.004131158068303865,0.4874080080527549,1.150833819436878,0.30611238839626437,4.6125919919472445,True,4.6125919919472445,True,4.6125919919472445,True,5.1,False,5.1,False,5.1,False,5.1,False,4.856295995973622,5.063650105648396,True,True,0.5,0.07457795881693703,4.6125919919472445,wind_stuck_7_days,2017
2180,SLM001,SLM001,2017-08-17,4.24127905,5.0,5.0,-0.2687506256396358,0.2687506256396358,0.21064466125412387,0.3644121036800253,-0.011392853952338324,-0.0060175662521149784,-0.004131158068303865,0.2687506256396358,1.150833819436878,0.30611238839626437,4.731249374360364,True,4.731249374360364,True,4.731249374360364,True,5.0,False,5.0,False,5.0,False,5.0,False,4.8656246871801825,4.821795242822201,True,True,0.5,0.6630859249300918,4.731249374360364,wind_stuck_7_days,2017
2181,SLM001,SLM001,2017-08-18,3.83595232,5.1,5.1,-0.502076024764584,0.502076024764584,0.18957959582674908,0.33717548499252287,-0.0212711781364153,-0.010365321069960411,-0.004131158068303865,0.502076024764584,1.150833819436878,0.30611238839626437,4.597923975235416,True,4.597923975235416,True,4.597923975235416,True,5.1,False,5.1,False,5.1,False,5.1,False,4.848961987617708,4.91993545963999,True,True,0.5,0.35863998971956323,4.597923975235416,wind_stuck_7_days,2017
2182,SLM001,SLM001,2017-08-26,4.57842334,4.6,4.6,0.16926135456916439,0.16926135456916439,0.20172314768892824,0.5730246310917727,-0.0367487078055379,-0.03937663810658652,-0.00977861365961994,-0.16926135456916439,1.150833819436878,0.30611238839626437,4.7692613545691644,True,4.7692613545691644,True,4.7692613545691644,True,4.6,False,4.6,False,4.6,False,4.6,False,4.684630677284582,4.7692613545691644,True,True,0.5,1.0,4.7692613545691644,wind_stuck_7_days,2017
2183,SLM001,SLM001,2017-09-10,3.28805248,3.0,3.0,-0.5066663923731136,0.5066663923731136,0.18930152805646389,0.5215654779617209,-0.0030078757447705323,0.002180379223468672,-0.004131158068303865,-0.5066663923731136,1.150833819436878,0.30611238839626437,2.4933336076268864,True,2.4933336076268864,True,2.4933336076268864,True,3.0,False,3.0,False,2.4933336076268864,True,3.0,False,2.746666803813443,2.814926069386308,True,True,0.5,0.3652776923822531,2.4933336076268864,wind_stuck_7_days,2017
2184,SLM001,SLM001,2017-09-18,1.41372179,2.8,2.8,-0.4666753356789419,0.4666753356789419,0.10252367166481179,0.27190363350997593,-0.006878984330007512,0.002180379223468672,-0.004131158068303865,0.4666753356789419,1.150833819436878,0.30611238839626437,2.333324664321058,True,2.333324664321058,True,2.333324664321058,True,2.8,False,2.8,False,2.333324664321058,True,2.8,False,2.566662332160529,2.5807308660935475,True,True,0.5,0.4698537015834553,2.333324664321058,wind_stuck_7_days,2017
2185,SLM001,SLM001,2017-09-19,1.6905866,3.5,3.5,-0.38827313442715583,0.38827313442715583,0.07638274880335694,0.3629923355961223,-0.006878984330007512,0.00699295976467267,-0.006047462543166524,0.38827313442715594,1.150833819436878,0.30611238839626437,3.111726865572844,True,3.111726865572844,True,3.111726865572844,True,3.5,False,3.5,False,3.111726865572844,True,3.5,False,3.3058634327864223,3.2950355004762786,True,True,0.5,0.5278874105624605,3.111726865572844,wind_stuck_7_days,2017
2186,SLM001,SLM001,2017-10-04,0.84800254,2.5,2.5,-0.8940503603872283,0.8940503603872283,0.11339992919251564,0.37383478573830853,-0.045966535241320855,0.028507715326736915,-0.0190250178902289,0.8940503603872283,1.150833819436878,0.30611238839626437,1.6059496396127717,True,1.6059496396127717,True,1.6059496396127717,True,2.5,False,2.5,False,1.6059496396127717,True,2.5,False,2.0529748198063857,2.1148527192438533,True,True,0.5,0.4307892461329953,1.6059496396127717,wind_stuck_7_days,2017
2187,SLM001,SLM001,2017-10-12,0.82665219,2.2,2.2,-0.9504030382761325,0.9504030382761325,0.1345155864865926,0.4003082642805637,-0.13025620235491098,-0.053164516078836856,-0.0190250178902289,0.9504030382761325,1.150833819436878,0.30611238839626437,1.2495969617238676,True,1.2495969617238676,True,1.2495969617238676,True,2.2,False,2.2,False,2.2,False,2.2,False,1.7247984808619339,1.8453546958989926,True,True,0.5,0.3731525361537912,1.2495969617238676,wind_stuck_7_days,2017
2188,SLM001,SLM001,2017-10-13,0.92224477,1.9,1.9,-0.8659117787361701,0.8659117787361701,0.10751438788852707,0.3838503896917587,-0.09611338888077235,-0.053164516078836856,-0.0190250178902289,0.8659117787361701,1.150833819436878,0.30611238839626437,1.0340882212638298,True,1.0340882212638298,True,1.0340882212638298,True,1.9,False,1.9,False,1.9,False,1.9,False,1.4670441106319148,1.5133690086087561,True,True,0.5,0.4465015962198204,1.0340882212638298,wind_stuck_7_days,2017
2189,SLM001,SLM001,2017-10-28,0.65083665,1.2,1.2,-0.23740528795895915,0.23740528795895915,0.15565216210114816,0.4801334959267269,0.025296555759319796,0.024011823229732186,-0.006047462543166524,0.23740528795895915,1.150833819436878,0.30611238839626437,0.9625947120410407,True,0.9625947120410407,True,0.9625947120410407,True,0.9625947120410407,True,0.9625947120410407,True,0.9625947120410407,True,1.2,False,1.0812973560205204,1.0026414953089604,True,True,0.5,0.8313146955899203,0.9625947120410407,wind_stuck_7_days,2017
2190,SLM001,SLM001,2017-10-29,0.44181506,1.4,1.4,-0.20532941501461227,0.20532941501461227,0.07044564107260136,0.3727558879565422,0.02298982817648017,0.024011823229732186,-0.006047462543166524,0.20532941501461233,1.150833819436878,0.30611238839626437,1.1946705849853876,True,1.1946705849853876,True,1.1946705849853876,True,1.1946705849853876,True,1.1946705849853876,True,1.1946705849853876,True,1.4,False,1.2973352924926937,1.2414448775278921,True,True,0.5,0.772198773667301,1.1946705849853876,wind_stuck_7_days,2017
2191,SLM001,SLM001,2017-11-05,0.52622032,0.7,0.7,0.13956958537174893,0.13956958537174893,0.11673705712062771,0.31015993972864625,0.02298982817648017,0.024011823229732186,-0.006047462543166524,-0.1395695853717489,1.150833819436878,0.30611238839626437,0.8395695853717489,True,0.8395695853717489,True,0.8395695853717489,True,0.8395695853717489,True,0.8395695853717489,True,0.8395695853717489,True,0.7,False,0.7697847926858744,0.8395695853717489,True,True,0.5,1.0,0.8395695853717489,wind_stuck_7_days,2017
2192,SLM001,SLM001,2017-12-16,1.42410644,1.0,1.0,0.18598867306880337,0.18598867306880337,0.17179601669378752,0.8008957722015035,0.03270097093552612,0.024011823229732186,-0.006047462543166524,0.18598867306880337,1.150833819436878,0.30611238839626437,1.1859886730688034,True,1.1859886730688034,True,1.1859886730688034,True,1.1859886730688034,True,1.1859886730688034,True,1.1859886730688034,True,1.0,False,1.0929943365344017,1.1859886730688034,True,True,0.5,1.0,1.1859886730688034,wind_stuck_7_days,2017
2682,US-A32,US-A32,2017-01-29,0.62749211,0.5,0.5,-0.003222462175029764,0.003222462175029764,0.0975173041068843,0.39177904615409304,0.01990945683715325,0.014345064619673073,-0.006047462543166524,-0.00322246217502975,1.150833819436878,0.30611238839626437,0.49677753782497025,True,0.49677753782497025,True,0.49677753782497025,True,0.49677753782497025,True,0.49677753782497025,True,0.49677753782497025,True,0.5,False,0.4983887689124851,0.49677753782497025,True,True,0.5,1.0,0.49677753782497025,wind_stuck_7_days,2017
2683,US-A32,US-A32,2017-02-22,1.24878807,1.3,1.3,0.2583869300920383,0.2583869300920383,0.3197014575789294,0.9716683392297721,0.031171426160042398,0.0020498098750318153,-0.010925008228780708,-0.2583869300920383,1.150833819436878,0.30611238839626437,1.5583869300920383,True,1.5583869300920383,True,1.3,False,1.5583869300920383,True,1.3,False,1.5583869300920383,True,1.3,False,1.4291934650460192,1.5583869300920383,True,True,0.5,1.0,1.5583869300920383,wind_stuck_7_days,2017
2684,US-A32,US-A32,2017-03-10,1.40347197,1.8,1.8,-0.07791627222258315,0.07791627222258315,0.13973703400266346,0.4118190993764214,-0.00016183873425949812,0.014426410227436836,-0.006047462543166524,0.07791627222258313,1.150833819436878,0.30611238839626437,1.7220837277774168,True,1.7220837277774168,True,1.7220837277774168,True,1.8,False,1.8,False,1.7220837277774168,True,1.8,False,1.7610418638887084,1.7220837277774168,True,True,0.5,1.0,1.7220837277774168,wind_stuck_7_days,2017
2685,US-A32,US-A32,2017-03-18,1.48939268,1.8,1.8,0.0124687007928548,0.0124687007928548,0.1297649374325892,0.4257139464702487,-0.00016183873425949812,0.006052137436214885,-0.004131158068303865,-0.012468700792854781,1.150833819436878,0.30611238839626437,1.8124687007928548,True,1.8124687007928548,True,1.8124687007928548,True,1.8,False,1.8,False,1.8124687007928548,True,1.8,False,1.8062343503964275,1.8124687007928548,True,True,0.5,1.0,1.8124687007928548,wind_stuck_7_days,2017
2686,US-A32,US-A32,2017-04-19,3.23201077,4.3,4.3,0.23820581674680136,0.23820581674680136,0.18642180095104094,0.6605344553089807,0.0160137150065649,0.002180379223468672,-0.004131158068303865,-0.2382058167468013,1.150833819436878,0.30611238839626437,4.538205816746801,True,4.538205816746801,True,4.538205816746801,True,4.538205816746801,True,4.538205816746801,True,4.538205816746801,True,4.3,False,4.4191029083734,4.454233216768831,True,True,0.5,0.6474788016313282,4.538205816746801,wind_stuck_7_days,2017
2691,US-A74,US-A32,2017-01-29,1.10571365,0.7,0.7,-0.07795194580991012,0.07795194580991012,0.09135033714871846,0.3826267765371212,0.02298982817648017,0.024011823229732186,-0.006047462543166524,-0.0779519458099101,1.150833819436878,0.30611238839626437,0.6220480541900898,True,0.6220480541900898,True,0.6220480541900898,True,0.6220480541900898,True,0.6220480541900898,True,0.6220480541900898,True,0.7,False,0.6610240270950449,0.6220480541900898,True,True,0.5,1.0,0.6220480541900898,wind_stuck_7_days,2017
2692,US-A74,US-A32,2017-03-10,1.18838334,1.3,1.3,0.3181300599443634,0.3181300599443634,0.07735155463622122,0.3823903297146263,0.02298982817648017,0.024011823229732186,-0.006047462543166524,-0.3181300599443634,1.150833819436878,0.30611238839626437,1.6181300599443635,True,1.6181300599443635,True,1.6181300599443635,True,1.6181300599443635,True,1.6181300599443635,True,1.6181300599443635,True,1.3,False,1.4590650299721817,1.542626153122702,True,True,0.5,0.7626633998847326,1.6181300599443635,wind_stuck_7_days,2017
2693,US-A74,US-A32,2017-04-11,2.45049261,2.3,2.3,-0.13936854568495685,0.13936854568495685,0.11464964251235396,0.28818673952078205,-0.006878984330007512,0.009280503156287881,-0.004131158068303865,-0.13936854568495682,1.150833819436878,0.30611238839626437,2.160631454315043,True,2.160631454315043,True,2.160631454315043,True,2.3,False,2.3,False,2.160631454315043,True,2.3,False,2.2303157271575214,2.160631454315043,True,True,0.5,1.0,2.160631454315043,wind_stuck_7_days,2017
2694,US-A74,US-A32,2017-09-18,4.1899333,3.0,3.0,0.3792992022621674,0.3792992022621674,0.21030340797794916,0.5439608491251026,-0.007512162497714675,0.003105489379592257,-0.006047462543166524,0.3792992022621674,1.150833819436878,0.30611238839626437,3.3792992022621675,True,3.3792992022621675,True,3.3792992022621675,True,3.0,False,3.0,False,3.3792992022621675,True,3.0,False,3.1896496011310838,3.2133004654765833,True,True,0.5,0.5623541104343064,3.3792992022621675,wind_stuck_7_days,2017
2695,US-A74,US-A32,2017-10-12,3.60468775,2.0,2.0,-0.12785779732126323,0.12785779732126323,0.10160911428015584,0.5259797092031617,0.0021448888485801304,0.004467922615083889,-0.004131158068303865,-0.12785779732126334,1.150833819436878,0.30611238839626437,1.8721422026787367,True,1.8721422026787367,True,1.8721422026787367,True,1.8721422026787367,True,1.8721422026787367,True,1.8721422026787367,True,2.0,False,1.9360711013393683,1.8721422026787367,True,True,0.5,1.0,1.8721422026787367,wind_stuck_7_days,2017
2696,US-A74,US-A32,2017-10-20,1.32382428,1.6,1.6,0.051013153782840756,0.051013153782840756,0.20487089629960886,0.7824719100879893,0.02733519834929231,0.004467922615083889,-0.004131158068303865,-0.05101315378284077,1.150833819436878,0.30611238839626437,1.6510131537828407,True,1.6510131537828407,True,1.6510131537828407,True,1.6510131537828407,True,1.6510131537828407,True,1.6510131537828407,True,1.6,False,1.6255065768914205,1.6510131537828407,True,True,0.5,1.0,1.6510131537828407,wind_stuck_7_days,2017
2973,US-ADR,US-ADR,2017-01-01,0.58174294,0.1,0.1,0.3300234850421881,0.3300234850421881,0.08322536691719677,0.3972921781491732,0.05086188333919194,0.053195275175407834,0.00850600182069552,0.3300234850421881,1.150833819436878,0.30611238839626437,0.4300234850421881,True,0.4300234850421881,True,0.4300234850421881,True,0.4300234850421881,True,0.4300234850421881,True,0.4300234850421881,True,0.4300234850421881,True,0.26501174252109405,0.4300234850421881,True,True,0.5,1.0,0.4300234850421881,wind_stuck_7_days,2017
2974,US-ADR,US-ADR,2017-01-16,0.19151723,0.5,0.5,-0.12486628656733063,0.12486628656733063,0.09005585004741629,0.303549395714681,0.01990945683715325,0.014345064619673073,-0.006047462543166524,0.12486628656733062,1.150833819436878,0.30611238839626437,0.3751337134326694,True,0.3751337134326694,True,0.3751337134326694,True,0.3751337134326694,True,0.3751337134326694,True,0.3751337134326694,True,0.5,False,0.43756685671633466,0.3751337134326694,True,True,0.5,1.0,0.3751337134326694,wind_stuck_7_days,2017
2975,US-ADR,US-ADR,2017-01-17,0.24256175,0.3,0.3,-0.09884167397488396,0.09884167397488396,0.09549256508555293,0.35543059740995847,0.02111940667872665,0.015555014461246476,-0.006047462543166524,0.016034826025116036,1.150833819436878,0.30611238839626437,0.20115832602511602,True,0.20115832602511602,True,0.20115832602511602,True,0.20115832602511602,True,0.20115832602511602,True,0.20115832602511602,True,0.3,False,0.250579163012558,0.20115832602511602,True,True,0.5,1.0,0.20115832602511602,wind_stuck_7_days,2017
2976,US-ADR,US-ADR,2017-01-24,0.80757055,0.4,0.4,-0.015314621554128823,0.015314621554128823,0.09735632677534885,0.41918777570422633,0.01895711667930625,0.016904472957416167,-0.006047462543166524,-0.015314621554128827,1.150833819436878,0.30611238839626437,0.3846853784458712,True,0.3846853784458712,True,0.3846853784458712,True,0.3846853784458712,True,0.3846853784458712,True,0.3846853784458712,True,0.4,False,0.39234268922293564,0.3846853784458712,True,True,0.5,1.0,0.3846853784458712,wind_stuck_7_days,2017
2977,US-ADR,US-ADR,2017-01-25,0.80042521,0.3,0.3,-0.0011361497405348643,0.0011361497405348643,0.11998089807815675,0.4316820217358808,0.02111940667872665,0.015555014461246476,-0.006047462543166524,-0.0011361497405348864,1.150833819436878,0.30611238839626437,0.2988638502594651,True,0.2988638502594651,True,0.2988638502594651,True,0.2988638502594651,True,0.2988638502594651,True,0.2988638502594651,True,0.3,False,0.29943192512973255,0.2988638502594651,True,True,0.5,1.0,0.2988638502594651,wind_stuck_7_days,2017
2978,US-ADR,US-ADR,2017-02-01,0.59802878,0.1,0.1,0.18794762143685745,0.18794762143685745,0.07432260017618136,0.4099384105037311,0.030265690032850304,0.022614397827126317,0.00850600182069552,0.18794762143685745,1.150833819436878,0.30611238839626437,0.2879476214368575,True,0.2879476214368575,True,0.2879476214368575,True,0.2879476214368575,True,0.2879476214368575,True,0.2879476214368575,True,0.2879476214368575,True,0.19397381071842873,0.2879476214368575,True,True,0.5,1.0,0.2879476214368575,wind_stuck_7_days,2017
2979,US-ADR,US-ADR,2017-02-02,0.39808224,1.2,1.2,-0.30108540761692176,0.30108540761692176,0.09109453866027417,0.39774758561533197,0.02298982817648017,0.029101904401739168,-0.006047462543166524,0.3010854076169218,1.150833819436878,0.30611238839626437,0.8989145923830781,True,0.8989145923830781,True,0.8989145923830781,True,0.8989145923830781,True,0.8989145923830781,True,0.8989145923830781,True,1.2,False,1.0494572961915392,0.9577479325956251,True,True,0.5,0.804595843158889,0.8989145923830781,wind_stuck_7_days,2017
2980,US-ADR,US-ADR,2017-02-09,0.46412065,0.4,0.4,0.4990228275942057,0.4990228275942057,0.12798467042426032,0.48588431491022216,0.12846244281005242,0.14123649051638068,-0.006047462543166524,-0.3707815275942057,1.150833819436878,0.30611238839626437,0.8990228275942057,True,0.8990228275942057,True,0.8990228275942057,True,0.8990228275942057,True,0.8990228275942057,True,0.8990228275942057,True,0.4,False,0.6495114137971029,0.8990228275942057,True,True,0.5,1.0,0.8990228275942057,wind_stuck_7_days,2017
2981,US-ADR,US-ADR,2017-02-25,1.09147586,0.2,0.2,0.29066941667010754,0.29066941667010754,0.13449383311403626,0.5096157102702445,0.05533090092145198,0.05713999939161751,0.00850600182069552,0.2906694166701076,1.150833819436878,0.30611238839626437,0.49066941667010755,True,0.49066941667010755,True,0.49066941667010755,True,0.49066941667010755,True,0.49066941667010755,True,0.49066941667010755,True,0.49066941667010755,True,0.34533470833505375,0.49066941667010755,True,True,0.5,1.0,0.49066941667010755,wind_stuck_7_days,2017
2982,US-ADR,US-ADR,2017-02-26,0.74810682,0.8,0.8,-0.09290373694134871,0.09290373694134871,0.13019683649768773,0.36538594151396275,0.02298982817648017,0.024011823229732186,-0.006047462543166524,0.01088262305865148,1.150833819436878,0.30611238839626437,0.7070962630586514,True,0.7070962630586514,True,0.7070962630586514,True,0.7070962630586514,True,0.7070962630586514,True,0.7070962630586514,True,0.8,False,0.7535481315293256,0.7070962630586514,True,True,0.5,1.0,0.7070962630586514,wind_stuck_7_days,2017
2983,US-ADR,US-ADR,2017-03-05,0.63374718,0.2,0.2,0.32904673147050933,0.32904673147050933,0.22330879757142155,0.4889785678236208,0.05303903328085572,0.05242296156902251,0.010422306295558178,0.32904673147050933,1.150833819436878,0.30611238839626437,0.5290467314705094,True,0.5290467314705094,True,0.5290467314705094,True,0.5290467314705094,True,0.5290467314705094,True,0.5290467314705094,True,0.5290467314705094,True,0.3645233657352547,0.5290467314705094,True,True,0.5,1.0,0.5290467314705094,wind_stuck_7_days,2017
2984,US-ADR,US-ADR,2017-03-06,0.75448963,0.1,0.1,0.38127739665098404,0.38127739665098404,0.13908478544934866,0.639189511877041,0.07334506772927558,0.06758128884974995,0.00850600182069552,0.38127739665098404,1.150833819436878,0.30611238839626437,0.481277396650984,True,0.481277396650984,True,0.481277396650984,True,0.481277396650984,True,0.481277396650984,True,0.481277396650984,True,0.481277396650984,True,0.29063869832549205,0.481277396650984,True,True,0.5,1.0,0.481277396650984,wind_stuck_7_days,2017
2985,US-ADR,US-ADR,2017-03-14,0.90737461,0.2,0.2,0.10618579617279975,0.10618579617279975,0.11207499795657895,0.4947527845774743,0.03257241761568993,0.022614397827126317,0.00850600182069552,0.10618579617279977,1.150833819436878,0.30611238839626437,0.30618579617279973,True,0.30618579617279973,True,0.30618579617279973,True,0.30618579617279973,True,0.30618579617279973,True,0.30618579617279973,True,0.30618579617279973,True,0.2530928980863999,0.30618579617279973,True,True,0.5,1.0,0.30618579617279973,wind_stuck_7_days,2017
2986,US-ADR,US-ADR,2017-03-21,0.65415406,1.5,1.5,0.026240929789784328,0.026240929789784328,0.15198855036055345,0.5851058134287801,0.025296555759319796,0.020310886800116786,-0.004131158068303865,-0.026240929789784317,1.150833819436878,0.30611238839626437,1.5262409297897843,True,1.5262409297897843,True,1.5262409297897843,True,1.5262409297897843,True,1.5262409297897843,True,1.5262409297897843,True,1.5,False,1.5131204648948922,1.5262409297897843,True,True,0.5,1.0,1.5262409297897843,wind_stuck_7_days,2017
2987,US-ADR,US-ADR,2017-03-29,0.54416101,0.1,0.1,0.24311751938201773,0.24311751938201773,0.09129607914995608,0.37347017831953966,0.04477732171598254,0.048898019269086074,0.010422306295558178,0.24311751938201773,1.150833819436878,0.30611238839626437,0.34311751938201773,True,0.34311751938201773,True,0.34311751938201773,True,0.34311751938201773,True,0.34311751938201773,True,0.34311751938201773,True,0.34311751938201773,True,0.22155875969100886,0.31783212678357964,True,True,0.5,0.8959951851157776,0.34311751938201773,wind_stuck_7_days,2017
2988,US-ADR,US-ADR,2017-03-30,0.7794128,0.6,0.6,0.10820613621537967,0.10820613621537967,0.12613507907177002,0.5104852490611245,0.023333571566393065,0.021247057803136328,-0.004131158068303865,0.10820613621537967,1.150833819436878,0.30611238839626437,0.7082061362153796,True,0.7082061362153796,True,0.7082061362153796,True,0.7082061362153796,True,0.7082061362153796,True,0.7082061362153796,True,0.6,False,0.6541030681076898,0.7082061362153796,True,True,0.5,1.0,0.7082061362153796,wind_stuck_7_days,2017
2989,US-ADR,US-ADR,2017-04-06,0.40933313,0.0,0.0,0.16426415793123597,0.16426415793123597,0.16652340849808792,0.3606071252496089,0.07919889780366343,0.07965561121027512,0.0047748507042421045,0.16426415793123597,1.150833819436878,0.30611238839626437,0.16426415793123597,True,0.16426415793123597,True,0.16426415793123597,True,0.16426415793123597,True,0.16426415793123597,True,0.16426415793123597,True,0.16426415793123597,True,0.08213207896561799,0.16426415793123597,True,True,0.5,1.0,0.16426415793123597,wind_stuck_7_days,2017
2990,US-ADR,US-ADR,2017-04-14,0.36639326,0.3,0.3,0.40118685545462524,0.40118685545462524,0.12311368210383333,0.381698031447173,0.08276435171702809,0.09801574238400647,-0.004131158068303865,-0.2684003354546252,1.150833819436878,0.30611238839626437,0.7011868554546252,True,0.7011868554546252,True,0.7011868554546252,True,0.7011868554546252,True,0.7011868554546252,True,0.7011868554546252,True,0.3,False,0.5005934277273126,0.661703941993447,True,True,0.5,0.9015847281027286,0.7011868554546252,wind_stuck_7_days,2017
2991,US-ADR,US-ADR,2017-04-15,0.33074096,0.2,0.2,0.2792530892853894,0.2792530892853894,0.14938324795554261,0.31420082269920185,0.0645021647615409,0.0790223063195253,0.010422306295558178,-0.017771169285389465,1.150833819436878,0.30611238839626437,0.4792530892853894,True,0.4792530892853894,True,0.4792530892853894,True,0.4792530892853894,True,0.4792530892853894,True,0.4792530892853894,True,0.4792530892853894,True,0.3396265446426947,0.38916280249564095,True,True,0.5,0.6773883969545685,0.4792530892853894,wind_stuck_7_days,2017
2992,US-ADR,US-ADR,2017-04-22,0.33377419,0.1,0.1,0.3204681769918503,0.3204681769918503,0.11013785770331957,0.27738538453324507,0.0645021647615409,0.07995847732254484,0.010422306295558178,0.14708020300814972,1.150833819436878,0.30611238839626437,0.42046817699185035,True,0.42046817699185035,True,0.42046817699185035,True,0.42046817699185035,True,0.42046817699185035,True,0.42046817699185035,True,0.42046817699185035,True,0.26023408849592516,0.42046817699185035,True,True,0.5,1.0,0.42046817699185035,wind_stuck_7_days,2017
2993,US-ADR,US-ADR,2017-04-23,0.37377633,0.0,0.0,0.22583639011856835,0.22583639011856835,0.09461910704756324,0.4114402871364131,0.11755435361580807,0.12782153958014267,0.0047748507042421045,0.22583639011856835,1.150833819436878,0.30611238839626437,0.22583639011856835,True,0.22583639011856835,True,0.22583639011856835,True,0.22583639011856835,True,0.22583639011856835,True,0.22583639011856835,True,0.22583639011856835,True,0.11291819505928417,0.17323399264415762,True,True,0.5,0.7670774074683293,0.22583639011856835,wind_stuck_7_days,2017
2994,US-ADR,US-ADR,2017-04-30,0.25220651,0.0,0.0,0.4148071804313179,0.4148071804313179,0.16915785196325733,0.4497945394313637,0.17765458332179118,0.20108452221505893,0.010422306295558178,0.08960583956868207,1.150833819436878,0.30611238839626437,0.4148071804313179,True,0.4148071804313179,True,0.4148071804313179,True,0.4148071804313179,True,0.4148071804313179,True,0.4148071804313179,True,0.4148071804313179,True,0.20740359021565896,0.4148071804313179,True,True,0.5,1.0,0.4148071804313179,wind_stuck_7_days,2017
2995,US-ADR,US-ADR,2017-05-01,0.25049744,0.9,0.9,-0.14016008592301143,0.14016008592301143,0.09467524074906439,0.33567636504526743,-0.0013700831627237442,-0.0011498693431408714,-0.004131158068303865,0.14016008592301143,1.150833819436878,0.30611238839626437,0.7598399140769886,True,0.7598399140769886,True,0.7598399140769886,True,0.9,False,0.9,False,0.9,False,0.9,False,0.8299199570384943,0.7598399140769886,True,True,0.5,1.0,0.7598399140769886,wind_stuck_7_days,2017
2996,US-ADR,US-ADR,2017-05-09,0.58664971,0.7,0.7,0.21928178298736745,0.21928178298736745,0.07447617471252733,0.33280282077239587,0.0050455379924656775,0.005265751812048551,-0.004131158068303865,-0.21928178298736745,1.150833819436878,0.30611238839626437,0.9192817829873674,True,0.9192817829873674,True,0.9192817829873674,True,0.9192817829873674,True,0.9192817829873674,True,0.9192817829873674,True,0.7,False,0.8096408914936837,0.8477005852450066,True,True,0.5,0.6735652329747589,0.9192817829873674,wind_stuck_7_days,2017
2997,US-ADR,US-ADR,2017-05-17,0.15960529,0.8,0.8,0.6039843016438202,0.6039843016438202,0.09975667386432309,0.393638070557503,0.03957075365046754,0.0554421526195337,-0.019519999214172416,-0.6039843016438202,1.150833819436878,0.30611238839626437,1.4039843016438203,True,1.4039843016438203,True,1.4039843016438203,True,1.4039843016438203,True,1.4039843016438203,True,1.4039843016438203,True,0.8,False,1.1019921508219102,1.2599786385479292,True,True,0.5,0.7615738311344166,1.4039843016438203,wind_stuck_7_days,2017
3351,US-ARM,US-A32,2017-01-29,1.81303741,1.1,1.1,-0.32093790721228305,0.32093790721228305,0.12135206728117057,0.4067578231579505,0.02298982817648017,0.029101904401739168,-0.006047462543166524,-0.3209379072122831,1.150833819436878,0.30611238839626437,0.779062092787717,True,0.779062092787717,True,0.779062092787717,True,0.779062092787717,True,0.779062092787717,True,0.779062092787717,True,1.1,False,0.9395310463938585,0.8689655448624557,True,True,0.5,0.7198727540300423,0.779062092787717,wind_stuck_7_days,2017
3352,US-ARM,US-A32,2017-02-22,2.87659994,2.1,2.1,0.08412113540953182,0.08412113540953182,0.47015072112163847,1.135054381136315,0.10224714241421953,-0.0174390196494808,-0.046432962231649166,0.08412113540953181,1.150833819436878,0.30611238839626437,2.184121135409532,True,2.1,False,2.1,False,2.184121135409532,True,2.1,False,2.1,False,2.1,False,2.142060567704766,2.184121135409532,True,True,0.5,1.0,2.184121135409532,wind_stuck_7_days,2017
3353,US-ARM,US-A32,2017-03-02,2.06875535,1.6,1.6,-0.6748879078667623,0.6748879078667623,0.11143510896855913,0.39681494403701345,-0.0009063446457637323,0.057620359463302614,-0.05116657411702952,-0.6748879078667622,1.150833819436878,0.30611238839626437,0.9251120921332378,True,0.9251120921332378,True,0.9251120921332378,True,1.6,False,1.6,False,0.9251120921332378,True,1.6,False,1.262556046066619,1.342509934782907,True,True,0.5,0.3815301210996468,0.9251120921332378,wind_stuck_7_days,2017
3354,US-ARM,US-A32,2017-03-10,2.35739308,1.8,1.8,-0.005102997148679641,0.005102997148679641,0.13616301094409533,0.38488504509763266,-0.00016183873425949812,0.014426410227436836,-0.006047462543166524,-0.005102997148679678,1.150833819436878,0.30611238839626437,1.7948970028513205,True,1.7948970028513205,True,1.7948970028513205,True,1.8,False,1.8,False,1.7948970028513205,True,1.8,False,1.7974485014256603,1.7948970028513205,True,True,0.5,1.0,1.7948970028513205,wind_stuck_7_days,2017
3355,US-ARM,US-A32,2017-03-18,2.69597618,2.8,2.8,-0.06625793979688963,0.06625793979688963,0.139871054517303,0.49217199456484656,-0.0030078757447705323,0.002180379223468672,-0.004131158068303865,0.06625793979688963,1.150833819436878,0.30611238839626437,2.7337420602031104,True,2.7337420602031104,True,2.7337420602031104,True,2.8,False,2.8,False,2.7337420602031104,True,2.8,False,2.766871030101555,2.7337420602031104,True,True,0.5,1.0,2.7337420602031104,wind_stuck_7_days,2017
3356,US-ARM,US-A32,2017-04-11,3.87749958,3.0,3.0,-0.4207597838988697,0.4207597838988697,0.07897560701349413,0.3529626244568943,-0.006878984330007512,0.00699295976467267,-0.004131158068303865,-0.4207597838988697,1.150833819436878,0.30611238839626437,2.5792402161011303,True,2.5792402161011303,True,2.5792402161011303,True,3.0,False,3.0,False,2.5792402161011303,True,3.0,False,2.789620108050565,2.7529431624441996,True,True,0.5,0.5871683725723681,2.5792402161011303,wind_stuck_7_days,2017
3357,US-ARM,US-A32,2017-05-05,5.5516851,3.9,3.9,-0.7189024843840015,0.7189024843840015,0.17028641702777522,0.2531015825151048,-0.17505685052785033,-0.05545205947045207,-0.0190250178902289,-0.7189024843840017,1.150833819436878,0.30611238839626437,3.181097515615998,True,3.181097515615998,True,3.181097515615998,True,3.9,False,3.9,False,3.9,False,3.9,False,3.5405487578079993,3.7062743908019695,True,True,0.5,0.26947411284024997,3.181097515615998,wind_stuck_7_days,2017
3358,US-ARM,US-A32,2017-05-29,4.41772298,3.3,3.3,-0.7813035321049103,0.7813035321049103,0.13930761818010787,0.502230285477925,-0.12440323771650809,-0.1562705131312962,-0.0190250178902289,-0.7813035321049102,1.150833819436878,0.30611238839626437,2.5186964678950896,True,2.5186964678950896,True,2.5186964678950896,True,3.3,False,3.3,False,3.3,False,3.3,False,2.9093482339475445,3.2032727500907114,True,True,0.5,0.12380239680818497,2.5186964678950896,wind_stuck_7_days,2017
3359,US-ARM,US-A32,2017-06-06,2.48392924,1.6,1.6,0.0076051670185581675,0.0076051670185581675,0.19093874403558567,0.4354202504891648,-0.03390267079502685,-0.03708909471497131,-0.004131158068303865,0.007605167018558179,1.150833819436878,0.30611238839626437,1.6076051670185583,True,1.6076051670185583,True,1.6076051670185583,True,1.6,False,1.6,False,1.6,False,1.6,False,1.603802583509279,1.6076051670185583,True,True,0.5,1.0,1.6076051670185583,wind_stuck_7_days,2017
3360,US-ARM,US-A32,2017-06-22,3.30715419,2.5,2.5,0.04798312051084671,0.04798312051084671,0.3540496474770408,0.593548763256499,-0.07078587872536847,-0.057312984686916466,-0.00977861365961994,0.047983120510846744,1.150833819436878,0.30611238839626437,2.5479831205108465,True,2.5,False,2.5479831205108465,True,2.5,False,2.5,False,2.5,False,2.5,False,2.5239915602554235,2.5479831205108465,True,True,0.5,1.0,2.5479831205108465,wind_stuck_7_days,2017
3361,US-ARM,US-A32,2017-07-24,1.98843084,1.9,1.9,-0.5523887290894052,0.5523887290894052,0.2630899083627536,0.4730291575687032,-0.03388781085278347,-0.03708909471497131,-0.00977861365961994,-0.5523887290894052,1.150833819436878,0.30611238839626437,1.3476112709105947,True,1.3476112709105947,True,1.3476112709105947,True,1.9,False,1.9,False,1.9,False,1.9,False,1.6238056354552972,1.8657917523615561,True,True,0.5,0.06192785232029419,1.3476112709105947,wind_stuck_7_days,2017
3362,US-ARM,US-A32,2017-08-17,5.83153052,4.4,4.4,-0.07227989101769319,0.07227989101769319,0.1499481208419594,0.35894463946479227,-0.006878984330007512,0.002180379223468672,-0.004131158068303865,-0.07227989101769317,1.150833819436878,0.30611238839626437,4.327720108982307,True,4.327720108982307,True,4.327720108982307,True,4.4,False,4.4,False,4.327720108982307,True,4.4,False,4.363860054491154,4.327720108982307,True,True,0.5,1.0,4.327720108982307,wind_stuck_7_days,2017
3363,US-ARM,US-A32,2017-09-10,1.86558541,2.6,2.6,-0.639389512419202,0.639389512419202,0.15471191796943834,0.38366920693356593,-0.02727301577107496,-0.053164516078836856,-0.004131158068303865,0.639389512419202,1.150833819436878,0.30611238839626437,1.960610487580798,True,1.960610487580798,True,1.960610487580798,True,2.6,False,2.6,False,2.6,False,2.6,False,2.2803052437903992,2.4144409274427012,True,True,0.5,0.2902128811203288,1.960610487580798,wind_stuck_7_days,2017
3364,US-ARM,US-A32,2017-09-18,3.05981066,1.8,1.8,0.7053532343237643,0.7053532343237643,0.30297040381684787,0.5950936287059663,0.041781898440851034,-0.007309714960061066,-0.20471725441507385,0.7053532343237643,1.150833819436878,0.30611238839626437,2.5053532343237643,True,2.5053532343237643,True,2.5053532343237643,True,2.5053532343237643,True,2.5053532343237643,True,1.8,False,1.8,False,2.152676617161882,2.2059544592011275,True,True,0.5,0.5755335616917161,2.5053532343237643,wind_stuck_7_days,2017
3365,US-ARM,US-A32,2017-10-12,3.48663979,2.5,2.5,-0.20691242936893225,0.20691242936893225,0.12963567264306358,0.516665138050117,-0.0030078757447705323,0.004467922615083889,-0.004131158068303865,-0.20691242936893217,1.150833819436878,0.30611238839626437,2.2930875706310676,True,2.2930875706310676,True,2.2930875706310676,True,2.5,False,2.5,False,2.2930875706310676,True,2.5,False,2.396543785315534,2.3402224757847883,True,True,0.5,0.772198773667301,2.2930875706310676,wind_stuck_7_days,2017
3366,US-ARM,US-A32,2017-10-28,1.36066885,1.3,1.3,-0.4687005398371177,0.4687005398371177,0.11914879993089102,0.3067988510054161,0.04374615695574217,0.0587362824289199,-0.006047462543166524,-0.4687005398371177,1.150833819436878,0.30611238839626437,0.8312994601628824,True,0.8312994601628824,True,0.8312994601628824,True,0.8312994601628824,True,0.8312994601628824,True,0.8312994601628824,True,1.3,False,1.0656497300814411,1.0521587813259665,True,True,0.5,0.5287837277937915,0.8312994601628824,wind_stuck_7_days,2017
3367,US-ARM,US-A32,2017-12-07,0.36693542,0.4,0.4,-0.02867578552797525,0.02867578552797525,0.09175846496351647,0.3514345079456642,0.01895711667930625,0.016904472957416167,-0.006047462543166524,0.02867578552797525,1.150833819436878,0.30611238839626437,0.3713242144720248,True,0.3713242144720248,True,0.3713242144720248,True,0.3713242144720248,True,0.3713242144720248,True,0.3713242144720248,True,0.4,False,0.3856621072360124,0.3713242144720248,True,True,0.5,1.0,0.3713242144720248,wind_stuck_7_days,2017
3368,US-ARM,US-A32,2017-12-15,0.32577031,0.5,0.5,0.025282437604670426,0.025282437604670426,0.0982233362420556,0.20560078418778552,0.01990945683715325,0.014345064619673073,-0.006047462543166524,-0.025282437604670416,1.150833819436878,0.30611238839626437,0.5252824376046704,True,0.5252824376046704,True,0.5252824376046704,True,0.5252824376046704,True,0.5252824376046704,True,0.5252824376046704,True,0.5,False,0.5126412188023353,0.5252824376046704,True,True,0.5,1.0,0.5252824376046704,wind_stuck_7_days,2017
3898,US-Bi1,US-Bi1,2017-01-05,1.6912473,0.6,0.6,0.10034029590456342,0.10034029590456342,0.1437942585243201,0.42258166686452797,0.02246694996492022,0.02386037719274904,-0.006047462543166524,0.10034029590456339,1.150833819436878,0.30611238839626437,0.7003402959045634,True,0.7003402959045634,True,0.7003402959045634,True,0.7003402959045634,True,0.7003402959045634,True,0.7003402959045634,True,0.6,False,0.6501701479522817,0.7003402959045634,True,True,0.5,1.0,0.6850358822693612,wind_stuck_7_days,2017
3899,US-Bi1,US-Bi1,2017-01-06,0.68309956,0.5,0.5,0.010003023115227475,0.010003023115227475,0.11101324731561416,0.36422687055328595,0.017747166837732847,0.015694523115842764,-0.006047462543166524,0.010003023115227466,1.150833819436878,0.30611238839626437,0.5100030231152275,True,0.5100030231152275,True,0.5100030231152275,True,0.5100030231152275,True,0.5100030231152275,True,0.5100030231152275,True,0.5,False,0.5050015115576137,0.5100030231152275,True,True,0.5,1.0,0.5254143015579943,wind_stuck_7_days,2017
3900,US-Bi1,US-Bi1,2017-01-13,1.34666837,0.7,0.7,-0.11849421975087049,0.11849421975087049,0.08312621008349884,0.3568521086731652,0.02246694996492022,0.02386037719274904,-0.006047462543166524,-0.11849421975087049,1.150833819436878,0.30611238839626437,0.5815057802491295,True,0.5815057802491295,True,0.5815057802491295,True,0.5815057802491295,True,0.5815057802491295,True,0.5815057802491295,True,0.7,False,0.6407528901245647,0.5815057802491295,True,True,0.5,1.0,0.5815057802491295,wind_stuck_7_days,2017
3901,US-Bi1,US-Bi1,2017-02-14,1.4944273,1.2,1.2,-0.03522887203877453,0.03522887203877453,0.14419401449025737,0.410893913560934,0.02298982817648017,0.024011823229732186,-0.006047462543166524,-0.035228872038774506,1.150833819436878,0.30611238839626437,1.1647711279612254,True,1.1647711279612254,True,1.1647711279612254,True,1.1647711279612254,True,1.1647711279612254,True,1.1647711279612254,True,1.2,False,1.1823855639806127,1.1647711279612254,True,True,0.5,1.0,1.1466514890792403,wind_stuck_7_days,2017
3902,US-Bi1,US-Bi1,2017-02-22,3.18434557,2.1,2.1,-0.29801476263285565,0.29801476263285565,0.21485634554586977,0.5884599441645635,-0.005299743385366778,0.014426410227436836,-0.006047462543166524,-0.29801476263285576,1.150833819436878,0.30611238839626437,1.8019852373671443,True,1.8019852373671443,True,1.8019852373671443,True,2.1,False,2.1,False,1.8019852373671443,True,2.1,False,1.9509926186835722,1.8610511527510267,True,True,0.5,0.8018020487909534,1.8019852373671443,wind_stuck_7_days,2017
3903,US-Bi1,US-Bi1,2017-03-02,1.95652069,2.0,2.0,-0.272314290674989,0.272314290674989,0.1346950716262506,0.41019461716006794,-0.00016183873425949812,0.014426410227436836,-0.006047462543166524,-0.18535567067498915,1.150833819436878,0.30611238839626437,1.7276857093250109,True,1.7276857093250109,True,1.7276857093250109,True,2.0,False,2.0,False,1.7276857093250109,True,2.0,False,1.8638428546625054,1.8411394984097513,True,True,0.5,0.5833718869343181,1.7456731814525748,wind_stuck_7_days,2017
3904,US-Bi1,US-Bi1,2017-03-27,4.75709622,3.3,3.3,-0.9743713442760574,0.9743713442760574,0.12268050876183788,0.33184726772312423,-0.02601343129417236,0.055332816071687406,-0.05116657411702952,-0.9743713442760575,1.150833819436878,0.30611238839626437,2.3256286557239423,True,2.3256286557239423,True,2.3256286557239423,True,3.3,False,3.3,False,2.3256286557239423,True,3.3,False,2.8128143278619713,2.9428207701072373,True,True,0.5,0.36657402949195,2.3256286557239423,wind_stuck_7_days,2017
3905,US-Bi1,US-Bi1,2017-04-03,6.36640459,4.7,4.7,-1.3010732970571164,1.3010732970571164,0.1665920650269738,0.6370575684652456,0.3017237972606838,0.10909445347680521,-0.021566708662201933,-1.3010732970571164,1.150833819436878,0.30611238839626437,3.398926702942884,True,3.398926702942884,True,3.398926702942884,True,3.398926702942884,True,3.398926702942884,True,3.398926702942884,True,4.7,False,4.0494633514714415,3.4723774394774956,True,True,0.5,0.9435460425628985,3.398926702942884,wind_stuck_7_days,2017
3906,US-Bi1,US-Bi1,2017-04-19,5.23573294,3.7,3.7,-1.2300862395538459,1.2300862395538459,0.12232059974584958,0.3366648815699815,0.02423503096199475,0.19363730120056954,0.0018628370606797928,-1.230086239553846,1.150833819436878,0.30611238839626437,2.469913760446154,True,2.469913760446154,True,2.469913760446154,True,2.469913760446154,True,2.469913760446154,True,2.469913760446154,True,2.469913760446154,True,3.084956880223077,3.0129092479780017,True,True,0.5,0.5585712041386687,2.469913760446154,wind_stuck_7_days,2017
3907,US-Bi1,US-Bi1,2017-04-27,2.61779294,2.8,2.8,-0.2786209716183926,0.2786209716183926,0.1653198560652151,0.38757269519186865,-0.00531460332761016,0.0037645940445996725,-0.004131158068303865,0.08579314838160668,1.150833819436878,0.30611238839626437,2.5213790283816073,True,2.5213790283816073,True,2.5213790283816073,True,2.8,False,2.8,False,2.5213790283816073,True,2.8,False,2.6606895141908034,2.6477837352335594,True,True,0.5,0.5463201993815461,2.5213790283816073,wind_stuck_7_days,2017
3908,US-Bi1,US-Bi1,2017-04-28,3.21140834,4.1,4.1,-0.42521172103804455,0.42521172103804455,0.15467238513725293,0.434131710769637,-0.00531460332761016,0.002180379223468672,-0.004131158068303865,0.42521172103804455,1.150833819436878,0.30611238839626437,3.6747882789619553,True,3.6747882789619553,True,3.6747882789619553,True,4.1,False,4.1,False,3.6747882789619553,True,4.1,False,3.8873941394809775,3.9132236591119804,True,True,0.5,0.43925492089459095,3.6747882789619553,wind_stuck_7_days,2017
3909,US-Bi1,US-Bi1,2017-05-05,6.16886404,5.4,5.4,-1.7826534154868174,1.7826534154868174,0.2238049340045107,0.6391959290659923,0.8721188372822141,0.6005091838207581,0.1692294646685367,-1.7826534154868172,1.150833819436878,0.30611238839626437,3.617346584513183,True,3.617346584513183,True,3.617346584513183,True,3.617346584513183,True,3.617346584513183,True,3.617346584513183,True,3.617346584513183,True,4.508673292256591,3.617346584513183,True,True,0.5,1.0,3.617346584513183,wind_stuck_7_days,2017
3910,US-Bi1,US-Bi1,2017-05-13,6.405572,5.8,5.8,-2.1742614580170057,2.1742614580170057,0.1778180875965467,0.6270225647381207,1.3177794602515245,1.21088955199003,0.44237241231186725,-2.1742614580170057,1.150833819436878,0.30611238839626437,3.625738541982994,True,3.625738541982994,True,3.625738541982994,True,3.625738541982994,True,3.625738541982994,True,3.625738541982994,True,3.625738541982994,True,4.712869270991497,3.8526485480331,True,True,0.5,0.8956381233667019,3.625738541982994,wind_stuck_7_days,2017
3911,US-Bi1,US-Bi1,2017-05-14,6.42527232,5.0,5.0,-1.4897764678228438,1.4897764678228438,0.14060379511804807,0.4361038996214486,0.4035068191484579,0.4837363921267593,0.027310580067297464,-1.4897764678228436,1.150833819436878,0.30611238839626437,3.5102235321771564,True,3.5102235321771564,True,3.5102235321771564,True,3.5102235321771564,True,3.5102235321771564,True,3.5102235321771564,True,3.5102235321771564,True,4.255111766088578,4.0270563029256286,True,True,0.5,0.6530803231817922,3.5102235321771564,wind_stuck_7_days,2017
3912,US-Bi1,US-Bi1,2017-05-21,7.22844416,7.1,7.1,0.14853138866942922,0.14853138866942922,0.48899142600360673,1.0996135326460805,-0.0358597775191324,-0.022165984577912294,-0.03852000415308784,0.10835693133057062,1.150833819436878,0.30611238839626437,7.248531388669429,True,7.1,False,7.1,False,7.1,False,7.1,False,7.1,False,7.1,False,7.174265694334714,7.248531388669429,True,True,0.5,1.0,7.248531388669429,wind_stuck_7_days,2017
3913,US-Bi1,US-Bi1,2017-05-29,1.79866779,4.0,4.0,-0.4798299510688322,0.4798299510688322,0.1988962468097606,0.2543303868476614,-0.006878984330007512,0.002180379223468672,-0.004131158068303865,0.4798299510688322,1.150833819436878,0.30611238839626437,3.520170048931168,True,3.520170048931168,True,3.520170048931168,True,4.0,False,4.0,False,3.520170048931168,True,4.0,False,3.760085024465584,3.8029660468508752,True,True,0.5,0.41063287673107324,3.520170048931168,wind_stuck_7_days,2017
3914,US-Bi1,US-Bi1,2017-05-30,1.90312778,3.3,3.3,0.058862338712848315,0.058862338712848315,0.14037511034224456,0.39954504107684174,-0.00531460332761016,0.002180379223468672,-0.004131158068303865,-0.058862338712848405,1.150833819436878,0.30611238839626437,3.3588623387128482,True,3.3588623387128482,True,3.3588623387128482,True,3.3,False,3.3,False,3.3588623387128482,True,3.3,False,3.329431169356424,3.3588623387128482,True,True,0.5,1.0,3.3588623387128482,wind_stuck_7_days,2017
3915,US-Bi1,US-Bi1,2017-06-06,5.53347701,5.3,5.3,-0.8283784834632837,0.8283784834632837,0.1882240544779053,0.41856677163594763,-0.08032816421909501,-0.057342843162711724,-0.0190250178902289,-0.8283784834632837,1.150833819436878,0.30611238839626437,4.471621516536716,True,4.471621516536716,True,4.471621516536716,True,5.3,False,5.3,False,5.3,False,5.3,False,4.885810758268358,5.1138936472655585,True,True,0.5,0.2246634315709989,4.471621516536716,wind_stuck_7_days,2017
3916,US-Bi1,US-Bi1,2017-06-14,8.36461499,6.8,6.8,-0.40669542115886914,0.40669542115886914,0.20699390733698497,0.46982632506623306,-0.02504782796251397,-0.015103736279198378,-0.008402652266017531,-0.40669542115886914,1.150833819436878,0.30611238839626437,6.39330457884113,True,6.39330457884113,True,6.39330457884113,True,6.8,False,6.8,False,6.8,False,6.8,False,6.5966522894205655,6.39330457884113,True,True,0.5,1.0,6.39330457884113,wind_stuck_7_days,2017
3917,US-Bi1,US-Bi1,2017-06-15,8.54298398,7.2,7.2,-0.32608779750212447,0.32608779750212447,0.21514552591107486,0.5120315579426921,-0.027339695603110212,-0.015103736279198378,-0.008402652266017531,-0.3260877975021246,1.150833819436878,0.30611238839626437,6.873912202497876,True,6.873912202497876,True,6.873912202497876,True,7.2,False,7.2,False,7.2,False,7.2,False,7.036956101248938,6.873912202497876,True,True,0.5,1.0,6.873912202497876,wind_stuck_7_days,2017
3918,US-Bi1,US-Bi1,2017-06-22,9.19538524,8.7,8.7,0.8491204732209467,0.8491204732209467,0.4228134026948471,0.9309962083899237,-0.4091104779710711,-0.30650475866314114,-0.11585446046647173,0.14165000677905515,1.150833819436878,0.30611238839626437,9.549120473220945,True,8.7,False,8.7,False,8.7,False,8.7,False,8.7,False,8.7,False,9.124560236610472,8.77312864282495,True,True,0.5,0.08612281193451075,9.549120473220945,wind_stuck_7_days,2017
3919,US-Bi1,US-Bi1,2017-06-30,2.95643401,3.6,3.6,-0.8900975593408325,0.8900975593408325,0.1888965965173607,0.5123126757410768,-0.2014182727578666,-0.23711307374481538,-0.02467247348154498,0.3970344206591674,1.150833819436878,0.30611238839626437,2.7099024406591674,True,2.7099024406591674,True,2.7099024406591674,True,3.6,False,3.6,False,3.6,False,3.6,False,3.154951220329584,3.6,True,False,0.5,0.0,2.7099024406591674,wind_stuck_7_days,2017
3920,US-Bi1,US-Bi1,2017-07-01,3.31523688,3.3,3.3,-1.1826732977330479,1.1826732977330479,0.22058644670105237,0.4091528060383278,-0.3392579767586089,-0.2631971910142687,-0.021566708662201933,-1.1826732977330479,1.150833819436878,0.30611238839626437,2.117326702266952,True,2.117326702266952,True,2.117326702266952,True,3.3,False,3.3,False,3.3,False,3.3,False,2.7086633511334757,3.3,True,False,0.5,0.0,2.117326702266952,wind_stuck_7_days,2017
3921,US-Bi1,US-Bi1,2017-07-08,7.61082448,6.2,6.2,-0.22178604496320142,0.22178604496320142,0.2524298750728089,0.6266565079277797,-0.025417911114578636,-0.04147374496611067,-0.030593619422944873,-0.22178604496320142,1.150833819436878,0.30611238839626437,5.978213955036798,True,5.978213955036798,True,5.978213955036798,True,6.2,False,6.2,False,6.2,False,6.2,False,6.0891069775184,6.17443122516822,True,True,0.5,0.11528576938203013,6.016713340220301,wind_stuck_7_days,2017
3922,US-Bi1,US-Bi1,2017-07-16,8.53564099,6.8,6.8,0.1620168312196384,0.1620168312196384,0.3064219533739826,0.6582767413109356,-0.030661919811797177,-0.04934029855580134,-0.030593619422944873,0.1620168312196384,1.150833819436878,0.30611238839626437,6.962016831219638,True,6.962016831219638,True,6.962016831219638,True,6.8,False,6.8,False,6.8,False,6.8,False,6.881008415609819,6.8,True,False,0.5,0.0,6.962016831219638,wind_stuck_7_days,2017
3923,US-Bi1,US-Bi1,2017-07-17,7.98552028,6.9,6.9,0.265689455108053,0.265689455108053,0.19229875292320056,0.5761662644364507,-0.033681945575717104,-0.04147374496611067,-0.030593619422944873,0.265689455108053,1.150833819436878,0.30611238839626437,7.165689455108053,True,7.165689455108053,True,7.165689455108053,True,6.9,False,6.9,False,6.9,False,6.9,False,7.032844727554027,6.9,True,False,0.5,0.0,7.165689455108053,wind_stuck_7_days,2017
3924,US-Bi1,US-Bi1,2017-07-24,2.93065129,5.6,5.6,-0.3872600450971796,0.3872600450971796,0.17519056326035762,0.3115197137133523,-0.0212711781364153,-0.01982719418578781,-0.004131158068303865,0.3872600450971797,1.150833819436878,0.30611238839626437,5.21273995490282,True,5.21273995490282,True,5.21273995490282,True,5.6,False,5.6,False,5.6,False,5.6,False,5.40636997745141,5.449400227143597,True,True,0.5,0.3888853879015862,5.21273995490282,wind_stuck_7_days,2017
3925,US-Bi1,US-Bi1,2017-08-01,3.1091215,2.8,2.8,-0.24067126609299935,0.24067126609299935,0.2989080082428108,0.5614099963008614,-0.048802711441133205,-0.0472431916962772,-0.030593619422944873,-0.24067126609299938,1.150833819436878,0.30611238839626437,2.5593287339070003,True,2.5593287339070003,True,2.5593287339070003,True,2.8,False,2.8,False,2.8,False,2.8,False,2.6796643669535003,2.8,True,False,0.5,0.0,2.5593287339070003,wind_stuck_7_days,2017
3926,US-Bi1,US-Bi1,2017-08-09,3.30095611,3.1,3.1,0.08026493932905279,0.08026493932905279,0.2535879883802549,0.6010153230024734,-0.027665515371042126,-0.025567010172913667,-0.004131158068303865,0.08026493932905279,1.150833819436878,0.30611238839626437,3.180264939329053,True,3.180264939329053,True,3.180264939329053,True,3.1,False,3.1,False,3.1,False,3.1,False,3.1401324696645263,3.180264939329053,True,True,0.5,1.0,3.180264939329053,wind_stuck_7_days,2017
3927,US-Bi1,US-Bi1,2017-08-17,4.00752523,4.5,4.5,-0.661788798294809,0.661788798294809,0.1831097130409744,0.43069258822296697,-0.11533490522425573,-0.13365198184558977,-0.004131158068303865,0.3231607417051916,1.150833819436878,0.30611238839626437,3.838211201705191,True,3.838211201705191,True,3.838211201705191,True,4.5,False,4.5,False,4.5,False,4.5,False,4.169105600852595,4.42016177810992,True,True,0.5,0.12064003213078628,3.838211201705191,wind_stuck_7_days,2017
3928,US-Bi1,US-Bi1,2017-08-18,4.09264615,4.6,4.6,-0.7769201854330793,0.7769201854330793,0.14127488749505482,0.3991504254136623,-0.1805416658016437,-0.14746160977926265,-0.0190250178902289,0.2377875145669196,1.150833819436878,0.30611238839626437,3.8230798145669205,True,3.8230798145669205,True,3.8230798145669205,True,4.6,False,4.6,False,4.6,False,4.6,False,4.21153990728346,4.531607566117577,True,True,0.5,0.08803019301692953,3.8230798145669205,wind_stuck_7_days,2017
3929,US-Bi1,US-Bi1,2017-08-25,2.49569022,3.4,3.4,-1.2620786587469435,1.2620786587469435,0.19573479770507343,0.3870121688612203,-0.34892392974169933,-0.2631971910142687,-0.021566708662201933,0.546540901253056,1.150833819436878,0.30611238839626437,2.1379213412530564,True,2.1379213412530564,True,2.1379213412530564,True,3.4,False,3.4,False,3.4,False,3.4,False,2.7689606706265284,3.4,True,False,0.5,0.0,2.1379213412530564,wind_stuck_7_days,2017
3930,US-Bi1,US-Bi1,2017-09-02,2.39897204,2.0,2.0,-0.2586470901939576,0.2586470901939576,0.1285474626702511,0.6065336647272208,-0.03159594321218723,-0.03708909471497131,-0.004131158068303865,-0.2586470901939576,1.150833819436878,0.30611238839626437,1.7413529098060425,True,1.7413529098060425,True,1.7413529098060425,True,2.0,False,2.0,False,2.0,False,2.0,False,1.8706764549030213,1.875791432206778,True,True,0.5,0.4802241065232128,1.7413529098060425,wind_stuck_7_days,2017
3931,US-Bi1,US-Bi1,2017-09-03,2.57955542,3.0,3.0,0.2543120623948419,0.2543120623948419,0.23953297417515154,0.621351901466026,-0.03904057544613415,-0.03937663810658652,-0.030593619422944873,-0.25431206239484183,1.150833819436878,0.30611238839626437,3.254312062394842,True,3.254312062394842,True,3.254312062394842,True,3.0,False,3.0,False,3.0,False,3.0,False,3.127156031197421,3.038972072457486,True,True,0.5,0.15324508043577761,3.254312062394842,wind_stuck_7_days,2017
3932,US-Bi1,US-Bi1,2017-09-10,3.07414567,2.2,2.2,-0.7283327091667311,0.7283327091667311,0.14953184088227123,0.35213903427960686,-0.1473560899674677,-0.05724152084620636,-0.0190250178902289,-0.7283327091667311,1.150833819436878,0.30611238839626437,1.471667290833269,True,1.471667290833269,True,1.471667290833269,True,2.2,False,2.2,False,2.2,False,2.2,False,1.8358336454166346,2.077209130763434,True,True,0.5,0.16859172695545743,1.471667290833269,wind_stuck_7_days,2017
3933,US-Bi1,US-Bi1,2017-09-19,2.92892427,3.3,3.3,-0.3097509844700045,0.3097509844700045,0.0762860433198969,0.28879233287527073,-0.006878984330007512,0.0037645940445996725,-0.004131158068303865,0.3097509844700045,1.150833819436878,0.30611238839626437,2.9902490155299954,True,2.9902490155299954,True,2.9902490155299954,True,3.3,False,3.3,False,2.9902490155299954,True,3.3,False,3.1451245077649976,3.07386565343662,True,True,0.5,0.7300520673091773,2.9902490155299954,wind_stuck_7_days,2017
3934,US-Bi1,US-Bi1,2017-09-26,2.87384854,2.6,2.6,-0.5355023752906461,0.5355023752906461,0.19084516449566766,0.4606169963927762,-0.0030078757447705323,0.004467922615083889,-0.004131158068303865,-0.5355023752906461,1.150833819436878,0.30611238839626437,2.064497624709354,True,2.064497624709354,True,2.064497624709354,True,2.6,False,2.6,False,2.064497624709354,True,2.6,False,2.332248812354677,2.4238569587094543,True,True,0.5,0.3289304574885285,2.064497624709354,wind_stuck_7_days,2017
3935,US-Bi1,US-Bi1,2017-10-04,1.31386686,1.4,1.4,-0.4750607910913449,0.4750607910913449,0.08252405610306321,0.37433802634514124,0.04374615695574217,0.05661956082043549,-0.004131158068303865,-0.30279451109134525,1.150833819436878,0.30611238839626437,0.924939208908655,True,0.924939208908655,True,0.924939208908655,True,0.924939208908655,True,0.924939208908655,True,0.924939208908655,True,1.4,False,1.1624696044543275,1.1529961441986796,True,True,0.5,0.5199415747064386,0.924939208908655,wind_stuck_7_days,2017
3936,US-Bi1,US-Bi1,2017-10-05,1.44147886,1.3,1.3,-0.3946761232013369,0.3946761232013369,0.1190252983962415,0.3093144786489829,0.02298982817648017,0.026985182793254767,-0.004131158068303865,-0.39467612320133694,1.150833819436878,0.30611238839626437,0.9053238767986631,True,0.9053238767986631,True,0.9053238767986631,True,0.9053238767986631,True,0.9053238767986631,True,0.9053238767986631,True,1.3,False,1.1026619383993317,1.0742812035767002,True,True,0.5,0.5719089226691159,0.9053238767986631,wind_stuck_7_days,2017
3937,US-Bi1,US-Bi1,2017-10-12,1.58557983,1.6,1.6,-0.7266624562820722,0.7266624562820722,0.09690581804783689,0.3568933764154459,-0.11490984081403541,-0.051580301257705866,-0.0190250178902289,-0.6978221162820718,1.150833819436878,0.30611238839626437,0.8733375437179279,True,0.8733375437179279,True,0.8733375437179279,True,1.6,False,1.6,False,1.6,False,1.6,False,1.236668771858964,1.3745408511710926,True,True,0.5,0.310266681427931,0.8733375437179279,wind_stuck_7_days,2017
3938,US-Bi1,US-Bi1,2017-10-21,1.81362733,1.5,1.5,-0.294752043822628,0.294752043822628,0.10804273859443363,0.3368354813474447,0.02298982817648017,0.029101904401739168,-0.006047462543166524,-0.294752043822628,1.150833819436878,0.30611238839626437,1.205247956177372,True,1.205247956177372,True,1.205247956177372,True,1.205247956177372,True,1.205247956177372,True,1.205247956177372,True,1.5,False,1.352623978088686,1.249000338638806,True,True,0.5,0.8515620726695874,1.205247956177372,wind_stuck_7_days,2017
3939,US-Bi1,US-Bi1,2017-10-28,1.80249639,1.6,1.6,-0.35818908109803294,0.35818908109803294,0.08690203795048126,0.33366214572123487,-0.0017262197366568499,0.014426410227436836,-0.006047462543166524,-0.35818908109803294,1.150833819436878,0.30611238839626437,1.241810918901967,True,1.241810918901967,True,1.241810918901967,True,1.6,False,1.6,False,1.241810918901967,True,1.6,False,1.4209054594509836,1.3853072015192955,True,True,0.5,0.5993839840750067,1.241810918901967,wind_stuck_7_days,2017
3940,US-Bi1,US-Bi1,2017-11-05,1.95863309,1.2,1.2,-0.027777932156659635,0.027777932156659635,0.11556923593973567,0.3707773424336541,0.02298982817648017,0.024011823229732186,-0.006047462543166524,-0.02777793215665958,1.150833819436878,0.30611238839626437,1.1722220678433404,True,1.1722220678433404,True,1.1722220678433404,True,1.1722220678433404,True,1.1722220678433404,True,1.1722220678433404,True,1.2,False,1.18611103392167,1.1722220678433404,True,True,0.5,1.0,1.1722220678433404,wind_stuck_7_days,2017
3941,US-Bi1,US-Bi1,2017-11-06,1.37508402,1.0,1.0,-0.02012475249277223,0.02012475249277223,0.10544198145561193,0.2737868151694098,0.02298982817648017,0.024011823229732186,-0.006047462543166524,-0.020124752492772235,1.150833819436878,0.30611238839626437,0.9798752475072278,True,0.9798752475072278,True,0.9798752475072278,True,0.9798752475072278,True,0.9798752475072278,True,0.9798752475072278,True,1.0,False,0.9899376237536139,0.9798752475072278,True,True,0.5,1.0,0.9798752475072278,wind_stuck_7_days,2017
3942,US-Bi1,US-Bi1,2017-11-13,1.69925041,1.0,1.0,0.039423762285024457,0.039423762285024457,0.0743659490514476,0.4149751589592977,0.02298982817648017,0.024011823229732186,-0.006047462543166524,0.03942376228502442,1.150833819436878,0.30611238839626437,1.0394237622850244,True,1.0394237622850244,True,1.0394237622850244,True,1.0394237622850244,True,1.0394237622850244,True,1.0394237622850244,True,1.0,False,1.0197118811425123,1.0394237622850244,True,True,0.5,1.0,1.0394237622850244,wind_stuck_7_days,2017
3943,US-Bi1,US-Bi1,2017-11-29,1.33889319,0.8,0.8,0.04145185974183534,0.04145185974183534,0.09029391360701568,0.31444571668125104,0.02246694996492022,0.02386037719274904,-0.006047462543166524,0.04145185974183535,1.150833819436878,0.30611238839626437,0.8414518597418353,True,0.8414518597418353,True,0.8414518597418353,True,0.8414518597418353,True,0.8414518597418353,True,0.8414518597418353,True,0.8,False,0.8207259298709177,0.8414518597418353,True,True,0.5,1.0,0.8414518597418353,wind_stuck_7_days,2017
3944,US-Bi1,US-Bi1,2017-12-07,1.10525366,0.8,0.8,-0.20811707162114038,0.20811707162114038,0.11231919815288227,0.32683039017159166,0.02298982817648017,0.024011823229732186,-0.006047462543166524,-0.20811707162114035,1.150833819436878,0.30611238839626437,0.5918829283788597,True,0.5918829283788597,True,0.5918829283788597,True,0.5918829283788597,True,0.5918829283788597,True,0.5918829283788597,True,0.8,False,0.6959414641894298,0.6487532412143624,True,True,0.5,0.7267388379410299,0.5918829283788597,wind_stuck_7_days,2017
3945,US-Bi1,US-Bi1,2017-12-08,0.88871077,1.0,1.0,-0.3131457527923925,0.3131457527923925,0.069875041776927,0.3822179064447005,0.02246694996492022,0.028950458364756022,-0.006047462543166524,-0.09056729279239245,1.150833819436878,0.30611238839626437,0.6868542472076076,True,0.6868542472076076,True,0.6868542472076076,True,0.6868542472076076,True,0.6868542472076076,True,0.6868542472076076,True,1.0,False,0.8434271236038038,0.76117519551589,True,True,0.5,0.7626633998847326,0.6868542472076076,wind_stuck_7_days,2017
4037,US-Bi2,US-Bi1,2017-04-27,4.27034372,2.9,2.9,-0.3347087738860187,0.3347087738860187,0.1633536333974541,0.37835896618187953,-0.00531460332761016,0.0037645940445996725,-0.004131158068303865,-0.33470877388601883,1.150833819436878,0.30611238839626437,2.565291226113981,True,2.565291226113981,True,2.565291226113981,True,2.9,False,2.9,False,2.565291226113981,True,2.9,False,2.7326456130569907,2.68884248013104,True,True,0.5,0.630869389581246,2.565291226113981,wind_stuck_7_days,2017
4038,US-Bi2,US-Bi1,2017-05-05,2.14669958,2.3,2.3,-0.21372459094327434,0.21372459094327434,0.2454540802810658,0.4894473070999831,-0.005299743385366778,0.004467922615083889,-0.004131158068303865,0.09287624905672542,1.150833819436878,0.30611238839626437,2.0862754090567255,True,2.0862754090567255,True,2.0862754090567255,True,2.3,False,2.3,False,2.0862754090567255,True,2.3,False,2.193137704528363,2.146926249945538,True,True,0.5,0.7162196421987298,2.0862754090567255,wind_stuck_7_days,2017
4039,US-Bi2,US-Bi1,2017-05-13,1.81945559,1.8,1.8,0.03241946786378975,0.03241946786378975,0.12142916461554012,0.3318472399882272,-0.0017262197366568499,0.004467922615083889,-0.004131158068303865,0.006491712136210186,1.150833819436878,0.30611238839626437,1.8324194678637897,True,1.8324194678637897,True,1.8324194678637897,True,1.8,False,1.8,False,1.8324194678637897,True,1.8,False,1.816209733931895,1.8324194678637897,True,True,0.5,1.0,1.8324194678637897,wind_stuck_7_days,2017
4040,US-Bi2,US-Bi1,2017-05-21,1.34548257,0.9,0.9,-0.4274291116878147,0.4274291116878147,0.2554918402022089,0.5347842695680022,0.02581672671397101,0.03490012983922929,-0.004131158068303865,-0.4274291116878147,1.150833819436878,0.30611238839626437,0.4725708883121853,True,0.4725708883121853,True,0.4725708883121853,True,0.4725708883121853,True,0.4725708883121853,True,0.4725708883121853,True,0.9,False,0.6862854441560926,0.6431583911572412,True,True,0.5,0.6008987264076447,0.4725708883121853,wind_stuck_7_days,2017
4041,US-Bi2,US-Bi1,2017-05-29,1.11120971,1.9,1.9,-0.12362809374452514,0.12362809374452514,0.30095541057145636,0.480391642027959,-0.009909114787015194,-0.0033986309746067947,-0.004131158068303865,0.1236280937445251,1.150833819436878,0.30611238839626437,1.7763719062554748,True,1.7763719062554748,True,1.7763719062554748,True,1.9,False,1.9,False,1.9,False,1.9,False,1.8381859531277374,1.7763719062554748,True,True,0.5,1.0,1.7763719062554748,wind_stuck_7_days,2017
4042,US-Bi2,US-Bi1,2017-06-06,1.23136731,1.6,1.6,-0.2809475661471248,0.2809475661471248,0.14964584709131534,0.3815750188056325,-0.03390267079502685,-0.03708909471497131,-0.004131158068303865,0.2809475661471248,1.150833819436878,0.30611238839626437,1.3190524338528753,True,1.3190524338528753,True,1.3190524338528753,True,1.6,False,1.6,False,1.6,False,1.6,False,1.4595262169264376,1.4856914603598255,True,True,0.5,0.4068678764788237,1.3190524338528753,wind_stuck_7_days,2017
4043,US-Bi2,US-Bi1,2017-06-14,1.83046683,1.4,1.4,-0.6080090682784117,0.6080090682784117,0.12766421582094215,0.5246566407546437,0.021692973199377834,0.036932695858336945,-0.00977861365961994,-0.6080090682784116,1.150833819436878,0.30611238839626437,0.7919909317215882,True,0.7919909317215882,True,0.7919909317215882,True,0.7919909317215882,True,0.7919909317215882,True,0.7919909317215882,True,1.4,False,1.095995465860794,1.256918602202535,True,True,0.5,0.2353277364803166,0.7919909317215882,wind_stuck_7_days,2017
4044,US-Bi2,US-Bi1,2017-06-15,1.57290241,4.0,4.0,-0.7530990558701242,0.7530990558701242,0.12932996786236808,0.5099647859638549,-0.12440323771650809,-0.1562705131312962,-0.02467247348154498,0.7530990558701243,1.150833819436878,0.30611238839626437,3.2469009441298757,True,3.2469009441298757,True,3.2469009441298757,True,4.0,False,4.0,False,4.0,False,4.0,False,3.623450472064938,3.898626110628846,True,True,0.5,0.13460897153034906,3.2469009441298757,wind_stuck_7_days,2017
4045,US-Bi2,US-Bi1,2017-06-22,3.7533327,3.1,3.1,-0.9896082819533867,0.9896082819533867,0.28404088548796635,0.6593779546022248,-0.06312129649927359,-0.23711307374481538,-0.172971144565521,-0.9896082819533867,1.150833819436878,0.30611238839626437,2.110391718046613,True,2.110391718046613,True,2.110391718046613,True,3.1,False,3.1,False,3.1,False,3.1,False,2.605195859023307,3.1,True,False,0.5,0.0,2.110391718046613,wind_stuck_7_days,2017
4046,US-Bi2,US-Bi1,2017-06-30,3.73129916,3.9,3.9,-0.9747581018329573,0.9747581018329573,0.19108773271033624,0.5137322992793837,-0.2014182727578666,-0.23711307374481538,-0.02467247348154498,-0.6373564218329572,1.150833819436878,0.30611238839626437,2.9252418981670427,True,2.9252418981670427,True,2.9252418981670427,True,3.9,False,3.9,False,3.9,False,3.9,False,3.412620949083521,3.9,True,False,0.5,0.0,2.9252418981670427,wind_stuck_7_days,2017
4047,US-Bi2,US-Bi1,2017-07-01,3.46719888,3.1,3.1,-1.1248214262376723,1.1248214262376723,0.22963641042531438,0.4096332168675915,-0.30532718599405834,-0.2109606574725293,-0.03192561905361444,-1.1248214262376723,1.150833819436878,0.30611238839626437,1.9751785737623277,True,1.9751785737623277,True,1.9751785737623277,True,3.1,False,3.1,False,3.1,False,3.1,False,2.537589286881164,3.1,True,False,0.5,0.0,1.9751785737623277,wind_stuck_7_days,2017
4048,US-Bi2,US-Bi1,2017-07-08,7.32661188,5.3,5.3,-0.42847315605565833,0.42847315605565833,0.235834470393849,0.5573909081498973,-0.05068245659148261,-0.0804518689570839,-0.030593619422944873,-0.4284731560556585,1.150833819436878,0.30611238839626437,4.871526843944341,True,4.871526843944341,True,4.871526843944341,True,5.3,False,5.3,False,5.3,False,5.3,False,5.085763421972171,5.3,True,False,0.5,0.0,4.906157646650405,wind_stuck_7_days,2017
4049,US-Bi2,US-Bi1,2017-07-16,8.28348201,6.9,6.9,0.2052498557157874,0.2052498557157874,0.30880533587220677,0.6544276725067546,-0.030661919811797177,-0.04934029855580134,-0.030593619422944873,0.20524985571578735,1.150833819436878,0.30611238839626437,7.105249855715788,True,7.105249855715788,True,7.105249855715788,True,6.9,False,6.9,False,6.9,False,6.9,False,7.0026249278578945,6.9,True,False,0.5,0.0,7.105249855715788,wind_stuck_7_days,2017
4050,US-Bi2,US-Bi1,2017-07-24,6.08430346,6.2,6.2,-0.02506254041151947,0.02506254041151947,0.22662180170741095,0.20792338265659688,-0.018003157497930543,-0.007466784394699298,-0.004131158068303865,0.025062540411519466,1.150833819436878,0.30611238839626437,6.174937459588481,True,6.174937459588481,True,6.174937459588481,True,6.2,False,6.2,False,6.2,False,6.2,False,6.18746872979424,6.174937459588481,True,True,0.5,1.0,6.174937459588481,wind_stuck_7_days,2017
4051,US-Bi2,US-Bi1,2017-08-01,6.81824104,6.6,6.6,0.10144047075698737,0.10144047075698737,0.3350484414487841,0.4252408117398108,-0.058604555492654954,-0.04161474573749163,-0.030593619422944873,0.10144047075698737,1.150833819436878,0.30611238839626437,6.701440470756987,True,6.6,False,6.701440470756987,True,6.6,False,6.6,False,6.6,False,6.6,False,6.650720235378493,6.6,True,False,0.5,0.0,6.701440470756987,wind_stuck_7_days,2017
4052,US-Bi2,US-Bi1,2017-08-09,5.50568576,5.7,5.7,0.3260669983695516,0.3260669983695516,0.132476029311264,0.41911033630715944,-0.011033198383614112,-0.009905036637195393,-0.004131158068303865,-0.32606699836955166,1.150833819436878,0.30611238839626437,6.026066998369552,True,6.026066998369552,True,6.026066998369552,True,5.7,False,5.7,False,5.7,False,5.7,False,5.863033499184776,5.900675327838036,True,True,0.5,0.6154420068313642,6.026066998369552,wind_stuck_7_days,2017
4053,US-Bi2,US-Bi1,2017-08-17,5.89092336,5.6,5.6,-0.09301123055316839,0.09301123055316839,0.13859915275833778,0.31225555408189165,-0.009896118061323289,-0.0060175662521149784,-0.004131158068303865,-0.0930112305531684,1.150833819436878,0.30611238839626437,5.506988769446831,True,5.506988769446831,True,5.506988769446831,True,5.6,False,5.6,False,5.6,False,5.6,False,5.5534943847234155,5.506988769446831,True,True,0.5,1.0,5.506988769446831,wind_stuck_7_days,2017
4054,US-Bi2,US-Bi1,2017-08-25,5.56381754,5.1,5.1,-0.40994877123170487,0.40994877123170487,0.19236239367260158,0.364792701303399,-0.02019583934635823,-0.01982719418578781,-0.004131158068303865,-0.4099487712317049,1.150833819436878,0.30611238839626437,4.6900512287682945,True,4.6900512287682945,True,4.6900512287682945,True,5.1,False,5.1,False,5.1,False,5.1,False,4.8950256143841475,4.879438517847919,True,True,0.5,0.5380220594134162,4.6900512287682945,wind_stuck_7_days,2017
4055,US-Bi2,US-Bi1,2017-09-02,5.06968582,4.8,4.8,0.5981044680517382,0.5981044680517382,0.24897907169382152,0.7482418630043208,-0.02686289277207682,-0.045626635549246015,-0.0367308831125781,-0.05873282805173763,1.150833819436878,0.30611238839626437,5.398104468051738,True,5.398104468051738,True,5.398104468051738,True,4.8,False,4.8,False,4.8,False,4.8,False,5.099052234025869,5.0813388250077445,True,True,0.5,0.4703840884589538,5.398104468051738,wind_stuck_7_days,2017
4056,US-Bi2,US-Bi1,2017-09-10,4.40764009,3.9,3.9,-0.3997903092088863,0.3997903092088863,0.16557882259898665,0.4633873633138811,-0.0057694048954597165,-0.0018966255439008262,-0.004131158068303865,-0.39979030920888636,1.150833819436878,0.30611238839626437,3.5002096907911135,True,3.5002096907911135,True,3.5002096907911135,True,3.9,False,3.9,False,3.9,False,3.9,False,3.7001048453955567,3.783909243103602,True,True,0.5,0.29037911680781064,3.5002096907911135,wind_stuck_7_days,2017
4057,US-Bi2,US-Bi1,2017-09-18,1.88065303,3.8,3.8,-0.0421851614706622,0.0421851614706622,0.12226733056939255,0.37653190053095464,-0.00531460332761016,0.002180379223468672,-0.004131158068303865,0.04218516147066209,1.150833819436878,0.30611238839626437,3.7578148385293377,True,3.7578148385293377,True,3.7578148385293377,True,3.8,False,3.8,False,3.7578148385293377,True,3.8,False,3.7789074192646686,3.7578148385293377,True,True,0.5,1.0,3.7578148385293377,wind_stuck_7_days,2017
4058,US-Bi2,US-Bi1,2017-09-26,0.54532772,1.0,1.0,-0.3538424171850152,0.3538424171850152,0.1651195134798863,0.3599508422106376,0.02298982817648017,0.02540096797212377,-0.004131158068303865,0.3538424171850152,1.150833819436878,0.30611238839626437,0.6461575828149848,True,0.6461575828149848,True,0.6461575828149848,True,0.6461575828149848,True,0.6461575828149848,True,0.6461575828149848,True,1.0,False,0.8230787914074924,0.8027093709652863,True,True,0.5,0.5575663613318452,0.6461575828149848,wind_stuck_7_days,2017
4059,US-Bi2,US-Bi1,2017-10-04,0.48509439,0.9,0.9,-0.2026698970282043,0.2026698970282043,0.10531905362822248,0.33903777930520396,0.02298982817648017,0.021895101621247783,-0.004131158068303865,0.2026698970282043,1.150833819436878,0.30611238839626437,0.6973301029717958,True,0.6973301029717958,True,0.6973301029717958,True,0.6973301029717958,True,0.6973301029717958,True,0.6973301029717958,True,0.9,False,0.7986650514858978,0.7434985540555425,True,True,0.5,0.772198773667301,0.6973301029717958,wind_stuck_7_days,2017
4060,US-Bi2,US-Bi1,2017-10-05,0.39918778,0.8,0.8,-0.15216284392108903,0.15216284392108903,0.12335625554391418,0.27292671091959386,0.02298982817648017,0.021895101621247783,-0.004131158068303865,0.15216284392108903,1.150833819436878,0.30611238839626437,0.647837156078911,True,0.647837156078911,True,0.647837156078911,True,0.647837156078911,True,0.647837156078911,True,0.647837156078911,True,0.8,False,0.7239185780394555,0.647837156078911,True,True,0.5,1.0,0.647837156078911,wind_stuck_7_days,2017
4061,US-Bi2,US-Bi1,2017-10-12,0.59185297,0.9,0.9,-0.3387477092993259,0.3387477092993259,0.13226043578647473,0.3217782736355928,0.02298982817648017,0.026985182793254767,-0.004131158068303865,0.27754635070067407,1.150833819436878,0.30611238839626437,0.5612522907006741,True,0.5612522907006741,True,0.5612522907006741,True,0.5612522907006741,True,0.5612522907006741,True,0.5612522907006741,True,0.9,False,0.7306261453503371,0.6809059776972265,True,True,0.5,0.646776395199699,0.5612522907006741,wind_stuck_7_days,2017
4062,US-Bi2,US-Bi1,2017-10-21,0.87967875,0.9,0.9,-0.1339212464449939,0.1339212464449939,0.07557956635518202,0.32971355542887376,0.02298982817648017,0.024011823229732186,-0.006047462543166524,-0.09327874644499376,1.150833819436878,0.30611238839626437,0.7660787535550061,True,0.7660787535550061,True,0.7660787535550061,True,0.7660787535550061,True,0.7660787535550061,True,0.7660787535550061,True,0.9,False,0.8330393767775031,0.7660787535550061,True,True,0.5,1.0,0.7660787535550061,wind_stuck_7_days,2017
4063,US-Bi2,US-Bi1,2017-10-28,0.29784999,0.6,0.6,-0.21468752719056855,0.21468752719056855,0.056718586099206665,0.2144523736503198,0.02298982817648017,0.024011823229732186,-0.006047462543166524,0.21468752719056855,1.150833819436878,0.30611238839626437,0.3853124728094314,True,0.3853124728094314,True,0.3853124728094314,True,0.3853124728094314,True,0.3853124728094314,True,0.3853124728094314,True,0.6,False,0.4926562364047157,0.4462365760910409,True,True,0.5,0.7162196421987298,0.3853124728094314,wind_stuck_7_days,2017
4064,US-Bi2,US-Bi1,2017-11-05,0.98458304,0.8,0.8,0.08021171365323228,0.08021171365323228,0.12395233552185687,0.3876685436393385,0.02298982817648017,0.024011823229732186,-0.006047462543166524,0.08021171365323228,1.150833819436878,0.30611238839626437,0.8802117136532324,True,0.8802117136532324,True,0.8802117136532324,True,0.8802117136532324,True,0.8802117136532324,True,0.8802117136532324,True,0.8,False,0.8401058568266162,0.8802117136532324,True,True,0.5,1.0,0.8802117136532324,wind_stuck_7_days,2017
4065,US-Bi2,US-Bi1,2017-11-06,0.57309268,0.5,0.5,0.11707022619372576,0.11707022619372576,0.10594628703238416,0.2921157584803965,0.01990945683715325,0.014345064619673073,-0.006047462543166524,0.029115133806274285,1.150833819436878,0.30611238839626437,0.6170702261937258,True,0.6170702261937258,True,0.6170702261937258,True,0.6170702261937258,True,0.6170702261937258,True,0.6170702261937258,True,0.5,False,0.5585351130968629,0.6170702261937258,True,True,0.5,1.0,0.6170702261937258,wind_stuck_7_days,2017
4066,US-Bi2,US-Bi1,2017-11-13,0.80306925,0.5,0.5,0.1552677001474338,0.1552677001474338,0.13601765788149048,0.3839077857716407,0.01990945683715325,0.014345064619673073,-0.006047462543166524,0.1552677001474338,1.150833819436878,0.30611238839626437,0.6552677001474339,True,0.6552677001474339,True,0.6552677001474339,True,0.6552677001474339,True,0.6552677001474339,True,0.6552677001474339,True,0.5,False,0.5776338500737169,0.6552677001474339,True,True,0.5,1.0,0.6552677001474339,wind_stuck_7_days,2017
4067,US-Bi2,US-Bi1,2017-11-29,0.99534016,0.6,0.6,0.11806864203590706,0.11806864203590706,0.10049779808053634,0.3154928456967409,0.02246694996492022,0.02386037719274904,-0.006047462543166524,0.11806864203590706,1.150833819436878,0.30611238839626437,0.718068642035907,True,0.718068642035907,True,0.718068642035907,True,0.718068642035907,True,0.718068642035907,True,0.718068642035907,True,0.6,False,0.6590343210179535,0.718068642035907,True,True,0.5,1.0,0.718068642035907,wind_stuck_7_days,2017
4068,US-Bi2,US-Bi1,2017-12-07,0.85331766,0.8,0.8,-0.20811707162114038,0.20811707162114038,0.11231919815288227,0.32683039017159166,0.02298982817648017,0.024011823229732186,-0.006047462543166524,-0.20811707162114035,1.150833819436878,0.30611238839626437,0.5918829283788597,True,0.5918829283788597,True,0.5918829283788597,True,0.5918829283788597,True,0.5918829283788597,True,0.5918829283788597,True,0.8,False,0.6959414641894298,0.6487532412143624,True,True,0.5,0.7267388379410299,0.5918829283788597,wind_stuck_7_days,2017
4069,US-Bi2,US-Bi1,2017-12-08,0.84039515,0.6,0.6,-0.11239828524269561,0.11239828524269561,0.11458297520861124,0.3303012787639605,0.02246694996492022,0.02386037719274904,-0.006047462543166524,-0.11239828524269563,1.150833819436878,0.30611238839626437,0.48760171475730435,True,0.48760171475730435,True,0.48760171475730435,True,0.48760171475730435,True,0.48760171475730435,True,0.48760171475730435,True,0.6,False,0.5438008573786521,0.48760171475730435,True,True,0.5,1.0,0.48760171475730435,wind_stuck_7_days,2017
5481,US-CMW,US-CMW,2017-01-06,0.42039247,0.8,0.8,0.02865310489086608,0.02865310489086608,0.08349607512143536,0.39637250571633686,0.02298982817648017,0.024011823229732186,-0.006047462543166524,-0.028653104890866088,1.150833819436878,0.30611238839626437,0.8286531048908661,True,0.8286531048908661,True,0.8286531048908661,True,0.8286531048908661,True,0.8286531048908661,True,0.8286531048908661,True,0.8,False,0.8143265524454331,0.8286531048908661,True,True,0.5,1.0,0.8286531048908661,wind_stuck_7_days,2017
5482,US-CMW,US-CMW,2017-01-30,0.15414946,1.2,1.2,-0.8286982011247765,0.8286982011247765,0.22097262943028617,0.4556443728472569,0.08531418587955075,0.09212311267018372,-0.020941322365091556,0.8286982011247765,1.150833819436878,0.30611238839626437,0.3713017988752234,True,0.3713017988752234,True,0.3713017988752234,True,0.3713017988752234,True,0.3713017988752234,True,0.3713017988752234,True,1.2,False,0.7856508994376117,0.9286625375502954,True,True,0.5,0.32742615113852463,0.3713017988752234,wind_stuck_7_days,2017
5483,US-CMW,US-CMW,2017-02-07,0.10798275,1.4,1.4,-0.3316664549041169,0.3316664549041169,0.20159272001084313,0.5212256387923973,0.025296555759319796,0.017178063798652773,-0.006047462543166524,0.33166645490411684,1.150833819436878,0.30611238839626437,1.068333545095883,True,1.068333545095883,True,1.068333545095883,True,1.068333545095883,True,1.068333545095883,True,1.068333545095883,True,1.4,False,1.2341667725479415,1.1777764132411872,True,True,0.5,0.6700212923946631,1.068333545095883,wind_stuck_7_days,2017
5484,US-CMW,US-CMW,2017-02-15,0.51542494,1.5,1.5,-0.3337206157125894,0.3337206157125894,0.16709383358378507,0.5725106374245007,0.025296555759319796,0.026985182793254767,-0.004131158068303865,0.3337206157125894,1.150833819436878,0.30611238839626437,1.1662793842874106,True,1.1662793842874106,True,1.1662793842874106,True,1.1662793842874106,True,1.1662793842874106,True,1.1662793842874106,True,1.5,False,1.3331396921437053,1.2764000817615082,True,True,0.5,0.6700212923946631,1.1662793842874106,wind_stuck_7_days,2017
5485,US-CMW,US-CMW,2017-02-23,0.46604267,1.5,1.5,-0.3285888100617468,0.3285888100617468,0.11047017051229871,0.5278163060272478,0.025296555759319796,0.026985182793254767,-0.006047462543166524,0.3285888100617468,1.150833819436878,0.30611238839626437,1.171411189938253,True,1.171411189938253,True,1.171411189938253,True,1.171411189938253,True,1.171411189938253,True,1.171411189938253,True,1.5,False,1.3357055949691266,1.2644489494236988,True,True,0.5,0.7168565799061679,1.171411189938253,wind_stuck_7_days,2017
5486,US-CMW,US-CMW,2017-03-11,0.23068279,1.8,1.8,-0.9710748965579846,0.9710748965579846,0.16906797771591103,0.4423488086582874,-0.030822449927481916,-0.05724152084620636,-0.0190250178902289,0.9710748965579846,1.150833819436878,0.30611238839626437,0.8289251034420154,True,0.8289251034420154,True,0.8289251034420154,True,1.8,False,1.8,False,1.8,False,1.8,False,1.3144625517210078,1.5185252415691401,True,True,0.5,0.2898589587976775,0.8289251034420154,wind_stuck_7_days,2017
5487,US-CMW,US-CMW,2017-03-19,0.23313007,1.4,1.4,-0.7770484422701187,0.7770484422701187,0.1292303528435208,0.5280649762462889,0.022131487902190248,0.0016971843106933938,-0.0190250178902289,0.7770484422701187,1.150833819436878,0.30611238839626437,0.6229515577298812,True,0.6229515577298812,True,0.6229515577298812,True,0.6229515577298812,True,0.6229515577298812,True,0.6229515577298812,True,1.4,False,1.0114757788649404,1.2403616639172288,True,True,0.5,0.20544193566155733,0.6229515577298812,wind_stuck_7_days,2017
5488,US-CMW,US-CMW,2017-03-27,0.07353365,1.6,1.6,-0.6813241157907337,0.6813241157907337,0.08353308944891993,0.4555864608765668,-0.022575052745573858,-0.05724152084620636,-0.0190250178902289,0.6813241157907337,1.150833819436878,0.30611238839626437,0.9186758842092664,True,0.9186758842092664,True,0.9186758842092664,True,1.6,False,1.6,False,1.6,False,1.6,False,1.2593379421046333,1.4316094612554056,True,True,0.5,0.24715188387125148,0.9186758842092664,wind_stuck_7_days,2017
5489,US-CMW,US-CMW,2017-04-04,0.63723672,1.8,1.8,-0.9826607809661103,0.9826607809661103,0.1331836168680221,0.4847138154407042,-0.10780415476685266,-0.16426866888613545,-0.04878202059713033,0.9826607809661103,1.150833819436878,0.30611238839626437,0.8173392190338897,True,0.8173392190338897,True,0.8173392190338897,True,1.8,False,1.8,False,1.8,False,1.8,False,1.308669609516945,1.8,True,False,0.5,0.0,0.8173392190338897,wind_stuck_7_days,2017
5490,US-CMW,US-CMW,2017-04-12,0.30984382,2.0,2.0,-1.2336980272186389,1.2336980272186389,0.16532877891506528,0.5264660967333331,-0.06123757780484849,-0.1486993177399375,-0.060824840603685086,1.2336980272186389,1.150833819436878,0.30611238839626437,0.7663019727813611,True,0.7663019727813611,True,0.7663019727813611,True,2.0,False,2.0,False,2.0,False,2.0,False,1.3831509863906806,1.896377951135936,True,True,0.5,0.08399304090457135,0.7663019727813611,wind_stuck_7_days,2017
5491,US-CMW,US-CMW,2017-04-20,0.86558667,3.4,3.4,-1.761480233567071,1.761480233567071,0.3346769401536628,0.6933019577298205,-0.27533731848542425,-0.7730611502454962,-0.11429904238794815,1.761480233567071,1.150833819436878,0.30611238839626437,1.638519766432929,True,3.4,False,1.638519766432929,True,3.4,False,3.4,False,3.4,False,3.4,False,2.5192598832164643,3.3043784806029524,True,True,0.5,0.05428475300197378,1.638519766432929,wind_stuck_7_days,2017
5492,US-CMW,US-CMW,2017-05-06,2.55443714,4.0,4.0,-1.5292690331114491,1.5292690331114491,0.27925294391772043,0.985374222514363,-0.4840049896477733,-0.6155774710221686,-0.1603746833727069,1.3618566868885507,1.150833819436878,0.30611238839626437,2.470730966888551,True,2.470730966888551,True,4.0,False,4.0,False,4.0,False,4.0,False,4.0,False,3.2353654834442755,4.0,True,False,0.5,0.0,2.641478740312014,wind_stuck_7_days,2017
5493,US-CMW,US-CMW,2017-05-14,2.9653396,4.1,4.1,-1.6007420468232083,1.6007420468232083,0.2854563224419805,0.8267004739743704,-0.48709761118529843,-0.7319380448342738,-0.14469350897382405,0.6685787531767908,1.150833819436878,0.30611238839626437,2.4992579531767913,True,2.4992579531767913,True,2.4992579531767913,True,4.1,False,4.1,False,4.1,False,4.1,False,3.2996289765883953,4.1,True,False,0.5,0.0,2.6475390459207633,wind_stuck_7_days,2017
5494,US-CMW,US-CMW,2017-05-22,3.06530347,5.2,5.2,-0.8544795377684196,0.8544795377684196,0.28950654791381064,0.6794769256969813,-0.19422272806859425,-0.31569357749024257,-0.16007054340213545,0.8544795377684196,1.150833819436878,0.30611238839626437,4.345520462231581,True,4.345520462231581,True,4.345520462231581,True,5.2,False,5.2,False,5.2,False,5.2,False,4.77276023111579,5.2,True,False,0.5,0.0,4.412174325963376,wind_stuck_7_days,2017
5495,US-CMW,US-CMW,2017-06-15,3.63768896,5.0,5.0,0.2009187906494382,0.2009187906494382,0.3100315723897122,0.5307951682826371,-0.046688013883352746,-0.047311146804832165,-0.030593619422944873,-0.2009187906494383,1.150833819436878,0.30611238839626437,5.200918790649438,True,5.200918790649438,True,5.200918790649438,True,5.0,False,5.0,False,5.0,False,5.0,False,5.1004593953247195,5.0,True,False,0.5,0.0,5.099283081901416,wind_stuck_7_days,2017
5496,US-CMW,US-CMW,2017-06-23,5.43579824,4.0,4.0,0.42246500548687455,0.42246500548687455,0.2666630052994941,0.6284243362673515,-0.038836557646719554,-0.053778090927723024,-0.030593619422944873,0.4224650054868746,1.150833819436878,0.30611238839626437,4.422465005486875,True,4.422465005486875,True,4.422465005486875,True,4.0,False,4.0,False,4.0,False,4.0,False,4.211232502743437,4.0,True,False,0.5,0.0,4.27450875580546,wind_stuck_7_days,2017
5497,US-CMW,US-CMW,2017-07-01,4.01071507,5.3,5.3,0.6883946874643541,0.6883946874643541,0.2002186156169036,0.5610762779820757,-0.08721737015553488,-0.12165179670404669,-0.04806689409670192,-0.6883946874643541,1.150833819436878,0.30611238839626437,5.988394687464353,True,5.988394687464353,True,5.988394687464353,True,5.3,False,5.3,False,5.3,False,5.3,False,5.644197343732177,5.315614001162992,True,True,0.5,0.022681757206037066,5.505315225665875,wind_stuck_7_days,2017
5498,US-CMW,US-CMW,2017-07-09,3.93262998,4.3,4.3,0.46463705349358164,0.46463705349358164,0.1684475705507637,0.48169606227034095,-0.027586066842793782,-0.02945448055799408,-0.004131158068303865,-0.46463705349358164,1.150833819436878,0.30611238839626437,4.764637053493582,True,4.764637053493582,True,4.764637053493582,True,4.3,False,4.3,False,4.3,False,4.3,False,4.53231852674679,4.3720470566451315,True,True,0.5,0.15506093649530095,4.764637053493582,wind_stuck_7_days,2017
5499,US-CMW,US-CMW,2017-08-18,7.10407462,6.3,6.3,0.08636285413400109,0.08636285413400109,0.2920088247913222,0.4679428302234342,-0.037101831598109286,-0.022970289868889052,-0.008402652266017531,0.08636285413400113,1.150833819436878,0.30611238839626437,6.386362854134001,True,6.386362854134001,True,6.386362854134001,True,6.3,False,6.3,False,6.3,False,6.3,False,6.343181427067,6.386362854134001,True,True,0.5,1.0,6.386362854134001,wind_stuck_7_days,2017
5500,US-CMW,US-CMW,2017-08-26,5.63072641,5.2,5.2,0.22726985766053528,0.22726985766053528,0.2666742381238238,0.4420985679657209,0.014137347951825727,0.021729823144267364,-0.004131158068303865,0.22726985766053528,1.150833819436878,0.30611238839626437,5.427269857660535,True,5.427269857660535,True,5.427269857660535,True,5.427269857660535,True,5.427269857660535,True,5.427269857660535,True,5.2,False,5.313634928830268,5.345981356806373,True,True,0.5,0.6423260801457454,5.427269857660535,wind_stuck_7_days,2017
5501,US-CMW,US-CMW,2017-09-11,4.48824742,5.0,5.0,-0.028688433648020973,0.028688433648020973,0.2199534942677799,0.5413431156408898,0.0135598526566525,0.021729823144267364,-0.004131158068303865,0.028688433648020983,1.150833819436878,0.30611238839626437,4.971311566351979,True,4.971311566351979,True,4.971311566351979,True,4.971311566351979,True,4.971311566351979,True,4.971311566351979,True,5.0,False,4.985655783175989,4.971311566351979,True,True,0.5,1.0,4.971311566351979,wind_stuck_7_days,2017
5502,US-CMW,US-CMW,2017-09-27,2.8150604,3.9,3.9,-0.29019251239916055,0.29019251239916055,0.07545619276761494,0.3590490646064054,-0.006878984330007512,0.002180379223468672,-0.004131158068303865,0.29019251239916055,1.150833819436878,0.30611238839626437,3.6098074876008392,True,3.6098074876008392,True,3.6098074876008392,True,3.9,False,3.9,False,3.6098074876008392,True,3.9,False,3.7549037438004196,3.766930098201555,True,True,0.5,0.4585573235446089,3.6098074876008392,wind_stuck_7_days,2017
5503,US-CMW,US-CMW,2017-10-13,2.46583626,2.8,2.8,-0.3652470104079716,0.3652470104079716,0.07424855280783757,0.33539913252832787,-0.006878984330007512,0.002180379223468672,-0.004131158068303865,0.30308046959202783,1.150833819436878,0.30611238839626437,2.4347529895920283,True,2.4347529895920283,True,2.4347529895920283,True,2.8,False,2.8,False,2.4347529895920283,True,2.8,False,2.617376494796014,2.5812983538255154,True,True,0.5,0.5987773751527768,2.4347529895920283,wind_stuck_7_days,2017
5504,US-CMW,US-CMW,2017-10-21,1.60734895,2.8,2.8,-0.64715560390975,0.64715560390975,0.09075952815407741,0.4329597431272691,-0.01582439660348513,-0.053867844649321074,-0.004131158068303865,0.64715560390975,1.150833819436878,0.30611238839626437,2.15284439609025,True,2.15284439609025,True,2.15284439609025,True,2.8,False,2.8,False,2.8,False,2.8,False,2.4764221980451246,2.6177495031901494,True,True,0.5,0.2816177372316571,2.15284439609025,wind_stuck_7_days,2017
5505,US-CMW,US-CMW,2017-10-29,1.60805375,2.8,2.8,-0.6507435339546018,0.6507435339546018,0.14490550417010223,0.5091906641877503,-0.02772781733892452,-0.059529064237821575,-0.004131158068303865,0.6507435339546018,1.150833819436878,0.30611238839626437,2.149256466045398,True,2.149256466045398,True,2.149256466045398,True,2.8,False,2.8,False,2.8,False,2.8,False,2.474628233022699,2.693945832829145,True,True,0.5,0.16297383168198074,2.149256466045398,wind_stuck_7_days,2017
5506,US-CMW,US-CMW,2017-11-06,1.37092738,2.1,2.1,-0.5143715276761821,0.5143715276761821,0.1125432993661303,0.36179408701952437,-0.006878984330007512,0.009280503156287881,-0.006047462543166524,0.5143715276761821,1.150833819436878,0.30611238839626437,1.585628472323818,True,1.585628472323818,True,1.585628472323818,True,2.1,False,2.1,False,1.585628472323818,True,2.1,False,1.842814236161909,1.862904680082346,True,True,0.5,0.4609417651649552,1.585628472323818,wind_stuck_7_days,2017
5507,US-CMW,US-CMW,2017-11-14,1.24018051,1.9,1.9,-0.4985857804690476,0.4985857804690476,0.19430244601432672,0.42257914274226727,-0.00016183873425949812,0.009280503156287881,-0.004131158068303865,0.4985857804690476,1.150833819436878,0.30611238839626437,1.4014142195309522,True,1.4014142195309522,True,1.4014142195309522,True,1.9,False,1.9,False,1.4014142195309522,True,1.9,False,1.6507071097654762,1.6725776471707272,True,True,0.5,0.45613485530077463,1.4014142195309522,wind_stuck_7_days,2017
5508,US-CMW,US-CMW,2017-11-22,0.61877026,1.9,1.9,-0.8793502743486219,0.8793502743486219,0.2027655273453449,0.4522187005942149,-0.004395853168239631,-0.053164516078836856,-0.0190250178902289,0.8793502743486219,1.150833819436878,0.30611238839626437,1.020649725651378,True,1.020649725651378,True,1.020649725651378,True,1.9,False,1.9,False,1.9,False,1.9,False,1.460324862825689,1.5073686988670032,True,True,0.5,0.4465015962198204,1.020649725651378,wind_stuck_7_days,2017
5509,US-CMW,US-CMW,2017-12-08,0.22568854,1.2,1.2,-0.6413075219665092,0.6413075219665092,0.0790964689972483,0.4896744371462288,0.04530837862707756,0.0803216276939058,-0.006047462543166524,0.6413075219665092,1.150833819436878,0.30611238839626437,0.5586924780334908,True,0.5586924780334908,True,0.5586924780334908,True,0.5586924780334908,True,0.5586924780334908,True,0.5586924780334908,True,1.2,False,0.8793462390167454,0.9640279091799941,True,True,0.5,0.36795465940648825,0.5586924780334908,wind_stuck_7_days,2017
5510,US-CMW,US-CMW,2017-12-16,0.05052682,0.8,0.8,-0.3332212491238303,0.3332212491238303,0.13763052805074585,0.590240117700153,0.025296555759319796,0.029101904401739168,-0.006047462543166524,0.3332212491238303,1.150833819436878,0.30611238839626437,0.46677875087616977,True,0.46677875087616977,True,0.46677875087616977,True,0.46677875087616977,True,0.46677875087616977,True,0.46677875087616977,True,0.8,False,0.6333893754380849,0.5767346680086873,True,True,0.5,0.6700212923946631,0.46677875087616977,wind_stuck_7_days,2017
5511,US-CMW,US-CMW,2017-12-24,0.23771081,1.1,1.1,-0.6072901250119205,0.6072901250119205,0.21286481177101285,0.3583210441966755,0.04117408227467006,0.04892916343431791,-0.006047462543166524,0.6072901250119205,1.150833819436878,0.30611238839626437,0.4927098749880796,True,0.4927098749880796,True,0.4927098749880796,True,0.4927098749880796,True,0.4927098749880796,True,0.4927098749880796,True,1.1,False,0.7963549374940398,0.8514666784648308,True,True,0.5,0.40924973303376344,0.4927098749880796,wind_stuck_7_days,2017
6845,US-GLE,US-GLE,2017-06-23,3.17591637,4.4,4.4,-1.2230490109095329,1.2230490109095329,0.2450729785430172,0.4099651937876677,0.25786563554815406,0.27151949505905565,-0.021566708662201933,1.2230490109095329,1.150833819436878,0.30611238839626437,3.1769509890904675,True,3.1769509890904675,True,3.1769509890904675,True,3.1769509890904675,True,3.1769509890904675,True,3.1769509890904675,True,4.4,False,3.788475494545234,3.5114046193444333,True,True,0.5,0.7265411056542648,3.1769509890904675,wind_stuck_7_days,2017
6846,US-GLE,US-GLE,2017-06-24,2.89980421,4.2,4.2,-1.109740287009298,1.109740287009298,0.17288555225576455,0.4807032912605532,0.1980229952478148,0.21598969795663703,-0.03192561905361444,1.109740287009298,1.150833819436878,0.30611238839626437,3.090259712990702,True,3.090259712990702,True,3.090259712990702,True,3.090259712990702,True,3.090259712990702,True,3.090259712990702,True,4.2,False,3.645129856495351,3.4500010604635953,True,True,0.5,0.6758328487448352,3.090259712990702,wind_stuck_7_days,2017
6847,US-GLE,US-GLE,2017-07-01,2.80416514,4.3,4.3,-0.9361564063151228,0.9361564063151228,0.20222039057195956,0.44413530608897805,-0.038538666642378205,-0.046643156118418544,-0.0190250178902289,0.9361564063151228,1.150833819436878,0.30611238839626437,3.363843593684877,True,3.363843593684877,True,3.363843593684877,True,4.3,False,4.3,False,4.3,False,4.3,False,3.8319217968424386,3.972661121938182,True,True,0.5,0.34966259468359717,3.363843593684877,wind_stuck_7_days,2017
6848,US-GLE,US-GLE,2017-07-09,3.05939158,3.6,3.6,-0.6402555247497366,0.6402555247497366,0.18645199727854553,0.43569110760628094,-0.02727301577107496,-0.05545205947045207,-0.004131158068303865,0.44096131525026316,1.150833819436878,0.30611238839626437,2.9597444752502637,True,2.9597444752502637,True,2.9597444752502637,True,3.6,False,3.6,False,3.6,False,3.6,False,3.2798722376251317,3.4431511862284245,True,True,0.5,0.2449784620490148,2.9597444752502637,wind_stuck_7_days,2017
6849,US-GLE,US-GLE,2017-07-10,2.84642128,4.2,4.2,0.09959672641718079,0.09959672641718079,0.14081969585330936,0.4076211559712279,-0.00531460332761016,0.002180379223468672,-0.004131158068303865,-0.09959672641718087,1.150833819436878,0.30611238839626437,4.299596726417181,True,4.299596726417181,True,4.299596726417181,True,4.2,False,4.2,False,4.299596726417181,True,4.2,False,4.2497983632085905,4.299596726417181,True,True,0.5,1.0,4.299596726417181,wind_stuck_7_days,2017
6850,US-GLE,US-GLE,2017-07-17,3.83173118,4.1,4.1,-1.210801512831522,1.210801512831522,0.16499687640664884,0.37150966912754624,-0.029166845821776862,0.1002855501247717,-0.021566708662201933,-0.6742638728315222,1.150833819436878,0.30611238839626437,2.8891984871684775,True,2.8891984871684775,True,2.8891984871684775,True,4.1,False,4.1,False,2.8891984871684775,True,4.1,False,3.4945992435842386,3.617904564940778,True,True,0.5,0.39816223381800764,2.8891984871684775,wind_stuck_7_days,2017
6851,US-GLE,US-GLE,2017-07-18,4.23277281,4.0,4.0,-0.5566551206824177,0.5566551206824177,0.13817133933906164,0.4058004741257465,-0.00531460332761016,0.002180379223468672,-0.004131158068303865,-0.5566551206824177,1.150833819436878,0.30611238839626437,3.443344879317582,True,3.443344879317582,True,3.443344879317582,True,4.0,False,4.0,False,3.443344879317582,True,4.0,False,3.721672439658791,3.830462097981027,True,True,0.5,0.3045654225027738,3.443344879317582,wind_stuck_7_days,2017
6852,US-GLE,US-GLE,2017-08-03,2.86242274,3.2,3.2,0.08871095569427381,0.08871095569427381,0.12478623864714454,0.5466480650483643,-0.0030078757447705323,0.012138866835821624,-0.006047462543166524,-0.08871095569427379,1.150833819436878,0.30611238839626437,3.288710955694274,True,3.288710955694274,True,3.288710955694274,True,3.2,False,3.2,False,3.288710955694274,True,3.2,False,3.244355477847137,3.288710955694274,True,True,0.5,1.0,3.288710955694274,wind_stuck_7_days,2017
6853,US-GLE,US-GLE,2017-08-18,2.96826522,4.8,4.8,-1.2481001776990588,1.2481001776990588,0.23680353037585378,0.4183623497568273,0.35499281027073776,0.4333081648072879,-0.021566708662201933,1.2481001776990588,1.150833819436878,0.30611238839626437,3.551899822300941,True,3.551899822300941,True,3.551899822300941,True,3.551899822300941,True,3.551899822300941,True,3.551899822300941,True,4.8,False,4.175949911150471,3.950277164569096,True,True,0.5,0.6808130073320033,3.551899822300941,wind_stuck_7_days,2017
6854,US-GLE,US-GLE,2017-08-19,3.72665072,4.5,4.5,-1.043274572228446,1.043274572228446,0.17088667770736957,0.3862173364586636,-0.09467709472751384,-0.046643156118418544,-0.03192561905361444,0.5034239877715543,1.150833819436878,0.30611238839626437,3.456725427771554,True,3.456725427771554,True,3.456725427771554,True,4.5,False,4.5,False,4.5,False,4.5,False,3.978362713885777,4.072384186306552,True,True,0.5,0.4098784970672256,3.456725427771554,wind_stuck_7_days,2017
6855,US-GLE,US-GLE,2017-09-03,2.17256602,4.5,4.5,-1.015408115409413,1.015408115409413,0.22377934421332893,0.5280897470903894,-0.04083053428297446,-0.046643156118418544,-0.03192561905361444,1.015408115409413,1.150833819436878,0.30611238839626437,3.484591884590587,True,3.484591884590587,True,3.484591884590587,True,4.5,False,4.5,False,4.5,False,4.5,False,3.9922959422952937,4.160137628893062,True,True,0.5,0.33470519483676353,3.484591884590587,wind_stuck_7_days,2017
6856,US-GLE,US-GLE,2017-09-04,1.53615185,2.6,2.6,-0.7375725703034696,0.7375725703034696,0.22500203788125536,0.4383091706228474,0.04050913710468031,0.028507715326736915,-0.0190250178902289,0.7375725703034696,1.150833819436878,0.30611238839626437,1.8624274296965306,True,1.8624274296965306,True,1.8624274296965306,True,1.8624274296965306,True,1.8624274296965306,True,1.8624274296965306,True,2.6,False,2.2312137148482654,2.3996698160391254,True,True,0.5,0.27160742146152494,1.8624274296965306,wind_stuck_7_days,2017
6857,US-GLE,US-GLE,2017-10-06,0.80771149,1.9,1.9,-0.3751961139902146,0.3751961139902146,0.1786337280307752,0.7779624670595631,0.02733519834929231,0.014426410227436836,-0.006047462543166524,0.3751961139902146,1.150833819436878,0.30611238839626437,1.5248038860097854,True,1.5248038860097854,True,1.5248038860097854,True,1.5248038860097854,True,1.5248038860097854,True,1.5248038860097854,True,1.9,False,1.7124019430048927,1.6635947606382202,True,True,0.5,0.630084455959865,1.5248038860097854,wind_stuck_7_days,2017
6858,US-GLE,US-GLE,2017-10-29,0.81871154,2.2,2.2,-1.059802819648319,1.059802819648319,0.25763864496657524,0.6103635567961555,0.05560928901581747,0.057620359463302614,-0.10557829900144798,1.059802819648319,1.150833819436878,0.30611238839626437,1.1401971803516813,True,1.1401971803516813,True,1.1401971803516813,True,1.1401971803516813,True,1.1401971803516813,True,1.1401971803516813,True,2.2,False,1.6700985901758407,1.6030897489980749,True,True,0.5,0.5632276494603042,1.1401971803516813,wind_stuck_7_days,2017
6998,US-Hn2,US-Hn2,2017-03-10,2.72431663,0.1,0.1,1.3277967637343489,1.3277967637343489,0.2071861964222898,0.6599271301459533,0.5146069029159457,0.5246779814680584,-0.3412317674181457,1.3277967637343489,1.150833819436878,0.30611238839626437,1.427796763734349,True,1.427796763734349,True,1.427796763734349,True,1.427796763734349,True,1.427796763734349,True,1.427796763734349,True,0.1,False,0.7638983818671744,1.427796763734349,True,True,0.5,1.0,1.427796763734349,wind_stuck_7_days,2017
6999,US-Hn2,US-Hn2,2017-05-28,3.15508756,2.6,2.6,1.6336182139997788,1.6336182139997788,0.3650137927411411,1.1333484858039415,-0.29698818692250056,0.008779888511009639,-0.14670675988483436,-0.5234430939997787,1.150833819436878,0.30611238839626437,4.233618213999779,True,2.6,False,2.6,False,2.6,False,2.6,False,4.233618213999779,True,2.6,False,3.4168091069998896,2.9485012311012233,True,True,0.5,0.21333089219662088,4.233618213999779,wind_stuck_7_days,2017
7000,US-Hn2,US-Hn2,2017-05-29,2.88586524,3.7,3.7,-0.7428493518276811,0.7428493518276811,0.1722602878441538,0.5880921088906189,-0.12440323771650809,-0.1562705131312962,-0.0190250178902289,0.7428493518276811,1.150833819436878,0.30611238839626437,2.957150648172319,True,2.957150648172319,True,2.957150648172319,True,3.7,False,3.7,False,3.7,False,3.7,False,3.3285753240861595,3.596948012297625,True,True,0.5,0.13872528453963046,2.957150648172319,wind_stuck_7_days,2017
7001,US-Hn2,US-Hn2,2017-06-05,3.25621559,2.4,2.4,-0.6136220946259177,0.6136220946259177,0.19445121600281123,0.46538118371872167,-0.0057694048954597165,0.00039091784771439007,-0.004131158068303865,-0.6136220946259177,1.150833819436878,0.30611238839626437,1.7863779053740823,True,1.7863779053740823,True,1.7863779053740823,True,2.4,False,2.4,False,1.7863779053740823,True,2.4,False,2.093188952687041,2.2877355894785736,True,True,0.5,0.18295366399716442,1.7863779053740823,wind_stuck_7_days,2017
7002,US-Hn2,US-Hn2,2017-06-06,3.42082801,1.2,1.2,-0.37923787266040787,0.37923787266040787,0.14042374726057913,0.39199378680205993,-0.0013700831627237442,-0.0011498693431408714,-0.004131158068303865,-0.37923787266040776,1.150833819436878,0.30611238839626437,0.8207621273395921,True,0.8207621273395921,True,0.8207621273395921,True,1.2,False,1.2,False,1.2,False,1.2,False,1.010381063669796,1.0103056969124657,True,True,0.5,0.500198732148774,0.8207621273395921,wind_stuck_7_days,2017
7003,US-Hn2,US-Hn2,2017-06-13,6.10390587,3.9,3.9,0.3061378305452488,0.3061378305452488,0.22129593285302165,0.5101411103100016,-0.027665515371042126,-0.025567010172913667,-0.004131158068303865,0.3061378305452487,1.150833819436878,0.30611238839626437,4.206137830545249,True,4.206137830545249,True,4.206137830545249,True,3.9,False,3.9,False,3.9,False,3.9,False,4.0530689152726245,4.017333131211431,True,True,0.5,0.38326897071967186,4.206137830545249,wind_stuck_7_days,2017
7004,US-Hn2,US-Hn2,2017-06-30,2.5458629,0.6,0.6,0.18053392835636328,0.18053392835636328,0.45771901869027404,0.8079578701522949,-0.0005883970138176235,-0.0032153237005129115,-0.03963911207117233,0.1805339283563634,1.150833819436878,0.30611238839626437,0.7805339283563633,True,0.6,False,0.7805339283563633,True,0.6,False,0.6,False,0.6,False,0.6,False,0.6902669641781816,0.7328489402390324,True,True,0.5,0.7358668891134769,0.9601021830071343,wind_stuck_7_days,2017
7005,US-Hn2,US-Hn2,2017-07-07,2.13679058,2.2,2.2,-0.7814188062784047,0.7814188062784047,0.21464413146821437,0.43214852473037946,-0.23343716477813456,-0.15398296973968095,-0.16007054340213545,-0.6549999662784043,1.150833819436878,0.30611238839626437,1.4185811937215955,True,1.4185811937215955,True,1.4185811937215955,True,2.2,False,2.2,False,2.2,False,2.2,False,1.809290596860798,2.0567071383708657,True,True,0.5,0.18337524062363292,1.4185811937215955,wind_stuck_7_days,2017
7006,US-Hn2,US-Hn2,2017-07-08,1.39178079,0.3,0.3,0.24264001162262133,0.24264001162262133,0.1280754732624271,0.4353089094593631,0.04274611947038089,0.058877095680806416,-0.00977861365961994,0.24264001162262128,1.150833819436878,0.30611238839626437,0.5426400116226213,True,0.5426400116226213,True,0.5426400116226213,True,0.5426400116226213,True,0.5426400116226213,True,0.5426400116226213,True,0.3,False,0.4213200058113107,0.5046585568099033,True,True,0.5,0.8434658218208847,0.5426400116226213,wind_stuck_7_days,2017
7007,US-Hn2,US-Hn2,2017-07-15,1.50003328,0.5,0.5,0.08353961014271127,0.08353961014271127,0.1315016611568391,0.3104656247137524,0.007384680984215048,0.0013393519308338485,-0.030593619422944873,0.08353961014271127,1.150833819436878,0.30611238839626437,0.5835396101427113,True,0.5835396101427113,True,0.5835396101427113,True,0.5835396101427113,True,0.5835396101427113,True,0.5835396101427113,True,0.5,False,0.5417698050713556,0.5835396101427113,True,True,0.5,1.0,0.5835396101427113,wind_stuck_7_days,2017
7008,US-Hn2,US-Hn2,2017-07-16,2.1887378,1.3,1.3,-0.09869144701509489,0.09869144701509489,0.13854759515059925,0.40675808788286477,-0.0013700831627237442,-0.0011498693431408714,-0.004131158068303865,-0.09869144701509491,1.150833819436878,0.30611238839626437,1.2013085529849052,True,1.2013085529849052,True,1.2013085529849052,True,1.3,False,1.3,False,1.3,False,1.3,False,1.2506542764924526,1.2013085529849052,True,True,0.5,1.0,1.2013085529849052,wind_stuck_7_days,2017
7009,US-Hn2,US-Hn2,2017-07-23,1.03752107,1.1,1.1,-0.2689720304555328,0.2689720304555328,0.14041750133458142,0.2850706083124031,-0.0013700831627237442,-0.0011498693431408714,-0.030593619422944873,-0.1440141704555325,1.150833819436878,0.30611238839626437,0.8310279695444673,True,0.8310279695444673,True,0.8310279695444673,True,1.1,False,1.1,False,1.1,False,1.1,False,0.9655139847722337,0.9390364974068219,True,True,0.5,0.5984395564124986,0.8310279695444673,wind_stuck_7_days,2017
7010,US-Hn2,US-Hn2,2017-07-24,1.55538222,0.3,0.3,0.3653185149585272,0.3653185149585272,0.1018040075543827,0.37258487429905063,0.061434260551143156,0.0775603652614703,-0.004131158068303865,0.3653185149585272,1.150833819436878,0.30611238839626437,0.6653185149585272,True,0.6653185149585272,True,0.6653185149585272,True,0.6653185149585272,True,0.6653185149585272,True,0.6653185149585272,True,0.3,False,0.4826592574792636,0.6653185149585272,True,True,0.5,1.0,0.6653185149585272,wind_stuck_7_days,2017
7011,US-Hn2,US-Hn2,2017-08-24,1.89411873,0.8,0.8,0.4507794146067421,0.4507794146067421,0.12019496773251026,0.44683673892916476,0.0438404654262339,0.046057794442217095,-0.004131158068303865,0.4507794146067421,1.150833819436878,0.30611238839626437,1.2507794146067421,True,1.2507794146067421,True,1.2507794146067421,True,1.2507794146067421,True,1.2507794146067421,True,1.2507794146067421,True,0.8,False,1.025389707303371,1.1279355288931021,True,True,0.5,0.7274855911048902,1.2507794146067421,wind_stuck_7_days,2017
7012,US-Hn2,US-Hn2,2017-08-25,0.44786485,1.7,1.7,-0.2897586969586924,0.2897586969586924,0.2201442627560642,0.43206951199265775,-0.002733913415331608,0.004467922615083889,-0.004131158068303865,0.2897586969586924,1.150833819436878,0.30611238839626437,1.4102413030413077,True,1.4102413030413077,True,1.4102413030413077,True,1.7,False,1.7,False,1.4102413030413077,True,1.7,False,1.5551206515206537,1.5517073109909292,True,True,0.5,0.5117799416050355,1.4102413030413077,wind_stuck_7_days,2017
7013,US-Hn2,US-Hn2,2017-10-27,0.51008674,0.1,0.1,0.2591870071810665,0.2591870071810665,0.12572284531879716,0.45915963293896284,0.053168610922031574,0.053195275175407834,0.00850600182069552,0.2591870071810665,1.150833819436878,0.30611238839626437,0.35918700718106655,True,0.35918700718106655,True,0.35918700718106655,True,0.35918700718106655,True,0.35918700718106655,True,0.35918700718106655,True,0.35918700718106655,True,0.22959350359053327,0.3072247074395682,True,True,0.5,0.7995181150990422,0.35918700718106655,wind_stuck_7_days,2017
7119,US-IB1,US-IB1,2017-02-03,0.91064826,0.6,0.6,-0.7729706671916687,0.7729706671916687,0.4182213877941889,0.9455347948944723,0.22891276940233085,0.03624709271932075,-0.1065454496136081,-0.7729706671916687,1.150833819436878,0.30611238839626437,-0.17297066719166876,True,0.6,False,0.6,False,-0.17297066719166876,True,0.6,False,-0.17297066719166876,True,0.6,False,0.2135146664041656,0.0759673309622978,True,True,0.5,0.6779463843584133,-0.12673891829553685,wind_stuck_7_days,2017
7120,US-IB1,US-IB1,2017-02-19,1.03232342,0.6,0.6,0.09670108978090652,0.09670108978090652,0.03561794182673523,0.26436342891719794,0.02298982817648017,0.024011823229732186,-0.006047462543166524,0.09670108978090652,1.150833819436878,0.30611238839626437,0.6967010897809065,True,0.6967010897809065,True,0.6967010897809065,True,0.6967010897809065,True,0.6967010897809065,True,0.6967010897809065,True,0.6,False,0.6483505448904532,0.6967010897809065,True,True,0.5,1.0,0.6967010897809065,wind_stuck_7_days,2017
7121,US-IB1,US-IB1,2017-02-27,1.2164009,0.9,0.9,-0.5062082582527698,0.5062082582527698,0.22660465345285563,0.6502634731834156,0.05093466694172737,0.0468124418258335,-0.004131158068303865,-0.5062082582527698,1.150833819436878,0.30611238839626437,0.3937917417472302,True,0.3937917417472302,True,0.3937917417472302,True,0.3937917417472302,True,0.3937917417472302,True,0.3937917417472302,True,0.9,False,0.6468958708736151,0.5919312531165728,True,True,0.5,0.6085810372726008,0.3937917417472302,wind_stuck_7_days,2017
7122,US-IB1,US-IB1,2017-03-23,0.88404448,0.5,0.5,1.1911635042299475,1.1911635042299475,0.13836054606536252,0.5554945817427934,0.18698184816806204,0.2592631242453909,-0.2447153843147349,-0.4230745442299475,1.150833819436878,0.30611238839626437,1.6911635042299475,True,1.6911635042299475,True,1.6911635042299475,True,1.6911635042299475,True,1.6911635042299475,True,1.6911635042299475,True,0.5,False,1.0955817521149738,1.4329123851852417,True,True,0.5,0.7831942314152265,1.6911635042299475,wind_stuck_7_days,2017
7123,US-IB1,US-IB1,2017-04-08,3.91234649,2.6,2.6,0.01234681009470084,0.01234681009470084,0.10794544000367666,0.4634092022911829,-0.0030078757447705323,0.004467922615083889,-0.004131158068303865,0.012346810094700844,1.150833819436878,0.30611238839626437,2.6123468100947007,True,2.6123468100947007,True,2.6123468100947007,True,2.6,False,2.6,False,2.6123468100947007,True,2.6,False,2.6061734050473504,2.6123468100947007,True,True,0.5,1.0,2.6123468100947007,wind_stuck_7_days,2017
7124,US-IB1,US-IB1,2017-04-24,1.4138709,2.1,2.1,-0.07579586069060569,0.07579586069060569,0.136979417817921,0.32447336746870226,-0.006878984330007512,0.004467922615083889,-0.004131158068303865,0.07579586069060573,1.150833819436878,0.30611238839626437,2.0242041393093944,True,2.0242041393093944,True,2.0242041393093944,True,2.1,False,2.1,False,2.0242041393093944,True,2.1,False,2.0621020696546974,2.0242041393093944,True,True,0.5,1.0,2.0242041393093944,wind_stuck_7_days,2017
7125,US-IB1,US-IB1,2017-05-18,5.63496955,3.9,3.9,0.5143342534893558,0.5143342534893558,0.20755730186964025,0.7307379157277154,0.028352527243273435,0.003105489379592257,-0.004131158068303865,0.5143342534893558,1.150833819436878,0.30611238839626437,4.414334253489356,True,4.414334253489356,True,4.414334253489356,True,4.414334253489356,True,4.414334253489356,True,4.414334253489356,True,3.9,False,4.157167126744678,4.146141048981316,True,True,0.5,0.4785624276653594,4.414334253489356,wind_stuck_7_days,2017
7126,US-IB1,US-IB1,2017-06-11,1.66627067,3.4,3.4,0.524854984084007,0.524854984084007,0.24823691492004948,0.7765667970683424,-0.024328496270449983,-0.04326410849166694,-0.030593619422944873,-0.5248549840840069,1.150833819436878,0.30611238839626437,3.924854984084007,True,3.924854984084007,True,3.924854984084007,True,3.4,False,3.4,False,3.4,False,3.4,False,3.6624274920420032,3.4,True,False,0.5,0.0,3.924854984084007,wind_stuck_7_days,2017
7127,US-IB1,US-IB1,2017-06-27,2.31223766,2.4,2.4,-0.7694588896249804,0.7694588896249804,0.16468219500119827,0.3589798952593073,-0.14508360302911882,-0.053164516078836856,-0.0190250178902289,-0.5939342096249808,1.150833819436878,0.30611238839626437,1.6305411103750194,True,1.6305411103750194,True,1.6305411103750194,True,2.4,False,2.4,False,2.4,False,2.4,False,2.01527055518751,2.2430074799371043,True,True,0.5,0.2040297697248136,1.6305411103750194,wind_stuck_7_days,2017
7128,US-IB1,US-IB1,2017-07-29,5.99671503,5.1,5.1,0.6273040059297583,0.6273040059297583,0.09240609722605946,0.4020524478069606,0.01133257360206122,0.01784235275918695,-0.05752055001723436,0.6273040059297583,1.150833819436878,0.30611238839626437,5.727304005929758,True,5.727304005929758,True,5.727304005929758,True,5.727304005929758,True,5.727304005929758,True,5.727304005929758,True,5.1,False,5.413652002964879,5.496506096337922,True,True,0.5,0.6320796497230097,5.727304005929758,wind_stuck_7_days,2017
7129,US-IB1,US-IB1,2017-09-23,2.93007972,3.7,3.7,-0.5391397317431248,0.5391397317431248,0.26722512044815117,0.5659317475742475,-0.005299743385366778,0.002180379223468672,-0.004131158068303865,0.5391397317431248,1.150833819436878,0.30611238839626437,3.1608602682568754,True,3.1608602682568754,True,3.1608602682568754,True,3.7,False,3.7,False,3.1608602682568754,True,3.7,False,3.4304301341284376,3.5330570219242796,True,True,0.5,0.3096469583793562,3.1608602682568754,wind_stuck_7_days,2017
7130,US-IB1,US-IB1,2017-11-26,1.01814301,0.7,0.7,-0.038372077543409565,0.038372077543409565,0.1039422896636301,0.24347414702937825,0.02298982817648017,0.024011823229732186,-0.006047462543166524,-0.038372077543409544,1.150833819436878,0.30611238839626437,0.6616279224565904,True,0.6616279224565904,True,0.6616279224565904,True,0.6616279224565904,True,0.6616279224565904,True,0.6616279224565904,True,0.7,False,0.6808139612282952,0.6616279224565904,True,True,0.5,1.0,0.6616279224565904,wind_stuck_7_days,2017
7131,US-IB1,US-IB1,2017-12-20,0.61428929,0.2,0.2,0.12112035771581327,0.12112035771581327,0.09051719775540236,0.2811339330501883,0.028103400033429902,0.02396385632329601,0.00850600182069552,0.12112035771581325,1.150833819436878,0.30611238839626437,0.32112035771581326,True,0.32112035771581326,True,0.32112035771581326,True,0.32112035771581326,True,0.32112035771581326,True,0.32112035771581326,True,0.32112035771581326,True,0.26056017885790667,0.32112035771581326,True,True,0.5,1.0,0.32112035771581326,wind_stuck_7_days,2017
7227,US-IB2,US-IB1,2017-03-07,1.58352055,1.0,1.0,0.9385953639421333,0.9385953639421333,0.26393198373523935,0.928018064841085,0.1195483474953077,0.06257378945906962,-0.239820051852626,0.22844573605786678,1.150833819436878,0.30611238839626437,1.9385953639421332,True,1.9385953639421332,True,1.0,False,1.9385953639421332,True,1.0,False,1.9385953639421332,True,1.0,False,1.4692976819710666,1.897789836191879,True,True,0.5,0.9565248995276627,1.8306294893382447,wind_stuck_7_days,2017
7228,US-IB2,US-IB1,2017-04-08,1.56094138,0.9,0.9,0.5145665134254769,0.5145665134254769,0.10737084440522039,0.45911433327615947,0.0438404654262339,0.046057794442217095,-0.004131158068303865,0.5145665134254769,1.150833819436878,0.30611238839626437,1.414566513425477,True,1.414566513425477,True,1.414566513425477,True,1.414566513425477,True,1.414566513425477,True,1.414566513425477,True,0.9,False,1.1572832567127385,1.225646515127854,True,True,0.5,0.6328560188653166,1.414566513425477,wind_stuck_7_days,2017
7229,US-IB2,US-IB1,2017-10-17,1.67454465,1.4,1.4,0.01699468274117623,0.01699468274117623,0.09636550610348694,0.369197657739549,0.02298982817648017,0.021895101621247783,-0.004131158068303865,0.016994682741176215,1.150833819436878,0.30611238839626437,1.4169946827411761,True,1.4169946827411761,True,1.4169946827411761,True,1.4169946827411761,True,1.4169946827411761,True,1.4169946827411761,True,1.4,False,1.4084973413705881,1.4169946827411761,True,True,0.5,1.0,1.4169946827411761,wind_stuck_7_days,2017
7230,US-IB2,US-IB1,2017-11-26,0.33318034,0.4,0.4,0.13766194790572026,0.13766194790572026,0.1096525626315402,0.24247844831463397,0.02111940667872665,0.015555014461246476,-0.006047462543166524,-0.13766194790572026,1.150833819436878,0.30611238839626437,0.5376619479057203,True,0.5376619479057203,True,0.5376619479057203,True,0.5376619479057203,True,0.5376619479057203,True,0.5376619479057203,True,0.4,False,0.46883097395286016,0.5376619479057203,True,True,0.5,1.0,0.5376619479057203,wind_stuck_7_days,2017
7231,US-IB2,US-IB1,2017-12-20,0.45547181,0.2,0.2,0.12112035771581327,0.12112035771581327,0.09051719775540236,0.2811339330501883,0.028103400033429902,0.02396385632329601,0.00850600182069552,0.12112035771581325,1.150833819436878,0.30611238839626437,0.32112035771581326,True,0.32112035771581326,True,0.32112035771581326,True,0.32112035771581326,True,0.32112035771581326,True,0.32112035771581326,True,0.32112035771581326,True,0.26056017885790667,0.32112035771581326,True,True,0.5,1.0,0.32112035771581326,wind_stuck_7_days,2017
7387,US-Jo2,US-Jo2,2017-02-01,0.83400105,0.4,0.4,-0.18089381682344835,0.18089381682344835,0.12122721868694257,0.25200392335549865,0.02111940667872665,0.015555014461246476,-0.006047462543166524,-0.1808938168234484,1.150833819436878,0.30611238839626437,0.21910618317655167,True,0.21910618317655167,True,0.21910618317655167,True,0.21910618317655167,True,0.21910618317655167,True,0.21910618317655167,True,0.4,False,0.3095530915882758,0.21910618317655167,True,True,0.5,1.0,0.21910618317655167,wind_stuck_7_days,2017
7388,US-Jo2,US-Jo2,2017-02-25,0.99021939,1.0,1.0,-0.34868570994098425,0.34868570994098425,0.09024384754797156,0.38991573927221757,0.02298982817648017,0.029101904401739168,-0.006047462543166524,-0.3291244899409843,1.150833819436878,0.30611238839626437,0.6513142900590158,True,0.6513142900590158,True,0.6513142900590158,True,0.6513142900590158,True,0.6513142900590158,True,0.6513142900590158,True,1.0,False,0.8256571450295078,0.7871802895085466,True,True,0.5,0.610348243200083,0.6513142900590158,wind_stuck_7_days,2017
7389,US-Jo2,US-Jo2,2017-03-05,1.11427918,0.5,0.5,0.33714626513103346,0.33714626513103346,0.2083776316150957,0.46495214695011616,0.05083651367849109,0.04919763219554589,-0.004131158068303865,0.33714626513103346,1.150833819436878,0.30611238839626437,0.8371462651310335,True,0.8371462651310335,True,0.8371462651310335,True,0.8371462651310335,True,0.8371462651310335,True,0.8371462651310335,True,0.5,False,0.6685731325655168,0.7530719866532427,True,True,0.5,0.7506296608532356,0.8371462651310335,wind_stuck_7_days,2017
7390,US-Jo2,US-Jo2,2017-03-13,0.98328387,0.7,0.7,-0.05136993451067244,0.05136993451067244,0.09051883079805514,0.26705484666582074,0.02298982817648017,0.021895101621247783,-0.004131158068303865,-0.051369934510672455,1.150833819436878,0.30611238839626437,0.6486300654893276,True,0.6486300654893276,True,0.6486300654893276,True,0.6486300654893276,True,0.6486300654893276,True,0.6486300654893276,True,0.7,False,0.6743150327446638,0.6486300654893276,True,True,0.5,1.0,0.6486300654893276,wind_stuck_7_days,2017
7391,US-Jo2,US-Jo2,2017-03-21,1.53969144,0.2,0.2,0.28561663420203304,0.28561663420203304,0.12235442245985301,0.48555785722179756,0.06680889234438053,0.0790223063195253,0.010422306295558178,0.285616634202033,1.150833819436878,0.30611238839626437,0.48561663420203305,True,0.48561663420203305,True,0.48561663420203305,True,0.48561663420203305,True,0.48561663420203305,True,0.48561663420203305,True,0.48561663420203305,True,0.34280831710101656,0.38124133500501345,True,True,0.5,0.6345615531510362,0.48561663420203305,wind_stuck_7_days,2017
7392,US-Jo2,US-Jo2,2017-04-06,0.76496981,0.7,0.7,-0.017387805212971192,0.017387805212971192,0.16411656597402177,0.3356351396051286,0.02298982817648017,0.020310886800116786,-0.004131158068303865,-0.01738780521297119,1.150833819436878,0.30611238839626437,0.6826121947870287,True,0.6826121947870287,True,0.6826121947870287,True,0.6826121947870287,True,0.6826121947870287,True,0.6826121947870287,True,0.7,False,0.6913060973935143,0.6826121947870287,True,True,0.5,1.0,0.6826121947870287,wind_stuck_7_days,2017
7393,US-Jo2,US-Jo2,2017-04-14,0.88042181,0.4,0.4,0.21839809303601898,0.21839809303601898,0.1447172192962242,0.3815224399497408,0.04274611947038089,0.058877095680806416,-0.004131158068303865,0.21839809303601898,1.150833819436878,0.30611238839626437,0.618398093036019,True,0.618398093036019,True,0.618398093036019,True,0.618398093036019,True,0.618398093036019,True,0.618398093036019,True,0.4,False,0.5091990465180095,0.5622603531881568,True,True,0.5,0.742956822253005,0.618398093036019,wind_stuck_7_days,2017
7394,US-Jo2,US-Jo2,2017-04-22,0.60141746,0.5,0.5,0.35519819176971434,0.35519819176971434,0.09292484988601891,0.2823322344214921,0.06458722102397628,0.0797771547312839,-0.004131158068303865,-0.15236327176971443,1.150833819436878,0.30611238839626437,0.8551981917697143,True,0.8551981917697143,True,0.8551981917697143,True,0.8551981917697143,True,0.8551981917697143,True,0.8551981917697143,True,0.5,False,0.6775990958848572,0.7213220658308799,True,True,0.5,0.6230945735623834,0.8551981917697143,wind_stuck_7_days,2017
7395,US-Jo2,US-Jo2,2017-04-30,1.9004965,0.9,0.9,-0.00807214633468101,0.00807214633468101,0.15456536360208134,0.3742326399757374,0.02102684398355344,0.021247057803136328,-0.004131158068303865,-0.008072146334681118,1.150833819436878,0.30611238839626437,0.891927853665319,True,0.891927853665319,True,0.891927853665319,True,0.891927853665319,True,0.891927853665319,True,0.891927853665319,True,0.9,False,0.8959639268326595,0.891927853665319,True,True,0.5,1.0,0.891927853665319,wind_stuck_7_days,2017
7396,US-Jo2,US-Jo2,2017-05-24,0.62769904,0.4,0.4,0.07768108988560726,0.07768108988560726,0.0885321770003506,0.2790164674469732,0.016756496364320094,0.010711167310938912,-0.030593619422944873,0.07768108988560726,1.150833819436878,0.30611238839626437,0.4776810898856073,True,0.4776810898856073,True,0.4776810898856073,True,0.4776810898856073,True,0.4776810898856073,True,0.4776810898856073,True,0.4,False,0.43884054494280367,0.4776810898856073,True,True,0.5,1.0,0.4776810898856073,wind_stuck_7_days,2017
7397,US-Jo2,US-Jo2,2017-06-01,2.52289629,1.1,1.1,0.19814598742197304,0.19814598742197304,0.1587724782437097,0.43085288483734807,0.0050455379924656775,0.005265751812048551,-0.004131158068303865,0.1981459874219731,1.150833819436878,0.30611238839626437,1.2981459874219732,True,1.2981459874219732,True,1.2981459874219732,True,1.2981459874219732,True,1.2981459874219732,True,1.2981459874219732,True,1.1,False,1.1990729937109865,1.25850496524119,True,True,0.5,0.7999403233114004,1.2981459874219732,wind_stuck_7_days,2017
7398,US-Jo2,US-Jo2,2017-06-09,1.39856615,0.4,0.4,0.12368845156000081,0.12368845156000081,0.11655177142999867,0.3460894906730231,0.016756496364320094,0.010711167310938912,-0.030593619422944873,0.12368845156000086,1.150833819436878,0.30611238839626437,0.5236884515600009,True,0.5236884515600009,True,0.5236884515600009,True,0.5236884515600009,True,0.5236884515600009,True,0.5236884515600009,True,0.4,False,0.46184422578000045,0.5236884515600009,True,True,0.5,1.0,0.5236884515600009,wind_stuck_7_days,2017
7399,US-Jo2,US-Jo2,2017-06-17,0.62382865,0.4,0.4,-0.09123671241968982,0.09123671241968982,0.1706043228847989,0.3568886787735181,0.016756496364320094,0.010711167310938912,-0.030593619422944873,-0.09123671241968984,1.150833819436878,0.30611238839626437,0.3087632875803102,True,0.3087632875803102,True,0.3087632875803102,True,0.3087632875803102,True,0.3087632875803102,True,0.3087632875803102,True,0.4,False,0.35438164379015513,0.3087632875803102,True,True,0.5,1.0,0.23994188728509552,wind_stuck_7_days,2017
7400,US-Jo2,US-Jo2,2017-06-25,0.35845261,0.1,0.1,0.8249542525037278,0.8249542525037278,0.1344892021550797,0.5395639227881653,0.24250053801708474,0.2773299721117729,0.04319273224849261,-0.30804903250372784,1.150833819436878,0.30611238839626437,0.9249542525037278,True,0.9249542525037278,True,0.9249542525037278,True,0.9249542525037278,True,0.9249542525037278,True,0.9249542525037278,True,0.9249542525037278,True,0.5124771262518639,0.6966711656390123,True,True,0.5,0.7232778833833773,0.9249542525037278,wind_stuck_7_days,2017
7401,US-Jo2,US-Jo2,2017-07-03,1.16976936,0.0,0.0,0.3717681260277481,0.3717681260277481,0.0998996051617409,0.4767863350213002,0.16331040183975506,0.1754830871562222,0.0047748507042421045,0.3717681260277481,1.150833819436878,0.30611238839626437,0.3717681260277481,True,0.3717681260277481,True,0.3717681260277481,True,0.3717681260277481,True,0.3717681260277481,True,0.3717681260277481,True,0.3717681260277481,True,0.18588406301387406,0.3717681260277481,True,True,0.5,1.0,0.3717681260277481,wind_stuck_7_days,2017
7402,US-Jo2,US-Jo2,2017-07-11,1.09848617,0.5,0.5,0.45915035349477157,0.45915035349477157,0.12204398059916441,0.4712755479977596,0.09852969401376156,0.12122712038916796,-0.004131158068303865,0.45915035349477157,1.150833819436878,0.30611238839626437,0.9591503534947716,True,0.9591503534947716,True,0.9591503534947716,True,0.9591503534947716,True,0.9591503534947716,True,0.9591503534947716,True,0.5,False,0.7295751767473858,0.883075757487848,True,True,0.5,0.8343144126365354,0.9591503534947716,wind_stuck_7_days,2017
7403,US-Jo2,US-Jo2,2017-07-19,2.76232347,2.3,2.3,-0.13262015958335907,0.13262015958335907,0.26795869340618633,0.4383313121684383,-0.04134730302897377,-0.03708909471497131,-0.004131158068303865,-0.13262015958335904,1.150833819436878,0.30611238839626437,2.1673798404166407,True,2.1673798404166407,True,2.1673798404166407,True,2.3,False,2.3,False,2.3,False,2.3,False,2.2336899202083202,2.1673798404166407,True,True,0.5,1.0,2.1673798404166407,wind_stuck_7_days,2017
7404,US-Jo2,US-Jo2,2017-08-04,3.5201514,0.2,0.2,1.5255909013398368,1.5255909013398368,0.15416983194606504,0.5524541920446081,0.3609685338884618,0.5019651570233139,-0.14278680204781025,1.5255909013398368,1.150833819436878,0.30611238839626437,1.7255909013398367,True,1.7255909013398367,True,1.7255909013398367,True,1.7255909013398367,True,1.7255909013398367,True,1.7255909013398367,True,0.2,False,0.9627954506699183,0.7710181747571845,True,True,0.5,0.3742931176737439,1.7255909013398367,wind_stuck_7_days,2017
7405,US-Jo2,US-Jo2,2017-08-28,4.02622745,1.5,1.5,-0.07406272005017678,0.07406272005017678,0.06283360907268291,0.40485450527454503,0.02298982817648017,0.020310886800116786,-0.004131158068303865,-0.07406272005017689,1.150833819436878,0.30611238839626437,1.4259372799498231,True,1.4259372799498231,True,1.4259372799498231,True,1.4259372799498231,True,1.4259372799498231,True,1.4259372799498231,True,1.5,False,1.4629686399749116,1.4259372799498231,True,True,0.5,1.0,1.4259372799498231,wind_stuck_7_days,2017
7406,US-Jo2,US-Jo2,2017-09-05,2.10904255,1.5,1.5,-0.5939577920057547,0.5939577920057547,0.10799914199802217,0.31300880568853406,0.041783172762815436,0.05932962300461411,-0.004131158068303865,-0.5939577920057548,1.150833819436878,0.30611238839626437,0.9060422079942453,True,0.9060422079942453,True,0.9060422079942453,True,0.9060422079942453,True,0.9060422079942453,True,0.9060422079942453,True,1.5,False,1.2030211039971226,1.381065155313008,True,True,0.5,0.20024123984527126,0.9060422079942453,wind_stuck_7_days,2017
7407,US-Jo2,US-Jo2,2017-09-21,0.67349343,0.7,0.7,0.007924454172699347,0.007924454172699347,0.08819006496787742,0.4355707052047834,0.0050455379924656775,0.005265751812048551,-0.004131158068303865,-0.007924454172699345,1.150833819436878,0.30611238839626437,0.7079244541726993,True,0.7079244541726993,True,0.7079244541726993,True,0.7079244541726993,True,0.7079244541726993,True,0.7079244541726993,True,0.7,False,0.7039622270863496,0.7079244541726993,True,True,0.5,1.0,0.7079244541726993,wind_stuck_7_days,2017
7408,US-Jo2,US-Jo2,2017-10-07,1.27488021,0.5,0.5,-0.0798188473799201,0.0798188473799201,0.13632158513512466,0.34198150354242435,0.01990945683715325,0.014512171601883521,-0.004131158068303865,-0.07981884737992007,1.150833819436878,0.30611238839626437,0.42018115262007993,True,0.42018115262007993,True,0.42018115262007993,True,0.42018115262007993,True,0.42018115262007993,True,0.42018115262007993,True,0.5,False,0.46009057631003997,0.42018115262007993,True,True,0.5,1.0,0.42018115262007993,wind_stuck_7_days,2017
7409,US-Jo2,US-Jo2,2017-10-15,0.57017062,0.7,0.7,-0.20559550044941766,0.20559550044941766,0.07101693612588662,0.32844446003818567,0.02298982817648017,0.021895101621247783,-0.004131158068303865,0.05406325955058233,1.150833819436878,0.30611238839626437,0.4944044995505823,True,0.4944044995505823,True,0.4944044995505823,True,0.4944044995505823,True,0.4944044995505823,True,0.4944044995505823,True,0.7,False,0.5972022497752911,0.5412394066814445,True,True,0.5,0.772198773667301,0.4944044995505823,wind_stuck_7_days,2017
7410,US-Jo2,US-Jo2,2017-10-23,0.63333225,0.4,0.4,-0.09945061858754044,0.09945061858754044,0.1194834682161495,0.41921299873343365,0.02111940667872665,0.014137906622325927,-0.004131158068303865,-0.09945061858754045,1.150833819436878,0.30611238839626437,0.30054938141245957,True,0.30054938141245957,True,0.30054938141245957,True,0.30054938141245957,True,0.30054938141245957,True,0.30054938141245957,True,0.4,False,0.3502746907062298,0.30054938141245957,True,True,0.5,1.0,0.30054938141245957,wind_stuck_7_days,2017
7411,US-Jo2,US-Jo2,2017-10-31,0.49922773,0.1,0.1,0.252351695338376,0.252351695338376,0.1164394131323933,0.4317782260701211,0.04477732171598254,0.048898019269086074,0.00850600182069552,0.252351695338376,1.150833819436878,0.30611238839626437,0.35235169533837596,True,0.35235169533837596,True,0.35235169533837596,True,0.35235169533837596,True,0.35235169533837596,True,0.35235169533837596,True,0.35235169533837596,True,0.226175847669188,0.3101771013812273,True,True,0.5,0.8328737443170445,0.35235169533837596,wind_stuck_7_days,2017
7412,US-Jo2,US-Jo2,2017-12-26,0.2908648,0.3,0.3,-0.04033903754038777,0.04033903754038777,0.12373440846290829,0.2915522245444621,0.02111940667872665,0.015555014461246476,-0.006047462543166524,-0.02206863754038775,1.150833819436878,0.30611238839626437,0.25966096245961223,True,0.25966096245961223,True,0.25966096245961223,True,0.25966096245961223,True,0.25966096245961223,True,0.25966096245961223,True,0.3,False,0.2798304812298061,0.25966096245961223,True,True,0.5,1.0,0.25966096245961223,wind_stuck_7_days,2017
7612,US-KLS,US-KLS,2017-01-04,0.24390123,0.2,0.2,0.06488470530691245,0.06488470530691245,0.14773789002756826,0.34433382643980565,0.028103400033429902,0.02396385632329601,0.00850600182069552,0.022917754693087516,1.150833819436878,0.30611238839626437,0.26488470530691244,True,0.26488470530691244,True,0.26488470530691244,True,0.26488470530691244,True,0.26488470530691244,True,0.26488470530691244,True,0.26488470530691244,True,0.23244235265345625,0.26488470530691244,True,True,0.5,1.0,0.3695398158696191,wind_stuck_7_days,2017
7613,US-KLS,US-KLS,2017-02-05,0.23408557,0.6,0.6,0.12480076597303287,0.12480076597303287,0.16380957021902814,0.3969995256233347,0.02246694996492022,0.02386037719274904,-0.006047462543166524,-0.12480076597303286,1.150833819436878,0.30611238839626437,0.7248007659730329,True,0.7248007659730329,True,0.7248007659730329,True,0.7248007659730329,True,0.7248007659730329,True,0.7248007659730329,True,0.6,False,0.6624003829865164,0.7248007659730329,True,True,0.5,1.0,0.7248007659730329,wind_stuck_7_days,2017
7614,US-KLS,US-KLS,2017-02-14,0.43956703,1.0,1.0,-1.0282248839524246,1.0282248839524246,0.2873333535818113,0.8200422262433046,0.10250415144671124,0.003908272242550947,-0.04878202059713033,0.09264105604757522,1.150833819436878,0.30611238839626437,-0.028224883952424618,True,-0.028224883952424618,True,-0.028224883952424618,True,-0.028224883952424618,True,-0.028224883952424618,True,-0.028224883952424618,True,1.0,False,0.4858875580237877,0.26759044757992567,True,True,0.5,0.7123048312201347,-0.028224883952424618,wind_stuck_7_days,2017
7615,US-KLS,US-KLS,2017-02-21,0.40985118,1.6,1.6,-0.21076164749337356,0.21076164749337356,0.25807845819791836,0.9796478153135494,0.01508512020130541,0.0013701530285538887,-0.010925008228780708,0.21076164749337356,1.150833819436878,0.30611238839626437,1.3892383525066265,True,1.3892383525066265,True,1.6,False,1.3892383525066265,True,1.6,False,1.3892383525066265,True,1.6,False,1.4946191762533134,1.4284422830242394,True,True,0.5,0.8139892576098533,1.3992389853970217,wind_stuck_7_days,2017
7616,US-KLS,US-KLS,2017-03-01,0.54644608,1.5,1.5,-0.7926051900749961,0.7926051900749961,0.1330960110713716,0.4173247922109507,0.03243059102564174,0.10193023166478571,-0.05116657411702952,0.7926051900749961,1.150833819436878,0.30611238839626437,0.7073948099250039,True,0.7073948099250039,True,0.7073948099250039,True,0.7073948099250039,True,0.7073948099250039,True,0.7073948099250039,True,1.5,False,1.103697404962502,1.2528796206193253,True,True,0.5,0.31178243906943404,0.7073948099250039,wind_stuck_7_days,2017
7617,US-KLS,US-KLS,2017-03-02,0.52456713,1.3,1.3,-0.6105309943400192,0.6105309943400192,0.1051074674287924,0.3959171784119008,0.04374615695574217,0.0587362824289199,-0.006047462543166524,0.6105309943400192,1.150833819436878,0.30611238839626437,0.6894690056599808,True,0.6894690056599808,True,0.6894690056599808,True,0.6894690056599808,True,0.6894690056599808,True,0.6894690056599808,True,1.3,False,0.9947345028299904,1.0633418242348314,True,True,0.5,0.38762680021019225,0.6894690056599808,wind_stuck_7_days,2017
7618,US-KLS,US-KLS,2017-03-09,0.55990139,1.7,1.7,-0.3405526397457037,0.3405526397457037,0.11019805302481177,0.4542426769711052,0.0021448888485801304,0.009280503156287881,-0.004131158068303865,0.3405526397457037,1.150833819436878,0.30611238839626437,1.3594473602542962,True,1.3594473602542962,True,1.3594473602542962,True,1.3594473602542962,True,1.3594473602542962,True,1.3594473602542962,True,1.7,False,1.529723680127148,1.4926093065418153,True,True,0.5,0.6089827804977425,1.3594473602542962,wind_stuck_7_days,2017
7619,US-KLS,US-KLS,2017-03-18,0.70230955,1.8,1.8,-0.1402781578276217,0.1402781578276217,0.10126264585391241,0.3781651678427437,-0.00016183873425949812,0.009280503156287881,-0.004131158068303865,0.14027815782762176,1.150833819436878,0.30611238839626437,1.6597218421723783,True,1.6597218421723783,True,1.6597218421723783,True,1.8,False,1.8,False,1.6597218421723783,True,1.8,False,1.7298609210861893,1.6597218421723783,True,True,0.5,1.0,1.6597218421723783,wind_stuck_7_days,2017
7620,US-KLS,US-KLS,2017-04-10,1.72599891,1.3,1.3,0.43149841296880176,0.43149841296880176,0.1370517230684857,0.3458369812250754,0.04153373784339427,0.04764200926334809,-0.006047462543166524,0.42049940703119804,1.150833819436878,0.30611238839626437,1.7314984129688018,True,1.7314984129688018,True,1.7314984129688018,True,1.7314984129688018,True,1.7314984129688018,True,1.7314984129688018,True,1.3,False,1.515749206484401,1.5593867028519113,True,True,0.5,0.6011301433701114,1.7314984129688018,wind_stuck_7_days,2017
7621,US-KLS,US-KLS,2017-04-11,1.75886712,2.6,2.6,-0.23301647440509693,0.23301647440509693,0.11192600956995284,0.32027040625234227,-0.006878984330007512,0.009280503156287881,-0.006047462543166524,0.23301647440509687,1.150833819436878,0.30611238839626437,2.366983525594903,True,2.366983525594903,True,2.366983525594903,True,2.6,False,2.6,False,2.366983525594903,True,2.6,False,2.4834917627974518,2.4577050801084006,True,True,0.5,0.6106646332834871,2.366983525594903,wind_stuck_7_days,2017
7622,US-KLS,US-KLS,2017-04-18,7.08476104,4.1,4.1,-0.22972507085269483,0.22972507085269483,0.24718561557360072,0.5974708680240265,-0.005299743385366778,0.002180379223468672,-0.004131158068303865,-0.229725070852695,1.150833819436878,0.30611238839626437,3.8702749291473046,True,3.8702749291473046,True,3.8702749291473046,True,4.1,False,4.1,False,3.8702749291473046,True,4.1,False,3.9851374645736524,3.9570449911164025,True,True,0.5,0.6222873644264247,3.8702749291473046,wind_stuck_7_days,2017
7623,US-KLS,US-KLS,2017-04-19,7.38285324,3.3,3.3,0.5214039671984113,0.5214039671984113,0.2108765659877234,0.6346718874363745,0.007497105075848941,-0.0017070911616117405,-0.004131158068303865,0.5214039671984114,1.150833819436878,0.30611238839626437,3.8214039671984112,True,3.8214039671984112,True,3.8214039671984112,True,3.8214039671984112,True,3.8214039671984112,True,3.3,False,3.3,False,3.5607019835992055,3.5311835025349403,True,True,0.5,0.44338654302368885,3.8214039671984112,wind_stuck_7_days,2017
7624,US-KLS,US-KLS,2017-04-27,3.04073513,2.0,2.0,0.4004950577274434,0.4004950577274434,0.1695517644830787,0.56817229607342,-6.753026376776587e-05,0.010538939842356423,-0.006047462543166524,0.4004950577274434,1.150833819436878,0.30611238839626437,2.4004950577274435,True,2.4004950577274435,True,2.4004950577274435,True,2.0,False,2.0,False,2.4004950577274435,True,2.0,False,2.2002475288637218,2.205608727632259,True,True,0.5,0.5133864292831946,2.4004950577274435,wind_stuck_7_days,2017
7625,US-KLS,US-KLS,2017-05-04,6.08135398,3.2,3.2,-0.5454820184778549,0.5454820184778549,0.1185125147581037,0.3718397727770449,-0.00531460332761016,0.002180379223468672,-0.004131158068303865,-0.545482018477855,1.150833819436878,0.30611238839626437,2.654517981522145,True,2.654517981522145,True,2.654517981522145,True,3.2,False,3.2,False,2.654517981522145,True,3.2,False,2.927258990761073,2.992078842974693,True,True,0.5,0.3811695894312022,2.654517981522145,wind_stuck_7_days,2017
7626,US-KLS,US-KLS,2017-05-05,5.88527987,3.1,3.1,-0.38094571406856736,0.38094571406856736,0.10577333617598945,0.43297070225318873,-0.00531460332761016,0.002180379223468672,-0.004131158068303865,-0.3809457140685675,1.150833819436878,0.30611238839626437,2.7190542859314326,True,2.7190542859314326,True,2.7190542859314326,True,3.1,False,3.1,False,2.7190542859314326,True,3.1,False,2.9095271429657164,2.885773611841209,True,True,0.5,0.5623541104343064,2.7190542859314326,wind_stuck_7_days,2017
7627,US-KLS,US-KLS,2017-05-12,1.98622137,3.4,3.4,-0.6414153922730057,0.6414153922730057,0.10095146718176363,0.3458108167716113,-0.042100416445282805,-0.05545205947045207,-0.004131158068303865,0.6414153922730057,1.150833819436878,0.30611238839626437,2.758584607726994,True,2.758584607726994,True,2.758584607726994,True,3.4,False,3.4,False,3.4,False,3.4,False,3.079292303863497,3.2428670436663936,True,True,0.5,0.2449784620490148,2.758584607726994,wind_stuck_7_days,2017
7628,US-KLS,US-KLS,2017-05-13,2.50678413,4.7,4.7,-0.5440108148180663,0.5440108148180663,0.09729291871097119,0.3993710537655891,-0.00531460332761016,0.002180379223468672,-0.004131158068303865,0.5440108148180665,1.150833819436878,0.30611238839626437,4.155989185181934,True,4.155989185181934,True,4.155989185181934,True,4.7,False,4.7,False,4.155989185181934,True,4.7,False,4.427994592590967,4.5262616625870145,True,True,0.5,0.3193655947282753,4.155989185181934,wind_stuck_7_days,2017
7629,US-KLS,US-KLS,2017-05-21,1.81600717,3.9,3.9,-0.6331173220264681,0.6331173220264681,0.24675724811637012,0.3060494046001059,-0.04467249112635491,-0.05545205947045207,-0.004131158068303865,0.6331173220264681,1.150833819436878,0.30611238839626437,3.266882677973532,True,3.266882677973532,True,3.266882677973532,True,3.9,False,3.9,False,3.9,False,3.9,False,3.583441338986766,3.7143107208666106,True,True,0.5,0.2932936324329887,3.266882677973532,wind_stuck_7_days,2017
7630,US-KLS,US-KLS,2017-05-28,1.87747641,5.1,5.1,-0.7636913258153301,0.7636913258153301,0.15121791529803597,0.34618973691952026,-0.050691916961413765,-0.0021219967921634495,-0.0190250178902289,0.76369132581533,1.150833819436878,0.30611238839626437,4.33630867418467,True,4.33630867418467,True,4.33630867418467,True,5.1,False,5.1,False,5.1,False,5.1,False,4.718154337092335,4.932956424532441,True,True,0.5,0.21873179623877476,4.33630867418467,wind_stuck_7_days,2017
7631,US-KLS,US-KLS,2017-05-29,2.0882463,5.2,5.2,-0.5763956170975392,0.5763956170975392,0.20230006792144783,0.32447907704877504,-0.04535132634257776,-0.018467664114665393,-0.004131158068303865,0.5763956170975391,1.150833819436878,0.30611238839626437,4.623604382902461,True,4.623604382902461,True,4.623604382902461,True,5.2,False,5.2,False,5.2,False,5.2,False,4.911802191451231,5.047498054878642,True,True,0.5,0.2645785994856924,4.623604382902461,wind_stuck_7_days,2017
7632,US-KLS,US-KLS,2017-06-05,2.38512415,5.7,5.7,0.190610761534979,0.190610761534979,0.15972921047234365,0.6079220966962107,-0.006514051688426584,-0.0060175662521149784,-0.004131158068303865,-0.19061076153497902,1.150833819436878,0.30611238839626437,5.890610761534979,True,5.890610761534979,True,5.890610761534979,True,5.7,False,5.7,False,5.7,False,5.7,False,5.7953053807674895,5.864649870314968,True,True,0.5,0.8638015450389571,5.890610761534979,wind_stuck_7_days,2017
7633,US-KLS,US-KLS,2017-06-13,3.14698881,3.4,3.4,0.3408900566508596,0.3408900566508596,0.2967690207744901,0.9619365413675751,-0.06499225009892402,-0.05113066208135761,-0.03085047289846279,-0.3408900566508596,1.150833819436878,0.30611238839626437,3.7408900566508594,True,3.7408900566508594,True,3.4,False,3.4,False,3.4,False,3.4,False,3.4,False,3.57044502832543,3.4,True,False,0.5,0.0,3.716038829563214,wind_stuck_7_days,2017
7634,US-KLS,US-KLS,2017-06-21,2.612786,7.4,7.4,0.6005529656754331,0.6005529656754331,0.24156195092012936,0.8231993513452455,-0.06283279950187057,-0.08938809766991952,-0.06319334446721918,-0.6005529656754334,1.150833819436878,0.30611238839626437,8.000552965675434,True,8.000552965675434,True,8.000552965675434,True,7.4,False,7.4,False,7.4,False,7.4,False,7.700276482837717,7.4,True,False,0.5,0.0,8.032834109893471,wind_stuck_7_days,2017
7635,US-KLS,US-KLS,2017-06-22,2.18021742,5.4,5.4,-0.5169403553663814,0.5169403553663814,0.28670726012304765,0.39125548039210084,-0.0532693912147981,-0.06606230741502617,-0.030593619422944873,0.5169403553663816,1.150833819436878,0.30611238839626437,4.883059644633619,True,4.883059644633619,True,4.883059644633619,True,5.4,False,5.4,False,5.4,False,5.4,False,5.1415298223168096,5.4,True,False,0.5,0.0,4.883059644633619,wind_stuck_7_days,2017
7636,US-KLS,US-KLS,2017-07-07,1.59829891,6.3,6.3,-0.3087003763413594,0.3087003763413594,0.10382749112042057,0.38844428741139675,-0.04366875161537122,-0.02708418342405296,-0.030593619422944873,0.30870037634135983,1.150833819436878,0.30611238839626437,5.991299623658641,True,5.991299623658641,True,5.991299623658641,True,6.3,False,6.3,False,6.3,False,6.3,False,6.14564981182932,6.16236351915553,True,True,0.5,0.445857833008509,5.991299623658641,wind_stuck_7_days,2017
7637,US-KLS,US-KLS,2017-07-08,1.59786583,5.8,5.8,0.8581189943693616,0.8581189943693616,0.20438639353490615,0.5304636411750214,0.020692978035538875,0.010939241347136138,-0.03781864092092157,-0.8581189943693612,1.150833819436878,0.30611238839626437,6.658118994369361,True,6.658118994369361,True,6.658118994369361,True,6.658118994369361,True,6.658118994369361,True,6.658118994369361,True,5.8,False,6.22905949718468,6.322741992240286,True,True,0.5,0.6091719163313167,6.658118994369361,wind_stuck_7_days,2017
7638,US-KLS,US-KLS,2017-07-23,1.16271374,5.0,5.0,-0.8480224271823549,0.8480224271823549,0.15268095472470467,0.42538723502783105,-0.19846691860225205,-0.18236427621913673,-0.02467247348154498,0.8480224271823547,1.150833819436878,0.30611238839626437,4.151977572817645,True,4.151977572817645,True,4.151977572817645,True,5.0,False,5.0,False,5.0,False,5.0,False,4.575988786408822,4.835081225552553,True,True,0.5,0.19447454355117344,4.151977572817645,wind_stuck_7_days,2017
7639,US-KLS,US-KLS,2017-07-24,0.94152511,3.2,3.2,-0.7008758284390193,0.7008758284390193,0.192416311055822,0.5218414852283193,-0.12440323771650809,-0.1562705131312962,-0.02467247348154498,0.7008758284390193,1.150833819436878,0.30611238839626437,2.4991241715609807,True,2.4991241715609807,True,2.4991241715609807,True,3.2,False,3.2,False,3.2,False,3.2,False,2.8495620857804904,3.092064667994844,True,True,0.5,0.15400064836812563,2.4991241715609807,wind_stuck_7_days,2017
7640,US-KLS,US-KLS,2017-08-01,1.40582488,3.8,3.8,0.24086217228090664,0.24086217228090664,0.26133665043690696,0.5839927801075316,-0.005299743385366778,0.002180379223468672,-0.004131158068303865,-0.24086217228090678,1.150833819436878,0.30611238839626437,4.040862172280907,True,4.040862172280907,True,4.040862172280907,True,3.8,False,3.8,False,4.040862172280907,True,3.8,False,3.920431086140453,3.974053908297446,True,True,0.5,0.7226286579133522,4.040862172280907,wind_stuck_7_days,2017
7641,US-KLS,US-KLS,2017-08-17,1.156596,3.3,3.3,-0.5125374741887494,0.5125374741887494,0.10382180022710333,0.3134111652578249,-0.009151471268356418,-0.0018966255439008262,-0.004131158068303865,0.5125374741887494,1.150833819436878,0.30611238839626437,2.78746252581125,True,2.78746252581125,True,2.78746252581125,True,3.3,False,3.3,False,3.3,False,3.3,False,3.043731262905625,3.175841894289685,True,True,0.5,0.24224200563448275,2.78746252581125,wind_stuck_7_days,2017
7642,US-KLS,US-KLS,2017-09-02,0.61394399,2.7,2.7,-0.6532140557897911,0.6532140557897911,0.09610149959306873,0.31220426112298033,-0.042100416445282805,-0.05545205947045207,-0.004131158068303865,0.6532140557897912,1.150833819436878,0.30611238839626437,2.046785944210209,True,2.046785944210209,True,2.046785944210209,True,2.7,False,2.7,False,2.7,False,2.7,False,2.373392972105105,2.5476783160859124,True,True,0.5,0.23318800715321125,2.046785944210209,wind_stuck_7_days,2017
7643,US-KLS,US-KLS,2017-10-11,1.6797461,1.9,1.9,-0.37983832910548826,0.37983832910548826,0.10725747038258765,0.38006953417146416,-0.00016183873425949812,0.014426410227436836,-0.006047462543166524,0.060669470894511524,1.150833819436878,0.30611238839626437,1.5201616708945116,True,1.5201616708945116,True,1.5201616708945116,True,1.9,False,1.9,False,1.5201616708945116,True,1.9,False,1.7100808354472559,1.6863963543270297,True,True,0.5,0.5623541104343064,1.5201616708945116,wind_stuck_7_days,2017
7644,US-KLS,US-KLS,2017-10-12,1.72728657,1.8,1.8,-0.11686610611046071,0.11686610611046071,0.10174359292426452,0.5461188231371167,0.0021448888485801304,0.006052137436214885,-0.004131158068303865,0.02856075388953945,1.150833819436878,0.30611238839626437,1.6831338938895393,True,1.6831338938895393,True,1.6831338938895393,True,1.6831338938895393,True,1.6831338938895393,True,1.6831338938895393,True,1.8,False,1.7415669469447697,1.6831338938895393,True,True,0.5,1.0,1.6831338938895393,wind_stuck_7_days,2017
7645,US-KLS,US-KLS,2017-10-19,1.5937961,2.1,2.1,-0.38032974988049234,0.38032974988049234,0.08674959928831481,0.4211339086217632,-0.00531460332761016,0.009280503156287881,-0.006047462543166524,0.38032974988049234,1.150833819436878,0.30611238839626437,1.7196702501195078,True,1.7196702501195078,True,1.7196702501195078,True,2.1,False,2.1,False,1.7196702501195078,True,2.1,False,1.9098351250597538,1.8861200018342537,True,True,0.5,0.5623541104343064,1.7196702501195078,wind_stuck_7_days,2017
7646,US-KLS,US-KLS,2017-10-20,1.75019766,2.1,2.1,-0.16565363604541106,0.16565363604541106,0.16607170235086352,1.0229507863330345,0.034063431383527056,0.0007900873586156225,-0.00900870375391805,0.16565363604541106,1.150833819436878,0.30611238839626437,1.934346363954589,True,1.934346363954589,True,2.1,False,1.934346363954589,True,2.1,False,1.934346363954589,True,2.1,False,2.0171731819772947,1.934346363954589,True,True,0.5,1.0,1.931580658481791,wind_stuck_7_days,2017
7647,US-KLS,US-KLS,2017-10-27,1.48164963,1.6,1.6,-0.6099677986853694,0.6099677986853694,0.1837172048778108,0.495597152722699,0.0021448888485801304,0.014426410227436836,-0.006047462543166524,-0.37326705868536914,1.150833819436878,0.30611238839626437,0.9900322013146307,True,0.9900322013146307,True,0.9900322013146307,True,0.9900322013146307,True,0.9900322013146307,True,0.9900322013146307,True,1.6,False,1.2950161006573153,1.376280316553992,True,True,0.5,0.3667729410112779,0.9900322013146307,wind_stuck_7_days,2017
7648,US-KLS,US-KLS,2017-10-28,1.28797495,1.6,1.6,-0.7608517808290232,0.7608517808290232,0.12231159029470436,0.3881304562839557,-0.011477404664359923,0.057620359463302614,-0.05116657411702952,-0.1368016808290229,1.150833819436878,0.30611238839626437,0.8391482191709769,True,0.8391482191709769,True,0.8391482191709769,True,1.6,False,1.6,False,0.8391482191709769,True,1.6,False,1.2195741095854884,1.353631016648845,True,True,0.5,0.3238068038464888,0.8391482191709769,wind_stuck_7_days,2017
7649,US-KLS,US-KLS,2017-11-20,1.77757945,1.0,1.0,-0.209184965302132,0.209184965302132,0.09093970974236146,0.45563017269784245,0.025296555759319796,0.024011823229732186,-0.006047462543166524,-0.20918496530213204,1.150833819436878,0.30611238839626437,0.790815034697868,True,0.790815034697868,True,0.790815034697868,True,0.790815034697868,True,0.790815034697868,True,0.790815034697868,True,1.0,False,0.895407517348934,0.847977161401594,True,True,0.5,0.7267388379410299,0.790815034697868,wind_stuck_7_days,2017
7650,US-KLS,US-KLS,2017-11-21,1.04594563,0.8,0.8,-0.06919899439837071,0.06919899439837071,0.1141959422418967,0.31244327068461536,0.02298982817648017,0.024011823229732186,-0.006047462543166524,-0.06919899439837074,1.150833819436878,0.30611238839626437,0.7308010056016293,True,0.7308010056016293,True,0.7308010056016293,True,0.7308010056016293,True,0.7308010056016293,True,0.7308010056016293,True,0.8,False,0.7654005028008147,0.7308010056016293,True,True,0.5,1.0,0.7308010056016293,wind_stuck_7_days,2017
7651,US-KLS,US-KLS,2017-11-29,1.20017201,0.3,0.3,0.15264716420642707,0.15264716420642707,0.07322272182622776,0.32170282766250397,0.01895711667930625,0.016904472957416167,-0.006047462543166524,0.1526471642064271,1.150833819436878,0.30611238839626437,0.45264716420642703,True,0.45264716420642703,True,0.45264716420642703,True,0.45264716420642703,True,0.45264716420642703,True,0.45264716420642703,True,0.3,False,0.37632358210321354,0.45264716420642703,True,True,0.5,1.0,0.45264716420642703,wind_stuck_7_days,2017
7652,US-KLS,US-KLS,2017-12-06,0.63403896,0.6,0.6,-0.049955902886914094,0.049955902886914094,0.09879087088018762,0.3078898605002233,0.02298982817648017,0.024011823229732186,-0.006047462543166524,-0.049955902886914094,1.150833819436878,0.30611238839626437,0.5500440971130859,True,0.5500440971130859,True,0.5500440971130859,True,0.5500440971130859,True,0.5500440971130859,True,0.5500440971130859,True,0.6,False,0.5750220485565429,0.5500440971130859,True,True,0.5,1.0,0.5500440971130859,wind_stuck_7_days,2017
7653,US-KLS,US-KLS,2017-12-15,0.23551104,0.4,0.4,0.07269915006446212,0.07269915006446212,0.09761860266209602,0.2712839000313757,0.02111940667872665,0.015555014461246476,-0.006047462543166524,-0.07269915006446212,1.150833819436878,0.30611238839626437,0.47269915006446217,True,0.47269915006446217,True,0.47269915006446217,True,0.47269915006446217,True,0.47269915006446217,True,0.47269915006446217,True,0.4,False,0.4363495750322311,0.47269915006446217,True,True,0.5,1.0,0.47269915006446217,wind_stuck_7_days,2017
7654,US-KLS,US-KLS,2017-12-30,-0.06274518,0.2,0.2,0.117217684081701,0.117217684081701,0.1816659070292453,0.5799262334264024,0.020998384151802177,0.014736880417864475,0.00850600182069552,-0.11721768408170097,1.150833819436878,0.30611238839626437,0.31721768408170103,True,0.31721768408170103,True,0.31721768408170103,True,0.31721768408170103,True,0.31721768408170103,True,0.31721768408170103,True,0.31721768408170103,True,0.2586088420408505,0.31721768408170103,True,True,0.5,1.0,0.44099681354119424,wind_stuck_7_days,2017
7674,US-KM4,US-KM4,2017-02-13,0.87819241,0.4,0.4,0.7178105300393973,0.7178105300393973,0.2746822402132827,0.5338513921350319,0.12164298010643874,0.141796247841612,-0.2047251328045727,0.2385742899606027,1.150833819436878,0.30611238839626437,1.1178105300393972,True,1.1178105300393972,True,1.1178105300393972,True,1.1178105300393972,True,1.1178105300393972,True,1.1178105300393972,True,0.4,False,0.7589052650196987,0.9958939008158751,True,True,0.5,0.8301548610371726,1.1178105300393972,wind_stuck_7_days,2017
7675,US-KM4,US-KM4,2017-04-18,3.6767736,1.5,1.5,0.09269756693779341,0.09269756693779341,0.08495152981346471,0.4424217635812588,0.025296555759319796,0.020310886800116786,-0.004131158068303865,0.09269756693779341,1.150833819436878,0.30611238839626437,1.5926975669377934,True,1.5926975669377934,True,1.5926975669377934,True,1.5926975669377934,True,1.5926975669377934,True,1.5926975669377934,True,1.5,False,1.5463487834688967,1.5926975669377934,True,True,0.5,1.0,1.5926975669377934,wind_stuck_7_days,2017
7676,US-KM4,US-KM4,2017-10-19,1.09941484,1.2,1.2,0.03373111295816022,0.03373111295816022,0.08273179754513742,0.3631480995614841,0.02298982817648017,0.024011823229732186,-0.006047462543166524,-0.033731112958160225,1.150833819436878,0.30611238839626437,1.23373111295816,True,1.23373111295816,True,1.23373111295816,True,1.23373111295816,True,1.23373111295816,True,1.23373111295816,True,1.2,False,1.21686555647908,1.23373111295816,True,True,0.5,1.0,1.23373111295816,wind_stuck_7_days,2017
7677,US-KM4,US-KM4,2017-11-20,0.99013648,0.7,0.7,0.20174412672171763,0.20174412672171763,0.0733016627065803,0.546061315744127,0.025296555759319796,0.024011823229732186,-0.006047462543166524,0.20174412672171763,1.150833819436878,0.30611238839626437,0.9017441267217176,True,0.9017441267217176,True,0.9017441267217176,True,0.9017441267217176,True,0.9017441267217176,True,0.9017441267217176,True,0.7,False,0.8008720633608588,0.8557865672490909,True,True,0.5,0.772198773667301,0.8601139925696752,wind_stuck_7_days,2017
7678,US-KM4,US-KM4,2017-12-06,0.53484135,0.3,0.3,0.2849229344870354,0.2849229344870354,0.11000329026292723,0.5017013773352114,0.04618461756732833,0.05008061602573766,-0.006047462543166524,0.18475976551296464,1.150833819436878,0.30611238839626437,0.5849229344870354,True,0.5849229344870354,True,0.5849229344870354,True,0.5849229344870354,True,0.5849229344870354,True,0.5849229344870354,True,0.3,False,0.44246146724351765,0.4816883057889513,True,True,0.5,0.6376752581046385,0.5791046408832019,wind_stuck_7_days,2017
8017,US-MMS,US-MMS,2017-01-04,0.64496712,0.6,0.6,0.06565498663156832,0.06565498663156832,0.13642163926481315,0.4365707659971153,0.02246694996492022,0.02386037719274904,-0.006047462543166524,0.02427925336843173,1.150833819436878,0.30611238839626437,0.6656549866315683,True,0.6656549866315683,True,0.6656549866315683,True,0.6656549866315683,True,0.6656549866315683,True,0.6656549866315683,True,0.6,False,0.6328274933157841,0.6656549866315683,True,True,0.5,1.0,0.6703618789259551,wind_stuck_7_days,2017
8018,US-MMS,US-MMS,2017-02-05,0.08362625,0.7,0.7,0.39557953330542356,0.39557953330542356,0.27380896378090275,0.8598798519622066,0.01740163328324301,0.0060288930796420824,-0.006047462543166524,-0.3955795333054235,1.150833819436878,0.30611238839626437,1.0955795333054235,True,1.0955795333054235,True,1.0955795333054235,True,1.0955795333054235,True,1.0955795333054235,True,1.0955795333054235,True,0.7,False,0.8977897666527117,0.9370471452991016,True,True,0.5,0.5992401662400455,1.1042257744078832,wind_stuck_7_days,2017
8019,US-MMS,US-MMS,2017-03-09,1.05597319,1.1,1.1,0.16545224866247216,0.16545224866247216,0.06506922680150296,0.26887731536836335,0.02298982817648017,0.024011823229732186,-0.006047462543166524,-0.16545224866247216,1.150833819436878,0.30611238839626437,1.2654522486624722,True,1.2654522486624722,True,1.2654522486624722,True,1.2654522486624722,True,1.2654522486624722,True,1.2654522486624722,True,1.1,False,1.1827261243312361,1.2654522486624722,True,True,0.5,1.0,1.2654522486624722,wind_stuck_7_days,2017
8020,US-MMS,US-MMS,2017-04-02,1.40033053,2.4,2.4,-0.08025426339553851,0.08025426339553851,0.11990041516094566,0.42629513688042786,-0.00531460332761016,0.014426410227436836,-0.006047462543166524,0.08025426339553854,1.150833819436878,0.30611238839626437,2.3197457366044616,True,2.3197457366044616,True,2.3197457366044616,True,2.4,False,2.4,False,2.3197457366044616,True,2.4,False,2.3598728683022308,2.3197457366044616,True,True,0.5,1.0,2.3197457366044616,wind_stuck_7_days,2017
8021,US-MMS,US-MMS,2017-04-18,1.43974083,2.4,2.4,0.2731184367933768,0.2731184367933768,0.16032804030602787,0.39562663983585417,-0.00531460332761016,0.004467922615083889,-0.004131158068303865,-0.2731184367933768,1.150833819436878,0.30611238839626437,2.6731184367933767,True,2.6731184367933767,True,2.6731184367933767,True,2.4,False,2.4,False,2.6731184367933767,True,2.4,False,2.5365592183966883,2.542760114598827,True,True,0.5,0.522704055701774,2.6731184367933767,wind_stuck_7_days,2017
8022,US-MMS,US-MMS,2017-04-26,2.82921158,4.7,4.7,-0.04798940200379278,0.04798940200379278,0.16696593534991205,0.5986090268357973,-0.0057694048954597165,-0.0018966255439008262,-0.004131158068303865,0.04798940200379276,1.150833819436878,0.30611238839626437,4.652010597996207,True,4.652010597996207,True,4.652010597996207,True,4.7,False,4.7,False,4.7,False,4.7,False,4.676005298998104,4.652010597996207,True,True,0.5,1.0,4.652010597996207,wind_stuck_7_days,2017
8023,US-MMS,US-MMS,2017-06-13,3.19334223,4.5,4.5,0.4694142390820075,0.4694142390820075,0.3715472717784294,0.6539389942243419,0.12491987836303675,-0.01570368329844243,0.033806355915662896,-0.4694142390820075,1.150833819436878,0.30611238839626437,4.969414239082008,True,4.5,False,4.969414239082008,True,4.969414239082008,True,4.969414239082008,True,4.5,False,4.969414239082008,True,4.734707119541004,4.804105906723713,True,True,0.5,0.647841248528009,4.969414239082008,wind_stuck_7_days,2017
8024,US-MMS,US-MMS,2017-06-21,5.63351966,6.7,6.7,-0.366933418809206,0.366933418809206,0.15239380296288163,0.6211464138227507,0.009853985471808668,0.006342843538973529,-0.002755196674701457,0.36693341880920594,1.150833819436878,0.30611238839626437,6.333066581190794,True,6.333066581190794,True,6.333066581190794,True,6.333066581190794,True,6.333066581190794,True,6.333066581190794,True,6.7,False,6.516533290595397,6.492365323374705,True,True,0.5,0.5658647209052896,6.333066581190794,wind_stuck_7_days,2017
8025,US-MMS,US-MMS,2017-07-07,4.90206176,5.4,5.4,0.7275714564276842,0.7275714564276842,0.3191857335396359,0.5711450536855314,-0.029017219224462352,0.055787072796629915,-0.07241440983915938,-0.7275714564276843,1.150833819436878,0.30611238839626437,6.127571456427685,True,6.127571456427685,True,6.127571456427685,True,5.4,False,5.4,False,6.127571456427685,True,5.4,False,5.7637857282138425,5.787296648934966,True,True,0.5,0.5323142428326703,6.127571456427685,wind_stuck_7_days,2017
8026,US-MMS,US-MMS,2017-08-08,4.7809334,5.2,5.2,0.8214131354232203,0.8214131354232203,0.11133725321659371,0.42862699965208134,0.0401131291118863,0.08817129132155233,-0.07241440983915938,-0.8214131354232204,1.150833819436878,0.30611238839626437,6.02141313542322,True,6.02141313542322,True,6.02141313542322,True,6.02141313542322,True,6.02141313542322,True,6.02141313542322,True,5.2,False,5.610706567711611,5.57894231384352,True,True,0.5,0.46132974687369105,6.02141313542322,wind_stuck_7_days,2017
8027,US-MMS,US-MMS,2017-08-24,3.65613083,4.4,4.4,-0.22866193207323118,0.22866193207323118,0.18245441750495697,0.2886865399460302,-0.006878984330007512,0.002180379223468672,-0.004131158068303865,0.22866193207323116,1.150833819436878,0.30611238839626437,4.1713380679267695,True,4.1713380679267695,True,4.1713380679267695,True,4.4,False,4.4,False,4.1713380679267695,True,4.4,False,4.2856690339633845,4.253124477492849,True,True,0.5,0.6423260801457454,4.1713380679267695,wind_stuck_7_days,2017
8028,US-MMS,US-MMS,2017-09-17,3.61825616,3.9,3.9,-0.14603814110577867,0.14603814110577867,0.24555517069730307,0.3532072751764175,-0.009451059011079623,0.00699295976467267,-0.004131158068303865,0.14603814110577867,1.150833819436878,0.30611238839626437,3.7539618588942214,True,3.7539618588942214,True,3.7539618588942214,True,3.9,False,3.9,False,3.7539618588942214,True,3.9,False,3.8269809294471107,3.7539618588942214,True,True,0.5,1.0,3.7539618588942214,wind_stuck_7_days,2017
8029,US-MMS,US-MMS,2017-09-25,4.15517596,3.6,3.6,-0.32351431217073967,0.32351431217073967,0.25924087322872646,0.49239960901996643,-0.005299743385366778,0.00699295976467267,-0.004131158068303865,-0.32351431217073967,1.150833819436878,0.30611238839626437,3.2764856878292603,True,3.2764856878292603,True,3.2764856878292603,True,3.6,False,3.6,False,3.2764856878292603,True,3.6,False,3.4382428439146304,3.380719462878229,True,True,0.5,0.6778078399389097,3.2764856878292603,wind_stuck_7_days,2017
8030,US-MMS,US-MMS,2017-10-19,1.6726154,2.5,2.5,-0.3932573497438074,0.3932573497438074,0.12431752166406963,0.34896755390588774,-0.006878984330007512,0.014426410227436836,-0.006047462543166524,0.3932573497438074,1.150833819436878,0.30611238839626437,2.1067426502561926,True,2.1067426502561926,True,2.1067426502561926,True,2.5,False,2.5,False,2.1067426502561926,True,2.5,False,2.3033713251280963,2.2944303253553873,True,True,0.5,0.5227357474145972,2.1067426502561926,wind_stuck_7_days,2017
8031,US-MMS,US-MMS,2017-11-20,0.66879465,0.6,0.6,0.14148980258216026,0.14148980258216026,0.10496619508556795,0.3814097626071534,0.02298982817648017,0.024011823229732186,-0.006047462543166524,-0.003900502582160126,1.150833819436878,0.30611238839626437,0.7414898025821602,True,0.7414898025821602,True,0.7414898025821602,True,0.7414898025821602,True,0.7414898025821602,True,0.7414898025821602,True,0.6,False,0.6707449012910801,0.7414898025821602,True,True,0.5,1.0,0.7414898025821602,wind_stuck_7_days,2017
8032,US-MMS,US-MMS,2017-11-28,0.48650856,0.7,0.7,0.1961739207475527,0.1961739207475527,0.1127205214739783,0.4602461705669355,0.025296555759319796,0.024011823229732186,-0.006047462543166524,-0.1961739207475527,1.150833819436878,0.30611238839626437,0.8961739207475526,True,0.8961739207475526,True,0.8961739207475526,True,0.8961739207475526,True,0.8961739207475526,True,0.8961739207475526,True,0.7,False,0.7980869603737764,0.8637679275499655,True,True,0.5,0.8348098815882413,0.8961739207475526,wind_stuck_7_days,2017
8033,US-MMS,US-MMS,2017-12-06,0.54612111,0.3,0.3,0.28750379794391967,0.28750379794391967,0.1196964717885657,0.1734585679051707,0.04387788998448871,0.05008061602573766,-0.006047462543166524,0.20473842205608028,1.150833819436878,0.30611238839626437,0.5875037979439197,True,0.5875037979439197,True,0.5875037979439197,True,0.5875037979439197,True,0.5875037979439197,True,0.5875037979439197,True,0.3,False,0.4437518989719598,0.4717430435305924,True,True,0.5,0.5973592166740438,0.5875037979439197,wind_stuck_7_days,2017
8226,US-MOz,US-MOz,2017-02-25,0.37129499,1.3,1.3,-1.3996134957368267,1.3996134957368267,0.27547350834963474,0.8788550240587589,0.2905412421590468,0.2617712214698978,-0.011947551874185693,0.4577965242631734,1.150833819436878,0.30611238839626437,-0.09961349573682665,True,-0.09961349573682665,True,1.3,False,-0.09961349573682665,True,1.3,False,-0.09961349573682665,True,1.3,False,0.6001932521315867,0.6851149498894069,True,True,0.5,0.439324893610637,-0.09961349573682665,wind_stuck_7_days,2017
8227,US-MOz,US-MOz,2017-04-06,1.85598793,1.6,1.6,0.39658349798818276,0.39658349798818276,0.10850969059590576,0.46343404781891023,-6.753026376776587e-05,0.010538939842356423,-0.006047462543166524,0.11539236201181696,1.150833819436878,0.30611238839626437,1.996583497988183,True,1.996583497988183,True,1.996583497988183,True,1.6,False,1.6,False,1.996583497988183,True,1.6,False,1.7982917489940915,1.8073083712331481,True,True,0.5,0.5227357474145972,1.996583497988183,wind_stuck_7_days,2017
8228,US-MOz,US-MOz,2017-06-09,5.71621868,6.9,6.9,-1.0878316347988135,1.0878316347988135,0.25426152672848235,0.6399447224252564,0.36696956668339864,0.2464133471382352,-0.0029743083820759774,1.0878316347988135,1.150833819436878,0.30611238839626437,5.812168365201186,True,5.812168365201186,True,5.812168365201186,True,5.812168365201186,True,5.812168365201186,True,5.812168365201186,True,6.9,False,6.356084182600593,5.921954464479346,True,True,0.5,0.8990780413382045,5.812168365201186,wind_stuck_7_days,2017
8229,US-MOz,US-MOz,2017-06-25,5.23193939,6.1,6.1,-0.7962251478475425,0.7962251478475425,0.19977031138493287,0.4753657869801734,0.05038786326548234,0.08366732673654288,-0.0190250178902289,0.7962251478475425,1.150833819436878,0.30611238839626437,5.303774852152457,True,5.303774852152457,True,5.303774852152457,True,5.303774852152457,True,5.303774852152457,True,5.303774852152457,True,6.1,False,5.701887426076229,5.883461364583742,True,True,0.5,0.27195653892825683,5.303774852152457,wind_stuck_7_days,2017
8230,US-MOz,US-MOz,2017-07-03,7.78583749,6.2,6.2,0.4726923058128669,0.4726923058128669,0.2470997013065691,0.32243401248133496,-0.008840516535186426,0.0024553731538931173,-0.004131158068303865,0.4726923058128669,1.150833819436878,0.30611238839626437,6.672692305812867,True,6.672692305812867,True,6.672692305812867,True,6.2,False,6.2,False,6.672692305812867,True,6.2,False,6.436346152906434,6.338177821175152,True,True,0.5,0.2923208596288314,6.672692305812867,wind_stuck_7_days,2017
8231,US-MOz,US-MOz,2017-08-04,3.06431506,5.1,5.1,-0.3648669459138195,0.3648669459138195,0.20504201085777685,0.4000836551176804,0.013544992714409117,0.021729823144267364,-0.004131158068303865,0.3648669459138194,1.150833819436878,0.30611238839626437,4.73513305408618,True,4.73513305408618,True,4.73513305408618,True,4.73513305408618,True,4.73513305408618,True,4.73513305408618,True,5.1,False,4.91756652704309,4.894832533254076,True,True,0.5,0.5623076275985375,4.73513305408618,wind_stuck_7_days,2017
8232,US-MOz,US-MOz,2017-09-13,1.86739633,3.3,3.3,-0.5594934027933857,0.5594934027933857,0.14927229172409337,0.33543543695957945,-0.006878984330007512,0.00699295976467267,-0.004131158068303865,0.5594934027933857,1.150833819436878,0.30611238839626437,2.7405065972066143,True,2.7405065972066143,True,2.7405065972066143,True,3.3,False,3.3,False,2.7405065972066143,True,3.3,False,3.020253298603307,3.083320384064883,True,True,0.5,0.3872782321530504,2.7405065972066143,wind_stuck_7_days,2017
8233,US-MOz,US-MOz,2017-09-21,3.29597399,4.3,4.3,-0.47081301243126655,0.47081301243126655,0.18433902158736176,0.510015350188169,-0.0030078757447705323,0.002180379223468672,-0.004131158068303865,0.4708130124312666,1.150833819436878,0.30611238839626437,3.8291869875687334,True,3.8291869875687334,True,3.8291869875687334,True,4.3,False,4.3,False,3.8291869875687334,True,4.3,False,4.064593493784367,4.1227980681525835,True,True,0.5,0.3763743294441876,3.8291869875687334,wind_stuck_7_days,2017
8234,US-MOz,US-MOz,2017-09-29,2.52178085,3.0,3.0,-0.7944781943111507,0.7944781943111507,0.1505300701385307,0.34579866751737415,0.0010935996046442843,0.0262201719351217,-0.0190250178902289,0.16196010568884955,1.150833819436878,0.30611238839626437,2.205521805688849,True,2.205521805688849,True,2.205521805688849,True,2.205521805688849,True,2.205521805688849,True,2.205521805688849,True,3.0,False,2.6027609028444245,2.7939197272943654,True,True,0.5,0.2593907223398567,2.205521805688849,wind_stuck_7_days,2017
8235,US-MOz,US-MOz,2017-10-23,1.63334827,1.8,1.8,-0.14454073898772907,0.14454073898772907,0.060343142358836754,0.4337121286979408,-0.00016183873425949812,0.014426410227436836,-0.006047462543166524,0.14454073898772907,1.150833819436878,0.30611238839626437,1.655459261012271,True,1.655459261012271,True,1.655459261012271,True,1.8,False,1.8,False,1.655459261012271,True,1.8,False,1.7277296305061356,1.655459261012271,True,True,0.5,1.0,1.655459261012271,wind_stuck_7_days,2017
8236,US-MOz,US-MOz,2017-11-08,0.57155089,1.0,1.0,-0.1816682374157942,0.1816682374157942,0.08862475478634797,0.3392373351752672,0.02298982817648017,0.024011823229732186,-0.006047462543166524,0.1816682374157942,1.150833819436878,0.30611238839626437,0.8183317625842058,True,0.8183317625842058,True,0.8183317625842058,True,0.8183317625842058,True,0.8183317625842058,True,0.8183317625842058,True,1.0,False,0.9091658812921029,0.8337501944421901,True,True,0.5,0.9151286318549162,0.8183317625842058,wind_stuck_7_days,2017
8237,US-MOz,US-MOz,2017-11-16,0.43206122,0.8,0.8,-0.07395627140981019,0.07395627140981019,0.10520387601576399,0.2881293214407563,0.02298982817648017,0.024011823229732186,-0.006047462543166524,0.0739562714098102,1.150833819436878,0.30611238839626437,0.7260437285901898,True,0.7260437285901898,True,0.7260437285901898,True,0.7260437285901898,True,0.7260437285901898,True,0.7260437285901898,True,0.8,False,0.763021864295095,0.7260437285901898,True,True,0.5,1.0,0.7260437285901898,wind_stuck_7_days,2017
8238,US-MOz,US-MOz,2017-12-02,0.30047747,0.4,0.4,0.008440882455843625,0.008440882455843625,0.12964894777124886,0.2818766832696822,0.02111940667872665,0.015555014461246476,-0.006047462543166524,-0.008440882455843624,1.150833819436878,0.30611238839626437,0.40844088245584365,True,0.40844088245584365,True,0.40844088245584365,True,0.40844088245584365,True,0.40844088245584365,True,0.40844088245584365,True,0.4,False,0.40422044122792183,0.40844088245584365,True,True,0.5,1.0,0.40844088245584365,wind_stuck_7_days,2017
8239,US-MOz,US-MOz,2017-12-10,0.17364629,0.4,0.4,-0.01229769693243447,0.01229769693243447,0.1049056937270025,0.33071858539359317,0.02111940667872665,0.015555014461246476,-0.006047462543166524,0.01229769693243446,1.150833819436878,0.30611238839626437,0.38770230306756553,True,0.38770230306756553,True,0.38770230306756553,True,0.38770230306756553,True,0.38770230306756553,True,0.38770230306756553,True,0.4,False,0.3938511515337828,0.38770230306756553,True,True,0.5,1.0,0.38770230306756553,wind_stuck_7_days,2017
8456,US-Me2,US-Me1,2017-04-02,1.73573518,3.1,3.1,-1.430931224573348,1.430931224573348,0.2798782187737802,0.5132690676790238,0.2705923384742106,0.33558446816634546,0.020514874038241215,1.297598415426652,1.150833819436878,0.30611238839626437,1.669068775426652,True,1.669068775426652,True,1.669068775426652,True,1.669068775426652,True,1.669068775426652,True,1.669068775426652,True,1.669068775426652,True,2.384534387713326,2.156676210963378,True,True,0.5,0.6592376858069381,1.669068775426652,wind_stuck_7_days,2017
8457,US-Me2,US-Me1,2017-04-10,2.33313543,2.1,2.1,-0.3986873613361907,0.3986873613361907,0.19627246843844698,0.48447911178451014,-0.0030078757447705323,0.014426410227436836,-0.006047462543166524,-0.39868736133619076,1.150833819436878,0.30611238839626437,1.7013126386638093,True,1.7013126386638093,True,1.7013126386638093,True,2.1,False,2.1,False,1.7013126386638093,True,2.1,False,1.9006563193319048,1.8953193191632745,True,True,0.5,0.5133864292831946,1.7013126386638093,wind_stuck_7_days,2017
8458,US-Me2,US-Me1,2017-05-04,2.89865358,4.5,4.5,-1.0436850505938433,1.0436850505938433,0.14650975630611607,0.2750184851504225,-0.10950449540172169,-0.046643156118418544,-0.03192561905361444,1.0436850505938433,1.150833819436878,0.30611238839626437,3.4563149494061567,True,3.4563149494061567,True,3.4563149494061567,True,4.5,False,4.5,False,4.5,False,4.5,False,3.978157474703078,4.1876225485362655,True,True,0.5,0.2993024105174218,3.4563149494061567,wind_stuck_7_days,2017
8459,US-Me2,US-Me1,2017-05-20,3.39486145,4.7,4.7,-1.5387170354568356,1.5387170354568356,0.23550984747882261,0.3892125313814346,-0.3132975636465965,-0.3491324179071438,0.027310580067297464,1.0715600645431647,1.150833819436878,0.30611238839626437,3.1612829645431644,True,3.1612829645431644,True,3.1612829645431644,True,4.7,False,4.7,False,4.7,False,3.1612829645431644,True,3.9306414822715823,3.797439313317378,True,True,0.5,0.5865670333692363,3.1612829645431644,wind_stuck_7_days,2017
8460,US-Me2,US-Me1,2017-05-28,3.61091433,5.0,5.0,-0.6780147908674852,0.6780147908674852,0.2494081902400557,0.40850820541375005,-0.11159438215227936,-0.1085507891931774,-0.0190250178902289,0.6780147908674852,1.150833819436878,0.30611238839626437,4.321985209132515,True,4.321985209132515,True,4.321985209132515,True,5.0,False,5.0,False,5.0,False,5.0,False,4.660992604566258,4.871337494159423,True,True,0.5,0.18976356795396665,4.321985209132515,wind_stuck_7_days,2017
8461,US-Me2,US-Me1,2017-06-05,3.19708808,5.1,5.1,-1.930019575323478,1.930019575323478,0.28843253316367945,0.402731280578451,0.7313173324216248,0.8385328271280663,0.412484244853588,1.8758042646765216,1.150833819436878,0.30611238839626437,3.1699804246765217,True,3.1699804246765217,True,3.1699804246765217,True,3.1699804246765217,True,3.1699804246765217,True,3.1699804246765217,True,3.1699804246765217,True,4.134990212338261,3.5679744513619642,True,True,0.5,0.7937875699427882,3.1699804246765217,wind_stuck_7_days,2017
8462,US-Me2,US-Me1,2017-06-21,3.58510183,4.9,4.9,-1.2969945142232697,1.2969945142232697,0.2976511953900589,0.35023649130123474,-0.09582819873431567,-0.0010622370022493515,-0.021566708662201933,1.2969945142232697,1.150833819436878,0.30611238839626437,3.6030054857767304,True,3.6030054857767304,True,3.6030054857767304,True,4.9,False,4.9,False,4.9,False,4.9,False,4.251502742888365,4.5780762007149765,True,True,0.5,0.24820752574872268,3.6030054857767304,wind_stuck_7_days,2017
8463,US-Me2,US-Me1,2017-06-29,3.02495348,4.6,4.6,-1.760805738727445,1.760805738727445,0.31079230918556755,0.38457347375186696,-0.10110540007699297,-0.02406995869345002,0.1692294646685367,1.389287301272554,1.150833819436878,0.30611238839626437,2.8391942612725547,True,2.8391942612725547,True,2.8391942612725547,True,4.6,False,4.6,False,4.6,False,2.8391942612725547,True,3.719597130636277,3.7016270709858543,True,True,0.5,0.5102055889841716,2.8391942612725547,wind_stuck_7_days,2017
8464,US-Me2,US-Me1,2017-07-07,4.09970971,5.0,5.0,-1.5167006338242,1.5167006338242,0.3479642358960792,0.41412797359770215,-0.3232946100613495,-0.08622908451391519,0.027310580067297464,0.28387994617580015,1.150833819436878,0.30611238839626437,3.4832993661758,True,5.0,False,3.4832993661758,True,5.0,False,5.0,False,5.0,False,3.4832993661758,True,4.2416496830879,4.668460384850447,True,True,0.5,0.21859265286493,3.4832993661758,wind_stuck_7_days,2017
8465,US-Me2,US-Me1,2017-07-15,3.60234628,5.5,5.5,-0.8293393333829597,0.8293393333829597,0.18820841772851118,0.4739717176599683,-0.01921610199097207,-0.0021219967921634495,-0.0190250178902289,0.8293393333829597,1.150833819436878,0.30611238839626437,4.6706606666170405,True,4.6706606666170405,True,4.6706606666170405,True,5.5,False,5.5,False,5.5,False,5.5,False,5.08533033330852,5.315444535198787,True,True,0.5,0.22253311445918333,4.6706606666170405,wind_stuck_7_days,2017
8466,US-Me2,US-Me1,2017-07-23,2.90495381,4.6,4.6,-1.2898696699550338,1.2898696699550338,0.3332994873454488,0.38876964964505667,-0.29691756738591646,-0.20734926450607813,-0.021566708662201933,1.2898696699550338,1.150833819436878,0.30611238839626437,3.3101303300449656,True,4.6,False,3.3101303300449656,True,4.6,False,4.6,False,4.6,False,4.6,False,3.9550651650224826,4.387751519954636,True,True,0.5,0.16455033015293927,3.3101303300449656,wind_stuck_7_days,2017
8467,US-Me2,US-Me1,2017-07-31,1.98855957,4.4,4.4,-0.94038761119938,0.94038761119938,0.2035948240341128,0.4114369237868357,-0.21394210025549346,-0.15774730892571714,-0.0190250178902289,0.9403876111993799,1.150833819436878,0.30611238839626437,3.4596123888006205,True,3.4596123888006205,True,3.4596123888006205,True,4.4,False,4.4,False,4.4,False,4.4,False,3.92980619440031,4.4,True,False,0.5,0.0,3.4596123888006205,wind_stuck_7_days,2017
8468,US-Me2,US-Me1,2017-08-08,1.62563359,4.5,4.5,-0.7096402966753627,0.7096402966753627,0.13673023986881788,0.4544933469332181,-0.038538666642378205,-0.046643156118418544,-0.0190250178902289,0.7096402966753628,1.150833819436878,0.30611238839626437,3.7903597033246372,True,3.7903597033246372,True,3.7903597033246372,True,4.5,False,4.5,False,4.5,False,4.5,False,4.145179851662319,4.327424571625449,True,True,0.5,0.24318718818965068,3.7903597033246372,wind_stuck_7_days,2017
8469,US-Me2,US-Me1,2017-08-16,1.37523348,4.1,4.1,-1.132051290958683,1.132051290958683,0.12485555215048055,0.40653367323877604,-0.05672778859976269,0.06634585825833303,-0.03192561905361444,1.132051290958683,1.150833819436878,0.30611238839626437,2.9679487090413166,True,2.9679487090413166,True,2.9679487090413166,True,4.1,False,4.1,False,2.9679487090413166,True,4.1,False,3.533974354520658,3.7554582108837744,True,True,0.5,0.3043517479004406,2.9679487090413166,wind_stuck_7_days,2017
8470,US-Me2,US-Me1,2017-08-24,1.15423346,3.4,3.4,-0.555897183456857,0.555897183456857,0.23422867260306388,0.4613697856213169,-0.005299743385366778,0.00699295976467267,-0.004131158068303865,0.5558971834568571,1.150833819436878,0.30611238839626437,2.844102816543143,True,2.844102816543143,True,2.844102816543143,True,3.4,False,3.4,False,2.844102816543143,True,3.4,False,3.1220514082715716,3.184008091203578,True,True,0.5,0.3885465068437159,2.844102816543143,wind_stuck_7_days,2017
8471,US-Me2,US-Me1,2017-09-01,0.76384724,3.7,3.7,-0.6840714887027397,0.6840714887027397,0.14141842019744102,0.38188610906347337,-0.04084539422521783,-0.05545205947045207,-0.0190250178902289,0.6840714887027395,1.150833819436878,0.30611238839626437,3.0159285112972603,True,3.0159285112972603,True,3.0159285112972603,True,3.7,False,3.7,False,3.7,False,3.7,False,3.35796425564863,3.525057724868762,True,True,0.5,0.2557368316328978,3.0159285112972603,wind_stuck_7_days,2017
8472,US-Me2,US-Me1,2017-09-09,1.78227156,3.0,3.0,0.0012861126447476002,0.0012861126447476002,0.16182962564471845,0.2688518892837756,-0.006878984330007512,0.00699295976467267,-0.006047462543166524,-0.00128611264474765,1.150833819436878,0.30611238839626437,3.0012861126447477,True,3.0012861126447477,True,3.0012861126447477,True,3.0,False,3.0,False,3.0012861126447477,True,3.0,False,3.0006430563223736,3.0012861126447477,True,True,0.5,1.0,3.0012861126447477,wind_stuck_7_days,2017
8473,US-Me2,US-Me1,2017-10-27,0.6901424,1.7,1.7,-0.2093427379407279,0.2093427379407279,0.20562168083541746,0.5129676794121287,0.0021448888485801304,0.014426410227436836,-0.006047462543166524,0.20934273794072789,1.150833819436878,0.30611238839626437,1.490657262059272,True,1.490657262059272,True,1.490657262059272,True,1.490657262059272,True,1.490657262059272,True,1.490657262059272,True,1.7,False,1.595328631029636,1.5478625018975618,True,True,0.5,0.7267388379410299,1.490657262059272,wind_stuck_7_days,2017
8474,US-Me2,US-Me1,2017-12-06,0.20044434,0.8,0.8,-0.253303740811431,0.253303740811431,0.08650052105146071,0.3047445339713851,0.02246694996492022,0.02386037719274904,-0.006047462543166524,0.253303740811431,1.150833819436878,0.30611238839626437,0.5466962591885691,True,0.5466962591885691,True,0.5466962591885691,True,0.5466962591885691,True,0.5466962591885691,True,0.5466962591885691,True,0.8,False,0.6733481295942846,0.6153706821067819,True,True,0.5,0.7288850820038356,0.5466962591885691,wind_stuck_7_days,2017
8475,US-Me2,US-Me1,2017-12-30,0.56811745,0.4,0.4,0.06954586303322716,0.06954586303322716,0.12121025232748503,0.37577369534286,0.01895711667930625,0.016904472957416167,-0.006047462543166524,0.06954586303322716,1.150833819436878,0.30611238839626437,0.4695458630332272,True,0.4695458630332272,True,0.4695458630332272,True,0.4695458630332272,True,0.4695458630332272,True,0.4695458630332272,True,0.4,False,0.4347729315166136,0.4695458630332272,True,True,0.5,1.0,0.5151292610730231,wind_stuck_7_days,2017
8637,US-Me6,US-Me1,2017-04-02,1.31318277,1.7,1.7,-0.18784670104534787,0.18784670104534787,0.10333629035713975,0.3277759588343702,-0.0017262197366568499,0.014426410227436836,-0.006047462543166524,0.18784670104534787,1.150833819436878,0.30611238839626437,1.512153298954652,True,1.512153298954652,True,1.512153298954652,True,1.7,False,1.7,False,1.512153298954652,True,1.7,False,1.606076649477326,1.5377377294065573,True,True,0.5,0.8638015450389571,1.512153298954652,wind_stuck_7_days,2017
8638,US-Me6,US-Me1,2017-05-12,1.55276817,0.9,0.9,1.1294675981005153,1.1294675981005153,0.236441095298906,0.4971555954443816,0.08653854574980752,0.14169263305019805,-0.27612208436102487,0.17606874189948463,1.150833819436878,0.30611238839626437,2.0294675981005152,True,2.0294675981005152,True,2.0294675981005152,True,2.0294675981005152,True,2.0294675981005152,True,2.0294675981005152,True,0.9,False,1.4647337990502578,1.8725255596200239,True,True,0.5,0.8610477726457766,2.0294675981005152,wind_stuck_7_days,2017
8639,US-Me6,US-Me1,2017-05-20,2.46155872,2.3,2.3,-0.12216310494077391,0.12216310494077391,0.15075347328991984,0.37136786899336366,-0.00531460332761016,0.004467922615083889,-0.004131158068303865,-0.12216310494077393,1.150833819436878,0.30611238839626437,2.177836895059226,True,2.177836895059226,True,2.177836895059226,True,2.3,False,2.3,False,2.177836895059226,True,2.3,False,2.238918447529613,2.177836895059226,True,True,0.5,1.0,2.177836895059226,wind_stuck_7_days,2017
8640,US-Me6,US-Me1,2017-05-28,2.5912018,1.4,1.4,-0.3245020339671244,0.3245020339671244,0.13740437559286686,0.36499016377944804,-0.0013700831627237442,-0.0011498693431408714,-0.004131158068303865,-0.3245020339671245,1.150833819436878,0.30611238839626437,1.0754979660328754,True,1.0754979660328754,True,1.0754979660328754,True,1.4,False,1.4,False,1.4,False,1.4,False,1.2377489830164377,1.2183500636583324,True,True,0.5,0.5597805786328927,1.0754979660328754,wind_stuck_7_days,2017
8641,US-Me6,US-Me1,2017-06-05,2.04453111,1.4,1.4,0.5125343593191369,0.5125343593191369,0.1959353745003629,0.49324935859484836,0.0438404654262339,0.041340756619622096,-0.004131158068303865,0.5125343593191369,1.150833819436878,0.30611238839626437,1.9125343593191368,True,1.9125343593191368,True,1.9125343593191368,True,1.9125343593191368,True,1.9125343593191368,True,1.9125343593191368,True,1.4,False,1.6562671796595683,1.6399029752086953,True,True,0.5,0.46807198551017815,1.9125343593191368,wind_stuck_7_days,2017
8642,US-Me6,US-Me1,2017-06-13,1.66295714,1.1,1.1,1.0382976103973123,1.0382976103973123,0.3566678260915978,0.8593728968550712,0.16776492727800332,0.08053858625563066,-0.2458968326090868,0.08761666960268766,1.150833819436878,0.30611238839626437,2.1382976103973124,True,1.1,False,2.1382976103973124,True,2.1382976103973124,True,2.1382976103973124,True,2.1382976103973124,True,1.1,False,1.6191488051986562,2.1145373518809096,True,True,0.5,0.9771161386884913,2.1382976103973124,wind_stuck_7_days,2017
8643,US-Me6,US-Me1,2017-06-21,2.53039675,1.4,1.4,0.46566222532533874,0.46566222532533874,0.143193303066998,0.5016661589291636,0.019480554087029936,0.02459703829895948,-0.004131158068303865,0.46566222532533874,1.150833819436878,0.30611238839626437,1.8656622253253388,True,1.8656622253253388,True,1.8656622253253388,True,1.8656622253253388,True,1.8656622253253388,True,1.8656622253253388,True,1.4,False,1.6328311126626693,1.5623698127060417,True,True,0.5,0.34868581533020176,1.8656622253253388,wind_stuck_7_days,2017
8644,US-Me6,US-Me1,2017-07-07,2.51353888,2.2,2.2,-0.40390257363247883,0.40390257363247883,0.17731834499990384,0.43225063201247593,-0.03905543538837752,-0.03708909471497131,-0.004131158068303865,-0.40390257363247883,1.150833819436878,0.30611238839626437,1.7960974263675213,True,1.7960974263675213,True,1.7960974263675213,True,2.2,False,2.2,False,2.2,False,2.2,False,1.9980487131837608,2.1240508561120426,True,True,0.5,0.18803827666883285,1.7960974263675213,wind_stuck_7_days,2017
8645,US-Me6,US-Me1,2017-07-15,1.84112886,2.2,2.2,-0.09126632472764143,0.09126632472764143,0.20824788350557524,0.47520574048888536,-0.025373647730445884,-0.023279466781298455,-0.004131158068303865,0.0912663247276414,1.150833819436878,0.30611238839626437,2.108733675272359,True,2.108733675272359,True,2.108733675272359,True,2.2,False,2.2,False,2.2,False,2.2,False,2.1543668376361795,2.108733675272359,True,True,0.5,1.0,2.108733675272359,wind_stuck_7_days,2017
8646,US-Me6,US-Me1,2017-07-23,1.46839343,1.8,1.8,-0.5493867430050142,0.5493867430050142,0.154899110951818,0.3777579614727806,-0.03390267079502685,-0.03708909471497131,-0.00977861365961994,0.11382639699498565,1.150833819436878,0.30611238839626437,1.2506132569949857,True,1.2506132569949857,True,1.2506132569949857,True,1.8,False,1.8,False,1.8,False,1.8,False,1.525306628497493,1.747925556647687,True,True,0.5,0.09478649424170366,1.2506132569949857,wind_stuck_7_days,2017
8647,US-Me6,US-Me1,2017-07-31,0.99191513,1.3,1.3,0.2726820527780752,0.2726820527780752,0.22029686246686422,0.45391807465434386,-0.0013552232204803632,-0.0011498693431408714,-0.004131158068303865,-0.2726820527780752,1.150833819436878,0.30611238839626437,1.5726820527780752,True,1.5726820527780752,True,1.5726820527780752,True,1.3,False,1.3,False,1.3,False,1.3,False,1.4363410263890377,1.4726125770048861,True,True,0.5,0.6330177407948753,1.5726820527780752,wind_stuck_7_days,2017
8648,US-Me6,US-Me1,2017-08-08,0.80303705,1.8,1.8,-0.2718393476991614,0.2718393476991614,0.20923921177022647,0.5339342387390664,0.0021448888485801304,0.004467922615083889,-0.004131158068303865,0.2718393476991614,1.150833819436878,0.30611238839626437,1.5281606523008386,True,1.5281606523008386,True,1.5281606523008386,True,1.5281606523008386,True,1.5281606523008386,True,1.5281606523008386,True,1.8,False,1.6640803261504193,1.6579084704583236,True,True,0.5,0.522704055701774,1.5281606523008386,wind_stuck_7_days,2017
8649,US-Me6,US-Me1,2017-08-16,0.71783484,1.5,1.5,0.11334001799395574,0.11334001799395574,0.1457634625093203,0.4400094991565819,0.007929760870478534,0.005265751812048551,-0.004131158068303865,-0.11334001799395577,1.150833819436878,0.30611238839626437,1.6133400179939557,True,1.6133400179939557,True,1.6133400179939557,True,1.6133400179939557,True,1.6133400179939557,True,1.6133400179939557,True,1.5,False,1.5566700089969778,1.6133400179939557,True,True,0.5,1.0,1.6133400179939557,wind_stuck_7_days,2017
8650,US-Me6,US-Me1,2017-08-24,0.69833373,1.8,1.8,-0.14417030780463472,0.14417030780463472,0.09994442765961914,0.4590060268497599,0.0021448888485801304,0.006052137436214885,-0.004131158068303865,0.1441703078046347,1.150833819436878,0.30611238839626437,1.6558296921953652,True,1.6558296921953652,True,1.6558296921953652,True,1.6558296921953652,True,1.6558296921953652,True,1.6558296921953652,True,1.8,False,1.7279148460976828,1.6558296921953652,True,True,0.5,1.0,1.6558296921953652,wind_stuck_7_days,2017
8651,US-Me6,US-Me1,2017-09-09,1.02870405,2.4,2.4,-0.3453137330457783,0.3453137330457783,0.0947303068508772,0.4060915220229475,-0.00531460332761016,0.009280503156287881,-0.004131158068303865,0.3453137330457783,1.150833819436878,0.30611238839626437,2.0546862669542216,True,2.0546862669542216,True,2.0546862669542216,True,2.4,False,2.4,False,2.0546862669542216,True,2.4,False,2.2273431334771105,2.201553976605362,True,True,0.5,0.574683264532459,2.0546862669542216,wind_stuck_7_days,2017
8652,US-Me6,US-Me1,2017-10-03,0.8785749,1.4,1.4,-0.17169748724269307,0.17169748724269307,0.1421618066024864,0.3968871073896524,0.02298982817648017,0.024011823229732186,-0.006047462543166524,0.17169748724269307,1.150833819436878,0.30611238839626437,1.2283025127573068,True,1.2283025127573068,True,1.2283025127573068,True,1.2283025127573068,True,1.2283025127573068,True,1.2283025127573068,True,1.4,False,1.3141512563786533,1.2283025127573068,True,True,0.5,1.0,1.2283025127573068,wind_stuck_7_days,2017
8653,US-Me6,US-Me1,2017-10-27,0.4450771,1.2,1.2,-0.053657366327888666,0.053657366327888666,0.10027927672256629,0.399579643884358,0.02298982817648017,0.024011823229732186,-0.006047462543166524,0.053657366327888645,1.150833819436878,0.30611238839626437,1.1463426336721112,True,1.1463426336721112,True,1.1463426336721112,True,1.1463426336721112,True,1.1463426336721112,True,1.1463426336721112,True,1.2,False,1.1731713168360556,1.1463426336721112,True,True,0.5,1.0,1.1463426336721112,wind_stuck_7_days,2017
8654,US-Me6,US-Me1,2017-12-06,0.15117055,0.7,0.7,-0.20866151344319048,0.20866151344319048,0.12110612925484474,0.34507562863263613,0.02246694996492022,0.02386037719274904,-0.006047462543166524,0.2086615134431905,1.150833819436878,0.30611238839626437,0.49133848655680945,True,0.49133848655680945,True,0.49133848655680945,True,0.49133848655680945,True,0.49133848655680945,True,0.49133848655680945,True,0.7,False,0.5956692432784048,0.5483575741972792,True,True,0.5,0.7267388379410299,0.49133848655680945,wind_stuck_7_days,2017
8655,US-Me6,US-Me1,2017-12-30,0.21870079,0.4,0.4,0.0019012236577241105,0.0019012236577241105,0.126235109224475,0.34182363312153846,0.01895711667930625,0.016904472957416167,-0.006047462543166524,-0.0019012236577241048,1.150833819436878,0.30611238839626437,0.4019012236577241,True,0.4019012236577241,True,0.4019012236577241,True,0.4019012236577241,True,0.4019012236577241,True,0.4019012236577241,True,0.4,False,0.4009506118288621,0.4019012236577241,True,True,0.5,1.0,0.4414091768552593,wind_stuck_7_days,2017
8738,US-NC2,US-NC2,2017-02-12,3.01941158,2.1,2.1,0.714782987066649,0.714782987066649,0.5036230441037467,1.1862671181492757,0.091398262685203,-0.00441104197455056,-0.3025220053917494,0.714782987066649,1.150833819436878,0.30611238839626437,2.814782987066649,True,2.1,False,2.1,False,2.814782987066649,True,2.1,False,2.1,False,2.1,False,2.4573914935333248,2.1290468186997944,True,True,0.5,0.040637255258407654,2.814782987066649,wind_stuck_7_days,2017
8739,US-NC2,US-NC2,2017-02-20,2.37427281,2.5,2.5,-0.8008797106572454,0.8008797106572454,0.1469914080417421,0.772046653881638,0.12700449776713738,-0.051580301257705866,-0.0190250178902289,-0.5494253306572452,1.150833819436878,0.30611238839626437,1.6991202893427546,True,1.6991202893427546,True,1.6991202893427546,True,1.6991202893427546,True,1.6991202893427546,True,2.5,False,2.5,False,2.0995601446713774,2.1951418811546803,True,True,0.5,0.3806540667575863,1.6991202893427546,wind_stuck_7_days,2017
8740,US-NC2,US-NC2,2017-02-28,1.56706897,3.2,3.2,-0.39773256101550813,0.39773256101550813,0.43153749070798864,1.1220063309971606,0.11218176409024684,-0.01034814109868133,-0.041812270021552904,0.397732561015508,1.150833819436878,0.30611238839626437,2.802267438984492,True,3.2,False,3.2,False,2.802267438984492,True,3.2,False,3.2,False,3.2,False,3.001133719492246,2.900475010936473,True,True,0.5,0.7530813879023797,2.802267438984492,wind_stuck_7_days,2017
8741,US-NC2,US-NC2,2017-03-24,1.58281512,3.3,3.3,-0.4977489301974515,0.4977489301974515,0.10006982866705978,0.5036073376222578,-0.0030078757447705323,0.00699295976467267,-0.004131158068303865,0.49774893019745137,1.150833819436878,0.30611238839626437,2.8022510698025482,True,2.8022510698025482,True,2.8022510698025482,True,3.3,False,3.3,False,2.8022510698025482,True,3.3,False,3.0511255349012742,3.057318935453981,True,True,0.5,0.48755717957997413,2.8022510698025482,wind_stuck_7_days,2017
8742,US-NC2,US-NC2,2017-04-01,3.9852688,3.1,3.1,-0.5646284869691852,0.5646284869691852,0.16994805988327905,0.4374875355037761,-0.00531460332761016,0.00699295976467267,-0.006047462543166524,-0.5646284869691853,1.150833819436878,0.30611238839626437,2.5353715130308148,True,2.5353715130308148,True,2.5353715130308148,True,3.1,False,3.1,False,2.5353715130308148,True,3.1,False,2.8176857565154076,2.8841046094004836,True,True,0.5,0.3823671592597119,2.5353715130308148,wind_stuck_7_days,2017
8743,US-NC2,US-NC2,2017-04-09,2.58940223,4.3,4.3,-0.8347703723879876,0.8347703723879876,0.14564511144381692,0.3837212912318692,-0.11053379865688043,-0.046643156118418544,-0.0190250178902289,0.8347703723879876,1.150833819436878,0.30611238839626437,3.465229627612012,True,3.465229627612012,True,3.465229627612012,True,4.3,False,4.3,False,4.3,False,4.3,False,3.882614813806006,4.0875027031350255,True,True,0.5,0.25455778486375014,3.465229627612012,wind_stuck_7_days,2017
8744,US-NC2,US-NC2,2017-05-03,5.72341965,6.0,6.0,-1.6145466027327235,1.6145466027327235,0.20242346832913707,0.4930938225174586,0.39370278049894386,0.54488744134381,0.027310580067297464,-1.0613859027327242,1.150833819436878,0.30611238839626437,4.385453397267277,True,4.385453397267277,True,4.385453397267277,True,4.385453397267277,True,4.385453397267277,True,4.385453397267277,True,4.385453397267277,True,5.1927266986336384,5.113132663377615,True,True,0.5,0.5492980723636625,4.385453397267277,wind_stuck_7_days,2017
8745,US-NC2,US-NC2,2017-05-19,5.14653549,6.2,6.2,-1.3255601117321107,1.3255601117321107,0.21873207669916145,0.451958166158193,0.32678799160690036,0.4725629507936332,-0.0008295414398825565,0.7813689082678901,1.150833819436878,0.30611238839626437,4.874439888267889,True,4.874439888267889,True,4.874439888267889,True,4.874439888267889,True,4.874439888267889,True,4.874439888267889,True,6.2,False,5.537219944133945,5.329710798228094,True,True,0.5,0.6565445007504778,4.874439888267889,wind_stuck_7_days,2017
8746,US-NC2,US-NC2,2017-05-27,5.77789413,5.8,5.8,-1.0376002444822758,1.0376002444822758,0.1540659428573692,0.39500981986640527,0.18100023577316776,0.2568132325820692,-0.03192561905361444,-0.9933885044822761,1.150833819436878,0.30611238839626437,4.762399755517724,True,4.762399755517724,True,4.762399755517724,True,4.762399755517724,True,4.762399755517724,True,4.762399755517724,True,5.8,False,5.281199877758862,5.345937556569501,True,True,0.5,0.43760826565442773,4.762399755517724,wind_stuck_7_days,2017
8747,US-NC2,US-NC2,2017-06-04,5.03619175,7.7,7.7,-1.688000939093844,1.688000939093844,0.27559167150112646,0.7100337665636232,0.5983649456321858,0.4850823502603457,0.30381323083379913,1.688000939093844,1.150833819436878,0.30611238839626437,6.011999060906156,True,6.011999060906156,True,6.011999060906156,True,6.011999060906156,True,6.011999060906156,True,6.011999060906156,True,6.011999060906156,True,6.8559995304530785,6.297686494720995,True,True,0.5,0.8307539840776379,6.011999060906156,wind_stuck_7_days,2017
8748,US-NC2,US-NC2,2017-06-28,6.1794121,6.4,6.4,-0.7216097482529212,0.7216097482529212,0.2923300679122132,0.394692458424155,-0.049048480742138426,0.09229439185759468,0.009926292781309562,-0.28043394825292134,1.150833819436878,0.30611238839626437,5.6783902517470795,True,5.6783902517470795,True,5.6783902517470795,True,6.4,False,6.4,False,5.6783902517470795,True,5.6783902517470795,True,6.0391951258735395,6.197484364096729,True,True,0.5,0.2806442629046778,5.6783902517470795,wind_stuck_7_days,2017
8749,US-NC2,US-NC2,2017-07-06,7.91834882,6.5,6.5,-1.0183237104297858,1.0183237104297858,0.20395363949735015,0.41812094895521207,-0.04039891654297825,0.021448286986790743,-0.0029743083820759774,-1.0183237104297858,1.150833819436878,0.30611238839626437,5.481676289570214,True,5.481676289570214,True,5.481676289570214,True,6.5,False,6.5,False,5.481676289570214,True,6.5,False,5.990838144785107,6.299216120328201,True,True,0.5,0.19717097580597204,5.481676289570214,wind_stuck_7_days,2017
8750,US-NC2,US-NC2,2017-07-14,6.75291062,5.7,5.7,0.5768518534761151,0.5768518534761151,0.2698559732063621,0.5949574997787035,-0.03321052705081471,-0.031817007615573205,-0.0367308831125781,0.5768518534761151,1.150833819436878,0.30611238839626437,6.276851853476115,True,6.276851853476115,True,6.276851853476115,True,5.7,False,5.7,False,5.7,False,5.7,False,5.988425926738058,5.920416795409755,True,True,0.5,0.3821029508382813,6.276851853476115,wind_stuck_7_days,2017
8751,US-NC2,US-NC2,2017-09-08,4.95409528,4.6,4.6,0.15519465654579423,0.15519465654579423,0.18887550097778913,0.5230956696173312,-0.0030078757447705323,0.00699295976467267,-0.004131158068303865,0.15519465654579423,1.150833819436878,0.30611238839626437,4.755194656545794,True,4.755194656545794,True,4.755194656545794,True,4.6,False,4.6,False,4.755194656545794,True,4.6,False,4.677597328272896,4.755194656545794,True,True,0.5,1.0,4.755194656545794,wind_stuck_7_days,2017
8752,US-NC2,US-NC2,2017-09-24,4.19728907,4.3,4.3,-0.26025267081941866,0.26025267081941866,0.270888719814679,0.5222116227096582,-0.005299743385366778,0.002180379223468672,-0.004131158068303865,-0.05483081081941915,1.150833819436878,0.30611238839626437,4.039747329180581,True,4.039747329180581,True,4.039747329180581,True,4.3,False,4.3,False,4.039747329180581,True,4.3,False,4.16987366459029,4.132184137928771,True,True,0.5,0.6448189812725147,4.039747329180581,wind_stuck_7_days,2017
8753,US-NC2,US-NC2,2017-10-02,3.80301828,3.7,3.7,-0.1559356766119088,0.1559356766119088,0.2101732833228973,0.5630210748060391,-0.005299743385366778,0.012138866835821624,-0.006047462543166524,-0.15593567661190877,1.150833819436878,0.30611238839626437,3.5440643233880915,True,3.5440643233880915,True,3.5440643233880915,True,3.7,False,3.7,False,3.5440643233880915,True,3.7,False,3.6220321616940456,3.5440643233880915,True,True,0.5,1.0,3.5440643233880915,wind_stuck_7_days,2017
8754,US-NC2,US-NC2,2017-10-18,2.65867477,2.8,2.8,-0.38099417900016064,0.38099417900016064,0.17145952988673904,0.40718655049678254,-0.00531460332761016,0.012138866835821624,-0.006047462543166524,-0.09834371900016137,1.150833819436878,0.30611238839626437,2.419005820999839,True,2.419005820999839,True,2.419005820999839,True,2.8,False,2.8,False,2.419005820999839,True,2.8,False,2.6095029104999194,2.5857463573877157,True,True,0.5,0.5623541104343064,2.419005820999839,wind_stuck_7_days,2017
8755,US-NC2,US-NC2,2017-12-13,0.66516875,1.0,1.0,-0.25458119640876764,0.25458119640876764,0.12527221949986567,0.4033692873734811,0.02298982817648017,0.024011823229732186,-0.006047462543166524,0.25458119640876764,1.150833819436878,0.30611238839626437,0.7454188035912324,True,0.7454188035912324,True,0.7454188035912324,True,0.7454188035912324,True,0.7454188035912324,True,0.7454188035912324,True,1.0,False,0.8727094017956162,0.8144395637789608,True,True,0.5,0.7288850820038356,0.7454188035912324,wind_stuck_7_days,2017
8756,US-NC2,US-NC2,2017-12-21,1.29212113,1.1,1.1,0.0526025287681096,0.0526025287681096,0.11266147401803014,0.43822522589678703,0.02298982817648017,0.024011823229732186,-0.006047462543166524,0.05260252876810961,1.150833819436878,0.30611238839626437,1.1526025287681096,True,1.1526025287681096,True,1.1526025287681096,True,1.1526025287681096,True,1.1526025287681096,True,1.1526025287681096,True,1.1,False,1.1263012643840549,1.1526025287681096,True,True,0.5,1.0,1.1526025287681096,wind_stuck_7_days,2017
8757,US-NC2,US-NC2,2017-12-29,0.2813305,1.0,1.0,-0.46120368574968673,0.46120368574968673,0.08536541760589264,0.3573887730715902,0.04374615695574217,0.0587362824289199,-0.006047462543166524,0.46120368574968673,1.150833819436878,0.30611238839626437,0.5387963142503133,True,0.5387963142503133,True,0.5387963142503133,True,0.5387963142503133,True,0.5387963142503133,True,0.5387963142503133,True,1.0,False,0.7693981571251567,0.6791132927416187,True,True,0.5,0.6957591996186672,0.5387963142503133,wind_stuck_7_days,2017
8797,US-NC3,US-NC2,2017-01-27,0.51865555,1.0,1.0,-0.1653594597724199,0.1653594597724199,0.12338690046130438,0.3105827844754584,0.02298982817648017,0.024011823229732186,-0.006047462543166524,0.1653594597724199,1.150833819436878,0.30611238839626437,0.83464054022758,True,0.83464054022758,True,0.83464054022758,True,0.83464054022758,True,0.83464054022758,True,0.83464054022758,True,1.0,False,0.91732027011379,0.83464054022758,True,True,0.5,1.0,0.83464054022758,wind_stuck_7_days,2017
8798,US-NC3,US-NC2,2017-02-04,0.62370109,0.8,0.8,-0.3955930063763842,0.3955930063763842,0.18389247304982462,0.5070503703331,0.025296555759319796,0.029101904401739168,-0.006047462543166524,-0.042995186376384054,1.150833819436878,0.30611238839626437,0.4044069936236158,True,0.4044069936236158,True,0.4044069936236158,True,0.4044069936236158,True,0.4044069936236158,True,0.4044069936236158,True,0.8,False,0.602203496811808,0.5737568299078455,True,True,0.5,0.5719089226691159,0.4044069936236158,wind_stuck_7_days,2017
8799,US-NC3,US-NC2,2017-02-12,1.23525039,0.4,0.4,1.4476527073664793,1.4476527073664793,0.3829463896345899,1.1452488429379142,0.2916673130852727,0.3337425748033127,-0.3884986751116946,0.2228480726335207,1.150833819436878,0.30611238839626437,1.8476527073664792,True,0.4,False,0.4,False,1.8476527073664792,True,0.4,False,1.8476527073664792,True,0.4,False,1.1238263536832398,1.3280288147587225,True,True,0.5,0.6410576307676451,1.8476527073664792,wind_stuck_7_days,2017
8800,US-NC3,US-NC2,2017-02-20,0.75545458,1.7,1.7,-0.5845069598556245,0.5845069598556245,0.2141314665768426,0.6421471187021821,0.013266900737641567,0.009280503156287881,-0.004131158068303865,0.5845069598556245,1.150833819436878,0.30611238839626437,1.1154930401443754,True,1.1154930401443754,True,1.1154930401443754,True,1.1154930401443754,True,1.1154930401443754,True,1.1154930401443754,True,1.7,False,1.4077465200721877,1.505497237150813,True,True,0.5,0.3327638098564811,1.1154930401443754,wind_stuck_7_days,2017
8801,US-NC3,US-NC2,2017-02-28,0.65730077,1.9,1.9,0.38793008264564455,0.38793008264564455,0.44045758356453807,1.0044820840602302,0.10722984629007268,-0.011948068092146527,-0.046432962231649166,-0.38793008264564444,1.150833819436878,0.30611238839626437,2.2879300826456443,True,1.9,False,1.9,False,2.2879300826456443,True,1.9,False,1.9,False,1.9,False,2.0939650413228224,2.1803644549693812,True,True,0.5,0.722719034980025,2.2879300826456443,wind_stuck_7_days,2017
8802,US-NC3,US-NC2,2017-03-24,1.16976388,2.5,2.5,-0.12157997162345806,0.12157997162345806,0.16982261390218942,0.3879682442487465,-0.00531460332761016,0.009280503156287881,-0.004131158068303865,0.12157997162345802,1.150833819436878,0.30611238839626437,2.3784200283765418,True,2.3784200283765418,True,2.3784200283765418,True,2.5,False,2.5,False,2.3784200283765418,True,2.5,False,2.439210014188271,2.3784200283765418,True,True,0.5,1.0,2.3784200283765418,wind_stuck_7_days,2017
8803,US-NC3,US-NC2,2017-04-01,1.94854272,1.3,1.3,0.47383741737644963,0.47383741737644963,0.18596129067583145,0.40874289309262996,0.04153373784339427,0.04764200926334809,-0.006047462543166524,0.47383741737644963,1.150833819436878,0.30611238839626437,1.7738374173764497,True,1.7738374173764497,True,1.7738374173764497,True,1.7738374173764497,True,1.7738374173764497,True,1.7738374173764497,True,1.3,False,1.5369187086882248,1.5633373385254636,True,True,0.5,0.5557546298971362,1.7738374173764497,wind_stuck_7_days,2017
8804,US-NC3,US-NC2,2017-04-09,1.18213523,3.1,3.1,-0.5075010902177273,0.5075010902177273,0.0665712082447141,0.389668985393261,-0.00531460332761016,0.002180379223468672,-0.004131158068303865,0.5075010902177273,1.150833819436878,0.30611238839626437,2.5924989097822726,True,2.5924989097822726,True,2.5924989097822726,True,3.1,False,3.1,False,2.5924989097822726,True,3.1,False,2.8462494548911366,2.8787464505021485,True,True,0.5,0.435966648668537,2.5924989097822726,wind_stuck_7_days,2017
8805,US-NC3,US-NC2,2017-04-17,3.08408926,3.2,3.2,-0.25802545811078775,0.25802545811078775,0.32930857577208483,0.5650380024300162,-0.01310027166388245,-0.010935465796059515,-0.004131158068303865,-0.026203978110787063,1.150833819436878,0.30611238839626437,2.9419745418892123,True,3.2,False,2.9419745418892123,True,3.2,False,3.2,False,3.2,False,3.2,False,3.0709872709446064,3.118059447952407,True,True,0.5,0.3175677029993331,2.9419745418892123,wind_stuck_7_days,2017
8806,US-NC3,US-NC2,2017-05-03,4.36376795,4.1,4.1,-0.5912207859479105,0.5912207859479105,0.11168487624204276,0.4749036045411451,-0.04756583633988984,-0.047478981151291504,-0.004131158068303865,-0.5912207859479105,1.150833819436878,0.30611238839626437,3.508779214052089,True,3.508779214052089,True,3.508779214052089,True,4.1,False,4.1,False,4.1,False,4.1,False,3.8043896070260446,4.052149486269726,True,True,0.5,0.08093510050319837,3.508779214052089,wind_stuck_7_days,2017
8807,US-NC3,US-NC2,2017-05-19,4.68548059,5.7,5.7,-1.0673801770548486,1.0673801770548486,0.23871319891410386,0.44099469736152147,0.051239704002639164,0.06904156295524212,-0.03192561905361444,0.9616586429451517,1.150833819436878,0.30611238839626437,4.632619822945152,True,4.632619822945152,True,4.632619822945152,True,4.632619822945152,True,4.632619822945152,True,4.632619822945152,True,5.7,False,5.166309911472576,5.519165336887439,True,True,0.5,0.16941916947673366,4.632619822945152,wind_stuck_7_days,2017
8808,US-NC3,US-NC2,2017-05-27,5.19484808,4.9,4.9,-0.6155560365515569,0.6155560365515569,0.1606274571686839,0.3924516421836038,-0.03101296788071019,-0.018467664114665393,-0.004131158068303865,-0.6155560365515569,1.150833819436878,0.30611238839626437,4.284443963448443,True,4.284443963448443,True,4.284443963448443,True,4.9,False,4.9,False,4.9,False,4.9,False,4.592221981724222,4.748675798492968,True,True,0.5,0.24583334825984998,4.284443963448443,wind_stuck_7_days,2017
8809,US-NC3,US-NC2,2017-06-12,4.59119447,6.6,6.6,-1.2565977035239675,1.2565977035239675,0.21831333033653436,0.4362428610791394,0.3118063479389688,0.48994605727656937,0.00738460200933653,1.2565977035239675,1.150833819436878,0.30611238839626437,5.343402296476032,True,5.343402296476032,True,5.343402296476032,True,5.343402296476032,True,5.343402296476032,True,5.343402296476032,True,5.343402296476032,True,5.971701148238016,6.039589757346324,True,True,0.5,0.44597426931632733,5.343402296476032,wind_stuck_7_days,2017
8810,US-NC3,US-NC2,2017-07-06,6.56123316,5.5,5.5,-0.49163202535264805,0.49163202535264805,0.18443568145799968,0.46476667017354567,-0.006514051688426584,0.003444306863712418,-0.004131158068303865,-0.49163202535264805,1.150833819436878,0.30611238839626437,5.008367974647352,True,5.008367974647352,True,5.008367974647352,True,5.5,False,5.5,False,5.008367974647352,True,5.5,False,5.254183987323676,5.318974482528079,True,True,0.5,0.36821343634412584,5.008367974647352,wind_stuck_7_days,2017
8811,US-NC3,US-NC2,2017-07-14,6.17397,5.2,5.2,0.6234798540422393,0.6234798540422393,0.31618024699146,0.6284354301193918,-0.04591717110933457,-0.039683561205263874,-0.045766110562039324,0.6234798540422393,1.150833819436878,0.30611238839626437,5.8234798540422394,True,5.8234798540422394,True,5.8234798540422394,True,5.2,False,5.2,False,5.2,False,5.2,False,5.51173992702112,5.415353319862193,True,True,0.5,0.34540541842046973,5.8234798540422394,wind_stuck_7_days,2017
8812,US-NC3,US-NC2,2017-07-22,6.39748722,6.7,6.7,-0.3578427032481011,0.3578427032481011,0.2980164580018036,0.5190213546955076,-0.016422941622742562,-0.01533333798438998,-0.008402652266017531,0.24718285675189855,1.150833819436878,0.30611238839626437,6.342157296751899,True,6.342157296751899,True,6.342157296751899,True,6.7,False,6.7,False,6.7,False,6.7,False,6.5210786483759495,6.659431465810492,True,True,0.5,0.1133697398920589,6.342157296751899,wind_stuck_7_days,2017
8813,US-NC3,US-NC2,2017-08-23,6.23015748,4.0,4.0,0.5685308823445197,0.5685308823445197,0.19467787917051968,0.4781139320595317,-0.005220294857118428,0.003105489379592257,-0.004131158068303865,0.5685308823445197,1.150833819436878,0.30611238839626437,4.56853088234452,True,4.56853088234452,True,4.56853088234452,True,4.0,False,4.0,False,4.56853088234452,True,4.0,False,4.28426544117226,4.320001222530124,True,True,0.5,0.5628563592016246,4.56853088234452,wind_stuck_7_days,2017
8814,US-NC3,US-NC2,2017-08-31,4.25104319,4.2,4.2,0.40431693139527153,0.40431693139527153,0.24698661810908312,0.478827788817968,-0.007512162497714675,0.003105489379592257,-0.004131158068303865,-0.30223055139527216,1.150833819436878,0.30611238839626437,4.604316931395272,True,4.604316931395272,True,4.604316931395272,True,4.2,False,4.2,False,4.604316931395272,True,4.2,False,4.402158465697636,4.460969014946879,True,True,0.5,0.6454565581666127,4.604316931395272,wind_stuck_7_days,2017
8815,US-NC3,US-NC2,2017-09-16,3.80379531,3.4,3.4,0.2938286467401287,0.2938286467401287,0.16557138601454294,0.38259056056511237,-0.00531460332761016,0.00699295976467267,-0.004131158068303865,0.2938286467401287,1.150833819436878,0.30611238839626437,3.6938286467401285,True,3.6938286467401285,True,3.6938286467401285,True,3.4,False,3.4,False,3.6938286467401285,True,3.4,False,3.546914323370064,3.6355924109497084,True,True,0.5,0.8018020487909534,3.6938286467401285,wind_stuck_7_days,2017
8816,US-NC3,US-NC2,2017-09-24,3.54586011,3.4,3.4,-0.14869263915454434,0.14869263915454434,0.18769852496518502,0.5185610919261443,-0.0030078757447705323,0.002180379223468672,-0.004131158068303865,-0.14869263915454434,1.150833819436878,0.30611238839626437,3.2513073608454555,True,3.2513073608454555,True,3.2513073608454555,True,3.4,False,3.4,False,3.2513073608454555,True,3.4,False,3.325653680422728,3.2513073608454555,True,True,0.5,1.0,3.2513073608454555,wind_stuck_7_days,2017
8817,US-NC3,US-NC2,2017-10-02,2.67241807,2.9,2.9,-0.18898782864915026,0.18898782864915026,0.1812078672859878,0.39077118181790177,-0.00531460332761016,0.012138866835821624,-0.006047462543166524,0.18898782864915026,1.150833819436878,0.30611238839626437,2.7110121713508497,True,2.7110121713508497,True,2.7110121713508497,True,2.9,False,2.9,False,2.7110121713508497,True,2.9,False,2.805506085675425,2.7367520216193064,True,True,0.5,0.8638015450389571,2.7110121713508497,wind_stuck_7_days,2017
8818,US-NC3,US-NC2,2017-10-18,1.79053652,2.1,2.1,-0.2713118550939164,0.2713118550939164,0.0642303218615205,0.3696831177371664,-0.00531460332761016,0.014426410227436836,-0.006047462543166524,0.2713118550939164,1.150833819436878,0.30611238839626437,1.8286881449060837,True,1.8286881449060837,True,1.8286881449060837,True,2.1,False,2.1,False,1.8286881449060837,True,2.1,False,1.9643440724530419,1.9417242911462118,True,True,0.5,0.5833718869343181,1.8286881449060837,wind_stuck_7_days,2017
8819,US-NC3,US-NC2,2017-11-27,0.74764378,0.9,0.9,-0.1336470361515975,0.1336470361515975,0.10629030094408319,0.4053030582822127,0.02298982817648017,0.024011823229732186,-0.006047462543166524,0.1336470361515975,1.150833819436878,0.30611238839626437,0.7663529638484026,True,0.7663529638484026,True,0.7663529638484026,True,0.7663529638484026,True,0.7663529638484026,True,0.7663529638484026,True,0.9,False,0.8331764819242012,0.7663529638484026,True,True,0.5,1.0,0.7663529638484026,wind_stuck_7_days,2017
8820,US-NC3,US-NC2,2017-12-13,0.74521573,0.5,0.5,-0.029489539199235037,0.029489539199235037,0.10711565891872882,0.2805175286366425,0.01990945683715325,0.014345064619673073,-0.006047462543166524,-0.029489539199235026,1.150833819436878,0.30611238839626437,0.470510460800765,True,0.470510460800765,True,0.470510460800765,True,0.470510460800765,True,0.470510460800765,True,0.470510460800765,True,0.5,False,0.4852552304003825,0.470510460800765,True,True,0.5,1.0,0.470510460800765,wind_stuck_7_days,2017
8821,US-NC3,US-NC2,2017-12-21,0.99361661,0.8,0.8,0.13458886241647613,0.13458886241647613,0.1233191363786548,0.3702146895235128,0.02298982817648017,0.024011823229732186,-0.006047462543166524,0.13458886241647613,1.150833819436878,0.30611238839626437,0.9345888624164762,True,0.9345888624164762,True,0.9345888624164762,True,0.9345888624164762,True,0.9345888624164762,True,0.9345888624164762,True,0.8,False,0.8672944312082381,0.9345888624164762,True,True,0.5,1.0,0.9345888624164762,wind_stuck_7_days,2017
9112,US-NR1,US-NR1,2017-02-16,0.78296329,2.3,2.3,-1.1090832911118798,1.1090832911118798,0.1524508997736353,0.6203955457583646,0.11936545721048418,0.1561220909942218,-0.10557829900144798,1.1090832911118798,1.150833819436878,0.30611238839626437,1.19091670888812,True,1.19091670888812,True,1.19091670888812,True,1.19091670888812,True,1.19091670888812,True,1.19091670888812,True,2.3,False,1.74545835444406,1.5324305578593513,True,True,0.5,0.692075562125856,1.19091670888812,wind_stuck_7_days,2017
9113,US-NR1,US-NR1,2017-03-04,1.37660299,2.5,2.5,-1.61180474495463,1.61180474495463,0.2194167794775585,0.44119211684721815,0.21737799078787107,0.4021012638382444,-0.05551168358809781,0.6349892750453698,1.150833819436878,0.30611238839626437,0.88819525504537,True,0.88819525504537,True,0.88819525504537,True,0.88819525504537,True,0.88819525504537,True,0.88819525504537,True,2.5,False,1.6940976275226851,1.6874613033011943,True,True,0.5,0.5041173251550872,0.88819525504537,wind_stuck_7_days,2017
9114,US-NR1,US-NR1,2017-06-08,4.41652806,5.4,5.4,-2.049227677261314,2.049227677261314,0.2700822920352693,0.3964428746844514,0.802705056644353,0.9320210006960824,0.412484244853588,-0.0822837972613133,1.150833819436878,0.30611238839626437,3.3507723227386865,True,3.3507723227386865,True,3.3507723227386865,True,3.3507723227386865,True,3.3507723227386865,True,3.3507723227386865,True,3.3507723227386865,True,4.375386161369343,3.4906800902973463,True,True,0.5,0.9317265869912321,3.3507723227386865,wind_stuck_7_days,2017
9115,US-NR1,US-NR1,2017-06-16,3.61513675,7.1,7.1,-2.2804478945682987,2.2804478945682987,0.380834990837963,1.0429651620489078,1.1112800024591278,1.1750625957352197,0.5559053837434379,2.2804478945682987,1.150833819436878,0.30611238839626437,4.8195521054317005,True,7.1,False,7.1,False,4.8195521054317005,True,7.1,False,4.8195521054317005,True,4.8195521054317005,True,5.95977605271585,5.072471467735796,True,True,0.5,0.8890922424026819,4.8195521054317005,wind_stuck_7_days,2017
9116,US-NR1,US-NR1,2017-07-10,3.50506998,4.7,4.7,-0.719238543085293,0.719238543085293,0.13696093640638704,0.37680978683005156,-0.05567612315095234,-0.046643156118418544,-0.0190250178902289,0.719238543085293,1.150833819436878,0.30611238839626437,3.980761456914707,True,3.980761456914707,True,3.980761456914707,True,4.7,False,4.7,False,4.7,False,4.7,False,4.340380728457354,4.531962047470669,True,True,0.5,0.23363313068360306,3.980761456914707,wind_stuck_7_days,2017
9117,US-NR1,US-NR1,2017-08-03,3.6576718,3.8,3.8,0.10692314808165344,0.10692314808165344,0.2213248772544765,0.5752673226085581,-0.005299743385366778,0.012138866835821624,0.0420993260789322,-0.10692314808165343,1.150833819436878,0.30611238839626437,3.906923148081653,True,3.906923148081653,True,3.906923148081653,True,3.8,False,3.8,False,3.906923148081653,True,3.906923148081653,True,3.8534615740408267,3.906923148081653,True,True,0.5,1.0,3.906923148081653,wind_stuck_7_days,2017
9118,US-NR1,US-NR1,2017-08-19,4.78260793,4.8,4.8,-1.1356748487254027,1.1356748487254027,0.1742675986658203,0.4755888220635714,0.37495229231235594,0.40344547770821876,-0.03192561905361444,-1.1008907087254034,1.150833819436878,0.30611238839626437,3.664325151274597,True,3.664325151274597,True,3.664325151274597,True,3.664325151274597,True,3.664325151274597,True,3.664325151274597,True,4.8,False,4.2321625756372985,4.065570896877718,True,True,0.5,0.646689590727972,3.664325151274597,wind_stuck_7_days,2017
9119,US-NR1,US-NR1,2017-08-27,2.78773194,3.8,3.8,-1.2595104316771688,1.2595104316771688,0.13203016347317129,0.38242305710986263,0.04893911818434351,0.19363730120056954,0.050009625682778516,0.7650256883228308,1.150833819436878,0.30611238839626437,2.540489568322831,True,2.540489568322831,True,2.540489568322831,True,2.540489568322831,True,2.540489568322831,True,2.540489568322831,True,2.540489568322831,True,3.170244784161415,3.140361866895948,True,True,0.5,0.5237258195834672,2.540489568322831,wind_stuck_7_days,2017
9120,US-NR1,US-NR1,2017-09-20,1.56858547,2.9,2.9,-0.8829890718708638,0.8829890718708638,0.12520487698600405,0.4094043336080112,-0.045966535241320855,0.0262201719351217,-0.0190250178902289,0.8829890718708638,1.150833819436878,0.30611238839626437,2.017010928129136,True,2.017010928129136,True,2.017010928129136,True,2.9,False,2.9,False,2.017010928129136,True,2.9,False,2.458505464064568,2.5057439699650015,True,True,0.5,0.4465015962198204,2.017010928129136,wind_stuck_7_days,2017
9121,US-NR1,US-NR1,2017-10-06,3.44217758,2.7,2.7,-0.9773525894226761,0.9773525894226761,0.21430314206693213,0.6151926092627148,0.026279893807299472,0.055332816071687406,-0.05116657411702952,-0.9773525894226762,1.150833819436878,0.30611238839626437,1.722647410577324,True,1.722647410577324,True,1.722647410577324,True,1.722647410577324,True,1.722647410577324,True,1.722647410577324,True,2.7,False,2.2113237052886623,2.406154634146814,True,True,0.5,0.30065440971181245,1.722647410577324,wind_stuck_7_days,2017
9122,US-NR1,US-NR1,2017-10-14,1.62582429,2.8,2.8,-1.2786531760845197,1.2786531760845197,0.25513173200946204,1.0851127469035213,0.2761335117003257,0.2101922267867095,-0.06963176622416556,1.06969824391548,1.150833819436878,0.30611238839626437,1.5213468239154802,True,1.5213468239154802,True,2.8,False,1.5213468239154802,True,2.8,False,1.5213468239154802,True,2.8,False,2.16067341195774,1.9820442797201405,True,True,0.5,0.6397010038207513,1.4624245104795472,wind_stuck_7_days,2017
9123,US-NR1,US-NR1,2017-10-15,1.06376896,2.6,2.6,-1.3405757797696671,1.3405757797696671,0.1192005007296568,0.5389635605590646,0.1490208894703958,0.36480625676596473,-0.044017053316232,1.3405757797696671,1.150833819436878,0.30611238839626437,1.259424220230333,True,1.259424220230333,True,1.259424220230333,True,1.259424220230333,True,1.259424220230333,True,1.259424220230333,True,2.6,False,1.9297121101151666,1.4364816949142587,True,True,0.5,0.8679243073343104,1.259424220230333,wind_stuck_7_days,2017
9124,US-NR1,US-NR1,2017-10-22,0.74207753,2.5,2.5,-1.4087540478675926,1.4087540478675926,0.3111062143896675,1.3020853776433907,0.4226618407337755,0.5081340029055633,-0.07621992132790223,1.4087540478675926,1.150833819436878,0.30611238839626437,1.0912459521324074,True,1.0912459521324074,True,2.5,False,1.0912459521324074,True,2.5,False,1.0912459521324074,True,2.5,False,1.7956229760662037,1.6954848428078244,True,True,0.5,0.5710827652349655,1.1015597615635688,wind_stuck_7_days,2017
9125,US-NR1,US-NR1,2017-11-15,1.0371637,0.8,0.8,-0.17986516133331149,0.17986516133331149,0.0846369808726076,0.29951511028245265,0.02298982817648017,0.024011823229732186,-0.006047462543166524,-0.17986516133331149,1.150833819436878,0.30611238839626437,0.6201348386666885,True,0.6201348386666885,True,0.6201348386666885,True,0.6201348386666885,True,0.6201348386666885,True,0.6201348386666885,True,0.8,False,0.7100674193333443,0.6265561549073617,True,True,0.5,0.9642992773415764,0.6201348386666885,wind_stuck_7_days,2017
9126,US-NR1,US-NR1,2017-11-16,0.64813908,1.4,1.4,-0.43999816411180515,0.43999816411180515,0.10138116300186241,0.5910823229436643,0.04605288453858179,0.0587362824289199,-0.006047462543166524,0.43999816411180515,1.150833819436878,0.30611238839626437,0.9600018358881948,True,0.9600018358881948,True,0.9600018358881948,True,0.9600018358881948,True,0.9600018358881948,True,0.9600018358881948,True,1.4,False,1.1800009179440973,1.145852581634128,True,True,0.5,0.5776101790763198,0.9600018358881948,wind_stuck_7_days,2017
9127,US-NR1,US-NR1,2017-12-01,0.78209837,0.7,0.7,0.027183685645778676,0.027183685645778676,0.0704112715643223,0.47700306179130586,0.025296555759319796,0.024011823229732186,-0.006047462543166524,0.02718368564577868,1.150833819436878,0.30611238839626437,0.7271836856457786,True,0.7271836856457786,True,0.7271836856457786,True,0.7271836856457786,True,0.7271836856457786,True,0.7271836856457786,True,0.7,False,0.7135918428228893,0.7271836856457786,True,True,0.5,1.0,0.7271836856457786,wind_stuck_7_days,2017
9128,US-NR1,US-NR1,2017-12-09,1.05990107,1.3,1.3,-0.5693733032244019,0.5693733032244019,0.16070554211366378,0.6490871294439537,0.05362576188827302,0.0587362824289199,-0.006047462543166524,-0.08917544322440185,1.150833819436878,0.30611238839626437,0.7306266967755981,True,0.7306266967755981,True,0.7306266967755981,True,0.7306266967755981,True,0.7306266967755981,True,0.7306266967755981,True,1.3,False,1.015313348387799,1.072689055181151,True,True,0.5,0.39923007196082233,0.7306266967755981,wind_stuck_7_days,2017
9129,US-NR1,US-NR1,2017-12-17,0.29963072,0.2,0.2,0.25231873115325676,0.25231873115325676,0.08785468522453806,0.3923277526784713,0.042615031716562134,0.044953295052876395,0.00850600182069552,-0.05305729115325675,1.150833819436878,0.30611238839626437,0.45231873115325677,True,0.45231873115325677,True,0.45231873115325677,True,0.45231873115325677,True,0.45231873115325677,True,0.45231873115325677,True,0.45231873115325677,True,0.3261593655766284,0.4101496463769387,True,True,0.5,0.8328737443170445,0.45231873115325677,wind_stuck_7_days,2017
9428,US-Ne1,US-Ne1,2017-02-22,0.98528758,0.5,0.5,0.8277423233503962,0.8277423233503962,0.36713388268468633,1.0084248563499156,0.111578698598469,-0.015231568224167916,-0.22183144163024238,0.1428328366496039,1.150833819436878,0.30611238839626437,1.3277423233503962,True,0.5,False,0.5,False,1.3277423233503962,True,0.5,False,0.5,False,0.5,False,0.9138711616751981,1.1108965939321418,True,True,0.5,0.7380274956334929,1.3277423233503962,wind_stuck_7_days,2017
9429,US-Ne1,US-Ne1,2017-03-02,1.62010782,0.4,0.4,0.48646886170170306,0.48646886170170306,0.12492464546569006,0.3168869554062825,0.12615571522721278,0.14123649051638068,-0.006047462543166524,0.486468861701703,1.150833819436878,0.30611238839626437,0.8864688617017031,True,0.8864688617017031,True,0.8864688617017031,True,0.8864688617017031,True,0.8864688617017031,True,0.8864688617017031,True,0.4,False,0.6432344308508515,0.8864688617017031,True,True,0.5,1.0,0.8864688617017031,wind_stuck_7_days,2017
9430,US-Ne1,US-Ne1,2017-04-11,1.39145145,1.2,1.2,0.3743556193055873,0.3743556193055873,0.07737841366282924,0.24405987456710262,0.020777409064132273,0.020124352844651774,-0.006047462543166524,0.008547280694412629,1.150833819436878,0.30611238839626437,1.5743556193055872,True,1.5743556193055872,True,1.5743556193055872,True,1.5743556193055872,True,1.5743556193055872,True,1.5743556193055872,True,1.2,False,1.3871778096527936,1.4452417522457786,True,True,0.5,0.6551037024652946,1.5743556193055872,wind_stuck_7_days,2017
9431,US-Ne1,US-Ne1,2017-05-05,2.37420301,1.7,1.7,0.1898889039186161,0.1898889039186161,0.10614285263637648,0.42711958325567556,-0.00016183873425949812,0.004467922615083889,-0.004131158068303865,0.18988890391861613,1.150833819436878,0.30611238839626437,1.889888903918616,True,1.889888903918616,True,1.889888903918616,True,1.7,False,1.7,False,1.889888903918616,True,1.7,False,1.794944451959308,1.8640263285906546,True,True,0.5,0.8638015450389571,1.889888903918616,wind_stuck_7_days,2017
9432,US-Ne1,US-Ne1,2017-05-13,2.26359673,2.0,2.0,0.4462192256265066,0.4462192256265066,0.14729778633059445,0.4869374583817335,-0.033808362324535116,-0.04097656510005172,-0.004131158068303865,0.08097423437349371,1.150833819436878,0.30611238839626437,2.4462192256265065,True,2.4462192256265065,True,2.4462192256265065,True,2.0,False,2.0,False,2.0,False,2.0,False,2.2231096128132535,2.0745793586639776,True,True,0.5,0.1671361393253858,2.4462192256265065,wind_stuck_7_days,2017
9433,US-Ne1,US-Ne1,2017-05-29,1.67380337,1.4,1.4,0.489384606685843,0.489384606685843,0.13245404554096143,0.4266728195481269,0.03957075365046754,0.04699396544523664,-0.004131158068303865,0.05822213331415699,1.150833819436878,0.30611238839626437,1.8893846066858428,True,1.8893846066858428,True,1.8893846066858428,True,1.8893846066858428,True,1.8893846066858428,True,1.8893846066858428,True,1.4,False,1.6446923033429215,1.5605930972232867,True,True,0.5,0.3281531438245223,1.8893846066858428,wind_stuck_7_days,2017
9434,US-Ne1,US-Ne1,2017-06-06,3.12365172,1.1,1.1,0.5449156941687606,0.5449156941687606,0.21565280587369742,0.4247872811644255,0.03896166316232216,0.041340756619622096,-0.004131158068303865,0.5449156941687607,1.150833819436878,0.30611238839626437,1.6449156941687608,True,1.6449156941687608,True,1.6449156941687608,True,1.6449156941687608,True,1.6449156941687608,True,1.6449156941687608,True,1.1,False,1.3724578470843805,1.3344722364154262,True,True,0.5,0.4302908485194227,1.6449156941687608,wind_stuck_7_days,2017
9435,US-Ne1,US-Ne1,2017-06-14,7.00809733,5.1,5.1,0.15854840310574864,0.15854840310574864,0.13243747985467041,0.46152054421155286,0.009467254302661186,0.010875178626753306,-0.004131158068303865,0.1585484031057487,1.150833819436878,0.30611238839626437,5.258548403105748,True,5.258548403105748,True,5.258548403105748,True,5.258548403105748,True,5.258548403105748,True,5.258548403105748,True,5.1,False,5.179274201552874,5.258548403105748,True,True,0.5,1.0,5.258548403105748,wind_stuck_7_days,2017
9436,US-Ne1,US-Ne1,2017-06-30,4.8438383,5.9,5.9,0.29839942586225254,0.29839942586225254,0.20488524382491982,0.45300287795029853,0.01585172029724875,0.021729823144267364,-0.004131158068303865,-0.29839942586225243,1.150833819436878,0.30611238839626437,6.198399425862253,True,6.198399425862253,True,6.198399425862253,True,6.198399425862253,True,6.198399425862253,True,6.198399425862253,True,5.9,False,6.049199712931126,6.122681945664581,True,True,0.5,0.7462546049514722,6.198399425862253,wind_stuck_7_days,2017
9437,US-Ne1,US-Ne1,2017-07-08,6.35524531,6.7,6.7,-0.27997710939926135,0.27997710939926135,0.14945824962083518,0.4508361186797417,-0.00436893798714724,-0.007466784394699298,-0.002755196674701457,0.27997710939926135,1.150833819436878,0.30611238839626437,6.420022890600739,True,6.420022890600739,True,6.420022890600739,True,6.7,False,6.7,False,6.7,False,6.7,False,6.560011445300369,6.486183892903861,True,True,0.5,0.7636913873241938,6.420022890600739,wind_stuck_7_days,2017
9438,US-Ne1,US-Ne1,2017-07-16,8.39978802,6.3,6.3,0.09321604317849437,0.09321604317849437,0.27128465531439694,0.4441633516986864,-0.006660805627743487,-0.007466784394699298,-0.002755196674701457,0.09321604317849452,1.150833819436878,0.30611238839626437,6.393216043178494,True,6.393216043178494,True,6.393216043178494,True,6.3,False,6.3,False,6.3,False,6.3,False,6.346608021589247,6.393216043178494,True,True,0.5,1.0,6.393216043178494,wind_stuck_7_days,2017
9439,US-Ne1,US-Ne1,2017-08-17,6.02478817,5.1,5.1,0.7618043009645645,0.7618043009645645,0.1428242039116967,0.3688428102288652,0.0401131291118863,0.08817129132155233,-0.07241440983915938,0.7618043009645645,1.150833819436878,0.30611238839626437,5.861804300964565,True,5.861804300964565,True,5.861804300964565,True,5.861804300964565,True,5.861804300964565,True,5.861804300964565,True,5.1,False,5.480902150482282,5.476862858773727,True,True,0.5,0.4946977305018627,5.861804300964565,wind_stuck_7_days,2017
9440,US-Ne1,US-Ne1,2017-09-02,3.83269076,4.7,4.7,0.4816564880532299,0.4816564880532299,0.12899961737291998,0.3601396992379525,-0.00909140344235541,-0.0017070911616117405,-0.004131158068303865,-0.4816564880532299,1.150833819436878,0.30611238839626437,5.18165648805323,True,5.18165648805323,True,5.18165648805323,True,4.7,False,4.7,False,4.7,False,4.7,False,4.940828244026616,4.949561810309579,True,True,0.5,0.518132354695902,5.18165648805323,wind_stuck_7_days,2017
9441,US-Ne1,US-Ne1,2017-10-20,0.83024129,1.8,1.8,-0.0008697064742117482,0.0008697064742117482,0.21876435430115299,0.9769481706206902,0.02040134344007705,0.009280503156287881,-0.00900870375391805,0.0008697064742116956,1.150833819436878,0.30611238839626437,1.7991302935257882,True,1.7991302935257882,True,1.8,False,1.7991302935257882,True,1.8,False,1.7991302935257882,True,1.8,False,1.7995651467628941,1.7991302935257882,True,True,0.5,1.0,1.7803577823832182,wind_stuck_7_days,2017
9442,US-Ne1,US-Ne1,2017-10-28,0.49033912,0.5,0.5,0.006222489086075233,0.006222489086075233,0.10809509568144718,0.27582790529845397,0.01990945683715325,0.014345064619673073,-0.006047462543166524,-0.006222489086075235,1.150833819436878,0.30611238839626437,0.5062224890860753,True,0.5062224890860753,True,0.5062224890860753,True,0.5062224890860753,True,0.5062224890860753,True,0.5062224890860753,True,0.5,False,0.5031112445430376,0.5062224890860753,True,True,0.5,1.0,0.5062224890860753,wind_stuck_7_days,2017
9443,US-Ne1,US-Ne1,2017-11-05,0.47439557,0.3,0.3,0.5334665570392639,0.5334665570392639,0.14416856930847452,0.44219900734573175,0.14059964385699664,0.137291766300171,-0.006047462543166524,-0.18467541703926393,1.150833819436878,0.30611238839626437,0.8334665570392639,True,0.8334665570392639,True,0.8334665570392639,True,0.8334665570392639,True,0.8334665570392639,True,0.8334665570392639,True,0.3,False,0.566733278519632,0.7617333123070494,True,True,0.5,0.8655337550486134,0.8334665570392639,wind_stuck_7_days,2017
9444,US-Ne1,US-Ne1,2017-11-21,0.94200645,0.4,0.4,0.24437782001162836,0.24437782001162836,0.1410262357641179,0.33472326700450517,0.033468748362438454,0.037893911686996545,-0.006047462543166524,0.24437782001162833,1.150833819436878,0.30611238839626437,0.6443778200116284,True,0.6443778200116284,True,0.6443778200116284,True,0.6443778200116284,True,0.6443778200116284,True,0.6443778200116284,True,0.4,False,0.5221889100058142,0.6061243387909043,True,True,0.5,0.8434658218208847,0.6443778200116284,wind_stuck_7_days,2017
9445,US-Ne1,US-Ne1,2017-12-07,0.27175183,0.2,0.2,0.2584329824086023,0.2584329824086023,0.1279159545658007,0.3700941431317022,0.05086188333919194,0.053195275175407834,0.00850600182069552,-0.11492932240860226,1.150833819436878,0.30611238839626437,0.4584329824086023,True,0.4584329824086023,True,0.4584329824086023,True,0.4584329824086023,True,0.4584329824086023,True,0.4584329824086023,True,0.4584329824086023,True,0.3292164912043012,0.4066218509747497,True,True,0.5,0.7995181150990422,0.4801673794930889,wind_stuck_7_days,2017
9747,US-Ne2,US-Ne1,2017-02-22,0.98133422,0.6,0.6,0.7784682201409983,0.7784682201409983,0.3596140261194271,1.003303502666472,0.09326454886023564,-0.026368645147549424,-0.25698799151981766,-0.015799780140998143,1.150833819436878,0.30611238839626437,1.3784682201409981,True,0.6,False,0.6,False,1.3784682201409981,True,0.6,False,0.6,False,0.6,False,0.9892341100704991,1.1063700290043785,True,True,0.5,0.6504697505990203,1.3784682201409981,wind_stuck_7_days,2017
9748,US-Ne2,US-Ne1,2017-03-02,0.83470508,0.2,0.2,0.6701439091397894,0.6701439091397894,0.12398366381602265,0.33782382225945146,0.22871581901131652,0.23864398382873683,-0.1750808800432839,0.5992662508602107,1.150833819436878,0.30611238839626437,0.8701439091397893,True,0.8701439091397893,True,0.8701439091397893,True,0.8701439091397893,True,0.8701439091397893,True,0.8701439091397893,True,0.2,False,0.5350719545698948,0.8701439091397893,True,True,0.5,1.0,0.8701439091397893,wind_stuck_7_days,2017
9749,US-Ne2,US-Ne1,2017-04-11,1.03324565,0.9,0.9,0.546772238786647,0.546772238786647,0.14368918549547174,0.2748500972622692,0.04153373784339427,0.04975873087183251,-0.006047462543166524,-0.28028093878664706,1.150833819436878,0.30611238839626437,1.446772238786647,True,1.446772238786647,True,1.446772238786647,True,1.446772238786647,True,1.446772238786647,True,1.446772238786647,True,0.9,False,1.1733861193933235,1.3447392713520183,True,True,0.5,0.8133903658659551,1.446772238786647,wind_stuck_7_days,2017
9750,US-Ne2,US-Ne1,2017-05-05,1.77513656,1.3,1.3,0.36921343324346545,0.36921343324346545,0.13422891860786706,0.3802386745139782,0.020777409064132273,0.016423416415036373,-0.004131158068303865,0.36921343324346545,1.150833819436878,0.30611238839626437,1.6692134332434656,True,1.6692134332434656,True,1.6692134332434656,True,1.6692134332434656,True,1.6692134332434656,True,1.6692134332434656,True,1.3,False,1.4846067166217327,1.5252630601848642,True,True,0.5,0.6101161006141455,1.6692134332434656,wind_stuck_7_days,2017
9751,US-Ne2,US-Ne1,2017-05-13,2.32081456,2.1,2.1,0.4242502585433997,0.4242502585433997,0.13762659360500815,0.49648107000929365,-0.038961126917885794,-0.04097656510005172,-0.004131158068303865,0.01737886145660028,1.150833819436878,0.30611238839626437,2.5242502585434,True,2.5242502585434,True,2.5242502585434,True,2.1,False,2.1,False,2.1,False,2.1,False,2.3121251292717,2.2149070744383272,True,True,0.5,0.27084738812615816,2.5242502585434,wind_stuck_7_days,2017
9752,US-Ne2,US-Ne1,2017-05-21,5.02675853,4.2,4.2,-0.3161101171250916,0.3161101171250916,0.30614205966299274,0.4218112135210106,-0.017648814003681342,-0.005686174366222007,-0.004131158068303865,-0.3161101171250915,1.150833819436878,0.30611238839626437,3.8838898828749087,True,3.8838898828749087,True,3.8838898828749087,True,4.2,False,4.2,False,4.2,False,4.2,False,4.041944941437454,4.013138800759463,True,True,0.5,0.5911269178600573,3.8838898828749087,wind_stuck_7_days,2017
9753,US-Ne2,US-Ne1,2017-05-29,1.40417811,1.8,1.8,0.4302285741646858,0.4302285741646858,0.1386641665547338,0.4487750368266349,-0.006451996258355331,-0.010274192287510584,-0.004131158068303865,-0.43022857416468585,1.150833819436878,0.30611238839626437,2.230228574164686,True,2.230228574164686,True,2.230228574164686,True,1.8,False,1.8,False,1.8,False,1.8,False,2.015114287082343,1.870098845405141,True,True,0.5,0.16293396025878107,2.230228574164686,wind_stuck_7_days,2017
9754,US-Ne2,US-Ne1,2017-06-06,1.90319357,0.7,0.7,0.7785222106661103,0.7785222106661103,0.2042751603035621,0.4661420552907646,0.0438404654262339,0.04392388565585592,-0.020607757022515865,0.7785222106661103,1.150833819436878,0.30611238839626437,1.4785222106661102,True,1.4785222106661102,True,1.4785222106661102,True,1.4785222106661102,True,1.4785222106661102,True,1.4785222106661102,True,0.7,False,1.0892611053330552,1.1291975742515323,True,True,0.5,0.5512977900583045,1.4785222106661102,wind_stuck_7_days,2017
9755,US-Ne2,US-Ne1,2017-06-14,5.67986663,3.7,3.7,0.5545911194103913,0.5545911194103913,0.12065795605731823,0.4651194668858037,-0.011604760851705998,-0.0125617356791258,-0.004131158068303865,0.5545911194103912,1.150833819436878,0.30611238839626437,4.254591119410391,True,4.254591119410391,True,4.254591119410391,True,3.7,False,3.7,False,3.7,False,3.7,False,3.9772955597051958,3.857952180623048,True,True,0.5,0.28480834815922307,4.254591119410391,wind_stuck_7_days,2017
9756,US-Ne2,US-Ne1,2017-06-30,5.67342199,5.5,5.5,0.46165011199929457,0.46165011199929457,0.16322695647565513,0.4920042874092121,0.01363930118490085,0.01784235275918695,-0.004131158068303865,-0.1148061319992954,1.150833819436878,0.30611238839626437,5.961650111999295,True,5.961650111999295,True,5.961650111999295,True,5.961650111999295,True,5.961650111999295,True,5.961650111999295,True,5.5,False,5.730825055999647,5.800136615300274,True,True,0.5,0.6501387251926687,5.961650111999295,wind_stuck_7_days,2017
9757,US-Ne2,US-Ne1,2017-07-16,8.12145747,6.3,6.3,0.09321604317849437,0.09321604317849437,0.27128465531439694,0.4441633516986864,-0.006660805627743487,-0.007466784394699298,-0.002755196674701457,0.0932160431784943,1.150833819436878,0.30611238839626437,6.393216043178494,True,6.393216043178494,True,6.393216043178494,True,6.3,False,6.3,False,6.3,False,6.3,False,6.346608021589247,6.393216043178494,True,True,0.5,1.0,6.393216043178494,wind_stuck_7_days,2017
9758,US-Ne2,US-Ne1,2017-08-17,6.19388516,5.2,5.2,0.7566864761616611,0.7566864761616611,0.1405717763035575,0.37440615855383264,0.0401131291118863,0.08817129132155233,-0.07241440983915938,0.7566864761616611,1.150833819436878,0.30611238839626437,5.956686476161662,True,5.956686476161662,True,5.956686476161662,True,5.956686476161662,True,5.956686476161662,True,5.956686476161662,True,5.2,False,5.578343238080831,5.574331082458626,True,True,0.5,0.4946977305018627,5.956686476161662,wind_stuck_7_days,2017
9759,US-Ne2,US-Ne1,2017-09-02,3.92026975,4.6,4.6,0.4833241481911192,0.4833241481911192,0.13236282891909001,0.34862465352488103,-0.00909140344235541,-0.0017070911616117405,-0.004131158068303865,-0.48332414819111924,1.150833819436878,0.30611238839626437,5.083324148191119,True,5.083324148191119,True,5.083324148191119,True,4.6,False,4.6,False,4.6,False,4.6,False,4.841662074095559,4.850425878983655,True,True,0.5,0.518132354695902,5.083324148191119,wind_stuck_7_days,2017
9760,US-Ne2,US-Ne1,2017-10-20,0.63757416,1.8,1.8,-0.0008697064742117482,0.0008697064742117482,0.21876435430115299,0.9769481706206902,0.02040134344007705,0.009280503156287881,-0.00900870375391805,0.0008697064742118066,1.150833819436878,0.30611238839626437,1.7991302935257882,True,1.7991302935257882,True,1.8,False,1.7991302935257882,True,1.8,False,1.7991302935257882,True,1.8,False,1.7995651467628941,1.7991302935257882,True,True,0.5,1.0,1.7803577823832182,wind_stuck_7_days,2017
9761,US-Ne2,US-Ne1,2017-10-28,0.56745519,1.0,1.0,-0.3529196233493347,0.3529196233493347,0.10900811064210418,0.324904706104131,0.02298982817648017,0.029101904401739168,-0.006047462543166524,0.3529196233493347,1.150833819436878,0.30611238839626437,0.6470803766506653,True,0.6470803766506653,True,0.6470803766506653,True,0.6470803766506653,True,0.6470803766506653,True,0.6470803766506653,True,1.0,False,0.8235401883253326,0.7860047268749969,True,True,0.5,0.6063569690291253,0.6470803766506653,wind_stuck_7_days,2017
9762,US-Ne2,US-Ne1,2017-11-05,0.41711101,0.3,0.3,0.5334665570392639,0.5334665570392639,0.14416856930847452,0.44219900734573175,0.14059964385699664,0.137291766300171,-0.006047462543166524,-0.2992445370392639,1.150833819436878,0.30611238839626437,0.8334665570392639,True,0.8334665570392639,True,0.8334665570392639,True,0.8334665570392639,True,0.8334665570392639,True,0.8334665570392639,True,0.3,False,0.566733278519632,0.7617333123070494,True,True,0.5,0.8655337550486134,0.8334665570392639,wind_stuck_7_days,2017
9763,US-Ne2,US-Ne1,2017-11-21,0.548352,0.4,0.4,0.24437782001162836,0.24437782001162836,0.1410262357641179,0.33472326700450517,0.033468748362438454,0.037893911686996545,-0.006047462543166524,0.052326179988371496,1.150833819436878,0.30611238839626437,0.6443778200116284,True,0.6443778200116284,True,0.6443778200116284,True,0.6443778200116284,True,0.6443778200116284,True,0.6443778200116284,True,0.4,False,0.5221889100058142,0.6061243387909043,True,True,0.5,0.8434658218208847,0.6443778200116284,wind_stuck_7_days,2017
9764,US-Ne2,US-Ne1,2017-12-07,0.22444213,0.2,0.2,0.2584329824086023,0.2584329824086023,0.1279159545658007,0.3700941431317022,0.05086188333919194,0.053195275175407834,0.00850600182069552,-0.20954872240860234,1.150833819436878,0.30611238839626437,0.4584329824086023,True,0.4584329824086023,True,0.4584329824086023,True,0.4584329824086023,True,0.4584329824086023,True,0.4584329824086023,True,0.4584329824086023,True,0.3292164912043012,0.4066218509747497,True,True,0.5,0.7995181150990422,0.4801673794930889,wind_stuck_7_days,2017
10051,US-Ne3,US-Ne1,2017-02-22,0.79070432,0.5,0.5,0.7786403766869621,0.7786403766869621,0.3548626826217588,0.9499974714458472,0.11853433362510113,0.0016179671539415627,-0.21353847146697302,-0.19723173668696203,1.150833819436878,0.30611238839626437,1.278640376686962,True,0.5,False,0.5,False,1.278640376686962,True,0.5,False,1.278640376686962,True,0.5,False,0.889320188343481,1.0557379402536746,True,True,0.5,0.7137286440478271,1.278640376686962,wind_stuck_7_days,2017
10052,US-Ne3,US-Ne1,2017-03-02,0.74796195,0.2,0.2,0.6705135686753885,0.6705135686753885,0.11896021109991203,0.3345055642808581,0.22871581901131652,0.23864398382873683,-0.1750808800432839,0.42541033132461137,1.150833819436878,0.30611238839626437,0.8705135686753884,True,0.8705135686753884,True,0.8705135686753884,True,0.8705135686753884,True,0.8705135686753884,True,0.8705135686753884,True,0.2,False,0.5352567843376943,0.8705135686753884,True,True,0.5,1.0,0.8705135686753884,wind_stuck_7_days,2017
10053,US-Ne3,US-Ne1,2017-03-18,0.45360954,0.8,0.8,0.22872664309103108,0.22872664309103108,0.09574667517332629,0.32968784365982456,0.02298982817648017,0.024011823229732186,-0.006047462543166524,-0.22872664309103108,1.150833819436878,0.30611238839626437,1.0287266430910311,True,1.0287266430910311,True,1.0287266430910311,True,1.0287266430910311,True,1.0287266430910311,True,1.0287266430910311,True,0.8,False,0.9143633215455156,0.946917088081557,True,True,0.5,0.6423260801457454,1.0287266430910311,wind_stuck_7_days,2017
10054,US-Ne3,US-Ne1,2017-04-11,1.0707046,1.2,1.2,0.3521538976560723,0.3521538976560723,0.07624400572125195,0.24302319441977577,0.020777409064132273,0.01800763123616737,-0.006047462543166524,-0.3521538976560723,1.150833819436878,0.30611238839626437,1.5521538976560723,True,1.5521538976560723,True,1.5521538976560723,True,1.5521538976560723,True,1.5521538976560723,True,1.5521538976560723,True,1.2,False,1.376076948828036,1.4135309700145287,True,True,0.5,0.6063569690291253,1.5521538976560723,wind_stuck_7_days,2017
10055,US-Ne3,US-Ne1,2017-04-27,1.02897977,1.2,1.2,0.7143193422579233,0.7143193422579233,0.127218238989166,0.4784233740271099,0.0438404654262339,0.05729575698942847,-0.20471725441507385,-0.7143193422579233,1.150833819436878,0.30611238839626437,1.9143193422579232,True,1.9143193422579232,True,1.9143193422579232,True,1.9143193422579232,True,1.9143193422579232,True,1.9143193422579232,True,1.2,False,1.5571596711289617,1.6115811389567203,True,True,0.5,0.5761864681638543,1.9143193422579232,wind_stuck_7_days,2017
10056,US-Ne3,US-Ne1,2017-05-05,1.45006199,1.2,1.2,0.4202007208716493,0.4202007208716493,0.13890322050808748,0.37831479697580095,0.04153373784339427,0.046057794442217095,-0.004131158068303865,0.07992325912835085,1.150833819436878,0.30611238839626437,1.6202007208716491,True,1.6202007208716491,True,1.6202007208716491,True,1.6202007208716491,True,1.6202007208716491,True,1.6202007208716491,True,1.2,False,1.4101003604358247,1.4436004443362496,True,True,0.5,0.5797240038782742,1.6202007208716491,wind_stuck_7_days,2017
10057,US-Ne3,US-Ne1,2017-05-13,1.69293924,2.3,2.3,0.42225798356887856,0.42225798356887856,0.12737164371119453,0.5197742552138129,-0.038961126917885794,-0.04097656510005172,-0.004131158068303865,-0.42225798356887867,1.150833819436878,0.30611238839626437,2.7222579835688783,True,2.7222579835688783,True,2.7222579835688783,True,2.3,False,2.3,False,2.3,False,2.3,False,2.5111289917844393,2.4143674719650488,True,True,0.5,0.27084738812615816,2.7222579835688783,wind_stuck_7_days,2017
10058,US-Ne3,US-Ne1,2017-05-29,1.55589916,0.9,0.9,0.6062577749969866,0.6062577749969866,0.1250159045764393,0.39908526715381865,0.03957075365046754,0.0554421526195337,-0.019519999214172416,0.6062577749969866,1.150833819436878,0.30611238839626437,1.5062577749969868,True,1.5062577749969868,True,1.5062577749969868,True,1.5062577749969868,True,1.5062577749969868,True,1.5062577749969868,True,0.9,False,1.2031288874984933,1.3617100563594822,True,True,0.5,0.7615738311344166,1.5062577749969868,wind_stuck_7_days,2017
10059,US-Ne3,US-Ne1,2017-06-06,1.64763221,0.8,0.8,0.6366354568235465,0.6366354568235465,0.21050836423284963,0.4375975144646632,0.03924187020279802,0.03898262352508526,-0.005713897200590836,0.6366354568235465,1.150833819436878,0.30611238839626437,1.4366354568235464,True,1.4366354568235464,True,1.4366354568235464,True,1.4366354568235464,True,1.4366354568235464,True,1.4366354568235464,True,0.8,False,1.1183177284117733,1.2425492267855003,True,True,0.5,0.6951375736965272,1.4366354568235464,wind_stuck_7_days,2017
10060,US-Ne3,US-Ne1,2017-06-14,4.58265227,3.2,3.2,0.5143885716554676,0.5143885716554676,0.25598123043518367,0.4025584685151947,-0.03246486910670551,-0.02945448055799408,-0.004131158068303865,0.5143885716554676,1.150833819436878,0.30611238839626437,3.714388571655468,True,3.714388571655468,True,3.714388571655468,True,3.2,False,3.2,False,3.2,False,3.2,False,3.457194285827734,3.2536748203100783,True,True,0.5,0.1043468367450993,3.714388571655468,wind_stuck_7_days,2017
10061,US-Ne3,US-Ne1,2017-06-30,4.61117608,4.9,4.9,0.5674238642511273,0.5674238642511273,0.1336759386079947,0.5348199507697902,0.010877772034211667,0.013765347991817457,-0.004131158068303865,-0.5674238642511273,1.150833819436878,0.30611238839626437,5.467423864251128,True,5.467423864251128,True,5.467423864251128,True,5.467423864251128,True,5.467423864251128,True,5.467423864251128,True,4.9,False,5.183711932125564,5.209101957401693,True,True,0.5,0.5447461357827059,5.467423864251128,wind_stuck_7_days,2017
10062,US-Ne3,US-Ne1,2017-07-16,7.38820229,6.3,6.3,0.15467152979222704,0.15467152979222704,0.2944623501667698,0.4937316444463479,-0.016422941622742562,-0.01533333798438998,-0.002755196674701457,0.15467152979222698,1.150833819436878,0.30611238839626437,6.454671529792227,True,6.454671529792227,True,6.454671529792227,True,6.3,False,6.3,False,6.3,False,6.3,False,6.377335764896113,6.420502194474682,True,True,0.5,0.7790845195399212,6.454671529792227,wind_stuck_7_days,2017
10063,US-Ne3,US-Ne1,2017-07-24,6.27873369,5.8,5.8,0.1446111258428724,0.1446111258428724,0.138144378047207,0.37950887709073544,-0.008820779271266215,-0.0060175662521149784,-0.004131158068303865,0.1446111258428724,1.150833819436878,0.30611238839626437,5.944611125842872,True,5.944611125842872,True,5.944611125842872,True,5.8,False,5.8,False,5.8,False,5.8,False,5.8723055629214365,5.944611125842872,True,True,0.5,1.0,5.944611125842872,wind_stuck_7_days,2017
10064,US-Ne3,US-Ne1,2017-08-17,5.73925565,5.1,5.1,0.7630052618849686,0.7630052618849686,0.15496678122306543,0.3624693824349288,0.025285728437678446,0.08817129132155233,-0.07241440983915938,0.5155060381150313,1.150833819436878,0.30611238839626437,5.863005261884968,True,5.863005261884968,True,5.863005261884968,True,5.863005261884968,True,5.863005261884968,True,5.863005261884968,True,5.1,False,5.481502630942484,5.477456971415473,True,True,0.5,0.4946977305018627,5.863005261884968,wind_stuck_7_days,2017
10065,US-Ne3,US-Ne1,2017-08-25,4.90040333,3.9,3.9,0.6164473267162244,0.6164473267162244,0.22565551187108324,0.6276066501347514,0.014838224297420358,-0.00012287634048074248,-0.03711461957647722,0.6164473267162244,1.150833819436878,0.30611238839626437,4.516447326716224,True,4.516447326716224,True,4.516447326716224,True,4.516447326716224,True,4.516447326716224,True,3.9,False,3.9,False,4.208223663358112,4.26538462092107,True,True,0.5,0.5927264262259864,4.516447326716224,wind_stuck_7_days,2017
10066,US-Ne3,US-Ne1,2017-09-02,3.6554752,4.6,4.6,0.42178042210749905,0.42178042210749905,0.14083177497411759,0.36849533247192656,-0.0075270224399580565,-0.0017070911616117405,-0.004131158068303865,-0.421780422107499,1.150833819436878,0.30611238839626437,5.021780422107499,True,5.021780422107499,True,5.021780422107499,True,4.6,False,4.6,False,4.6,False,4.6,False,4.810890211053749,4.829053750095869,True,True,0.5,0.5430639690466492,5.021780422107499,wind_stuck_7_days,2017
10067,US-Ne3,US-Ne1,2017-09-10,2.91263411,4.5,4.5,0.006073129442509725,0.006073129442509725,0.10514299830123933,0.38770609973751513,-0.011699069322197731,-0.008674265294045386,-0.004131158068303865,-0.006073129442509817,1.150833819436878,0.30611238839626437,4.50607312944251,True,4.50607312944251,True,4.50607312944251,True,4.5,False,4.5,False,4.5,False,4.5,False,4.5030365647212545,4.50607312944251,True,True,0.5,1.0,4.50607312944251,wind_stuck_7_days,2017
10068,US-Ne3,US-Ne1,2017-10-20,0.55548507,1.8,1.8,0.01471028072464737,0.01471028072464737,0.19736218095549682,0.96058244268838,0.02670553425844511,0.009280503156287881,-0.00900870375391805,-0.014710280724647307,1.150833819436878,0.30611238839626437,1.8147102807246474,True,1.8147102807246474,True,1.8,False,1.8147102807246474,True,1.8,False,1.8147102807246474,True,1.8,False,1.8073551403623238,1.8147102807246474,True,True,0.5,1.0,1.7985643744194006,wind_stuck_7_days,2017
10069,US-Ne3,US-Ne1,2017-10-28,0.37720497,1.2,1.2,-0.5017423644763414,0.5017423644763414,0.0988882927738192,0.3529095748809132,0.04374615695574217,0.0587362824289199,-0.006047462543166524,0.5017423644763414,1.150833819436878,0.30611238839626437,0.6982576355236586,True,0.6982576355236586,True,0.6982576355236586,True,0.6982576355236586,True,0.6982576355236586,True,0.6982576355236586,True,1.2,False,0.9491288177618293,0.931894472104527,True,True,0.5,0.534348994379395,0.6982576355236586,wind_stuck_7_days,2017
10070,US-Ne3,US-Ne1,2017-11-05,0.54934713,0.3,0.3,0.5140558116978953,0.5140558116978953,0.13596446968730733,0.42109494821372895,0.12615571522721278,0.14123649051638068,-0.006047462543166524,-0.015361551697895215,1.150833819436878,0.30611238839626437,0.8140558116978953,True,0.8140558116978953,True,0.8140558116978953,True,0.8140558116978953,True,0.8140558116978953,True,0.8140558116978953,True,0.3,False,0.5570279058489476,0.7887354505762589,True,True,0.5,0.9507439454132329,0.8140558116978953,wind_stuck_7_days,2017
10071,US-Ne3,US-Ne1,2017-11-21,0.77399811,0.4,0.4,0.24864576729737128,0.24864576729737128,0.14115655860277934,0.3223686800373549,0.033468748362438454,0.037893911686996545,-0.006047462543166524,0.24864576729737128,1.150833819436878,0.30611238839626437,0.6486457672973713,True,0.6486457672973713,True,0.6486457672973713,True,0.6486457672973713,True,0.6486457672973713,True,0.6486457672973713,True,0.4,False,0.5243228836486856,0.5968753966672681,True,True,0.5,0.7917906619010017,0.6486457672973713,wind_stuck_7_days,2017
10072,US-Ne3,US-Ne1,2017-12-07,0.22615134,0.3,0.3,0.15899336344357423,0.15899336344357423,0.12457401675836832,0.34069755120537415,0.01895711667930625,0.016904472957416167,-0.006047462543166524,-0.15899336344357423,1.150833819436878,0.30611238839626437,0.4589933634435742,True,0.4589933634435742,True,0.4589933634435742,True,0.4589933634435742,True,0.4589933634435742,True,0.4589933634435742,True,0.3,False,0.3794966817217871,0.4589933634435742,True,True,0.5,1.0,0.4860136619282739,wind_stuck_7_days,2017
10109,US-OF1,US-OF1,2017-05-26,1.97279877,1.8,1.8,1.676896326403258,1.676896326403258,0.17324438560961028,0.7501858624435644,0.22586960977532686,0.04832660006537112,-0.5724335571467779,-1.331298786403258,1.150833819436878,0.30611238839626437,3.476896326403258,True,3.476896326403258,True,3.476896326403258,True,3.476896326403258,True,3.476896326403258,True,3.476896326403258,True,1.8,False,2.638448163201629,2.3022019945605754,True,True,0.5,0.2994830310337304,3.476896326403258,wind_stuck_7_days,2017
10110,US-OF1,US-OF1,2017-06-19,6.5276322,5.9,5.9,-0.05951084537759984,0.05951084537759984,0.1604080811192155,0.4659733993550389,-0.006514051688426584,-0.0060175662521149784,-0.004131158068303865,-0.059510845377599875,1.150833819436878,0.30611238839626437,5.840489154622401,True,5.840489154622401,True,5.840489154622401,True,5.9,False,5.9,False,5.9,False,5.9,False,5.8702445773112,5.840489154622401,True,True,0.5,1.0,5.840489154622401,wind_stuck_7_days,2017
10111,US-OF1,US-OF1,2017-06-27,6.04406353,5.3,5.3,0.31938539840816954,0.31938539840816954,0.1970926527780064,0.4329416484943843,0.013544992714409117,0.021729823144267364,-0.004131158068303865,0.31938539840816954,1.150833819436878,0.30611238839626437,5.619385398408169,True,5.619385398408169,True,5.619385398408169,True,5.619385398408169,True,5.619385398408169,True,5.619385398408169,True,5.3,False,5.459692699204084,5.501484437659411,True,True,0.5,0.6308504980616468,5.619385398408169,wind_stuck_7_days,2017
10112,US-OF1,US-OF1,2017-07-13,8.07020031,5.5,5.5,0.11356882228927093,0.11356882228927093,0.17437305570046685,0.4861343290651572,0.01585172029724875,0.021729823144267364,-0.004131158068303865,0.11356882228927079,1.150833819436878,0.30611238839626437,5.613568822289271,True,5.613568822289271,True,5.613568822289271,True,5.613568822289271,True,5.613568822289271,True,5.613568822289271,True,5.5,False,5.556784411144635,5.613568822289271,True,True,0.5,1.0,5.613568822289271,wind_stuck_7_days,2017
10113,US-OF1,US-OF1,2017-07-21,7.36265881,6.1,6.1,-0.49941504239033774,0.49941504239033774,0.2775276872504752,0.4695532101403398,0.004714254447348535,0.01580471665480092,-0.004131158068303865,-0.49941504239033785,1.150833819436878,0.30611238839626437,5.600584957609662,True,5.600584957609662,True,5.600584957609662,True,5.600584957609662,True,5.600584957609662,True,5.600584957609662,True,6.1,False,5.850292478804831,5.983213626635892,True,True,0.5,0.2338463271052793,5.600584957609662,wind_stuck_7_days,2017
10114,US-OF1,US-OF1,2017-07-29,9.2006192,6.0,6.0,0.5653006658798487,0.5653006658798487,0.27871489854306974,0.6475252355031929,0.03544823097988076,0.03020276255027546,-0.004131158068303865,0.5653006658798487,1.150833819436878,0.30611238839626437,6.565300665879849,True,6.565300665879849,True,6.565300665879849,True,6.565300665879849,True,6.565300665879849,True,6.565300665879849,True,6.0,False,6.282650332939925,6.324570891011089,True,True,0.5,0.5741562156236257,6.565300665879849,wind_stuck_7_days,2017
10115,US-OF1,US-OF1,2017-09-07,2.89371149,2.9,2.9,-0.8075530909375173,0.8075530909375173,0.2201414161074986,0.3607556926157606,0.010657212721974901,0.0262201719351217,-0.020941322365091556,-0.7949760709375171,1.150833819436878,0.30611238839626437,2.092446909062483,True,2.092446909062483,True,2.092446909062483,True,2.092446909062483,True,2.092446909062483,True,2.092446909062483,True,2.9,False,2.496223454531241,2.6783204326480257,True,True,0.5,0.2745077318627048,2.092446909062483,wind_stuck_7_days,2017
10116,US-OF2,US-OF1,2017-06-27,5.54476212,5.4,5.4,0.2884217990762649,0.2884217990762649,0.20003028073283685,0.4263721969448039,0.013544992714409117,0.021729823144267364,-0.004131158068303865,0.0011024409237337385,1.150833819436878,0.30611238839626437,5.6884217990762656,True,5.6884217990762656,True,5.6884217990762656,True,5.6884217990762656,True,5.6884217990762656,True,5.6884217990762656,True,5.4,False,5.5442108995381325,5.575854731626518,True,True,0.5,0.6097137324215159,5.6884217990762656,wind_stuck_7_days,2017
10117,US-OF2,US-OF1,2017-07-13,8.6867851,5.6,5.6,0.07888335213072631,0.07888335213072631,0.1723648798990456,0.47073820466047805,0.01585172029724875,0.021729823144267364,-0.004131158068303865,0.07888335213072617,1.150833819436878,0.30611238839626437,5.678883352130726,True,5.678883352130726,True,5.678883352130726,True,5.678883352130726,True,5.678883352130726,True,5.678883352130726,True,5.6,False,5.6394416760653625,5.678883352130726,True,True,0.5,1.0,5.678883352130726,wind_stuck_7_days,2017
10118,US-OF2,US-OF1,2017-07-21,8.01844826,6.1,6.1,-0.49941504239033774,0.49941504239033774,0.2775276872504752,0.4695532101403398,0.004714254447348535,0.01580471665480092,-0.004131158068303865,-0.49941504239033785,1.150833819436878,0.30611238839626437,5.600584957609662,True,5.600584957609662,True,5.600584957609662,True,5.600584957609662,True,5.600584957609662,True,5.600584957609662,True,6.1,False,5.850292478804831,5.983213626635892,True,True,0.5,0.2338463271052793,5.600584957609662,wind_stuck_7_days,2017
10119,US-OF2,US-OF1,2017-07-29,8.87143537,6.0,6.0,0.5653006658798487,0.5653006658798487,0.27871489854306974,0.6475252355031929,0.03544823097988076,0.03020276255027546,-0.004131158068303865,0.5653006658798487,1.150833819436878,0.30611238839626437,6.565300665879849,True,6.565300665879849,True,6.565300665879849,True,6.565300665879849,True,6.565300665879849,True,6.565300665879849,True,6.0,False,6.282650332939925,6.324570891011089,True,True,0.5,0.5741562156236257,6.565300665879849,wind_stuck_7_days,2017
10353,US-Ro4,US-Ro1,2017-02-15,0.38373835,0.4,0.4,0.14121155071571923,0.14121155071571923,0.1286668796333236,0.38783408184549684,0.02111940667872665,0.015555014461246476,-0.006047462543166524,-0.14121155071571923,1.150833819436878,0.30611238839626437,0.5412115507157192,True,0.5412115507157192,True,0.5412115507157192,True,0.5412115507157192,True,0.5412115507157192,True,0.5412115507157192,True,0.4,False,0.47060577535785963,0.5412115507157192,True,True,0.5,1.0,0.5412115507157192,wind_stuck_7_days,2017
10354,US-Ro4,US-Ro1,2017-03-04,0.56033853,0.8,0.8,0.16501189444801265,0.16501189444801265,0.1294693037809648,0.2780913042008105,0.02298982817648017,0.024011823229732186,-0.006047462543166524,-0.16501189444801267,1.150833819436878,0.30611238839626437,0.9650118944480127,True,0.9650118944480127,True,0.9650118944480127,True,0.9650118944480127,True,0.9650118944480127,True,0.9650118944480127,True,0.8,False,0.8825059472240063,0.9650118944480127,True,True,0.5,1.0,0.9650118944480127,wind_stuck_7_days,2017
10355,US-Ro4,US-Ro1,2017-03-27,0.84087658,1.5,1.5,0.2941645934530512,0.2941645934530512,0.16054527068706761,0.5645573718820138,0.025296555759319796,0.024011823229732186,-0.006047462543166524,-0.29416459345305124,1.150833819436878,0.30611238839626437,1.7941645934530512,True,1.7941645934530512,True,1.7941645934530512,True,1.7941645934530512,True,1.7941645934530512,True,1.7941645934530512,True,1.5,False,1.6470822967265255,1.7504994109068868,True,True,0.5,0.8515620726695874,1.7941645934530512,wind_stuck_7_days,2017
10356,US-Ro4,US-Ro1,2017-04-28,0.88716365,3.0,3.0,-0.8037167802854999,0.8037167802854999,0.19837408325994438,0.5357720655962394,0.028571761447895715,0.055332816071687406,-0.05116657411702952,0.8037167802854999,1.150833819436878,0.30611238839626437,2.1962832197145,True,2.1962832197145,True,2.1962832197145,True,2.1962832197145,True,2.1962832197145,True,2.1962832197145,True,3.0,False,2.59814160985725,2.7744717837774084,True,True,0.5,0.28060657902710234,2.1962832197145,wind_stuck_7_days,2017
10357,US-Ro4,US-Ro1,2017-05-06,0.63691027,2.9,2.9,-0.2654923765643554,0.2654923765643554,0.14544053899830245,0.3847731964818003,-0.00531460332761016,0.00699295976467267,-0.004131158068303865,0.2654923765643553,1.150833819436878,0.30611238839626437,2.6345076234356446,True,2.6345076234356446,True,2.6345076234356446,True,2.9,False,2.9,False,2.6345076234356446,True,2.9,False,2.767253811717822,2.7385004738715946,True,True,0.5,0.6083019340077277,2.6345076234356446,wind_stuck_7_days,2017
10358,US-Ro4,US-Ro1,2017-05-07,0.70380625,2.9,2.9,-0.20824519161385938,0.20824519161385938,0.11347439179925865,0.3891348832657718,-0.00531460332761016,0.00699295976467267,-0.006047462543166524,0.20824519161385946,1.150833819436878,0.30611238839626437,2.6917548083861407,True,2.6917548083861407,True,2.6917548083861407,True,2.9,False,2.9,False,2.6917548083861407,True,2.9,False,2.79587740419307,2.7486601314397365,True,True,0.5,0.7267388379410299,2.6917548083861407,wind_stuck_7_days,2017
10359,US-Ro4,US-Ro1,2017-05-14,1.00321503,3.4,3.4,-0.07764019922004703,0.07764019922004703,0.1898943766986579,0.5651735087834506,-0.025373647730445884,-0.025567010172913667,-0.004131158068303865,0.07764019922004683,1.150833819436878,0.30611238839626437,3.322359800779953,True,3.322359800779953,True,3.322359800779953,True,3.4,False,3.4,False,3.4,False,3.4,False,3.3611799003899763,3.322359800779953,True,True,0.5,1.0,3.322359800779953,wind_stuck_7_days,2017
10360,US-Ro4,US-Ro1,2017-06-08,2.19252193,4.8,4.8,-0.16414689952299816,0.16414689952299816,0.23066453674401408,0.37249185259063566,-0.011392853952338324,-0.0060175662521149784,-0.004131158068303865,0.164146899522998,1.150833819436878,0.30611238839626437,4.635853100477002,True,4.635853100477002,True,4.635853100477002,True,4.8,False,4.8,False,4.8,False,4.8,False,4.7179265502385,4.635853100477002,True,True,0.5,1.0,4.635853100477002,wind_stuck_7_days,2017
10361,US-Ro4,US-Ro1,2017-06-15,4.55330357,4.6,4.6,-0.004869707836124537,0.004869707836124537,0.2134682863054483,0.5562494055410439,-0.03904057544613415,-0.03937663810658652,-0.004131158068303865,0.0048697078361245386,1.150833819436878,0.30611238839626437,4.5951302921638755,True,4.5951302921638755,True,4.5951302921638755,True,4.6,False,4.6,False,4.6,False,4.6,False,4.597565146081937,4.5951302921638755,True,True,0.5,1.0,4.5951302921638755,wind_stuck_7_days,2017
10362,US-Ro4,US-Ro1,2017-09-19,2.3107104,1.4,1.4,0.6483601886707485,0.6483601886707485,0.12889840318250323,0.33262840176255926,0.04153373784339427,0.04528387616881126,-0.17823382295206047,0.6483601886707485,1.150833819436878,0.30611238839626437,2.0483601886707485,True,2.0483601886707485,True,2.0483601886707485,True,2.0483601886707485,True,2.0483601886707485,True,2.0483601886707485,True,1.4,False,1.7241800943353742,1.7659515959977656,True,True,0.5,0.5644263827303004,2.0483601886707485,wind_stuck_7_days,2017
10363,US-Ro4,US-Ro1,2017-11-23,0.1581444,0.4,0.4,0.0456745876383899,0.0456745876383899,0.0874231032386023,0.21515549472071044,0.01895711667930625,0.016904472957416167,-0.006047462543166524,-0.04567458763838991,1.150833819436878,0.30611238839626437,0.4456745876383899,True,0.4456745876383899,True,0.4456745876383899,True,0.4456745876383899,True,0.4456745876383899,True,0.4456745876383899,True,0.4,False,0.422837293819195,0.4456745876383899,True,True,0.5,1.0,0.4456745876383899,wind_stuck_7_days,2017
10364,US-Ro4,US-Ro1,2017-11-30,0.07626948,0.5,0.5,0.1899707101087218,0.1899707101087218,0.14192224194048372,0.2847701086924801,0.01990945683715325,0.014345064619673073,-0.006047462543166524,-0.1899707101087218,1.150833819436878,0.30611238839626437,0.6899707101087218,True,0.6899707101087218,True,0.6899707101087218,True,0.6899707101087218,True,0.6899707101087218,True,0.6899707101087218,True,0.5,False,0.5949853550543609,0.6640969929040617,True,True,0.5,0.8638015450389571,0.6899707101087218,wind_stuck_7_days,2017
10389,US-Ro5,US-Ro1,2017-03-04,0.99484027,0.8,0.8,0.4789120387100863,0.4789120387100863,0.16432475058878326,0.5529063592258292,0.0438404654262339,0.04975873087183251,-0.006047462543166524,-0.08923149871008645,1.150833819436878,0.30611238839626437,1.2789120387100863,True,1.2789120387100863,True,1.2789120387100863,True,1.2789120387100863,True,1.2789120387100863,True,1.2789120387100863,True,0.8,False,1.0394560193550433,1.1444536086345598,True,True,0.5,0.719241908310177,1.2789120387100863,wind_stuck_7_days,2017
10390,US-Ro5,US-Ro1,2017-03-27,1.60611494,1.4,1.4,0.5693388171318692,0.5693388171318692,0.18401757133875615,0.56057738300757,0.0438404654262339,0.04975873087183251,-0.006047462543166524,-0.1571089371318688,1.150833819436878,0.30611238839626437,1.969338817131869,True,1.969338817131869,True,1.969338817131869,True,1.969338817131869,True,1.969338817131869,True,1.969338817131869,True,1.4,False,1.6846694085659344,1.7341675932726686,True,True,0.5,0.5869397680560212,1.969338817131869,wind_stuck_7_days,2017
10391,US-Ro5,US-Ro1,2017-03-28,1.74632121,0.6,0.6,0.7277709083368618,0.7277709083368618,0.11700068430501138,0.494900829860658,0.0438404654262339,0.05729575698942847,-0.23494250616701182,0.7277709083368618,1.150833819436878,0.30611238839626437,1.3277709083368618,True,1.3277709083368618,True,1.3277709083368618,True,1.3277709083368618,True,1.3277709083368618,True,1.3277709083368618,True,0.6,False,0.9638854541684309,1.0743024474653746,True,True,0.5,0.6517194381254867,1.3277709083368618,wind_stuck_7_days,2017
10392,US-Ro5,US-Ro1,2017-04-21,3.22839757,0.8,0.8,0.8879886765408912,0.8879886765408912,0.1534364440410163,0.4351537209845534,0.07939756421284792,0.10435767455449295,-0.20471725441507385,0.8879886765408913,1.150833819436878,0.30611238839626437,1.6879886765408911,True,1.6879886765408911,True,1.6879886765408911,True,1.6879886765408911,True,1.6879886765408911,True,1.6879886765408911,True,0.8,False,1.2439943382704457,1.4795034648417535,True,True,0.5,0.7652163623175018,1.6879886765408911,wind_stuck_7_days,2017
10393,US-Ro5,US-Ro1,2017-04-28,2.80010736,1.8,1.8,0.3807268742617572,0.3807268742617572,0.1288702613605538,0.5018881711754054,-6.753026376776587e-05,0.010538939842356423,-0.006047462543166524,0.3807268742617572,1.150833819436878,0.30611238839626437,2.180726874261757,True,2.180726874261757,True,2.180726874261757,True,1.8,False,1.8,False,2.180726874261757,True,1.8,False,1.9903634371308787,2.0141033226939045,True,True,0.5,0.5623541104343064,2.180726874261757,wind_stuck_7_days,2017
10394,US-Ro5,US-Ro1,2017-05-06,1.36554514,1.8,1.8,0.3147936595110693,0.3147936595110693,0.12817573926743792,0.2630686092715939,-0.0017262197366568499,0.009280503156287881,-0.004131158068303865,-0.3147936595110693,1.150833819436878,0.30611238839626437,2.1147936595110695,True,2.1147936595110695,True,2.1147936595110695,True,1.8,False,1.8,False,2.1147936595110695,True,1.8,False,1.9573968297555346,2.026052717752175,True,True,0.5,0.71809806494602,2.1147936595110695,wind_stuck_7_days,2017
10395,US-Ro5,US-Ro1,2017-05-07,1.31347048,1.8,1.8,0.5458064902231989,0.5458064902231989,0.10842988159565871,0.32628659939927857,-0.003938638849004748,0.005393032771207469,-0.006047462543166524,-0.5458064902231989,1.150833819436878,0.30611238839626437,2.345806490223199,True,2.345806490223199,True,2.345806490223199,True,1.8,False,1.8,False,2.345806490223199,True,1.8,False,2.0729032451115996,2.0372746048634327,True,True,0.5,0.4347229450613589,2.345806490223199,wind_stuck_7_days,2017
10396,US-Ro5,US-Ro1,2017-05-14,1.20714272,1.3,1.3,0.6332430352227245,0.6332430352227245,0.20555499322982804,0.41861492891570096,0.023589447659379727,0.03710271353390909,-0.005713897200590836,-0.6332430352227245,1.150833819436878,0.30611238839626437,1.9332430352227246,True,1.9332430352227246,True,1.9332430352227246,True,1.9332430352227246,True,1.9332430352227246,True,1.9332430352227246,True,1.3,False,1.6166215176113623,1.603565833631276,True,True,0.5,0.4793828226227637,1.9332430352227246,wind_stuck_7_days,2017
10397,US-Ro5,US-Ro1,2017-05-22,4.48238998,2.7,2.7,-0.0092598459626206,0.0092598459626206,0.16540381525041356,0.4779893257012313,-0.0030078757447705323,0.00699295976467267,-0.004131158068303865,-0.009259845962620528,1.150833819436878,0.30611238839626437,2.6907401540373797,True,2.6907401540373797,True,2.6907401540373797,True,2.7,False,2.7,False,2.6907401540373797,True,2.7,False,2.6953700770186897,2.6907401540373797,True,True,0.5,1.0,2.6907401540373797,wind_stuck_7_days,2017
10398,US-Ro5,US-Ro1,2017-05-31,1.91790258,2.0,2.0,0.49648202279419024,0.49648202279419024,0.13935045198647197,0.3382682114085583,-0.003938638849004748,0.0005804522300034746,-0.004131158068303865,-0.4964820227941902,1.150833819436878,0.30611238839626437,2.4964820227941904,True,2.4964820227941904,True,2.4964820227941904,True,2.0,False,2.0,False,2.4964820227941904,True,2.0,False,2.248241011397095,2.2059602174880983,True,True,0.5,0.41483922485039576,2.4964820227941904,wind_stuck_7_days,2017
10399,US-Ro5,US-Ro1,2017-06-07,0.94069647,1.3,1.3,0.26715289003746295,0.26715289003746295,0.18526721409297836,0.44189005729601866,0.007929760870478534,0.005265751812048551,-0.004131158068303865,-0.2671528900374629,1.150833819436878,0.30611238839626437,1.567152890037463,True,1.567152890037463,True,1.567152890037463,True,1.567152890037463,True,1.567152890037463,True,1.567152890037463,True,1.3,False,1.4335764450187316,1.4743453662438406,True,True,0.5,0.6526052037819691,1.567152890037463,wind_stuck_7_days,2017
10400,US-Ro5,US-Ro1,2017-06-08,0.70066965,3.7,3.7,0.06464380838126726,0.06464380838126726,0.19112398997761532,0.3860256688821342,-0.02768037531328551,-0.025567010172913667,-0.004131158068303865,-0.06464380838126704,1.150833819436878,0.30611238839626437,3.764643808381267,True,3.764643808381267,True,3.764643808381267,True,3.7,False,3.7,False,3.7,False,3.7,False,3.7323219041906337,3.764643808381267,True,True,0.5,1.0,3.764643808381267,wind_stuck_7_days,2017
10401,US-Ro5,US-Ro1,2017-06-15,5.74609506,4.2,4.2,0.218879210611271,0.218879210611271,0.2615625661285359,0.5925834844794744,-0.03904057544613415,-0.03937663810658652,-0.004131158068303865,0.2188792106112709,1.150833819436878,0.30611238839626437,4.418879210611271,True,4.418879210611271,True,4.418879210611271,True,4.2,False,4.2,False,4.2,False,4.2,False,4.309439605305636,4.347429426488712,True,True,0.5,0.6735652329747589,4.418879210611271,wind_stuck_7_days,2017
10402,US-Ro5,US-Ro1,2017-07-02,3.38298578,2.6,2.6,0.7894920245658701,0.7894920245658701,0.33768019281553296,0.6759469430087749,0.11101453016479376,-0.012559006389898568,-0.07241440983915938,0.7764795354341294,1.150833819436878,0.30611238839626437,3.38949202456587,True,2.6,False,3.38949202456587,True,3.38949202456587,True,3.38949202456587,True,2.6,False,2.6,False,2.9947460122829352,3.0069702518672403,True,True,0.5,0.5154836771036758,3.38949202456587,wind_stuck_7_days,2017
10403,US-Ro5,US-Ro1,2017-07-17,5.25173828,4.9,4.9,0.4793338155739268,0.4793338155739268,0.2515133343799461,0.550645413226701,-0.011018338441370729,-0.009905036637195393,-0.004131158068303865,0.2241427444260718,1.150833819436878,0.30611238839626437,5.379333815573927,True,5.379333815573927,True,5.379333815573927,True,4.9,False,4.9,False,4.9,False,4.9,False,5.139666907786964,5.0600938711192045,True,True,0.5,0.33399244100380654,5.379333815573927,wind_stuck_7_days,2017
10404,US-Ro5,US-Ro1,2017-08-11,4.83993236,3.2,3.2,0.395865619852135,0.395865619852135,0.22900323300861447,0.3000883858074834,-0.011663478123427518,0.003105489379592257,-0.004131158068303865,0.3958656198521351,1.150833819436878,0.30611238839626437,3.5958656198521353,True,3.5958656198521353,True,3.5958656198521353,True,3.2,False,3.2,False,3.5958656198521353,True,3.2,False,3.3979328099260675,3.406933110669149,True,True,0.5,0.5227357474145972,3.5958656198521353,wind_stuck_7_days,2017
10405,US-Ro5,US-Ro1,2017-08-19,5.2426075,3.6,3.6,0.8477958506111702,0.8477958506111702,0.08674663332832794,0.32786282058527305,-0.022354423114165908,-0.0017307047619855996,-0.07241440983915938,0.8477958506111702,1.150833819436878,0.30611238839626437,4.44779585061117,True,4.44779585061117,True,4.44779585061117,True,3.6,False,3.6,False,3.6,False,3.6,False,4.023897925305585,3.9295182034656255,True,True,0.5,0.3886763579086614,4.44779585061117,wind_stuck_7_days,2017
10406,US-Ro5,US-Ro1,2017-09-03,5.37061997,3.7,3.7,0.46907361916230883,0.46907361916230883,0.09849878015781621,0.25873097390748917,-0.00909140344235541,-0.00012287634048074248,-0.004131158068303865,0.46907361916230883,1.150833819436878,0.30611238839626437,4.169073619162309,True,4.169073619162309,True,4.169073619162309,True,3.7,False,3.7,False,3.7,False,3.7,False,3.9345368095811546,3.932316261139533,True,True,0.5,0.49526609821804235,4.169073619162309,wind_stuck_7_days,2017
10407,US-Ro5,US-Ro1,2017-09-04,5.473286,2.6,2.6,0.4059887145749549,0.4059887145749549,0.12098475389623664,0.43028810692529973,-0.0075270224399580565,0.010538939842356423,-0.006047462543166524,0.405988714574955,1.150833819436878,0.30611238839626437,3.005988714574955,True,3.005988714574955,True,3.005988714574955,True,2.6,False,2.6,False,3.005988714574955,True,2.6,False,2.8029943572874774,2.8620480783640376,True,True,0.5,0.6454565581666127,3.005988714574955,wind_stuck_7_days,2017
10408,US-Ro5,US-Ro1,2017-09-11,3.27006911,3.3,3.3,-0.029964053970765125,0.029964053970765125,0.13054633311722988,0.3280544641183137,-0.006878984330007512,0.00699295976467267,-0.004131158068303865,0.029897726029234295,1.150833819436878,0.30611238839626437,3.2700359460292345,True,3.2700359460292345,True,3.2700359460292345,True,3.3,False,3.3,False,3.2700359460292345,True,3.3,False,3.285017973014617,3.2700359460292345,True,True,0.5,1.0,3.2700359460292345,wind_stuck_7_days,2017
10409,US-Ro5,US-Ro1,2017-09-12,2.87926938,2.8,2.8,0.014137951110431243,0.014137951110431243,0.14037820578160023,0.37738115321292576,-0.00531460332761016,0.00699295976467267,-0.006047462543166524,0.014137951110431243,1.150833819436878,0.30611238839626437,2.814137951110431,True,2.814137951110431,True,2.814137951110431,True,2.8,False,2.8,False,2.814137951110431,True,2.8,False,2.8070689755552154,2.814137951110431,True,True,0.5,1.0,2.814137951110431,wind_stuck_7_days,2017
10410,US-Ro5,US-Ro1,2017-09-27,1.02420435,1.1,1.1,0.2787883098932044,0.2787883098932044,0.12834583891007728,0.3469698495078103,0.02298982817648017,0.024011823229732186,-0.006047462543166524,-0.2787883098932044,1.150833819436878,0.30611238839626437,1.3787883098932046,True,1.3787883098932046,True,1.3787883098932046,True,1.3787883098932046,True,1.3787883098932046,True,1.3787883098932046,True,1.1,False,1.2393941549466023,1.2652693056572242,True,True,0.5,0.5928128970706625,1.3787883098932046,wind_stuck_7_days,2017
10411,US-Ro5,US-Ro1,2017-11-07,0.5728199,0.3,0.3,0.11444108370523007,0.11444108370523007,0.10994086563599277,0.3433797440578587,0.01895711667930625,0.016904472957416167,-0.006047462543166524,0.11444108370523007,1.150833819436878,0.30611238839626437,0.41444108370523003,True,0.41444108370523003,True,0.41444108370523003,True,0.41444108370523003,True,0.41444108370523003,True,0.41444108370523003,True,0.3,False,0.35722054185261504,0.41444108370523003,True,True,0.5,1.0,0.41444108370523003,wind_stuck_7_days,2017
10412,US-Ro5,US-Ro1,2017-11-23,0.33365305,0.1,0.1,0.24588799635447214,0.24588799635447214,0.0905461755347017,0.219086935823921,0.042615031716562134,0.044953295052876395,0.00850600182069552,0.22141810364552786,1.150833819436878,0.30611238839626437,0.34588799635447215,True,0.34588799635447215,True,0.34588799635447215,True,0.34588799635447215,True,0.34588799635447215,True,0.34588799635447215,True,0.34588799635447215,True,0.2229439981772361,0.30681683624786316,True,True,0.5,0.8411017996572554,0.34588799635447215,wind_stuck_7_days,2017
10413,US-Ro5,US-Ro1,2017-11-30,0.40625213,0.2,0.2,0.3672342727752994,0.3672342727752994,0.13689041628253085,0.2963423104345619,0.06346546279674477,0.06758128884974995,0.00850600182069552,0.04526998722470055,1.150833819436878,0.30611238839626437,0.5672342727752995,True,0.5672342727752995,True,0.5672342727752995,True,0.5672342727752995,True,0.5672342727752995,True,0.5672342727752995,True,0.5672342727752995,True,0.3836171363876497,0.5672342727752995,True,True,0.5,1.0,0.5672342727752995,wind_stuck_7_days,2017
10414,US-Ro6,US-Ro1,2017-03-04,1.1697044,1.0,1.0,0.20756188600034658,0.20756188600034658,0.15232229294882316,0.5523886147661562,0.025296555759319796,0.024011823229732186,-0.006047462543166524,0.1318469139996536,1.150833819436878,0.30611238839626437,1.2075618860003465,True,1.2075618860003465,True,1.2075618860003465,True,1.2075618860003465,True,1.2075618860003465,True,1.2075618860003465,True,1.0,False,1.1037809430001733,1.1602790338295397,True,True,0.5,0.772198773667301,1.2075618860003465,wind_stuck_7_days,2017
10415,US-Ro6,US-Ro1,2017-03-27,1.73878112,1.5,1.5,0.4523928473855464,0.4523928473855464,0.1776723134837422,0.5623796054961708,0.0438404654262339,0.04975873087183251,-0.006047462543166524,0.025169392614453723,1.150833819436878,0.30611238839626437,1.9523928473855463,True,1.9523928473855463,True,1.9523928473855463,True,1.9523928473855463,True,1.9523928473855463,True,1.9523928473855463,True,1.5,False,1.7261964236927732,1.7781433798484976,True,True,0.5,0.6148270943184325,1.9523928473855463,wind_stuck_7_days,2017
10416,US-Ro6,US-Ro1,2017-03-28,1.96737741,1.1,1.1,0.457326109199809,0.457326109199809,0.08332693268974305,0.404641386951522,0.04153373784339427,0.04975873087183251,-0.006047462543166524,0.457326109199809,1.150833819436878,0.30611238839626437,1.557326109199809,True,1.557326109199809,True,1.557326109199809,True,1.557326109199809,True,1.557326109199809,True,1.557326109199809,True,1.1,False,1.3286630545999045,1.3830450798019736,True,True,0.5,0.6189130121987179,1.557326109199809,wind_stuck_7_days,2017
10417,US-Ro6,US-Ro1,2017-04-21,3.30158263,2.2,2.2,0.055752566249299876,0.055752566249299876,0.09603633564176563,0.37525103049184183,-0.00531460332761016,0.014426410227436836,-0.006047462543166524,0.05575256624929992,1.150833819436878,0.30611238839626437,2.2557525662493,True,2.2557525662493,True,2.2557525662493,True,2.2,False,2.2,False,2.2557525662493,True,2.2,False,2.22787628312465,2.2557525662493,True,True,0.5,1.0,2.2557525662493,wind_stuck_7_days,2017
10418,US-Ro6,US-Ro1,2017-04-28,3.32336669,1.9,1.9,0.28715235534476125,0.28715235534476125,0.13507665999234955,0.48887661298346885,0.0021448888485801304,0.014426410227436836,-0.006047462543166524,0.28715235534476125,1.150833819436878,0.30611238839626437,2.187152355344761,True,2.187152355344761,True,2.187152355344761,True,2.187152355344761,True,2.187152355344761,True,2.187152355344761,True,1.9,False,2.0435761776723806,2.04695881565009,True,True,0.5,0.5117799416050355,2.187152355344761,wind_stuck_7_days,2017
10419,US-Ro6,US-Ro1,2017-05-06,1.70456798,1.8,1.8,0.3147936595110693,0.3147936595110693,0.12817573926743792,0.2630686092715939,-0.0017262197366568499,0.009280503156287881,-0.004131158068303865,-0.3147936595110693,1.150833819436878,0.30611238839626437,2.1147936595110695,True,2.1147936595110695,True,2.1147936595110695,True,1.8,False,1.8,False,2.1147936595110695,True,1.8,False,1.9573968297555346,2.026052717752175,True,True,0.5,0.71809806494602,2.1147936595110695,wind_stuck_7_days,2017
10420,US-Ro6,US-Ro1,2017-05-07,1.3546341,1.7,1.7,0.5883004601787626,0.5883004601787626,0.11684967165277069,0.3343683841575454,-0.017201658520815243,0.005393032771207469,-0.10747486872126497,-0.5883004601787626,1.150833819436878,0.30611238839626437,2.2883004601787627,True,2.2883004601787627,True,2.2883004601787627,True,1.7,False,1.7,False,2.2883004601787627,True,1.7,False,1.9941502300893812,2.059651370014567,True,True,0.5,0.611339603415035,2.2883004601787627,wind_stuck_7_days,2017
10421,US-Ro6,US-Ro1,2017-05-14,1.94625487,1.4,1.4,0.6076018030952366,0.6076018030952366,0.20374122260419064,0.4168057305125779,0.023589447659379727,0.03946084662844593,-0.019519999214172416,0.4849079369047635,1.150833819436878,0.30611238839626437,2.0076018030952367,True,2.0076018030952367,True,2.0076018030952367,True,2.0076018030952367,True,2.0076018030952367,True,2.0076018030952367,True,1.4,False,1.703800901547618,1.6955923913559803,True,True,0.5,0.4864903129815904,2.0076018030952367,wind_stuck_7_days,2017
10422,US-Ro6,US-Ro1,2017-05-22,5.02212443,2.9,2.9,-0.07849298114379362,0.07849298114379362,0.16770059059909775,0.4818566831846211,-0.0030078757447705323,0.00699295976467267,-0.004131158068303865,-0.07849298114379355,1.150833819436878,0.30611238839626437,2.8215070188562064,True,2.8215070188562064,True,2.8215070188562064,True,2.9,False,2.9,False,2.8215070188562064,True,2.9,False,2.860753509428103,2.8215070188562064,True,True,0.5,1.0,2.8215070188562064,wind_stuck_7_days,2017
10423,US-Ro6,US-Ro1,2017-05-31,4.29808225,3.1,3.1,0.21364212538771782,0.21364212538771782,0.11874368489733282,0.3991525899419176,-0.00531460332761016,0.002180379223468672,-0.004131158068303865,0.21364212538771787,1.150833819436878,0.30611238839626437,3.3136421253877177,True,3.3136421253877177,True,3.3136421253877177,True,3.1,False,3.1,False,3.3136421253877177,True,3.1,False,3.206821062693859,3.2530146866037675,True,True,0.5,0.7162196421987298,3.3136421253877177,wind_stuck_7_days,2017
10424,US-Ro6,US-Ro1,2017-06-07,6.24218527,5.4,5.4,0.20075772360711652,0.20075772360711652,0.09962060796951519,0.4946853593608135,-0.006514051688426584,-0.0060175662521149784,-0.004131158068303865,0.20075772360711652,1.150833819436878,0.30611238839626437,5.600757723607117,True,5.600757723607117,True,5.600757723607117,True,5.4,False,5.4,False,5.4,False,5.4,False,5.500378861803559,5.560594198329538,True,True,0.5,0.7999403233114004,5.600757723607117,wind_stuck_7_days,2017
10425,US-Ro6,US-Ro1,2017-06-08,6.38379683,5.1,5.1,-0.24961094132302608,0.24961094132302608,0.15267953724840616,0.33465506792963834,-0.009896118061323289,-0.0060175662521149784,-0.004131158068303865,-0.24961094132302608,1.150833819436878,0.30611238839626437,4.850389058676973,True,4.850389058676973,True,4.850389058676973,True,5.1,False,5.1,False,5.1,False,5.1,False,4.975194529338487,4.8633032364009665,True,True,0.5,0.9482627738369814,4.850389058676973,wind_stuck_7_days,2017
10426,US-Ro6,US-Ro1,2017-06-15,8.24049445,6.6,6.6,-0.6726161433007374,0.6726161433007374,0.31580529129851254,0.6317633330026827,-0.00013345460857497115,0.011923249249666947,0.009926292781309562,-0.6726161433007372,1.150833819436878,0.30611238839626437,5.9273838566992625,True,5.9273838566992625,True,5.9273838566992625,True,6.6,False,6.6,False,5.9273838566992625,True,5.9273838566992625,True,6.263691928349631,6.424966377744032,True,True,0.5,0.2602281018665762,5.9273838566992625,wind_stuck_7_days,2017
10427,US-Ro6,US-Ro1,2017-07-02,5.42716882,3.7,3.7,0.7923694088809747,0.7923694088809747,0.18968248447058686,0.4916133066926662,-0.005220294857118428,-0.0017307047619855996,-0.07241440983915938,0.7923694088809747,1.150833819436878,0.30611238839626437,4.492369408880975,True,4.492369408880975,True,4.492369408880975,True,3.7,False,3.7,False,3.7,False,3.7,False,4.096184704440487,4.012163642065856,True,True,0.5,0.3939622587231244,4.492369408880975,wind_stuck_7_days,2017
10428,US-Ro6,US-Ro1,2017-07-17,2.48759332,5.1,5.1,0.5096277268528351,0.5096277268528351,0.22313681841390248,0.5312733757595713,-0.011018338441370729,-0.009905036637195393,-0.004131158068303865,-0.5096277268528349,1.150833819436878,0.30611238839626437,5.6096277268528345,True,5.6096277268528345,True,5.6096277268528345,True,5.1,False,5.1,False,5.1,False,5.1,False,5.3548138634264175,5.32664620142237,True,True,0.5,0.44472894522832446,5.6096277268528345,wind_stuck_7_days,2017
10429,US-Ro6,US-Ro1,2017-09-03,0.94388043,2.0,2.0,0.3206225218928089,0.3206225218928089,0.20083144524850188,0.5205196874925763,0.0021448888485801304,0.006052137436214885,-0.004131158068303865,-0.32062252189280893,1.150833819436878,0.30611238839626437,2.3206225218928087,True,2.3206225218928087,True,2.3206225218928087,True,2.3206225218928087,True,2.3206225218928087,True,2.3206225218928087,True,2.0,False,2.1603112609464046,2.2173204589999305,True,True,0.5,0.6778078399389097,2.3206225218928087,wind_stuck_7_days,2017
10430,US-Ro6,US-Ro1,2017-09-04,1.22875604,0.8,0.8,1.0180758250498596,1.0180758250498596,0.24203011198352464,0.6056063894248855,0.06534753868041715,0.1509045480741519,-0.2458968326090868,-0.16056374504985982,1.150833819436878,0.30611238839626437,1.8180758250498597,True,1.8180758250498597,True,1.8180758250498597,True,1.8180758250498597,True,1.8180758250498597,True,1.8180758250498597,True,0.8,False,1.3090379125249298,1.361398999952797,True,True,0.5,0.5514314220409886,1.8180758250498597,wind_stuck_7_days,2017
10431,US-Ro6,US-Ro1,2017-09-11,0.98610562,1.7,1.7,-0.10163412318063245,0.10163412318063245,0.14032382191642848,0.33023924374113234,-0.0017262197366568499,0.009280503156287881,-0.004131158068303865,0.10163412318063247,1.150833819436878,0.30611238839626437,1.5983658768193676,True,1.5983658768193676,True,1.5983658768193676,True,1.7,False,1.7,False,1.5983658768193676,True,1.7,False,1.6491829384096837,1.5983658768193676,True,True,0.5,1.0,1.5983658768193676,wind_stuck_7_days,2017
10432,US-Ro6,US-Ro1,2017-09-12,0.37302664,3.0,3.0,0.05845239053429694,0.05845239053429694,0.1411101272633022,0.3695947275296352,-0.00531460332761016,0.00699295976467267,-0.006047462543166524,-0.05845239053429685,1.150833819436878,0.30611238839626437,3.058452390534297,True,3.058452390534297,True,3.058452390534297,True,3.0,False,3.0,False,3.058452390534297,True,3.0,False,3.0292261952671486,3.058452390534297,True,True,0.5,1.0,3.058452390534297,wind_stuck_7_days,2017
10433,US-Ro6,US-Ro1,2017-09-27,2.42070057,2.0,2.0,-0.1000449924205401,0.1000449924205401,0.1718115251446758,0.31883408238267846,-0.0017262197366568499,0.014426410227436836,-0.006047462543166524,-0.1000449924205401,1.150833819436878,0.30611238839626437,1.89995500757946,True,1.89995500757946,True,1.89995500757946,True,2.0,False,2.0,False,1.89995500757946,True,2.0,False,1.94997750378973,1.89995500757946,True,True,0.5,1.0,1.89995500757946,wind_stuck_7_days,2017
10434,US-Ro6,US-Ro1,2017-11-07,0.82739658,0.6,0.6,-0.09389330423821345,0.09389330423821345,0.10929475542759774,0.35032622262643065,0.02246694996492022,0.02386037719274904,-0.006047462543166524,-0.09389330423821346,1.150833819436878,0.30611238839626437,0.5061066957617866,True,0.5061066957617866,True,0.5061066957617866,True,0.5061066957617866,True,0.5061066957617866,True,0.5061066957617866,True,0.6,False,0.5530533478808932,0.5061066957617866,True,True,0.5,1.0,0.5061066957617866,wind_stuck_7_days,2017
10435,US-Ro6,US-Ro1,2017-11-23,0.29766428,0.5,0.5,-0.01850465473187527,0.01850465473187527,0.0821975958611791,0.22792702297124326,0.017747166837732847,0.015694523115842764,-0.006047462543166524,0.018504654731875264,1.150833819436878,0.30611238839626437,0.4814953452681247,True,0.4814953452681247,True,0.4814953452681247,True,0.4814953452681247,True,0.4814953452681247,True,0.4814953452681247,True,0.5,False,0.4907476726340624,0.4814953452681247,True,True,0.5,1.0,0.4814953452681247,wind_stuck_7_days,2017
10436,US-Ro6,US-Ro1,2017-11-30,0.42608809,0.5,0.5,0.1899707101087218,0.1899707101087218,0.14192224194048372,0.2847701086924801,0.01990945683715325,0.014345064619673073,-0.006047462543166524,-0.1899707101087218,1.150833819436878,0.30611238839626437,0.6899707101087218,True,0.6899707101087218,True,0.6899707101087218,True,0.6899707101087218,True,0.6899707101087218,True,0.6899707101087218,True,0.5,False,0.5949853550543609,0.6640969929040617,True,True,0.5,0.8638015450389571,0.6899707101087218,wind_stuck_7_days,2017
10531,US-Rwf,US-Rwe,2017-05-08,1.99452075,2.3,2.3,-0.3468465890494933,0.3468465890494933,0.19978205016122133,0.4965042058014449,-0.0030078757447705323,0.009280503156287881,-0.006047462543166524,0.26411191095050646,1.150833819436878,0.30611238839626437,1.9531534109505064,True,1.9531534109505064,True,1.9531534109505064,True,2.3,False,2.3,False,1.9531534109505064,True,2.3,False,2.1265767054752533,2.1006730699130887,True,True,0.5,0.574683264532459,1.9531534109505064,wind_stuck_7_days,2017
10532,US-Rwf,US-Rwe,2017-05-23,3.74207719,2.8,2.8,-0.0772128797041313,0.0772128797041313,0.2075690047147197,0.4025220827488294,-0.00531460332761016,0.002180379223468672,-0.004131158068303865,-0.07721287970413138,1.150833819436878,0.30611238839626437,2.7227871202958687,True,2.7227871202958687,True,2.7227871202958687,True,2.8,False,2.8,False,2.7227871202958687,True,2.8,False,2.7613935601479342,2.7227871202958687,True,True,0.5,1.0,2.7227871202958687,wind_stuck_7_days,2017
10533,US-Rwf,US-Rwe,2017-05-24,4.43256196,3.5,3.5,-0.3735099714322963,0.3735099714322963,0.21982876734718712,0.49981628317821186,-0.005299743385366778,0.002180379223468672,-0.004131158068303865,-0.37350997143229625,1.150833819436878,0.30611238839626437,3.1264900285677037,True,3.1264900285677037,True,3.1264900285677037,True,3.5,False,3.5,False,3.1264900285677037,True,3.5,False,3.3132450142838517,3.3260628553501044,True,True,0.5,0.4656827339385348,3.1264900285677037,wind_stuck_7_days,2017
10534,US-Rwf,US-Rwe,2017-06-24,5.04573311,2.8,2.8,-0.7864738477721626,0.7864738477721626,0.20287120516216192,0.3879425479821911,-0.20474571335394873,-0.1424608851976233,-0.0190250178902289,-0.7864738477721627,1.150833819436878,0.30611238839626437,2.013526152227837,True,2.013526152227837,True,2.013526152227837,True,2.8,False,2.8,False,2.8,False,2.8,False,2.4067630761139185,2.730766555377849,True,True,0.5,0.08803019301692953,2.013526152227837,wind_stuck_7_days,2017
10535,US-Rwf,US-Rwe,2017-06-25,5.56517828,3.6,3.6,-0.746994519740805,0.746994519740805,0.23498479797894126,0.4717135930418489,-0.12669510535710438,-0.1562705131312962,-0.0190250178902289,-0.746994519740805,1.150833819436878,0.30611238839626437,2.853005480259195,True,2.853005480259195,True,2.853005480259195,True,3.6,False,3.6,False,3.6,False,3.6,False,3.2265027401295976,3.5424074804975763,True,True,0.5,0.07709898530769349,2.853005480259195,wind_stuck_7_days,2017
10536,US-Rwf,US-Rwe,2017-07-02,5.66715866,3.3,3.3,-1.1739248561182287,1.1739248561182287,0.1678482313980173,0.43146131475214283,-0.32194158540951506,-0.2631971910142687,-0.027214164253518018,-1.1739248561182287,1.150833819436878,0.30611238839626437,2.126075143881771,True,2.126075143881771,True,2.126075143881771,True,3.3,False,3.3,False,3.3,False,3.3,False,2.7130375719408857,3.3,True,False,0.5,0.0,2.126075143881771,wind_stuck_7_days,2017
10537,US-Rwf,US-Rwe,2017-07-03,5.17740782,4.0,4.0,-0.7378005584791356,0.7378005584791356,0.15965290266558138,0.48359571079676744,-0.12440323771650809,-0.1562705131312962,-0.02467247348154498,-0.7378005584791356,1.150833819436878,0.30611238839626437,3.262199441520864,True,3.262199441520864,True,3.262199441520864,True,4.0,False,4.0,False,4.0,False,4.0,False,3.631099720760432,3.9291928817998167,True,True,0.5,0.09597054025838805,3.262199441520864,wind_stuck_7_days,2017
10538,US-Rwf,US-Rwe,2017-07-10,7.76188389,3.8,3.8,-0.6722837280144647,0.6722837280144647,0.1359475992274851,0.449891471386461,-0.12440323771650809,-0.1562705131312962,-0.16007054340213545,-0.6722837280144649,1.150833819436878,0.30611238839626437,3.127716271985535,True,3.127716271985535,True,3.127716271985535,True,3.8,False,3.8,False,3.8,False,3.8,False,3.4638581359927674,3.720326282932481,True,True,0.5,0.11851204149002514,3.127716271985535,wind_stuck_7_days,2017
10539,US-Rwf,US-Rwe,2017-07-11,5.08109821,2.7,2.7,-1.1124775374987355,1.1124775374987355,0.20565222261499008,0.43965811288323337,-0.16218213665537454,-0.2109606574725293,-0.03154899921605175,-1.1124775374987355,1.150833819436878,0.30611238839626437,1.5875224625012647,True,1.5875224625012647,True,1.5875224625012647,True,2.7,False,2.7,False,2.7,False,2.7,False,2.1437612312506324,2.7,True,False,0.5,0.0,1.5875224625012647,wind_stuck_7_days,2017
10540,US-Rwf,US-Rwe,2017-07-18,5.1676255,2.2,2.2,-0.5239688361836896,0.5239688361836896,0.202960845350323,0.4296991041270136,-0.03905543538837752,-0.03708909471497131,-0.004131158068303865,-0.5239688361836894,1.150833819436878,0.30611238839626437,1.6760311638163106,True,1.6760311638163106,True,1.6760311638163106,True,2.2,False,2.2,False,2.2,False,2.2,False,1.9380155819081555,2.1460887078362556,True,True,0.5,0.10289026453635224,1.6760311638163106,wind_stuck_7_days,2017
10541,US-Rwf,US-Rwe,2017-07-19,5.63090169,2.3,2.3,-0.6195865917658273,0.6195865917658273,0.22787382266196882,0.39639915599327147,-0.06381969867889359,-0.059001065693349106,-0.00977861365961994,-0.6195865917658274,1.150833819436878,0.30611238839626437,1.6804134082341724,True,1.6804134082341724,True,1.6804134082341724,True,2.3,False,2.3,False,2.3,False,2.3,False,1.9902067041170861,2.261699468681655,True,True,0.5,0.061816268827232325,1.6804134082341724,wind_stuck_7_days,2017
10542,US-Rwf,US-Rwe,2017-08-03,2.81246151,1.9,1.9,0.24896852337369318,0.24896852337369318,0.12582149566978795,0.472856829811222,-0.03159594321218723,-0.03708909471497131,-0.00977861365961994,0.24896852337369313,1.150833819436878,0.30611238839626437,2.1489685233736933,True,2.1489685233736933,True,2.1489685233736933,True,1.9,False,1.9,False,1.9,False,1.9,False,2.0244842616868466,2.0257791497699436,True,True,0.5,0.5052010112184081,2.1489685233736933,wind_stuck_7_days,2017
10543,US-Rwf,US-Rwe,2017-08-04,3.25942033,2.4,2.4,-0.02794077818777956,0.02794077818777956,0.2189818386749316,0.4633703495475177,-0.03904057544613415,-0.03708909471497131,-0.00977861365961994,-0.027940778187779514,1.150833819436878,0.30611238839626437,2.3720592218122203,True,2.3720592218122203,True,2.3720592218122203,True,2.4,False,2.4,False,2.4,False,2.4,False,2.3860296109061103,2.3720592218122203,True,True,0.5,1.0,2.3720592218122203,wind_stuck_7_days,2017
10544,US-Rwf,US-Rwe,2017-08-11,1.49689083,2.4,2.4,-0.793329795781751,0.793329795781751,0.14963287569410083,0.37435013782867604,-0.13301773150560015,-0.05724152084620636,-0.0190250178902289,0.793329795781751,1.150833819436878,0.30611238839626437,1.6066702042182488,True,1.6066702042182488,True,1.6066702042182488,True,2.4,False,2.4,False,2.4,False,2.4,False,2.0033351021091246,2.2867313254189914,True,True,0.5,0.14277627688166322,1.6066702042182488,wind_stuck_7_days,2017
10545,US-Rwf,US-Rwe,2017-08-19,1.890755,1.8,1.8,0.09049362864560787,0.09049362864560787,0.14718409223328263,0.45348381273069477,-0.020220883137095216,-0.023279466781298455,-0.004131158068303865,0.09049362864560787,1.150833819436878,0.30611238839626437,1.890493628645608,True,1.890493628645608,True,1.890493628645608,True,1.8,False,1.8,False,1.8,False,1.8,False,1.845246814322804,1.890493628645608,True,True,0.5,1.0,1.890493628645608,wind_stuck_7_days,2017
10546,US-Rwf,US-Rwe,2017-08-20,1.608194,2.4,2.4,-0.48565597765880975,0.48565597765880975,0.16952295010784565,0.34092143215837745,-0.009151471268356418,0.00039091784771439007,-0.004131158068303865,0.48565597765880975,1.150833819436878,0.30611238839626437,1.91434402234119,True,1.91434402234119,True,1.91434402234119,True,2.4,False,2.4,False,1.91434402234119,True,2.4,False,2.157172011170595,2.268092739840801,True,True,0.5,0.27160637617410016,1.91434402234119,wind_stuck_7_days,2017
10547,US-Rwf,US-Rwe,2017-08-27,1.37216324,1.6,1.6,-0.32613188372012314,0.32613188372012314,0.12222257457063938,0.496900178069467,0.0021448888485801304,0.004467922615083889,-0.004131158068303865,0.12954163627987725,1.150833819436878,0.30611238839626437,1.273868116279877,True,1.273868116279877,True,1.273868116279877,True,1.273868116279877,True,1.273868116279877,True,1.273868116279877,True,1.6,False,1.4369340581399386,1.4355260496919466,True,True,0.5,0.5043172977506248,1.273868116279877,wind_stuck_7_days,2017
10548,US-Rwf,US-Rwe,2017-09-04,1.01705804,1.5,1.5,-0.08130105479367034,0.08130105479367034,0.140573692091289,0.45924120509981253,0.007352265575305309,0.005265751812048551,-0.004131158068303865,0.08130105479367034,1.150833819436878,0.30611238839626437,1.4186989452063297,True,1.4186989452063297,True,1.4186989452063297,True,1.4186989452063297,True,1.4186989452063297,True,1.4186989452063297,True,1.5,False,1.4593494726031648,1.4186989452063297,True,True,0.5,1.0,1.4186989452063297,wind_stuck_7_days,2017
10549,US-Rwf,US-Rwe,2017-09-05,0.75000305,1.3,1.3,-0.15088203613008985,0.15088203613008985,0.152471329920711,0.45938117670360923,0.025296555759319796,0.020310886800116786,-0.004131158068303865,0.15088203613008988,1.150833819436878,0.30611238839626437,1.1491179638699103,True,1.1491179638699103,True,1.1491179638699103,True,1.1491179638699103,True,1.1491179638699103,True,1.1491179638699103,True,1.3,False,1.2245589819349552,1.1491179638699103,True,True,0.5,1.0,1.1491179638699103,wind_stuck_7_days,2017
10550,US-Rwf,US-Rwe,2017-09-28,0.95248169,1.6,1.6,-0.30512616227208145,0.30512616227208145,0.13058583708215926,0.37674678117188115,-0.00016183873425949812,0.014426410227436836,-0.006047462543166524,0.30512616227208145,1.150833819436878,0.30611238839626437,1.2948738377279185,True,1.2948738377279185,True,1.2948738377279185,True,1.6,False,1.6,False,1.2948738377279185,True,1.6,False,1.4474369188639593,1.3688424501510685,True,True,0.5,0.7575802354267084,1.2948738377279185,wind_stuck_7_days,2017
10551,US-Rwf,US-Rwe,2017-09-29,0.7071214,1.0,1.0,-0.13627350008823738,0.13627350008823738,0.07468397813202525,0.29695315026114405,0.02298982817648017,0.021895101621247783,-0.006047462543166524,0.13627350008823738,1.150833819436878,0.30611238839626437,0.8637264999117626,True,0.8637264999117626,True,0.8637264999117626,True,0.8637264999117626,True,0.8637264999117626,True,0.8637264999117626,True,1.0,False,0.9318632499558813,0.8637264999117626,True,True,0.5,1.0,0.8637264999117626,wind_stuck_7_days,2017
10552,US-Rwf,US-Rwe,2017-10-06,0.75846917,1.1,1.1,-0.13252549033526265,0.13252549033526265,0.09667457791670331,0.2986926332659551,0.02298982817648017,0.024011823229732186,-0.006047462543166524,0.13252549033526265,1.150833819436878,0.30611238839626437,0.9674745096647375,True,0.9674745096647375,True,0.9674745096647375,True,0.9674745096647375,True,0.9674745096647375,True,0.9674745096647375,True,1.1,False,1.0337372548323687,0.9674745096647375,True,True,0.5,1.0,0.9674745096647375,wind_stuck_7_days,2017
10553,US-Rwf,US-Rwe,2017-10-07,0.5120637,1.3,1.3,-0.24572750557432896,0.24572750557432896,0.09410432194869256,0.40273215909595256,0.02298982817648017,0.024011823229732186,-0.006047462543166524,0.24572750557432899,1.150833819436878,0.30611238839626437,1.0542724944256712,True,1.0542724944256712,True,1.0542724944256712,True,1.0542724944256712,True,1.0542724944256712,True,1.0542724944256712,True,1.3,False,1.1771362472128355,1.1191234672161958,True,True,0.5,0.736085821410382,1.0542724944256712,wind_stuck_7_days,2017
10554,US-Rwf,US-Rwe,2017-10-23,0.40418364,0.7,0.7,0.09286375761891541,0.09286375761891541,0.11359307484275868,0.27915186563055505,0.02298982817648017,0.024011823229732186,-0.006047462543166524,-0.09286375761891541,1.150833819436878,0.30611238839626437,0.7928637576189154,True,0.7928637576189154,True,0.7928637576189154,True,0.7928637576189154,True,0.7928637576189154,True,0.7928637576189154,True,0.7,False,0.7464318788094577,0.7928637576189154,True,True,0.5,1.0,0.7928637576189154,wind_stuck_7_days,2017
10555,US-Rwf,US-Rwe,2017-10-30,0.48370109,0.7,0.7,0.10357511965073389,0.10357511965073389,0.13486282562240565,0.38146320801136474,0.02298982817648017,0.024011823229732186,-0.006047462543166524,-0.1035751196507339,1.150833819436878,0.30611238839626437,0.8035751196507338,True,0.8035751196507338,True,0.8035751196507338,True,0.8035751196507338,True,0.8035751196507338,True,0.8035751196507338,True,0.7,False,0.7517875598253669,0.8035751196507338,True,True,0.5,1.0,0.8035751196507338,wind_stuck_7_days,2017
10556,US-Rwf,US-Rwe,2017-10-31,0.30397367,0.8,0.8,-0.15783321843050632,0.15783321843050632,0.08449910533234406,0.30785418356924393,0.02298982817648017,0.024011823229732186,-0.006047462543166524,0.15783321843050635,1.150833819436878,0.30611238839626437,0.6421667815694937,True,0.6421667815694937,True,0.6421667815694937,True,0.6421667815694937,True,0.6421667815694937,True,0.6421667815694937,True,0.8,False,0.7210833907847469,0.6421667815694937,True,True,0.5,1.0,0.6421667815694937,wind_stuck_7_days,2017
10665,US-Rws,US-Rwe,2017-03-12,1.38619976,1.6,1.6,-0.13973305246452483,0.13973305246452483,0.10940787382267059,0.3900738858901849,-0.00016183873425949812,0.014426410227436836,-0.006047462543166524,0.13973305246452483,1.150833819436878,0.30611238839626437,1.4602669475354753,True,1.4602669475354753,True,1.4602669475354753,True,1.6,False,1.6,False,1.4602669475354753,True,1.6,False,1.5301334737677377,1.4602669475354753,True,True,0.5,1.0,1.4602669475354753,wind_stuck_7_days,2017
10666,US-Rws,US-Rwe,2017-04-29,1.65193853,1.8,1.8,0.07317545505494823,0.07317545505494823,0.18410297314892135,0.5677376810486476,0.0021448888485801304,0.014426410227436836,-0.006047462543166524,-0.07317545505494821,1.150833819436878,0.30611238839626437,1.8731754550549482,True,1.8731754550549482,True,1.8731754550549482,True,1.8731754550549482,True,1.8731754550549482,True,1.8731754550549482,True,1.8,False,1.8365877275274742,1.8731754550549482,True,True,0.5,1.0,1.8731754550549482,wind_stuck_7_days,2017
10667,US-Rws,US-Rwe,2017-05-08,1.59195605,1.3,1.3,0.3816141232173903,0.3816141232173903,0.15964639628289515,0.5001695643649091,0.023084136646971898,0.01800763123616737,-0.004131158068303865,0.20229797678260975,1.150833819436878,0.30611238839626437,1.6816141232173902,True,1.6816141232173902,True,1.6816141232173902,True,1.6816141232173902,True,1.6816141232173902,True,1.6816141232173902,True,1.3,False,1.4908070616086952,1.5347896697279653,True,True,0.5,0.6152541414045491,1.6816141232173902,wind_stuck_7_days,2017
10668,US-Rws,US-Rwe,2017-05-23,2.28052353,1.2,1.2,-0.004514153890266037,0.004514153890266037,0.20745209312741472,0.49250485351129675,0.025296555759319796,0.015593848977521776,-0.004131158068303865,-0.004514153890265993,1.150833819436878,0.30611238839626437,1.195485846109734,True,1.195485846109734,True,1.195485846109734,True,1.195485846109734,True,1.195485846109734,True,1.195485846109734,True,1.2,False,1.1977429230548668,1.195485846109734,True,True,0.5,1.0,1.195485846109734,wind_stuck_7_days,2017
10669,US-Rws,US-Rwe,2017-05-24,2.28744714,1.1,1.1,0.6072625990715501,0.6072625990715501,0.1683011959064066,0.61295686538854,0.0438404654262339,0.046057794442217095,-0.019519999214172416,0.6072625990715501,1.150833819436878,0.30611238839626437,1.7072625990715502,True,1.7072625990715502,True,1.7072625990715502,True,1.7072625990715502,True,1.7072625990715502,True,1.7072625990715502,True,1.1,False,1.4036312995357751,1.5160181075378891,True,True,0.5,0.6850711836591672,1.7072625990715502,wind_stuck_7_days,2017
10670,US-Rws,US-Rwe,2017-06-25,1.95522633,0.9,0.9,0.0656560648919566,0.0656560648919566,0.10001746028188568,0.43883257101843676,-0.0013700831627237442,-0.0011498693431408714,-0.004131158068303865,0.06565606489195663,1.150833819436878,0.30611238839626437,0.9656560648919567,True,0.9656560648919567,True,0.9656560648919567,True,0.9,False,0.9,False,0.9,False,0.9,False,0.9328280324459783,0.9656560648919567,True,True,0.5,1.0,0.9656560648919567,wind_stuck_7_days,2017
10671,US-Rws,US-Rwe,2017-07-02,1.82366552,0.7,0.7,0.004279399880330772,0.004279399880330772,0.14028141901874608,0.3274928189634472,-0.0013700831627237442,-0.0011498693431408714,-0.00977861365961994,0.00427939988033077,1.150833819436878,0.30611238839626437,0.7042793998803307,True,0.7042793998803307,True,0.7042793998803307,True,0.7,False,0.7,False,0.7,False,0.7,False,0.7021396999401653,0.7042793998803307,True,True,0.5,1.0,0.7042793998803307,wind_stuck_7_days,2017
10672,US-Rws,US-Rwe,2017-07-03,1.643772,0.8,0.8,-0.059328815760292274,0.059328815760292274,0.12363452737183002,0.3192948467348845,-0.0013700831627237442,-0.0011498693431408714,-0.030593619422944873,-0.05932881576029225,1.150833819436878,0.30611238839626437,0.7406711842397078,True,0.7406711842397078,True,0.7406711842397078,True,0.8,False,0.8,False,0.8,False,0.8,False,0.7703355921198539,0.7406711842397078,True,True,0.5,1.0,0.7406711842397078,wind_stuck_7_days,2017
10673,US-Rws,US-Rwe,2017-07-10,1.77095987,0.3,0.3,0.16191706081633256,0.16191706081633256,0.1491369096216497,0.4535121511866059,0.019063223947159723,0.010711167310938912,-0.030593619422944873,0.1619170608163325,1.150833819436878,0.30611238839626437,0.46191706081633255,True,0.46191706081633255,True,0.46191706081633255,True,0.46191706081633255,True,0.46191706081633255,True,0.46191706081633255,True,0.3,False,0.3809585304081663,0.4470624731391097,True,True,0.5,0.9082580451847945,0.46191706081633255,wind_stuck_7_days,2017
10674,US-Rws,US-Rwe,2017-07-11,1.24637845,0.9,0.9,0.061344631671590585,0.061344631671590585,0.1332466540495968,0.38987721849651785,-0.0013700831627237442,-0.0011498693431408714,-0.004131158068303865,0.0613446316715906,1.150833819436878,0.30611238839626437,0.9613446316715906,True,0.9613446316715906,True,0.9613446316715906,True,0.9,False,0.9,False,0.9,False,0.9,False,0.9306723158357953,0.9613446316715906,True,True,0.5,1.0,0.9613446316715906,wind_stuck_7_days,2017
10675,US-Rws,US-Rwe,2017-07-18,0.79404921,0.3,0.3,0.4804032606036232,0.4804032606036232,0.1360237638725884,0.48419896293744646,0.13557752391857447,0.1582749502939809,-0.004131158068303865,0.4804032606036232,1.150833819436878,0.30611238839626437,0.7804032606036232,True,0.7804032606036232,True,0.7804032606036232,True,0.7804032606036232,True,0.7804032606036232,True,0.7804032606036232,True,0.3,False,0.5402016303018116,0.7804032606036232,True,True,0.5,1.0,0.7804032606036232,wind_stuck_7_days,2017
10676,US-Rws,US-Rwe,2017-07-19,0.85735321,0.8,0.8,0.18332292174458403,0.18332292174458403,0.12428953609818187,0.33633126046336526,-0.0013700831627237442,-0.0011498693431408714,-0.00977861365961994,-0.06861650174458417,1.150833819436878,0.30611238839626437,0.983322921744584,True,0.983322921744584,True,0.983322921744584,True,0.8,False,0.8,False,0.8,False,0.8,False,0.891661460872292,0.9677640545637671,True,True,0.5,0.9151286318549162,0.983322921744584,wind_stuck_7_days,2017
10677,US-Rws,US-Rwe,2017-07-26,1.30154412,0.7,0.7,0.09635568692094491,0.09635568692094491,0.10149453762655962,0.28606366343276834,0.0050455379924656775,0.005265751812048551,-0.004131158068303865,0.09635568692094487,1.150833819436878,0.30611238839626437,0.7963556869209448,True,0.7963556869209448,True,0.7963556869209448,True,0.7963556869209448,True,0.7963556869209448,True,0.7963556869209448,True,0.7,False,0.7481778434604724,0.7963556869209448,True,True,0.5,1.0,0.7963556869209448,wind_stuck_7_days,2017
10678,US-Rws,US-Rwe,2017-07-27,0.66360492,0.7,0.7,0.40653478062375614,0.40653478062375614,0.17222278211790176,0.3926093909340241,0.035198594863393926,0.04168914405074349,-0.004131158068303865,-0.40653478062375614,1.150833819436878,0.30611238839626437,1.1065347806237562,True,1.1065347806237562,True,1.1065347806237562,True,1.1065347806237562,True,1.1065347806237562,True,1.1065347806237562,True,0.7,False,0.903267390311878,0.9657058232986945,True,True,0.5,0.6535869400670113,1.1065347806237562,wind_stuck_7_days,2017
10679,US-Rws,US-Rwe,2017-08-03,0.56338703,0.7,0.7,0.3634490554029953,0.3634490554029953,0.11524202267784872,0.4570540663750167,-0.0012757746922320125,-0.005037339728221284,-0.00977861365961994,-0.3634490554029953,1.150833819436878,0.30611238839626437,1.0634490554029954,True,1.0634490554029954,True,1.0634490554029954,True,0.7,False,0.7,False,0.7,False,0.7,False,0.8817245277014976,0.893571599773632,True,True,0.5,0.5325962384439225,1.0634490554029954,wind_stuck_7_days,2017
10680,US-Rws,US-Rwe,2017-08-04,0.64393127,0.4,0.4,0.23041644024116287,0.23041644024116287,0.16752362499164927,0.3425792123877302,0.04274611947038089,0.058877095680806416,-0.030593619422944873,0.23041644024116287,1.150833819436878,0.30611238839626437,0.630416440241163,True,0.630416440241163,True,0.630416440241163,True,0.630416440241163,True,0.630416440241163,True,0.630416440241163,True,0.4,False,0.5152082201205814,0.5546413585871268,True,True,0.5,0.6711385629657031,0.630416440241163,wind_stuck_7_days,2017
10681,US-Rws,US-Rwe,2017-08-11,0.57571528,2.3,2.3,-0.6514211751863438,0.6514211751863438,0.12166041313589274,0.3606460244323072,-0.08350133958752365,-0.09876212336913265,-0.004131158068303865,0.6514211751863439,1.150833819436878,0.30611238839626437,1.6485788248136561,True,1.6485788248136561,True,1.6485788248136561,True,2.3,False,2.3,False,2.3,False,2.3,False,1.974289412406828,2.249044936261209,True,True,0.5,0.0782213806976948,1.6485788248136561,wind_stuck_7_days,2017
10682,US-Rws,US-Rwe,2017-08-19,0.3180568,0.5,0.5,0.3864287683170321,0.3864287683170321,0.1146258763822468,0.3507937648956716,0.056425355485444646,0.07255146019577179,-0.004131158068303865,-0.38642876831703205,1.150833819436878,0.30611238839626437,0.8864287683170321,True,0.8864287683170321,True,0.8864287683170321,True,0.8864287683170321,True,0.8864287683170321,True,0.8864287683170321,True,0.5,False,0.6932143841585161,0.7043594648796486,True,True,0.5,0.5288412293154866,0.8864287683170321,wind_stuck_7_days,2017
10683,US-Rws,US-Rwe,2017-08-20,0.3751908,0.1,0.1,0.5650043935417396,0.5650043935417396,0.1297609781435449,0.3954872411567715,0.2401938104342451,0.27238870998100223,0.010422306295558178,-0.014622793541739676,1.150833819436878,0.30611238839626437,0.6650043935417396,True,0.6650043935417396,True,0.6650043935417396,True,0.6650043935417396,True,0.6650043935417396,True,0.6650043935417396,True,0.6650043935417396,True,0.38250219677086983,0.6650043935417396,True,True,0.5,1.0,0.6650043935417396,wind_stuck_7_days,2017
10684,US-Rws,US-Rwe,2017-08-27,0.43159096,0.7,0.7,0.04241277740090373,0.04241277740090373,0.07293822735947936,0.417802301575583,0.02298982817648017,0.020310886800116786,-0.004131158068303865,-0.04241277740090371,1.150833819436878,0.30611238839626437,0.7424127774009037,True,0.7424127774009037,True,0.7424127774009037,True,0.7424127774009037,True,0.7424127774009037,True,0.7424127774009037,True,0.7,False,0.7212063887004518,0.7424127774009037,True,True,0.5,1.0,0.7424127774009037,wind_stuck_7_days,2017
10685,US-Rws,US-Rwe,2017-09-04,0.31170172,0.9,0.9,0.05457318255780973,0.05457318255780973,0.14741898901950098,0.4665661670119735,0.0009366444201158849,-0.0011498693431408714,-0.004131158068303865,-0.05457318255780974,1.150833819436878,0.30611238839626437,0.9545731825578098,True,0.9545731825578098,True,0.9545731825578098,True,0.9545731825578098,True,0.9545731825578098,True,0.9,False,0.9,False,0.9272865912789049,0.9545731825578098,True,True,0.5,1.0,0.9545731825578098,wind_stuck_7_days,2017
10686,US-Rws,US-Rwe,2017-09-05,0.27094436,0.1,0.1,0.2926742158367512,0.2926742158367512,0.11414326846553313,0.46020645018971057,0.05533090092145198,0.05713999939161751,0.010422306295558178,0.049214504163248796,1.150833819436878,0.30611238839626437,0.3926742158367512,True,0.3926742158367512,True,0.3926742158367512,True,0.3926742158367512,True,0.3926742158367512,True,0.3926742158367512,True,0.3926742158367512,True,0.2463371079183756,0.3926742158367512,True,True,0.5,1.0,0.3926742158367512,wind_stuck_7_days,2017
10687,US-Rws,US-Rwe,2017-09-13,0.5895612,0.6,0.6,0.17505234033238942,0.17505234033238942,0.08945714463369683,0.33616702410698673,0.02298982817648017,0.020310886800116786,-0.004131158068303865,-0.17505234033238942,1.150833819436878,0.30611238839626437,0.7750523403323895,True,0.7750523403323895,True,0.7750523403323895,True,0.7750523403323895,True,0.7750523403323895,True,0.7750523403323895,True,0.6,False,0.6875261701661947,0.7750523403323895,True,True,0.5,1.0,0.7750523403323895,wind_stuck_7_days,2017
10688,US-Rws,US-Rwe,2017-09-28,0.41181774,0.3,0.3,0.16954316633504382,0.16954316633504382,0.07760625460235887,0.42062595486556364,0.02111940667872665,0.015555014461246476,-0.006047462543166524,0.054092313664956176,1.150833819436878,0.30611238839626437,0.4695431663350438,True,0.4695431663350438,True,0.4695431663350438,True,0.4695431663350438,True,0.4695431663350438,True,0.4695431663350438,True,0.3,False,0.3847715831675219,0.4695431663350438,True,True,0.5,1.0,0.4695431663350438,wind_stuck_7_days,2017
10689,US-Rws,US-Rwe,2017-09-29,0.27380954,0.2,0.2,0.19013906397584515,0.19013906397584515,0.10936578215771786,0.3296363774874861,0.030265690032850304,0.022614397827126317,0.00850600182069552,-0.04251998397584514,1.150833819436878,0.30611238839626437,0.3901390639758452,True,0.3901390639758452,True,0.3901390639758452,True,0.3901390639758452,True,0.3901390639758452,True,0.3901390639758452,True,0.3901390639758452,True,0.2950695319879226,0.3901390639758452,True,True,0.5,1.0,0.3901390639758452,wind_stuck_7_days,2017
10690,US-Rws,US-Rwe,2017-10-06,0.29499276,0.1,0.1,0.3206200144158623,0.3206200144158623,0.057794154392707055,0.3889241101200802,0.05302417333861235,0.05713999939161751,0.00850600182069552,0.06936550558413773,1.150833819436878,0.30611238839626437,0.4206200144158623,True,0.4206200144158623,True,0.4206200144158623,True,0.4206200144158623,True,0.4206200144158623,True,0.4206200144158623,True,0.4206200144158623,True,0.2603100072079312,0.4206200144158623,True,True,0.5,1.0,0.4206200144158623,wind_stuck_7_days,2017
10691,US-Rws,US-Rwe,2017-10-07,0.11730758,0.1,0.1,0.4255103618535654,0.4255103618535654,0.13306628927961928,0.4143695307869998,0.10762598405662856,0.12061985935755266,0.00850600182069552,-0.3908952018535654,1.150833819436878,0.30611238839626437,0.5255103618535654,True,0.5255103618535654,True,0.5255103618535654,True,0.5255103618535654,True,0.5255103618535654,True,0.5255103618535654,True,0.5255103618535654,True,0.31275518092678267,0.5255103618535654,True,True,0.5,1.0,0.5255103618535654,wind_stuck_7_days,2017
10692,US-Rws,US-Rwe,2017-10-15,0.43894758,0.5,0.5,0.10793176773846783,0.10793176773846783,0.1183884832770085,0.256563893427657,0.01990945683715325,0.014345064619673073,-0.006047462543166524,-0.10793176773846783,1.150833819436878,0.30611238839626437,0.6079317677384678,True,0.6079317677384678,True,0.6079317677384678,True,0.6079317677384678,True,0.6079317677384678,True,0.6079317677384678,True,0.5,False,0.553965883869234,0.6079317677384678,True,True,0.5,1.0,0.6079317677384678,wind_stuck_7_days,2017
10693,US-Rws,US-Rwe,2017-10-23,0.49054913,0.1,0.1,0.3772783639344916,0.3772783639344916,0.12529579706381458,0.36448760663783275,0.06346546279674477,0.06758128884974995,0.00850600182069552,0.3772783639344916,1.150833819436878,0.30611238839626437,0.47727836393449163,True,0.47727836393449163,True,0.47727836393449163,True,0.47727836393449163,True,0.47727836393449163,True,0.47727836393449163,True,0.47727836393449163,True,0.2886391819672458,0.47727836393449163,True,True,0.5,1.0,0.47727836393449163,wind_stuck_7_days,2017
10694,US-Rws,US-Rwe,2017-10-30,0.17017775,0.8,0.8,0.07855284359423556,0.07855284359423556,0.11400163227404816,0.3972752113890824,0.02298982817648017,0.024011823229732186,-0.006047462543166524,-0.07855284359423553,1.150833819436878,0.30611238839626437,0.8785528435942356,True,0.8785528435942356,True,0.8785528435942356,True,0.8785528435942356,True,0.8785528435942356,True,0.8785528435942356,True,0.8,False,0.8392764217971178,0.8785528435942356,True,True,0.5,1.0,0.8785528435942356,wind_stuck_7_days,2017
10695,US-Rws,US-Rwe,2017-10-31,0.24694646,0.3,0.3,0.12330053308733382,0.12330053308733382,0.09924697132955332,0.32633086144724893,0.02111940667872665,0.015555014461246476,-0.006047462543166524,-0.12330053308733382,1.150833819436878,0.30611238839626437,0.42330053308733384,True,0.42330053308733384,True,0.42330053308733384,True,0.42330053308733384,True,0.42330053308733384,True,0.42330053308733384,True,0.3,False,0.3616502665436669,0.42330053308733384,True,True,0.5,1.0,0.42330053308733384,wind_stuck_7_days,2017
12597,US-SRG,US-SRC,2017-01-05,0.52178192,0.1,0.1,0.38294991629153563,0.38294991629153563,0.10057178920626819,0.2703670777226807,0.06346546279674477,0.06758128884974995,0.00850600182069552,0.38294991629153563,1.150833819436878,0.30611238839626437,0.4829499162915356,True,0.4829499162915356,True,0.4829499162915356,True,0.4829499162915356,True,0.4829499162915356,True,0.4829499162915356,True,0.4829499162915356,True,0.29147495814576785,0.4829499162915356,True,True,0.5,1.0,0.4829499162915356,wind_stuck_7_days,2017
12598,US-SRG,US-SRC,2017-01-22,0.54425595,1.0,1.0,-0.2119690537163597,0.2119690537163597,0.0869773466332083,0.34571287484920965,0.02298982817648017,0.024011823229732186,-0.006047462543166524,0.2119690537163597,1.150833819436878,0.30611238839626437,0.7880309462836403,True,0.7880309462836403,True,0.7880309462836403,True,0.7880309462836403,True,0.7880309462836403,True,0.7880309462836403,True,1.0,False,0.8940154731418202,0.845953856222713,True,True,0.5,0.7267388379410299,0.7880309462836403,wind_stuck_7_days,2017
12599,US-SRG,US-SRC,2017-01-29,0.58574748,0.5,0.5,-0.1805378160239483,0.1805378160239483,0.07911885403299752,0.3198786008262168,0.01990945683715325,0.014345064619673073,-0.006047462543166524,-0.1805378160239483,1.150833819436878,0.30611238839626437,0.3194621839760517,True,0.3194621839760517,True,0.3194621839760517,True,0.3194621839760517,True,0.3194621839760517,True,0.3194621839760517,True,0.5,False,0.4097310919880258,0.3259075144752802,True,True,0.5,0.9642992773415764,0.3194621839760517,wind_stuck_7_days,2017
12600,US-SRG,US-SRC,2017-01-30,0.52681032,0.0,0.0,0.16925804541305361,0.16925804541305361,0.1469928588051375,0.3382981732276347,0.08307988518756879,0.07871944020725558,0.00850600182069552,0.16925804541305361,1.150833819436878,0.30611238839626437,0.16925804541305361,True,0.16925804541305361,True,0.16925804541305361,True,0.16925804541305361,True,0.16925804541305361,True,0.16925804541305361,True,0.16925804541305361,True,0.08462902270652681,0.16925804541305361,True,True,0.5,1.0,0.16925804541305361,wind_stuck_7_days,2017
12601,US-SRG,US-SRC,2017-02-15,0.76834942,0.4,0.4,0.3933656051798041,0.3933656051798041,0.11418255427116182,0.43846163842927177,0.06638018172483977,0.07258290776608887,-0.006047462543166524,0.34333323482019573,1.150833819436878,0.30611238839626437,0.7933656051798041,True,0.7933656051798041,True,0.7933656051798041,True,0.7933656051798041,True,0.7933656051798041,True,0.7933656051798041,True,0.4,False,0.596682802589902,0.7611110236109191,True,True,0.5,0.9180035540876998,0.7933656051798041,wind_stuck_7_days,2017
12602,US-SRG,US-SRC,2017-02-22,0.96886745,0.6,0.6,0.33823271336194616,0.33823271336194616,0.20254485328273583,0.6331977584387831,0.030657013996663127,0.015407315022056766,-0.006047462543166524,0.33823271336194616,1.150833819436878,0.30611238839626437,0.9382327133619461,True,0.9382327133619461,True,0.9382327133619461,True,0.9382327133619461,True,0.9382327133619461,True,0.9382327133619461,True,0.6,False,0.7691163566809731,0.8187609350868525,True,True,0.5,0.646776395199699,0.9382327133619461,wind_stuck_7_days,2017
12603,US-SRG,US-SRC,2017-02-23,1.11883778,1.0,1.0,0.023664142121359234,0.023664142121359234,0.06172967473574598,0.29794067296716914,0.02298982817648017,0.024011823229732186,-0.006047462543166524,0.023664142121359227,1.150833819436878,0.30611238839626437,1.0236641421213593,True,1.0236641421213593,True,1.0236641421213593,True,1.0236641421213593,True,1.0236641421213593,True,1.0236641421213593,True,1.0,False,1.0118320710606796,1.0236641421213593,True,True,0.5,1.0,1.0236641421213593,wind_stuck_7_days,2017
12604,US-SRG,US-SRC,2017-03-02,0.72326187,0.7,0.7,-0.08491052906219757,0.08491052906219757,0.10965495952838915,0.3398577553069226,0.02298982817648017,0.021895101621247783,-0.004131158068303865,-0.08491052906219757,1.150833819436878,0.30611238839626437,0.6150894709378024,True,0.6150894709378024,True,0.6150894709378024,True,0.6150894709378024,True,0.6150894709378024,True,0.6150894709378024,True,0.7,False,0.6575447354689011,0.6150894709378024,True,True,0.5,1.0,0.6150894709378024,wind_stuck_7_days,2017
12605,US-SRG,US-SRC,2017-03-10,0.87875583,0.3,0.3,0.24061574286847134,0.24061574286847134,0.12012762779741,0.2873237274547145,0.04149288431459502,0.05151471113612395,-0.004131158068303865,0.24061574286847132,1.150833819436878,0.30611238839626437,0.5406157428684714,True,0.5406157428684714,True,0.5406157428684714,True,0.5406157428684714,True,0.5406157428684714,True,0.5406157428684714,True,0.3,False,0.42030787143423565,0.5029511553015978,True,True,0.5,0.8434658218208847,0.5406157428684714,wind_stuck_7_days,2017
12606,US-SRG,US-SRC,2017-03-11,0.97058894,0.3,0.3,0.25721424004103455,0.25721424004103455,0.1311344444719023,0.29851957971073,0.04149288431459502,0.04688263973718287,-0.004131158068303865,0.25721424004103455,1.150833819436878,0.30611238839626437,0.5572142400410345,True,0.5572142400410345,True,0.5572142400410345,True,0.5572142400410345,True,0.5572142400410345,True,0.5572142400410345,True,0.3,False,0.42860712002051726,0.49359098525966966,True,True,0.5,0.752644897221807,0.5572142400410345,wind_stuck_7_days,2017
12607,US-SRG,US-SRC,2017-03-18,1.06870568,1.1,1.1,-0.2962160263956408,0.2962160263956408,0.1342810824107058,0.4952197298978236,0.023333571566393065,0.02540096797212377,-0.004131158068303865,-0.23362738639564085,1.150833819436878,0.30611238839626437,0.8037839736043593,True,0.8037839736043593,True,0.8037839736043593,True,0.8037839736043593,True,0.8037839736043593,True,0.8037839736043593,True,1.1,False,0.9518919868021797,0.9030253157687458,True,True,0.5,0.6649697068320172,0.8037839736043593,wind_stuck_7_days,2017
12608,US-SRG,US-SRC,2017-03-19,1.12560423,0.3,0.3,0.15878199668777243,0.15878199668777243,0.14778942638839554,0.4421399484363445,0.024003629556739507,0.014137906622325927,-0.004131158068303865,0.15878199668777238,1.150833819436878,0.30611238839626437,0.4587819966877724,True,0.4587819966877724,True,0.4587819966877724,True,0.4587819966877724,True,0.4587819966877724,True,0.4587819966877724,True,0.3,False,0.37939099834388623,0.4587819966877724,True,True,0.5,1.0,0.4587819966877724,wind_stuck_7_days,2017
12609,US-SRG,US-SRC,2017-03-27,0.92045433,0.7,0.7,0.0900734536811638,0.0900734536811638,0.12335130796389465,0.3097494401618349,0.02298982817648017,0.020310886800116786,-0.004131158068303865,0.09007345368116382,1.150833819436878,0.30611238839626437,0.7900734536811638,True,0.7900734536811638,True,0.7900734536811638,True,0.7900734536811638,True,0.7900734536811638,True,0.7900734536811638,True,0.7,False,0.7450367268405819,0.7900734536811638,True,True,0.5,1.0,0.7900734536811638,wind_stuck_7_days,2017
12610,US-SRG,US-SRC,2017-04-03,1.27865372,2.0,2.0,-0.5290490785370038,0.5290490785370038,0.0489447075951947,0.409074502079409,-0.00016183873425949812,0.004467922615083889,-0.004131158068303865,0.5290490785370038,1.150833819436878,0.30611238839626437,1.4709509214629963,True,1.4709509214629963,True,1.4709509214629963,True,2.0,False,2.0,False,1.4709509214629963,True,2.0,False,1.7354754607314982,1.8181244949454967,True,True,0.5,0.34377813407680335,1.4709509214629963,wind_stuck_7_days,2017
12611,US-SRG,US-SRC,2017-04-04,1.01103878,0.5,0.5,0.1906024658966438,0.1906024658966438,0.12035372569310851,0.36411664549572176,0.01990945683715325,0.012927956780752524,-0.004131158068303865,0.1906024658966438,1.150833819436878,0.30611238839626437,0.6906024658966439,True,0.6906024658966439,True,0.6906024658966439,True,0.6906024658966439,True,0.6906024658966439,True,0.6906024658966439,True,0.5,False,0.5953012329483219,0.664642704529756,True,True,0.5,0.8638015450389571,0.6906024658966439,wind_stuck_7_days,2017
12612,US-SRG,US-SRC,2017-04-11,0.9979348,1.7,1.7,-0.939000372867676,0.939000372867676,0.15769565168864524,0.438227769574876,-0.1995216904793854,-0.16426866888613545,-0.0190250178902289,0.4651300271323239,1.150833819436878,0.30611238839626437,0.7609996271323239,True,0.7609996271323239,True,0.7609996271323239,True,1.7,False,1.7,False,1.7,False,1.7,False,1.230499813566162,1.7,True,False,0.5,0.0,0.7609996271323239,wind_stuck_7_days,2017
12613,US-SRG,US-SRC,2017-04-12,0.95642186,1.0,1.0,-0.32775329177569945,0.32775329177569945,0.19698436930160784,0.3651920594057623,0.02102684398355344,0.015593848977521776,-0.004131158068303865,-0.24059701177569937,1.150833819436878,0.30611238839626437,0.6722467082243005,True,0.6722467082243005,True,0.6722467082243005,True,0.6722467082243005,True,0.6722467082243005,True,0.6722467082243005,True,1.0,False,0.8361233541121502,0.8165300726809637,True,True,0.5,0.5597805786328927,0.6722467082243005,wind_stuck_7_days,2017
12614,US-SRG,US-SRC,2017-04-19,0.94010959,1.8,1.8,-0.5728227200425311,0.5728227200425311,0.2026636767511765,0.39747920579041535,-0.0447197993293788,-0.04519143775967629,-0.004131158068303865,0.5728227200425311,1.150833819436878,0.30611238839626437,1.227177279957469,True,1.227177279957469,True,1.227177279957469,True,1.8,False,1.8,False,1.8,False,1.8,False,1.5135886399787344,1.750006073973561,True,True,0.5,0.08727643697988643,1.227177279957469,wind_stuck_7_days,2017
12615,US-SRG,US-SRC,2017-04-20,0.83053116,1.1,1.1,-0.19332963718239282,0.19332963718239282,0.10271933346828623,0.2637066300074503,0.0050455379924656775,0.005265751812048551,-0.004131158068303865,0.19332963718239282,1.150833819436878,0.30611238839626437,0.9066703628176073,True,0.9066703628176073,True,0.9066703628176073,True,0.9066703628176073,True,0.9066703628176073,True,0.9066703628176073,True,1.1,False,1.0033351814088036,0.9369907467437265,True,True,0.5,0.8431674296398017,0.9066703628176073,wind_stuck_7_days,2017
12616,US-SRG,US-SRC,2017-06-14,0.30366921,0.0,0.0,0.37541905159722344,0.37541905159722344,0.13084489760252854,0.2923487117953797,0.16100367425691542,0.1754830871562222,-0.016040155059082826,0.2319193684027766,1.150833819436878,0.30611238839626437,0.37541905159722344,True,0.37541905159722344,True,0.37541905159722344,True,0.37541905159722344,True,0.37541905159722344,True,0.37541905159722344,True,0.0,False,0.18770952579861172,0.36875250879874355,True,True,0.5,0.9822423961434109,0.37541905159722344,wind_stuck_7_days,2017
12617,US-SRG,US-SRC,2017-06-23,0.32822092,0.0,0.0,0.5884323176949875,0.5884323176949875,0.1984296897590518,0.499177415779901,0.32856075805432683,0.3574720303565469,0.023465484293511103,0.06800952230501256,1.150833819436878,0.30611238839626437,0.5884323176949875,True,0.5884323176949875,True,0.5884323176949875,True,0.5884323176949875,True,0.5884323176949875,True,0.5884323176949875,True,0.5884323176949875,True,0.29421615884749375,0.5884323176949875,True,True,0.5,1.0,0.5884323176949875,wind_stuck_7_days,2017
12618,US-SRG,US-SRC,2017-06-30,0.33587935,0.1,0.1,0.44774306151433807,0.44774306151433807,0.11023486950469427,0.31081149166914296,0.14677999000426503,0.17111435181318782,0.0047748507042421045,0.02401563848566196,1.150833819436878,0.30611238839626437,0.547743061514338,True,0.547743061514338,True,0.547743061514338,True,0.547743061514338,True,0.547743061514338,True,0.547743061514338,True,0.547743061514338,True,0.323871530757169,0.547743061514338,True,True,0.5,1.0,0.547743061514338,wind_stuck_7_days,2017
12619,US-SRG,US-SRC,2017-07-08,0.55966591,0.2,0.2,0.8806374985611312,0.8806374985611312,0.17945647830944508,0.43618959415376307,0.2401938104342451,0.2773299721117729,0.04884018783980869,-0.16130567856113126,1.150833819436878,0.30611238839626437,1.0806374985611311,True,1.0806374985611311,True,1.0806374985611311,True,1.0806374985611311,True,1.0806374985611311,True,1.0806374985611311,True,1.0806374985611311,True,0.6403187492805655,1.0806374985611311,True,True,0.5,1.0,1.0806374985611311,wind_stuck_7_days,2017
12620,US-SRG,US-SRC,2017-08-09,3.14231854,2.2,2.2,0.4209115676585181,0.4209115676585181,0.16011007365631838,0.3392258669585165,-0.00909140344235541,0.0005804522300034746,-0.004131158068303865,0.4209115676585181,1.150833819436878,0.30611238839626437,2.6209115676585184,True,2.6209115676585184,True,2.6209115676585184,True,2.2,False,2.2,False,2.6209115676585184,True,2.2,False,2.410455783829259,2.384887477355461,True,True,0.5,0.43925492089459095,2.6209115676585184,wind_stuck_7_days,2017
12621,US-SRG,US-SRC,2017-08-17,2.79292139,2.2,2.2,-0.6519716270799207,0.6519716270799207,0.16509909281705512,0.3015085816998694,-0.042100416445282805,-0.053164516078836856,-0.004131158068303865,-0.6519716270799207,1.150833819436878,0.30611238839626437,1.5480283729200794,True,1.5480283729200794,True,1.5480283729200794,True,2.2,False,2.2,False,2.2,False,2.2,False,1.8740141864600397,2.047968035560797,True,True,0.5,0.23318800715321125,1.5480283729200794,wind_stuck_7_days,2017
12622,US-SRG,US-SRC,2017-08-25,3.21488646,2.7,2.7,-0.35909608832388595,0.35909608832388595,0.12057386818073462,0.34740542929059975,-0.006878984330007512,0.002180379223468672,-0.004131158068303865,-0.35909608832388595,1.150833819436878,0.30611238839626437,2.340903911676114,True,2.340903911676114,True,2.340903911676114,True,2.7,False,2.7,False,2.340903911676114,True,2.7,False,2.520451955838057,2.5359874819154884,True,True,0.5,0.4567371336459143,2.340903911676114,wind_stuck_7_days,2017
12623,US-SRG,US-SRC,2017-09-10,1.57074286,1.8,1.8,-0.05871497617645651,0.05871497617645651,0.2179630897349081,0.5404796615479215,-0.0001469787920161171,0.006052137436214885,-0.004131158068303865,0.05871497617645652,1.150833819436878,0.30611238839626437,1.7412850238235436,True,1.7412850238235436,True,1.7412850238235436,True,1.8,False,1.8,False,1.7412850238235436,True,1.8,False,1.7706425119117717,1.7412850238235436,True,True,0.5,1.0,1.7412850238235436,wind_stuck_7_days,2017
12624,US-SRG,US-SRC,2017-09-11,1.25108109,1.1,1.1,0.013468578851986351,0.013468578851986351,0.14674779494972856,0.45151889307984366,0.025296555759319796,0.020310886800116786,-0.004131158068303865,0.013468578851986351,1.150833819436878,0.30611238839626437,1.1134685788519865,True,1.1134685788519865,True,1.1134685788519865,True,1.1134685788519865,True,1.1134685788519865,True,1.1134685788519865,True,1.1,False,1.1067342894259933,1.1134685788519865,True,True,0.5,1.0,1.1134685788519865,wind_stuck_7_days,2017
12625,US-SRG,US-SRC,2017-09-18,1.02689455,0.9,0.9,0.06388421536758365,0.06388421536758365,0.12609403765535673,0.3798787220080964,0.02298982817648017,0.020310886800116786,-0.004131158068303865,0.06388421536758365,1.150833819436878,0.30611238839626437,0.9638842153675837,True,0.9638842153675837,True,0.9638842153675837,True,0.9638842153675837,True,0.9638842153675837,True,0.9638842153675837,True,0.9,False,0.9319421076837918,0.9638842153675837,True,True,0.5,1.0,0.9638842153675837,wind_stuck_7_days,2017
12626,US-SRG,US-SRC,2017-09-26,0.70333237,0.6,0.6,-0.12315519423079191,0.12315519423079191,0.15581334311185613,0.31084928154517755,0.02298982817648017,0.020310886800116786,-0.004131158068303865,-0.12315519423079191,1.150833819436878,0.30611238839626437,0.47684480576920807,True,0.47684480576920807,True,0.47684480576920807,True,0.47684480576920807,True,0.47684480576920807,True,0.47684480576920807,True,0.6,False,0.5384224028846041,0.47684480576920807,True,True,0.5,1.0,0.47684480576920807,wind_stuck_7_days,2017
12627,US-SRG,US-SRC,2017-10-04,0.57678342,0.2,0.2,0.28461446616921443,0.28461446616921443,0.16464446417301382,0.3977566680452559,0.058886019291348506,0.0682331824634558,0.010422306295558178,0.28461446616921443,1.150833819436878,0.30611238839626437,0.48461446616921444,True,0.48461446616921444,True,0.48461446616921444,True,0.48461446616921444,True,0.48461446616921444,True,0.48461446616921444,True,0.48461446616921444,True,0.3423072330846072,0.39279453698844446,True,True,0.5,0.6773883969545685,0.48461446616921444,wind_stuck_7_days,2017
12628,US-SRG,US-SRC,2017-10-05,0.62136938,0.7,0.7,0.0627566199774171,0.0627566199774171,0.14587557265149656,0.3866093520572746,0.02298982817648017,0.020310886800116786,-0.004131158068303865,-0.0627566199774171,1.150833819436878,0.30611238839626437,0.7627566199774171,True,0.7627566199774171,True,0.7627566199774171,True,0.7627566199774171,True,0.7627566199774171,True,0.7627566199774171,True,0.7,False,0.7313783099887086,0.7627566199774171,True,True,0.5,1.0,0.7627566199774171,wind_stuck_7_days,2017
12629,US-SRG,US-SRC,2017-10-12,0.4743123,0.2,0.2,0.24546168102226923,0.24546168102226923,0.16709359954371136,0.3986469381249424,0.05063916766871868,0.05535913094198325,0.010422306295558178,0.24546168102226923,1.150833819436878,0.30611238839626437,0.44546168102226924,True,0.44546168102226924,True,0.44546168102226924,True,0.44546168102226924,True,0.44546168102226924,True,0.44546168102226924,True,0.44546168102226924,True,0.32273084051113465,0.40645826165472587,True,True,0.5,0.8411017996572554,0.44546168102226924,wind_stuck_7_days,2017
12630,US-SRG,US-SRC,2017-10-13,0.60295762,0.2,0.2,0.055367671072162415,0.055367671072162415,0.1381223815224522,0.34052437405592084,0.030265690032850304,0.022614397827126317,0.010422306295558178,0.055367671072162394,1.150833819436878,0.30611238839626437,0.2553676710721624,True,0.2553676710721624,True,0.2553676710721624,True,0.2553676710721624,True,0.2553676710721624,True,0.2553676710721624,True,0.2553676710721624,True,0.2276838355360812,0.2553676710721624,True,True,0.5,1.0,0.2553676710721624,wind_stuck_7_days,2017
12631,US-SRG,US-SRC,2017-10-20,0.44677794,0.1,0.1,0.23663842498797721,0.23663842498797721,0.17960767565075347,0.4470764006676834,0.052945895251558316,0.05535913094198325,0.010422306295558178,0.23663842498797721,1.150833819436878,0.30611238839626437,0.33663842498797725,True,0.33663842498797725,True,0.33663842498797725,True,0.33663842498797725,True,0.33663842498797725,True,0.33663842498797725,True,0.33663842498797725,True,0.2183192124939886,0.3247868149531183,True,True,0.5,0.9499167980201817,0.33663842498797725,wind_stuck_7_days,2017
12632,US-SRG,US-SRC,2017-10-21,0.33446061,0.1,0.1,-0.010463497460824495,0.010463497460824495,0.08482195783283311,0.3325275039944649,0.030265690032850304,0.022614397827126317,0.00850600182069552,-0.010463497460824506,1.150833819436878,0.30611238839626437,0.08953650253917551,True,0.08953650253917551,True,0.08953650253917551,True,0.08953650253917551,True,0.08953650253917551,True,0.08953650253917551,True,0.08953650253917551,True,0.09476825126958775,0.08953650253917551,True,True,0.5,1.0,0.08953650253917551,wind_stuck_7_days,2017
12633,US-SRG,US-SRC,2017-10-28,0.34848105,0.3,0.3,-0.11450133116021713,0.11450133116021713,0.06937154090128851,0.19584074750859076,0.02111940667872665,0.015555014461246476,-0.006047462543166524,-0.11450133116021713,1.150833819436878,0.30611238839626437,0.18549866883978286,True,0.18549866883978286,True,0.18549866883978286,True,0.18549866883978286,True,0.18549866883978286,True,0.18549866883978286,True,0.3,False,0.24274933441989144,0.18549866883978286,True,True,0.5,1.0,0.18549866883978286,wind_stuck_7_days,2017
12634,US-SRG,US-SRC,2017-10-29,0.36068086,0.1,0.1,0.1472959142162264,0.1472959142162264,0.12262966760029641,0.4373996657298119,0.030265690032850304,0.022614397827126317,0.010422306295558178,0.1472959142162264,1.150833819436878,0.30611238839626437,0.2472959142162264,True,0.2472959142162264,True,0.2472959142162264,True,0.2472959142162264,True,0.2472959142162264,True,0.2472959142162264,True,0.2472959142162264,True,0.1736479571081132,0.2472959142162264,True,True,0.5,1.0,0.2472959142162264,wind_stuck_7_days,2017
12635,US-SRG,US-SRC,2017-11-05,0.26518659,0.3,0.3,-0.007684806778415018,0.007684806778415018,0.0774422444873294,0.3518934618573523,0.02111940667872665,0.015555014461246476,-0.006047462543166524,0.007684806778415019,1.150833819436878,0.30611238839626437,0.29231519322158495,True,0.29231519322158495,True,0.29231519322158495,True,0.29231519322158495,True,0.29231519322158495,True,0.29231519322158495,True,0.3,False,0.2961575966107925,0.29231519322158495,True,True,0.5,1.0,0.29231519322158495,wind_stuck_7_days,2017
12636,US-SRG,US-SRC,2017-11-13,0.42901097,0.1,0.1,0.08137279920501794,0.08137279920501794,0.09825011131913562,0.34002007844552207,0.030265690032850304,0.022614397827126317,0.00850600182069552,0.08137279920501794,1.150833819436878,0.30611238839626437,0.18137279920501795,True,0.18137279920501795,True,0.18137279920501795,True,0.18137279920501795,True,0.18137279920501795,True,0.18137279920501795,True,0.18137279920501795,True,0.14068639960250898,0.18137279920501795,True,True,0.5,1.0,0.18137279920501795,wind_stuck_7_days,2017
12637,US-SRG,US-SRC,2017-11-14,0.45056768,0.0,0.0,0.07581342687496304,0.07581342687496304,0.06904190895949705,0.36477845100665546,0.07919889780366343,0.07871944020725558,0.00850600182069552,0.07581342687496306,1.150833819436878,0.30611238839626437,0.07581342687496304,True,0.07581342687496304,True,0.07581342687496304,True,0.07581342687496304,True,0.07581342687496304,True,0.07581342687496304,True,0.07581342687496304,True,0.03790671343748152,0.07581342687496304,True,True,0.5,1.0,0.07581342687496304,wind_stuck_7_days,2017
12638,US-SRG,US-SRC,2017-11-21,0.1823372,0.6,0.6,-0.29194424353178106,0.29194424353178106,0.09930616358953119,0.21438366256945357,0.02298982817648017,0.029101904401739168,-0.006047462543166524,0.29194424353178106,1.150833819436878,0.30611238839626437,0.3080557564682189,True,0.3080557564682189,True,0.3080557564682189,True,0.3080557564682189,True,0.3080557564682189,True,0.3080557564682189,True,0.6,False,0.45402787823410945,0.34677123216094385,True,True,0.5,0.8673874325303819,0.3080557564682189,wind_stuck_7_days,2017
12639,US-SRG,US-SRC,2017-12-15,0.08505702,0.2,0.2,0.062056741721133415,0.062056741721133415,0.10769644954752845,0.31276276004351605,0.030265690032850304,0.022614397827126317,0.00850600182069552,-0.062056741721133415,1.150833819436878,0.30611238839626437,0.2620567417211334,True,0.2620567417211334,True,0.2620567417211334,True,0.2620567417211334,True,0.2620567417211334,True,0.2620567417211334,True,0.2620567417211334,True,0.2310283708605667,0.2620567417211334,True,True,0.5,1.0,0.2620567417211334,wind_stuck_7_days,2017
12640,US-SRG,US-SRC,2017-12-24,0.57983109,0.2,0.2,-0.029684206796692,0.029684206796692,0.12698192118938967,0.37901434385428795,0.030265690032850304,0.022614397827126317,0.00850600182069552,-0.02968420679669198,1.150833819436878,0.30611238839626437,0.170315793203308,True,0.170315793203308,True,0.170315793203308,True,0.170315793203308,True,0.170315793203308,True,0.170315793203308,True,0.170315793203308,True,0.18515789660165402,0.170315793203308,True,True,0.5,1.0,0.170315793203308,wind_stuck_7_days,2017
12641,US-SRG,US-SRC,2017-12-31,0.32240355,0.1,0.1,0.1886559597996759,0.1886559597996759,0.14361143061777729,0.41412894950455437,0.030265690032850304,0.022614397827126317,0.00850600182069552,0.1886559597996759,1.150833819436878,0.30611238839626437,0.2886559597996759,True,0.2886559597996759,True,0.2886559597996759,True,0.2886559597996759,True,0.2886559597996759,True,0.2886559597996759,True,0.2886559597996759,True,0.19432797989983797,0.2886559597996759,True,True,0.5,1.0,0.2886559597996759,wind_stuck_7_days,2017
13169,US-SRM,US-SRC,2017-01-05,0.61509659,0.6,0.6,0.20751201088193721,0.20751201088193721,0.08522076106672373,0.323444465019092,0.02298982817648017,0.024011823229732186,-0.006047462543166524,-0.17731883088193706,1.150833819436878,0.30611238839626437,0.8075120108819371,True,0.8075120108819371,True,0.8075120108819371,True,0.8075120108819371,True,0.8075120108819371,True,0.8075120108819371,True,0.6,False,0.7037560054409686,0.7602405203242675,True,True,0.5,0.772198773667301,0.8075120108819371,wind_stuck_7_days,2017
13170,US-SRM,US-SRC,2017-01-29,0.70555937,0.7,0.7,-0.44645363941596045,0.44645363941596045,0.1366065367054755,0.3069900191509133,0.04374615695574217,0.05661956082043549,-0.006047462543166524,-0.44645363941596045,1.150833819436878,0.30611238839626437,0.2535463605840395,True,0.2535463605840395,True,0.2535463605840395,True,0.2535463605840395,True,0.2535463605840395,True,0.2535463605840395,True,0.7,False,0.47677318029201976,0.3746623980214517,True,True,0.5,0.7287153093972911,0.2535463605840395,wind_stuck_7_days,2017
13171,US-SRM,US-SRC,2017-01-30,0.54106822,0.3,0.3,0.02867149407840275,0.02867149407840275,0.12104854873927892,0.3647535150166146,0.02111940667872665,0.015555014461246476,-0.006047462543166524,0.02867149407840275,1.150833819436878,0.30611238839626437,0.32867149407840274,True,0.32867149407840274,True,0.32867149407840274,True,0.32867149407840274,True,0.32867149407840274,True,0.32867149407840274,True,0.3,False,0.31433574703920136,0.32867149407840274,True,True,0.5,1.0,0.32867149407840274,wind_stuck_7_days,2017
13172,US-SRM,US-SRC,2017-02-22,0.54144901,0.5,0.5,0.4825090140011884,0.4825090140011884,0.26414889695507593,0.6643958493952592,0.1044582608469167,0.10763348832750443,-0.006047462543166524,-0.3996109940011884,1.150833819436878,0.30611238839626437,0.9825090140011884,True,0.9825090140011884,True,0.9825090140011884,True,0.9825090140011884,True,0.9825090140011884,True,0.9825090140011884,True,0.5,False,0.7412545070005943,0.9207936302599304,True,True,0.5,0.8720948584369744,0.9825090140011884,wind_stuck_7_days,2017
13173,US-SRM,US-SRC,2017-03-02,0.3086544,0.9,0.9,-0.3933929259406995,0.3933929259406995,0.10287774775311431,0.34574825651657987,0.02298982817648017,0.02540096797212377,-0.004131158068303865,0.3933929259406995,1.150833819436878,0.30611238839626437,0.5066070740593005,True,0.5066070740593005,True,0.5066070740593005,True,0.5066070740593005,True,0.5066070740593005,True,0.5066070740593005,True,0.9,False,0.7033035370296503,0.6750150755396033,True,True,0.5,0.5719089226691159,0.5066070740593005,wind_stuck_7_days,2017
13174,US-SRM,US-SRC,2017-03-10,0.35662499,0.7,0.7,-0.022358610137572302,0.022358610137572302,0.10497693739880373,0.44955018514336287,0.025296555759319796,0.020310886800116786,-0.004131158068303865,0.022358610137572288,1.150833819436878,0.30611238839626437,0.6776413898624276,True,0.6776413898624276,True,0.6776413898624276,True,0.6776413898624276,True,0.6776413898624276,True,0.6776413898624276,True,0.7,False,0.6888206949312138,0.6776413898624276,True,True,0.5,1.0,0.6776413898624276,wind_stuck_7_days,2017
13175,US-SRM,US-SRC,2017-03-18,0.46146441,1.1,1.1,-0.407251719520718,0.407251719520718,0.1546764768561581,0.5586302724306594,0.023736435567493632,0.030531479447755708,-0.004131158068303865,0.407251719520718,1.150833819436878,0.30611238839626437,0.6927482804792822,True,0.6927482804792822,True,0.6927482804792822,True,0.6927482804792822,True,0.6927482804792822,True,0.6927482804792822,True,1.1,False,0.8963741402396411,0.9032175023366404,True,True,0.5,0.48319623523001193,0.6927482804792822,wind_stuck_7_days,2017
13176,US-SRM,US-SRC,2017-04-03,0.6056827,1.7,1.7,-0.6408938116156341,0.6408938116156341,0.07669567670938585,0.379007690683896,-0.09660976217676219,-0.1401733418060081,-0.004131158068303865,0.6408938116156341,1.150833819436878,0.30611238839626437,1.0591061883843658,True,1.0591061883843658,True,1.0591061883843658,True,1.7,False,1.7,False,1.7,False,1.7,False,1.379553094192183,1.6483383544188586,True,True,0.5,0.08060874460763987,1.0591061883843658,wind_stuck_7_days,2017
13177,US-SRM,US-SRC,2017-04-11,0.39890579,1.9,1.9,-1.3798050699863584,1.3798050699863584,0.1498909384330196,0.5810343542066378,-0.04981199213382263,-0.06106597815539077,-0.045735128972681796,1.3798050699863584,1.150833819436878,0.30611238839626437,0.5201949300136415,True,0.5201949300136415,True,0.5201949300136415,True,1.9,False,1.9,False,1.9,False,1.9,False,1.2100974650068208,1.8944814184968035,True,True,0.5,0.003999537052904873,0.5201949300136415,wind_stuck_7_days,2017
13178,US-SRM,US-SRC,2017-04-19,0.50644572,1.6,1.6,-0.747667481051536,0.747667481051536,0.15041502341224083,0.42512323816936687,-0.19739563038154723,-0.15398296973968095,-0.0190250178902289,0.747667481051536,1.150833819436878,0.30611238839626437,0.8523325189484641,True,0.8523325189484641,True,0.8523325189484641,True,1.6,False,1.6,False,1.6,False,1.6,False,1.226166259474232,1.4951004256213962,True,True,0.5,0.14030244331486888,0.8523325189484641,wind_stuck_7_days,2017
13179,US-SRM,US-SRC,2017-05-05,0.33324956,1.5,1.5,-0.7798312593999632,0.7798312593999632,0.14486209765053054,0.4989149748003162,-0.016883678897456,-0.03731798248895282,-0.16007054340213545,0.7798312593999632,1.150833819436878,0.30611238839626437,0.7201687406000368,True,0.7201687406000368,True,0.7201687406000368,True,1.5,False,1.5,False,1.5,False,1.5,False,1.1100843703000183,1.2654369080267966,True,True,0.5,0.30078698326826064,0.7201687406000368,wind_stuck_7_days,2017
13180,US-SRM,US-SRC,2017-05-13,0.37356151,0.7,0.7,-0.12497685575383137,0.12497685575383137,0.11843461147192058,0.33713892263087736,-0.0013700831627237442,-0.0011498693431408714,-0.030593619422944873,0.12497685575383138,1.150833819436878,0.30611238839626437,0.5750231442461686,True,0.5750231442461686,True,0.5750231442461686,True,0.7,False,0.7,False,0.7,False,0.7,False,0.6375115721230843,0.5750231442461686,True,True,0.5,1.0,0.5750231442461686,wind_stuck_7_days,2017
13181,US-SRM,US-SRC,2017-05-21,0.42260875,1.2,1.2,-0.6066229606794381,0.6066229606794381,0.1888566373409885,0.3212535242148194,0.01938624561653821,0.036932695858336945,-0.11056389333385658,0.6066229606794381,1.150833819436878,0.30611238839626437,0.5933770393205618,True,0.5933770393205618,True,0.5933770393205618,True,0.5933770393205618,True,0.5933770393205618,True,0.5933770393205618,True,1.2,False,0.896688519660281,1.0154650387818136,True,True,0.5,0.30420042296371536,0.5933770393205618,wind_stuck_7_days,2017
13182,US-SRM,US-SRC,2017-05-29,0.39273346,2.8,2.8,-0.7748547034924216,0.7748547034924216,0.21680802778097757,0.6128679022125059,-0.12669510535710438,-0.1562705131312962,-0.02467247348154498,0.7748547034924216,1.150833819436878,0.30611238839626437,2.0251452965075782,True,2.0251452965075782,True,2.0251452965075782,True,2.8,False,2.8,False,2.8,False,2.8,False,2.4125726482537893,2.7040711305295426,True,True,0.5,0.12380239680818497,2.0251452965075782,wind_stuck_7_days,2017
13183,US-SRM,US-SRC,2017-06-14,0.38787723,1.0,1.0,-0.29146765988186984,0.29146765988186984,0.18412109415686495,0.4246135664041798,-0.0013700831627237442,-0.0011498693431408714,-0.030593619422944873,0.29146765988186984,1.150833819436878,0.30611238839626437,0.7085323401181302,True,0.7085323401181302,True,0.7085323401181302,True,1.0,False,1.0,False,1.0,False,1.0,False,0.854266170059065,0.8728122501133528,True,True,0.5,0.43637002451042295,0.7085323401181302,wind_stuck_7_days,2017
13184,US-SRM,US-SRC,2017-06-22,0.33736077,1.6,1.6,-0.2747242233351777,0.2747242233351777,0.24800321525850375,0.4994514884389016,-0.03388781085278347,-0.04760307715102739,-0.030593619422944873,0.27472422333517765,1.150833819436878,0.30611238839626437,1.3252757766648224,True,1.3252757766648224,True,1.3252757766648224,True,1.6,False,1.6,False,1.6,False,1.6,False,1.4626378883324112,1.6,True,False,0.5,0.0,1.5804584127956474,wind_stuck_7_days,2017
13185,US-SRM,US-SRC,2017-06-23,0.39505678,0.5,0.5,-0.030732986246669668,0.030732986246669668,0.17996035032268323,0.4776079767918609,0.009691408567054673,0.0013393519308338485,-0.030593619422944873,0.030732986246669675,1.150833819436878,0.30611238839626437,0.46926701375333035,True,0.46926701375333035,True,0.46926701375333035,True,0.46926701375333035,True,0.46926701375333035,True,0.46926701375333035,True,0.5,False,0.4846335068766652,0.4840773926798946,True,True,0.5,0.5180950263767754,0.394427309198243,wind_stuck_7_days,2017
13186,US-SRM,US-SRC,2017-06-30,0.34328321,0.8,0.8,-0.25048919748807574,0.25048919748807574,0.14304605451831767,0.3283078676309591,-0.0013700831627237442,-0.0011498693431408714,-0.030593619422944873,0.25048919748807574,1.150833819436878,0.30611238839626437,0.5495108025119243,True,0.5495108025119243,True,0.5495108025119243,True,0.8,False,0.8,False,0.8,False,0.8,False,0.6747554012559622,0.6700132319087839,True,True,0.5,0.5189316321611193,0.5495108025119243,wind_stuck_7_days,2017
13187,US-SRM,US-SRC,2017-07-08,0.30708147,1.0,1.0,0.20927733136836082,0.20927733136836082,0.13164774049147845,0.4205234920274562,-0.0013700831627237442,-0.0011498693431408714,-0.00977861365961994,-0.2092773313683608,1.150833819436878,0.30611238839626437,1.209277331368361,True,1.209277331368361,True,1.209277331368361,True,1.0,False,1.0,False,1.0,False,1.0,False,1.1046386656841805,1.1520899646060423,True,True,0.5,0.7267388379410299,1.209277331368361,wind_stuck_7_days,2017
13188,US-SRM,US-SRC,2017-07-16,3.67669569,1.5,1.5,1.935810885232399,1.935810885232399,0.5847282625236147,0.7295574242490934,0.6684842982003755,0.5549894194800747,-1.2703549044145543,1.935810885232399,1.150833819436878,0.30611238839626437,3.435810885232399,True,1.5,False,3.435810885232399,True,3.435810885232399,True,3.435810885232399,True,3.435810885232399,True,1.5,False,2.4679054426161997,2.7422618373996124,True,True,0.5,0.6417268581742042,3.435810885232399,wind_stuck_7_days,2017
13189,US-SRM,US-SRC,2017-08-09,2.75418714,3.3,3.3,0.07841518687808804,0.07841518687808804,0.10845760388717006,0.4982146782297912,-0.025373647730445884,-0.025567010172913667,-0.004131158068303865,-0.07841518687808802,1.150833819436878,0.30611238839626437,3.378415186878088,True,3.378415186878088,True,3.378415186878088,True,3.3,False,3.3,False,3.3,False,3.3,False,3.3392075934390437,3.378415186878088,True,True,0.5,1.0,3.378415186878088,wind_stuck_7_days,2017
13190,US-SRM,US-SRC,2017-08-17,2.00009119,2.4,2.4,-0.9005172980774091,0.9005172980774091,0.18601789514584788,0.37589341293753575,-0.23366450395352395,-0.16426866888613545,-0.0190250178902289,-0.10069967807740932,1.150833819436878,0.30611238839626437,1.4994827019225907,True,1.4994827019225907,True,1.4994827019225907,True,2.4,False,2.4,False,2.4,False,2.4,False,1.9497413509612953,2.4,True,False,0.5,0.0,1.4994827019225907,wind_stuck_7_days,2017
13191,US-SRM,US-SRC,2017-08-25,1.4870013,2.5,2.5,-0.43161926437586756,0.43161926437586756,0.16309195635072557,0.32402167796086806,-0.009151471268356418,0.00039091784771439007,-0.004131158068303865,0.4316192643758676,1.150833819436878,0.30611238839626437,2.0683807356241326,True,2.0683807356241326,True,2.0683807356241326,True,2.5,False,2.5,False,2.0683807356241326,True,2.5,False,2.2841903678120663,2.372267963477591,True,True,0.5,0.2959368292031928,2.0683807356241326,wind_stuck_7_days,2017
13192,US-SRM,US-SRC,2017-09-10,0.81683266,2.0,2.0,-0.08227447938853268,0.08227447938853268,0.16951035449797291,0.41443435011370156,-0.00016183873425949812,0.004467922615083889,-0.004131158068303865,0.0822744793885326,1.150833819436878,0.30611238839626437,1.9177255206114674,True,1.9177255206114674,True,1.9177255206114674,True,2.0,False,2.0,False,1.9177255206114674,True,2.0,False,1.9588627603057336,1.9177255206114674,True,True,0.5,1.0,1.9177255206114674,wind_stuck_7_days,2017
13193,US-SRM,US-SRC,2017-09-11,0.60451737,0.9,0.9,-0.07036715465447435,0.07036715465447435,0.11820248916713776,0.4992098430634309,0.025296555759319796,0.020310886800116786,-0.004131158068303865,0.07036715465447435,1.150833819436878,0.30611238839626437,0.8296328453455257,True,0.8296328453455257,True,0.8296328453455257,True,0.8296328453455257,True,0.8296328453455257,True,0.8296328453455257,True,0.9,False,0.8648164226727628,0.8296328453455257,True,True,0.5,1.0,0.8296328453455257,wind_stuck_7_days,2017
13194,US-SRM,US-SRC,2017-09-18,0.51678962,1.8,1.8,-0.6040402860767726,0.6040402860767726,0.13710005452768093,0.355225325470702,-0.059058157791246374,-0.04519143775967629,-0.004131158068303865,0.6040402860767726,1.150833819436878,0.30611238839626437,1.1959597139232274,True,1.1959597139232274,True,1.1959597139232274,True,1.8,False,1.8,False,1.8,False,1.8,False,1.4979798569616136,1.7458445510943954,True,True,0.5,0.08965535934257483,1.1959597139232274,wind_stuck_7_days,2017
13195,US-SRM,US-SRC,2017-09-26,0.4153888,1.4,1.4,-0.522408316788379,0.522408316788379,0.14316181243521656,0.33681714073230495,0.04374615695574217,0.05503534599930449,-0.004131158068303865,0.522408316788379,1.150833819436878,0.30611238839626437,0.877591683211621,True,0.877591683211621,True,0.877591683211621,True,0.877591683211621,True,0.877591683211621,True,0.877591683211621,True,1.4,False,1.1387958416058104,1.1808637649967866,True,True,0.5,0.4194730978832841,0.877591683211621,wind_stuck_7_days,2017
13196,US-SRM,US-SRC,2017-10-04,0.33226769,1.0,1.0,-0.1527085363399871,0.1527085363399871,0.14153431741567302,0.3606456794996117,0.02298982817648017,0.020310886800116786,-0.004131158068303865,0.15270853633998704,1.150833819436878,0.30611238839626437,0.8472914636600128,True,0.8472914636600128,True,0.8472914636600128,True,0.8472914636600128,True,0.8472914636600128,True,0.8472914636600128,True,1.0,False,0.9236457318300064,0.8472914636600128,True,True,0.5,1.0,0.8472914636600128,wind_stuck_7_days,2017
13197,US-SRM,US-SRC,2017-10-12,0.27757962,1.0,1.0,-0.1077425487043965,0.1077425487043965,0.13836697226858807,0.4365160642785478,0.02298982817648017,0.020310886800116786,-0.004131158068303865,0.10774254870439648,1.150833819436878,0.30611238839626437,0.8922574512956035,True,0.8922574512956035,True,0.8922574512956035,True,0.8922574512956035,True,0.8922574512956035,True,0.8922574512956035,True,1.0,False,0.9461287256478017,0.8922574512956035,True,True,0.5,1.0,0.8922574512956035,wind_stuck_7_days,2017
13198,US-SRM,US-SRC,2017-10-13,0.30009483,0.9,0.9,-0.16158319673190308,0.16158319673190308,0.15915051343907988,0.31317416750419313,0.02298982817648017,0.020310886800116786,-0.004131158068303865,0.16158319673190308,1.150833819436878,0.30611238839626437,0.7384168032680969,True,0.7384168032680969,True,0.7384168032680969,True,0.7384168032680969,True,0.7384168032680969,True,0.7384168032680969,True,0.9,False,0.8192084016340485,0.7384168032680969,True,True,0.5,1.0,0.7384168032680969,wind_stuck_7_days,2017
13199,US-SRM,US-SRC,2017-10-20,0.12667658,0.8,0.8,-0.1289488437664947,0.1289488437664947,0.10598236140742487,0.46738270731835796,0.025296555759319796,0.020310886800116786,-0.004131158068303865,0.12894884376649474,1.150833819436878,0.30611238839626437,0.6710511562335053,True,0.6710511562335053,True,0.6710511562335053,True,0.6710511562335053,True,0.6710511562335053,True,0.6710511562335053,True,0.8,False,0.7355255781167527,0.6710511562335053,True,True,0.5,1.0,0.6710511562335053,wind_stuck_7_days,2017
13200,US-SRM,US-SRC,2017-10-28,0.26837897,1.1,1.1,-0.3302485669090471,0.3302485669090471,0.1299438793808366,0.3788608716885387,0.02298982817648017,0.026985182793254767,-0.006047462543166524,0.330248566909047,1.150833819436878,0.30611238839626437,0.769751433090953,True,0.769751433090953,True,0.769751433090953,True,0.769751433090953,True,0.769751433090953,True,0.769751433090953,True,1.1,False,0.9348757165454765,0.8632591418066673,True,True,0.5,0.7168565799061679,0.769751433090953,wind_stuck_7_days,2017
13201,US-SRM,US-SRC,2017-10-29,0.22730904,0.9,0.9,-0.22827287750162512,0.22827287750162512,0.10255856211624756,0.2666511107375943,0.02298982817648017,0.020310886800116786,-0.004131158068303865,0.22827287750162512,1.150833819436878,0.30611238839626437,0.671727122498375,True,0.671727122498375,True,0.671727122498375,True,0.671727122498375,True,0.671727122498375,True,0.671727122498375,True,0.9,False,0.7858635612491874,0.7533743773907913,True,True,0.5,0.6423260801457454,0.671727122498375,wind_stuck_7_days,2017
13202,US-SRM,US-SRC,2017-11-13,0.33841727,0.8,0.8,-0.09018780875837176,0.09018780875837176,0.13456190261189613,0.3518067701094764,0.02298982817648017,0.024011823229732186,-0.006047462543166524,0.09018780875837173,1.150833819436878,0.30611238839626437,0.7098121912416283,True,0.7098121912416283,True,0.7098121912416283,True,0.7098121912416283,True,0.7098121912416283,True,0.7098121912416283,True,0.8,False,0.7549060956208141,0.7098121912416283,True,True,0.5,1.0,0.7098121912416283,wind_stuck_7_days,2017
13203,US-SRM,US-SRC,2017-11-14,0.38344875,0.5,0.5,-0.05147351908476797,0.05147351908476797,0.10932871263146657,0.3021544787287304,0.01990945683715325,0.014345064619673073,-0.006047462543166524,0.051473519084767966,1.150833819436878,0.30611238839626437,0.448526480915232,True,0.448526480915232,True,0.448526480915232,True,0.448526480915232,True,0.448526480915232,True,0.448526480915232,True,0.5,False,0.47426324045761603,0.448526480915232,True,True,0.5,1.0,0.448526480915232,wind_stuck_7_days,2017
13204,US-SRM,US-SRC,2017-11-21,0.21373142,0.1,0.1,-0.03771121489091138,0.03771121489091138,0.07816372905851206,0.21157731296106957,0.030265690032850304,0.022614397827126317,0.00850600182069552,-0.037711214890911365,1.150833819436878,0.30611238839626437,0.062288785109088626,True,0.062288785109088626,True,0.062288785109088626,True,0.062288785109088626,True,0.062288785109088626,True,0.062288785109088626,True,0.062288785109088626,True,0.08114439255454431,0.062288785109088626,True,True,0.5,1.0,0.062288785109088626,wind_stuck_7_days,2017
13205,US-SRM,US-SRC,2017-12-15,0.14374248,0.6,0.6,-0.16792656287439045,0.16792656287439045,0.10217286715329094,0.3330154181408206,0.02298982817648017,0.024011823229732186,-0.006047462543166524,0.16792656287439045,1.150833819436878,0.30611238839626437,0.4320734371256095,True,0.4320734371256095,True,0.4320734371256095,True,0.4320734371256095,True,0.4320734371256095,True,0.4320734371256095,True,0.6,False,0.5160367185628048,0.4320734371256095,True,True,0.5,1.0,0.4320734371256095,wind_stuck_7_days,2017
13470,US-SRS,US-SRC,2017-01-05,0.63405676,0.5,0.5,0.24871672044797846,0.24871672044797846,0.08856032108262864,0.3073071357115153,0.03442108852028546,0.04062868606163283,-0.006047462543166524,0.019396799552021532,1.150833819436878,0.30611238839626437,0.7487167204479784,True,0.7487167204479784,True,0.7487167204479784,True,0.7487167204479784,True,0.7487167204479784,True,0.7487167204479784,True,0.5,False,0.6243583602239893,0.6830768514694465,True,True,0.5,0.736085821410382,0.7487167204479784,wind_stuck_7_days,2017
13471,US-SRS,US-SRC,2017-01-29,0.81251191,0.4,0.4,-0.21443609672890768,0.21443609672890768,0.15266133635150161,0.3030758777026224,0.02111940667872665,0.015722121443456923,-0.006047462543166524,-0.21443609672890773,1.150833819436878,0.30611238839626437,0.18556390327109235,True,0.18556390327109235,True,0.18556390327109235,True,0.18556390327109235,True,0.18556390327109235,True,0.18556390327109235,True,0.4,False,0.2927819516355462,0.23059429439787785,True,True,0.5,0.7900055456441487,0.18556390327109235,wind_stuck_7_days,2017
13472,US-SRS,US-SRC,2017-02-22,0.5743532,0.8,0.8,0.38872533053382785,0.38872533053382785,0.2256438857494573,0.666771396683493,0.027965919050117496,0.015407315022056766,-0.006047462543166524,-0.38872533053382785,1.150833819436878,0.30611238839626437,1.188725330533828,True,1.188725330533828,True,1.188725330533828,True,1.188725330533828,True,1.188725330533828,True,1.188725330533828,True,0.8,False,0.994362665266914,1.0245064476361532,True,True,0.5,0.5775451970877313,1.188725330533828,wind_stuck_7_days,2017
13473,US-SRS,US-SRC,2017-03-02,0.45461147,1.1,1.1,-0.5192660570902381,0.5192660570902381,0.10791343075504678,0.38842166139813167,0.04374615695574217,0.05503534599930449,-0.004131158068303865,0.5192660570902381,1.150833819436878,0.30611238839626437,0.580733942909762,True,0.580733942909762,True,0.580733942909762,True,0.580733942909762,True,0.580733942909762,True,0.580733942909762,True,1.1,False,0.840366971454881,0.8564316776496742,True,True,0.5,0.4690626684039133,0.580733942909762,wind_stuck_7_days,2017
13474,US-SRS,US-SRC,2017-03-10,0.56060032,0.9,0.9,-0.12026930302098963,0.12026930302098963,0.11082666103344926,0.4849840339333717,0.025296555759319796,0.020310886800116786,-0.004131158068303865,0.12026930302098965,1.150833819436878,0.30611238839626437,0.7797306969790104,True,0.7797306969790104,True,0.7797306969790104,True,0.7797306969790104,True,0.7797306969790104,True,0.7797306969790104,True,0.9,False,0.8398653484895052,0.7797306969790104,True,True,0.5,1.0,0.7797306969790104,wind_stuck_7_days,2017
13475,US-SRS,US-SRC,2017-03-18,0.58195935,1.5,1.5,-0.630750465830735,0.630750465830735,0.12118014844638046,0.48684237961062565,-0.010468057742266583,-0.030902361333763406,-0.004131158068303865,0.630750465830735,1.150833819436878,0.30611238839626437,0.869249534169265,True,0.869249534169265,True,0.869249534169265,True,1.5,False,1.5,False,1.5,False,1.5,False,1.1846247670846326,1.3651277666550454,True,True,0.5,0.21382819458931362,0.869249534169265,wind_stuck_7_days,2017
13476,US-SRS,US-SRC,2017-04-03,0.55088663,2.3,2.3,-0.8464047860270532,0.8464047860270532,0.09355330965604887,0.3959929300850195,-0.20999943634497084,-0.14542706479703016,-0.0190250178902289,0.8464047860270532,1.150833819436878,0.30611238839626437,1.4535952139729467,True,1.4535952139729467,True,1.4535952139729467,True,2.3,False,2.3,False,2.3,False,2.3,False,1.8767976069864734,2.205674529019401,True,True,0.5,0.11144250663249947,1.4535952139729467,wind_stuck_7_days,2017
13477,US-SRS,US-SRC,2017-04-11,0.43814381,2.1,2.1,-1.5039166260997914,1.5039166260997914,0.17251251868230716,0.5604695174306833,-0.4367988736089444,-0.420671568708199,-0.01759500746550177,1.5039166260997914,1.150833819436878,0.30611238839626437,0.5960833739002087,True,0.5960833739002087,True,0.5960833739002087,True,2.1,False,2.1,False,2.1,False,2.1,False,1.3480416869501044,2.1,True,False,0.5,0.0,0.5960833739002087,wind_stuck_7_days,2017
13478,US-SRS,US-SRC,2017-04-19,0.35264561,1.9,1.9,-0.9703544002261777,0.9703544002261777,0.16886008636366615,0.4667055390345813,-0.16727545928372806,-0.23482553035320014,-0.0190250178902289,0.9703544002261777,1.150833819436878,0.30611238839626437,0.9296455997738222,True,0.9296455997738222,True,0.9296455997738222,True,1.9,False,1.9,False,1.9,False,1.9,False,1.414822799886911,1.9,True,False,0.5,0.0,0.9296455997738222,wind_stuck_7_days,2017
13479,US-SRS,US-SRC,2017-04-20,0.46767679,1.0,1.0,-0.36399309472685026,0.36399309472685026,0.08882348012868971,0.37424968494601235,-0.0013700831627237442,-0.0011498693431408714,-0.00977861365961994,0.36399309472685026,1.150833819436878,0.30611238839626437,0.6360069052731497,True,0.6360069052731497,True,0.6360069052731497,True,1.0,False,1.0,False,1.0,False,1.0,False,0.8180034526365749,0.8061386469289172,True,True,0.5,0.5325962384439225,0.6360069052731497,wind_stuck_7_days,2017
13480,US-SRS,US-SRC,2017-05-05,0.42306622,1.8,1.8,-0.9116856113316546,0.9116856113316546,0.18270033927546137,0.5011910286138922,-0.16727545928372806,-0.23482553035320014,-0.16007054340213545,0.9116856113316546,1.150833819436878,0.30611238839626437,0.8883143886683454,True,0.8883143886683454,True,0.8883143886683454,True,1.8,False,1.8,False,1.8,False,1.8,False,1.3441571943341728,1.8,True,False,0.5,0.0,0.8883143886683454,wind_stuck_7_days,2017
13481,US-SRS,US-SRC,2017-05-06,0.73439164,1.1,1.1,-0.09311780479016404,0.09311780479016404,0.11973233832567018,0.5152617114438683,0.0009366444201158849,-0.0011498693431408714,-0.030593619422944873,0.09311780479016407,1.150833819436878,0.30611238839626437,1.0068821952098361,True,1.0068821952098361,True,1.0068821952098361,True,1.0068821952098361,True,1.0068821952098361,True,1.1,False,1.1,False,1.053441097604918,1.0068821952098361,True,True,0.5,1.0,1.0068821952098361,wind_stuck_7_days,2017
13482,US-SRS,US-SRC,2017-05-21,0.54151374,1.7,1.7,-0.9156341129238197,0.9156341129238197,0.22346679521613186,0.4333674704292633,-0.2763093863453546,-0.23482553035320014,-0.16007054340213545,0.9156341129238197,1.150833819436878,0.30611238839626437,0.7843658870761803,True,0.7843658870761803,True,0.7843658870761803,True,1.7,False,1.7,False,1.7,False,1.7,False,1.24218294353809,1.7,True,False,0.5,0.0,0.7843658870761803,wind_stuck_7_days,2017
13483,US-SRS,US-SRC,2017-05-29,0.57825611,2.5,2.5,-0.8272026518266766,0.8272026518266766,0.21757009318490703,0.6456751586697772,-0.05355441054474432,-0.15398296973968095,-0.02467247348154498,0.8272026518266766,1.150833819436878,0.30611238839626437,1.6727973481733234,True,1.6727973481733234,True,1.6727973481733234,True,2.5,False,2.5,False,2.5,False,2.5,False,2.0863986740866616,2.2959865670380477,True,True,0.5,0.24663053546967958,1.6727973481733234,wind_stuck_7_days,2017
13484,US-SRS,US-SRC,2017-06-06,0.46007107,1.4,1.4,-0.6913713058071332,0.6913713058071332,0.14722145344610482,0.4328919166043897,-0.019190406480295626,-0.03731798248895282,-0.16007054340213545,0.6913713058071332,1.150833819436878,0.30611238839626437,0.7086286941928667,True,0.7086286941928667,True,0.7086286941928667,True,1.4,False,1.4,False,1.4,False,1.4,False,1.0543143470964333,1.2038039757873475,True,True,0.5,0.2837780835922972,0.7086286941928667,wind_stuck_7_days,2017
13485,US-SRS,US-SRC,2017-06-07,1.04703043,3.9,3.9,-0.3067724861382377,0.3067724861382377,0.34081970552622537,0.6246798682434773,-0.0542225101120735,-0.05390720042002518,-0.030593619422944873,0.3067724861382377,1.150833819436878,0.30611238839626437,3.593227513861762,True,3.9,False,3.593227513861762,True,3.9,False,3.9,False,3.9,False,3.9,False,3.746613756930881,3.9,True,False,0.5,0.0,3.593227513861762,wind_stuck_7_days,2017
13486,US-SRS,US-SRC,2017-06-14,0.35853277,1.9,1.9,-0.42196557504022786,0.42196557504022786,0.29525314128804897,0.5854189263239958,-0.04364994684778254,-0.044955648304661984,-0.030593619422944873,0.4219655750402278,1.150833819436878,0.30611238839626437,1.478034424959772,True,1.478034424959772,True,1.478034424959772,True,1.9,False,1.9,False,1.9,False,1.9,False,1.689017212479886,1.8279293103855012,True,True,0.5,0.17079755761504448,1.478034424959772,wind_stuck_7_days,2017
13487,US-SRS,US-SRC,2017-07-08,0.28925301,1.4,1.4,0.023385115550470327,0.023385115550470327,0.11674424453507388,0.44263175396902527,0.0009366444201158849,-0.0011498693431408714,-0.00977861365961994,-0.023385115550470292,1.150833819436878,0.30611238839626437,1.4233851155504702,True,1.4233851155504702,True,1.4233851155504702,True,1.4233851155504702,True,1.4233851155504702,True,1.4,False,1.4,False,1.411692557775235,1.4233851155504702,True,True,0.5,1.0,1.4233851155504702,wind_stuck_7_days,2017
13488,US-SRS,US-SRC,2017-07-09,1.37798557,1.9,1.9,1.1437292258940466,1.1437292258940466,0.25533407616794657,0.4819006321103222,-0.047944953298353396,-0.06970718568006304,-0.07320608919246006,-1.1437292258940466,1.150833819436878,0.30611238839626437,3.0437292258940465,True,3.0437292258940465,True,3.0437292258940465,True,1.9,False,1.9,False,1.9,False,1.9,False,2.471864612947023,2.3667405185235806,True,True,0.5,0.4080865540169546,3.0437292258940465,wind_stuck_7_days,2017
13489,US-SRS,US-SRC,2017-07-16,3.51742432,1.6,1.6,1.9114874637203652,1.9114874637203652,0.5745586412804287,0.7335008315029651,0.6246931372131462,0.5014473356621604,-0.9614713508527489,1.9114874637203652,1.150833819436878,0.30611238839626437,3.511487463720365,True,1.6,False,3.511487463720365,True,3.511487463720365,True,3.511487463720365,True,3.511487463720365,True,1.6,False,2.5557437318601828,2.822742111732816,True,True,0.5,0.6396809473984043,3.511487463720365,wind_stuck_7_days,2017
13490,US-SRS,US-SRC,2017-08-09,2.70670407,3.2,3.2,0.07436896031364697,0.07436896031364697,0.10613913516643117,0.4980603485523233,-0.025373647730445884,-0.025567010172913667,-0.004131158068303865,-0.07436896031364693,1.150833819436878,0.30611238839626437,3.274368960313647,True,3.274368960313647,True,3.274368960313647,True,3.2,False,3.2,False,3.2,False,3.2,False,3.2371844801568237,3.274368960313647,True,True,0.5,1.0,3.274368960313647,wind_stuck_7_days,2017
13491,US-SRS,US-SRC,2017-08-17,2.75353513,2.9,2.9,-0.9684158000651178,0.9684158000651178,0.19746760442558647,0.391084300489723,-0.23366450395352395,-0.1665562122777507,-0.0190250178902289,-0.6754860600651179,1.150833819436878,0.30611238839626437,1.931584199934882,True,1.931584199934882,True,1.931584199934882,True,2.9,False,2.9,False,2.9,False,2.9,False,2.415792099967441,2.9,True,False,0.5,0.0,1.931584199934882,wind_stuck_7_days,2017
13492,US-SRS,US-SRC,2017-08-26,4.0882061,1.8,1.8,0.4226551774306576,0.4226551774306576,0.22869659125366149,0.6170786538448387,-0.0023593979043640134,0.0005804522300034746,-0.004131158068303865,0.4226551774306575,1.150833819436878,0.30611238839626437,2.2226551774306578,True,2.2226551774306578,True,2.2226551774306578,True,1.8,False,1.8,False,2.2226551774306578,True,1.8,False,2.011327588715329,2.0295287981936085,True,True,0.5,0.5430639690466492,2.2226551774306578,wind_stuck_7_days,2017
13493,US-SRS,US-SRC,2017-09-18,0.89187966,2.0,2.0,-0.6675333474725827,0.6675333474725827,0.14024393980326177,0.35958783458639576,-0.11094812063862976,-0.1401733418060081,-0.0190250178902289,0.6675333474725827,1.150833819436878,0.30611238839626437,1.3324666525274171,True,1.3324666525274171,True,1.3324666525274171,True,2.0,False,2.0,False,2.0,False,2.0,False,1.6662333262637086,1.9194687555125363,True,True,0.5,0.12064003213078628,1.3324666525274171,wind_stuck_7_days,2017
13494,US-SRS,US-SRC,2017-09-26,0.70702639,1.7,1.7,-0.6352934749403912,0.6352934749403912,0.1764814754649545,0.367770754815545,-0.022120251177724294,-0.053164516078836856,-0.004131158068303865,0.6352934749403912,1.150833819436878,0.30611238839626437,1.0647065250596088,True,1.0647065250596088,True,1.0647065250596088,True,1.7,False,1.7,False,1.7,False,1.7,False,1.3823532625298043,1.542714659020337,True,True,0.5,0.24757902793574393,1.0647065250596088,wind_stuck_7_days,2017
13495,US-SRS,US-SRC,2017-10-04,0.58953333,1.2,1.2,-0.26264469813020963,0.26264469813020963,0.13695923358677053,0.31786865129557385,0.02298982817648017,0.020310886800116786,-0.004131158068303865,0.26264469813020963,1.150833819436878,0.30611238839626437,0.9373553018697903,True,0.9373553018697903,True,0.9373553018697903,True,0.9373553018697903,True,0.9373553018697903,True,0.9373553018697903,True,1.2,False,1.0686776509348952,1.026636278624868,True,True,0.5,0.6600693736036678,0.9373553018697903,wind_stuck_7_days,2017
13496,US-SRS,US-SRC,2017-10-12,0.47878389,1.2,1.2,-0.20613205549826272,0.20613205549826272,0.12784709435847685,0.4212017666809432,0.02298982817648017,0.020310886800116786,-0.004131158068303865,0.20613205549826275,1.150833819436878,0.30611238839626437,0.9938679445017372,True,0.9938679445017372,True,0.9938679445017372,True,0.9938679445017372,True,0.9938679445017372,True,0.9938679445017372,True,1.2,False,1.0969339722508686,1.0408250795307215,True,True,0.5,0.772198773667301,0.9938679445017372,wind_stuck_7_days,2017
13497,US-SRS,US-SRC,2017-10-13,0.3327068,1.0,1.0,-0.19764748432199003,0.19764748432199003,0.151680460912492,0.32062474432771926,0.02298982817648017,0.020310886800116786,-0.004131158068303865,0.19764748432199003,1.150833819436878,0.30611238839626437,0.80235251567801,True,0.80235251567801,True,0.80235251567801,True,0.80235251567801,True,0.80235251567801,True,0.80235251567801,True,1.0,False,0.901176257839005,0.8418938074897824,True,True,0.5,0.7999403233114004,0.80235251567801,wind_stuck_7_days,2017
13498,US-SRS,US-SRC,2017-10-28,0.45886588,1.1,1.1,-0.3302485669090471,0.3302485669090471,0.1299438793808366,0.3788608716885387,0.02298982817648017,0.026985182793254767,-0.006047462543166524,0.3302485669090471,1.150833819436878,0.30611238839626437,0.769751433090953,True,0.769751433090953,True,0.769751433090953,True,0.769751433090953,True,0.769751433090953,True,0.769751433090953,True,1.1,False,0.9348757165454765,0.8632591418066673,True,True,0.5,0.7168565799061679,0.769751433090953,wind_stuck_7_days,2017
13499,US-SRS,US-SRC,2017-10-29,0.45030744,0.8,0.8,-0.18874363081052917,0.18874363081052917,0.09756799607402805,0.2533713950711507,0.02298982817648017,0.020310886800116786,-0.004131158068303865,0.18874363081052917,1.150833819436878,0.30611238839626437,0.6112563691894709,True,0.6112563691894709,True,0.6112563691894709,True,0.6112563691894709,True,0.6112563691894709,True,0.6112563691894709,True,0.8,False,0.7056281845947354,0.6369629600896024,True,True,0.5,0.8638015450389571,0.6112563691894709,wind_stuck_7_days,2017
13500,US-SRS,US-SRC,2017-11-05,0.43349255,0.8,0.8,-0.17213962784759143,0.17213962784759143,0.1179848514526481,0.3749840704101704,0.02298982817648017,0.024011823229732186,-0.006047462543166524,0.17213962784759143,1.150833819436878,0.30611238839626437,0.6278603721524086,True,0.6278603721524086,True,0.6278603721524086,True,0.6278603721524086,True,0.6278603721524086,True,0.6278603721524086,True,0.8,False,0.7139301860762043,0.6278603721524086,True,True,0.5,1.0,0.6278603721524086,wind_stuck_7_days,2017
13974,US-Sne,US-Bi1,2017-02-14,1.03975632,2.2,2.2,-0.5075861307505883,0.5075861307505883,0.1956118493586685,0.5442983687370334,-0.0030078757447705323,0.014426410227436836,-0.006047462543166524,0.5075861307505883,1.150833819436878,0.30611238839626437,1.6924138692494117,True,1.6924138692494117,True,1.6924138692494117,True,2.2,False,2.2,False,1.6924138692494117,True,2.2,False,1.946206934624706,1.9634650555335982,True,True,0.5,0.46599962082617985,1.6906831377613472,wind_stuck_7_days,2017
13975,US-Sne,US-Bi1,2017-03-02,1.63449163,2.6,2.6,-0.43034977130334917,0.43034977130334917,0.09541632073719465,0.3277327579072797,-0.006878984330007512,0.014426410227436836,-0.006047462543166524,0.43034977130334917,1.150833819436878,0.30611238839626437,2.169650228696651,True,2.169650228696651,True,2.169650228696651,True,2.6,False,2.6,False,2.169650228696651,True,2.6,False,2.3848251143483257,2.359312272996516,True,True,0.5,0.5592839663293924,2.169650228696651,wind_stuck_7_days,2017
13976,US-Sne,US-Bi1,2017-04-03,6.53183744,5.3,5.3,-1.55741757436372,1.55741757436372,0.2584275246446723,0.7814560922927983,0.5123990075110131,0.2858700286759811,0.027310580067297464,-1.5574175743637202,1.150833819436878,0.30611238839626437,3.7425824256362796,True,3.7425824256362796,True,3.7425824256362796,True,3.7425824256362796,True,3.7425824256362796,True,3.7425824256362796,True,3.7425824256362796,True,4.52129121281814,3.856443736818298,True,True,0.5,0.9268909552221176,3.7425824256362796,wind_stuck_7_days,2017
13977,US-Sne,US-Bi1,2017-04-19,4.42911841,4.8,4.8,-1.7855264225801488,1.7855264225801488,0.1295087173843682,0.5034860448037997,0.6931270742374561,1.0943130653363013,0.19457531486628107,-1.0437632425801493,1.150833819436878,0.30611238839626437,3.0144735774198512,True,3.0144735774198512,True,3.0144735774198512,True,3.0144735774198512,True,3.0144735774198512,True,3.0144735774198512,True,3.0144735774198512,True,3.9072367887099255,3.232190777181464,True,True,0.5,0.8780655402192235,3.0144735774198512,wind_stuck_7_days,2017
13978,US-Sne,US-Bi1,2017-04-27,5.56659889,6.0,6.0,-1.717905847863829,1.717905847863829,0.18483093091472208,0.656260381082538,1.100699867301033,1.066618709823747,0.15121640320907304,-0.8511036278638286,1.150833819436878,0.30611238839626437,4.282094152136171,True,4.282094152136171,True,4.282094152136171,True,4.282094152136171,True,4.282094152136171,True,4.282094152136171,True,4.282094152136171,True,5.1410470760680855,4.282094152136171,True,True,0.5,1.0,4.282094152136171,wind_stuck_7_days,2017
13979,US-Sne,US-Bi1,2017-05-05,7.2371016,6.7,6.7,-2.327032950156292,2.327032950156292,0.3588521124259602,0.9525107400856502,1.4343689074331671,1.5562203618824122,0.5849355211290266,-2.327032950156292,1.150833819436878,0.30611238839626437,4.372967049843709,True,6.7,False,6.7,False,4.372967049843709,True,6.7,False,4.372967049843709,True,4.372967049843709,True,5.536483524921854,4.522523236500195,True,True,0.5,0.9357309544557837,4.372967049843709,wind_stuck_7_days,2017
13980,US-Sne,US-Bi1,2017-05-13,6.18257896,6.8,6.8,-2.2929890267065014,2.2929890267065014,0.2553426506614879,0.8308184023425845,1.4901178301620435,1.6153248846298607,0.6006166955279094,-1.0581469467065014,1.150833819436878,0.30611238839626437,4.507010973293498,True,4.507010973293498,True,4.507010973293498,True,4.507010973293498,True,4.507010973293498,True,4.507010973293498,True,4.507010973293498,True,5.653505486646749,4.523140744546284,True,True,0.5,0.9929656134133562,4.507010973293498,wind_stuck_7_days,2017
13981,US-Sne,US-Bi1,2017-05-21,7.26046233,6.6,6.6,-0.08240969512076264,0.08240969512076264,0.3150922214499679,0.833827249103958,-0.013476791698365265,-0.01533333798438998,-0.002755196674701457,-0.08240969512076268,1.150833819436878,0.30611238839626437,6.517590304879237,True,6.517590304879237,True,6.517590304879237,True,6.6,False,6.6,False,6.6,False,6.6,False,6.558795152439618,6.517590304879237,True,True,0.5,1.0,6.517590304879237,wind_stuck_7_days,2017
13982,US-Sne,US-Bi1,2017-05-29,5.92207311,6.0,6.0,-1.4542054375967002,1.4542054375967002,0.16916569662777353,0.4652382807835188,0.56892143842896,0.7385439227315894,0.027310580067297464,-1.298351657596701,1.150833819436878,0.30611238839626437,4.5457945624033,True,4.5457945624033,True,4.5457945624033,True,4.5457945624033,True,4.5457945624033,True,4.5457945624033,True,4.5457945624033,True,5.27289728120165,4.870016111853508,True,True,0.5,0.777045566556239,4.5457945624033,wind_stuck_7_days,2017
13983,US-Sne,US-Bi1,2017-06-06,6.62670601,7.2,7.2,-1.079539865167003,1.079539865167003,0.2593121910852717,0.6381130919333249,0.13493088081271284,0.008688556526493484,-0.008621763973392052,0.06704811483299666,1.150833819436878,0.30611238839626437,6.120460134832998,True,6.120460134832998,True,6.120460134832998,True,6.120460134832998,True,6.120460134832998,True,6.120460134832998,True,7.2,False,6.6602300674164985,6.688638064383417,True,True,0.5,0.4736850876159878,6.120460134832998,wind_stuck_7_days,2017
13984,US-Sne,US-Bi1,2017-06-14,6.63788577,7.3,7.3,-0.5647029088003923,0.5647029088003923,0.15938983304072554,0.6323278159767877,-0.06103762107290768,-0.09772877994266613,-0.030593619422944873,0.5647029088003923,1.150833819436878,0.30611238839626437,6.735297091199607,True,6.735297091199607,True,6.735297091199607,True,7.3,False,7.3,False,7.3,False,7.3,False,7.017648545599804,7.3,True,False,0.5,0.0,6.735297091199607,wind_stuck_7_days,2017
13985,US-Sne,US-Bi1,2017-06-22,9.15088604,8.5,8.5,0.4441987398709967,0.4441987398709967,0.3528440615874626,0.8495153270235327,-0.07557226473280357,-0.05119554378107853,-0.030593619422944873,0.4441987398709967,1.150833819436878,0.30611238839626437,8.944198739870997,True,8.5,False,8.944198739870997,True,8.5,False,8.5,False,8.5,False,8.5,False,8.7220993699355,8.5,True,False,0.5,0.0,8.944198739870997,wind_stuck_7_days,2017
13986,US-Sne,US-Bi1,2017-06-30,7.12329221,7.5,7.5,-0.5560056215012544,0.5560056215012544,0.1734430984475169,0.566351265038642,-0.02504782796251397,-0.005641863163370981,-0.030593619422944873,0.19740995849874599,1.150833819436878,0.30611238839626437,6.943994378498745,True,6.943994378498745,True,6.943994378498745,True,7.5,False,7.5,False,7.5,False,7.5,False,7.221997189249373,7.231777097529263,True,True,0.5,0.48241041474817503,6.943994378498745,wind_stuck_7_days,2017
13987,US-Sne,US-Bi1,2017-07-08,8.7538559,9.1,9.1,1.1560836894561377,1.1560836894561377,0.3352443222817451,0.9565625429680897,-0.37191890166361063,-0.4470659587041485,-0.08406567819864817,-1.1560836894561377,1.150833819436878,0.30611238839626437,10.256083689456137,True,9.1,False,9.1,False,9.1,False,9.1,False,9.1,False,9.1,False,9.67804184472807,9.1,True,False,0.5,0.0,10.464577027526856,wind_stuck_7_days,2017
13988,US-Sne,US-Bi1,2017-07-16,8.14307097,8.8,8.8,0.9068539320721636,0.9068539320721636,0.2791908920591651,0.5723639220989003,-0.15296340576592507,-0.13816206708433842,-0.07090822355974473,-0.9068539320721636,1.150833819436878,0.30611238839626437,9.706853932072164,True,9.706853932072164,True,9.706853932072164,True,8.8,False,8.8,False,8.8,False,8.8,False,9.253426966036082,8.860841073236282,True,True,0.5,0.06709026788609575,9.896378491572515,wind_stuck_7_days,2017
13989,US-Sne,US-Bi1,2017-07-24,7.2529044,7.6,7.6,-0.025914983369354983,0.025914983369354983,0.1370131091578281,0.5236931152365922,-0.00436893798714724,-0.007466784394699298,-0.002755196674701457,0.025914983369354994,1.150833819436878,0.30611238839626437,7.574085016630645,True,7.574085016630645,True,7.574085016630645,True,7.6,False,7.6,False,7.6,False,7.6,False,7.587042508315323,7.574085016630645,True,True,0.5,1.0,7.574085016630645,wind_stuck_7_days,2017
13990,US-Sne,US-Bi1,2017-08-01,7.10925053,8.1,8.1,0.7413577786831309,0.7413577786831309,0.278241017037766,0.5095205435102282,-0.10068643651342976,-0.0965481351944357,-0.07090822355974473,-0.7413577786831309,1.150833819436878,0.30611238839626437,8.84135777868313,True,8.84135777868313,True,8.84135777868313,True,8.1,False,8.1,False,8.1,False,8.1,False,8.470678889341565,8.167713908829025,True,True,0.5,0.0913376925096888,8.84135777868313,wind_stuck_7_days,2017
13991,US-Sne,US-Bi1,2017-08-09,6.2124501,6.4,6.4,0.26568392413939235,0.26568392413939235,0.16385604874639817,0.4679771211720931,-0.00436893798714724,-0.007466784394699298,-0.002755196674701457,-0.26568392413939235,1.150833819436878,0.30611238839626437,6.665683924139393,True,6.665683924139393,True,6.665683924139393,True,6.4,False,6.4,False,6.4,False,6.4,False,6.532841962069696,6.625920223478216,True,True,0.5,0.8503345628081196,6.665683924139393,wind_stuck_7_days,2017
13992,US-Sne,US-Bi1,2017-08-17,6.51498901,6.8,6.8,0.2804100319970403,0.2804100319970403,0.1299687464478735,0.42586940251042205,-0.002980683951709344,0.006342843538973529,-0.002755196674701457,-0.2804100319970403,1.150833819436878,0.30611238839626437,7.08041003199704,True,7.08041003199704,True,7.08041003199704,True,6.8,False,6.8,False,7.08041003199704,True,6.8,False,6.94020501599852,7.08041003199704,True,True,0.5,1.0,7.08041003199704,wind_stuck_7_days,2017
13993,US-Sne,US-Bi1,2017-08-25,5.31557224,6.5,6.5,0.09590885314934787,0.09590885314934787,0.16152736596685843,0.3591834283156824,-0.015431082816858437,-0.007466784394699298,-0.008402652266017531,-0.09590885314934794,1.150833819436878,0.30611238839626437,6.595908853149348,True,6.595908853149348,True,6.595908853149348,True,6.5,False,6.5,False,6.5,False,6.5,False,6.547954426574674,6.595908853149348,True,True,0.5,1.0,6.595908853149348,wind_stuck_7_days,2017
13994,US-Sne,US-Bi1,2017-09-02,4.68789442,5.4,5.4,0.7463460036629209,0.7463460036629209,0.1899179711889109,0.9273002810257444,-0.041722346079399376,-0.11036384889016851,-0.04832374757221984,-0.746346003662921,1.150833819436878,0.30611238839626437,6.146346003662921,True,6.146346003662921,True,5.4,False,5.4,False,5.4,False,5.4,False,5.4,False,5.773173001831461,5.812460260312186,True,True,0.5,0.5526394705510721,6.008883984885623,wind_stuck_7_days,2017
13995,US-Sne,US-Bi1,2017-09-10,4.23338386,5.8,5.8,0.14311503113274174,0.14311503113274174,0.2235061929145546,0.5439261559223659,-0.008805919329022832,-0.0060175662521149784,-0.004131158068303865,-0.14311503113274182,1.150833819436878,0.30611238839626437,5.943115031132741,True,5.943115031132741,True,5.943115031132741,True,5.8,False,5.8,False,5.8,False,5.8,False,5.871557515566371,5.943115031132741,True,True,0.5,1.0,5.943115031132741,wind_stuck_7_days,2017
13996,US-Sne,US-Bi1,2017-09-26,4.32450729,4.2,4.2,-0.05542069663014365,0.05542069663014365,0.12964394498609022,0.41423078329262075,-0.00531460332761016,0.002180379223468672,-0.004131158068303865,-0.05542069663014365,1.150833819436878,0.30611238839626437,4.144579303369857,True,4.144579303369857,True,4.144579303369857,True,4.2,False,4.2,False,4.144579303369857,True,4.2,False,4.172289651684928,4.144579303369857,True,True,0.5,1.0,4.144579303369857,wind_stuck_7_days,2017
13997,US-Sne,US-Bi1,2017-10-04,2.81180982,3.8,3.8,-0.6699736971890603,0.6699736971890603,0.212146404786432,0.5486698254714197,0.026279893807299472,0.0617703616507775,-0.0190250178902289,0.6699736971890603,1.150833819436878,0.30611238839626437,3.1300263028109394,True,3.1300263028109394,True,3.1300263028109394,True,3.1300263028109394,True,3.1300263028109394,True,3.1300263028109394,True,3.8,False,3.46501315140547,3.5755651793074366,True,True,0.5,0.3349904953495956,3.1300263028109394,wind_stuck_7_days,2017
13998,US-Sne,US-Bi1,2017-10-12,4.23322831,3.9,3.9,-0.3188454018621395,0.3188454018621395,0.16647998625258814,0.5388592242433194,-0.0030078757447705323,0.002180379223468672,-0.004131158068303865,-0.3188454018621395,1.150833819436878,0.30611238839626437,3.5811545981378603,True,3.5811545981378603,True,3.5811545981378603,True,3.9,False,3.9,False,3.5811545981378603,True,3.9,False,3.74057729906893,3.6838840868893694,True,True,0.5,0.6778078399389097,3.5811545981378603,wind_stuck_7_days,2017
13999,US-Sne,US-Bi1,2017-10-28,2.87118148,2.6,2.6,-0.30346638022207423,0.30346638022207423,0.13175254912197676,0.3877802450554001,-0.00531460332761016,0.009280503156287881,-0.006047462543166524,-0.3034663802220743,1.150833819436878,0.30611238839626437,2.296533619777926,True,2.296533619777926,True,2.296533619777926,True,2.6,False,2.6,False,2.296533619777926,True,2.6,False,2.448266809888963,2.3700998682272703,True,True,0.5,0.7575802354267084,2.296533619777926,wind_stuck_7_days,2017
14000,US-Sne,US-Bi1,2017-11-05,2.34322297,2.0,2.0,-0.24156735071094615,0.24156735071094615,0.19268375728938106,0.4808173608244653,0.0021448888485801304,0.014426410227436836,-0.006047462543166524,-0.24156735071094615,1.150833819436878,0.30611238839626437,1.7584326492890539,True,1.7584326492890539,True,1.7584326492890539,True,1.7584326492890539,True,1.7584326492890539,True,1.7584326492890539,True,2.0,False,1.8792163246445268,1.8254365095600649,True,True,0.5,0.7226286579133522,1.7584326492890539,wind_stuck_7_days,2017
14001,US-Sne,US-Bi1,2017-11-13,1.18904313,1.4,1.4,-0.03257140597643863,0.03257140597643863,0.1109180837822058,0.4971613198010993,0.025296555759319796,0.024011823229732186,-0.006047462543166524,0.03257140597643862,1.150833819436878,0.30611238839626437,1.3674285940235613,True,1.3674285940235613,True,1.3674285940235613,True,1.3674285940235613,True,1.3674285940235613,True,1.3674285940235613,True,1.4,False,1.3837142970117806,1.3674285940235613,True,True,0.5,1.0,1.3674285940235613,wind_stuck_7_days,2017
14002,US-Sne,US-Bi1,2017-11-29,1.75859621,1.0,1.0,-0.0264238099085947,0.0264238099085947,0.10849721596252465,0.449931910456674,0.025296555759319796,0.024011823229732186,-0.006047462543166524,-0.02642380990859472,1.150833819436878,0.30611238839626437,0.9735761900914053,True,0.9735761900914053,True,0.9735761900914053,True,0.9735761900914053,True,0.9735761900914053,True,0.9735761900914053,True,1.0,False,0.9867880950457026,0.9735761900914053,True,True,0.5,1.0,0.9735761900914053,wind_stuck_7_days,2017
14137,US-Srr,US-Srr,2017-02-14,2.42230607,1.5,1.5,-0.19570298988105533,0.19570298988105533,0.12099779057587534,0.43747721727412625,0.02298982817648017,0.024011823229732186,-0.006047462543166524,-0.1957029898810554,1.150833819436878,0.30611238839626437,1.3042970101189446,True,1.3042970101189446,True,1.3042970101189446,True,1.3042970101189446,True,1.3042970101189446,True,1.3042970101189446,True,1.5,False,1.4021485050594724,1.3366252101909315,True,True,0.5,0.8348098815882413,1.3005328064605508,wind_stuck_7_days,2017
14138,US-Srr,US-Srr,2017-03-02,2.69888968,2.0,2.0,-0.12261327409180511,0.12261327409180511,0.09119421982494441,0.2556392877266581,-0.0017262197366568499,0.014426410227436836,-0.006047462543166524,-0.12261327409180511,1.150833819436878,0.30611238839626437,1.8773867259081949,True,1.8773867259081949,True,1.8773867259081949,True,2.0,False,2.0,False,1.8773867259081949,True,2.0,False,1.9386933629540974,1.8773867259081949,True,True,0.5,1.0,1.8773867259081949,wind_stuck_7_days,2017
14139,US-Srr,US-Srr,2017-04-03,3.80594845,3.9,3.9,-0.7446629832734891,0.7446629832734891,0.15424836793144278,0.5258616369676019,-0.038538666642378205,-0.05545205947045207,-0.0190250178902289,-0.5565598832734889,1.150833819436878,0.30611238839626437,3.1553370167265107,True,3.1553370167265107,True,3.1553370167265107,True,3.9,False,3.9,False,3.9,False,3.9,False,3.5276685083632553,3.733735073604938,True,True,0.5,0.22327540126161846,3.1553370167265107,wind_stuck_7_days,2017
14140,US-Srr,US-Srr,2017-04-19,3.88824157,4.2,4.2,-1.4046524990834421,1.4046524990834421,0.09939041707823972,0.40484557830001233,0.2681664186580121,0.4932693347286596,0.052656430265041854,-0.7811356390834416,1.150833819436878,0.30611238839626437,2.795347500916558,True,2.795347500916558,True,2.795347500916558,True,2.795347500916558,True,2.795347500916558,True,2.795347500916558,True,2.795347500916558,True,3.4976737504582793,2.8769928452181155,True,True,0.5,0.9418750585252708,2.795347500916558,wind_stuck_7_days,2017
14141,US-Srr,US-Srr,2017-04-27,4.80589667,5.1,5.1,-1.6713924961247275,1.6713924961247275,0.08862480436424555,0.40568627238664395,0.296579346632682,0.31624929486836695,0.15121640320907304,-1.0831858361247284,1.150833819436878,0.30611238839626437,3.428607503875272,True,3.428607503875272,True,3.428607503875272,True,3.428607503875272,True,3.428607503875272,True,3.428607503875272,True,3.428607503875272,True,4.264303751937636,3.950630613561029,True,True,0.5,0.6876717402428728,3.428607503875272,wind_stuck_7_days,2017
14142,US-Srr,US-Srr,2017-05-05,4.44536786,5.4,5.4,-1.2620749042794324,1.2620749042794324,0.33696421198048915,0.7748671683028661,0.3626509441884757,0.2645040847347104,-0.021566708662201933,0.647189375720568,1.150833819436878,0.30611238839626437,4.137925095720568,True,5.4,False,4.137925095720568,True,4.137925095720568,True,4.137925095720568,True,4.137925095720568,True,5.4,False,4.768962547860284,4.355866428870636,True,True,0.5,0.8273150568075841,4.137925095720568,wind_stuck_7_days,2017
14143,US-Srr,US-Srr,2017-05-13,4.60178444,5.3,5.3,-1.6235013718391655,1.6235013718391655,0.26129015193799887,0.6174981554711144,0.31013909756687336,0.2858700286759811,0.15121640320907304,-0.22707025183916651,1.150833819436878,0.30611238839626437,3.676498628160834,True,3.676498628160834,True,3.676498628160834,True,3.676498628160834,True,3.676498628160834,True,3.676498628160834,True,3.676498628160834,True,4.488249314080417,4.251965621033172,True,True,0.5,0.6455395709210728,3.676498628160834,wind_stuck_7_days,2017
14144,US-Srr,US-Srr,2017-05-21,5.82440868,5.4,5.4,-0.05423876991195344,0.05423876991195344,0.16239101185490246,0.5342272500900872,-0.017889111763518605,-0.01982719418578781,-0.004131158068303865,-0.05423876991195342,1.150833819436878,0.30611238839626437,5.345761230088047,True,5.345761230088047,True,5.345761230088047,True,5.4,False,5.4,False,5.4,False,5.4,False,5.372880615044024,5.345761230088047,True,True,0.5,1.0,5.345761230088047,wind_stuck_7_days,2017
14145,US-Srr,US-Srr,2017-06-06,5.42807253,6.1,6.1,-0.9729133915315273,0.9729133915315273,0.3059974711486656,0.6179142811926466,-0.16601455357158038,-0.1711101090757987,-0.02467247348154498,0.3709415484684726,1.150833819436878,0.30611238839626437,5.127086608468472,True,5.127086608468472,True,5.127086608468472,True,6.1,False,6.1,False,6.1,False,6.1,False,5.613543304234236,6.0617434681109055,True,True,0.5,0.039321621248189796,5.127086608468472,wind_stuck_7_days,2017
14146,US-Srr,US-Srr,2017-06-14,6.32038289,5.9,5.9,-0.5907444015735568,0.5907444015735568,0.186296113129247,0.49083650285203967,-0.06314694949810112,-0.06202915527318796,-0.00977861365961994,-0.5907444015735568,1.150833819436878,0.30611238839626437,5.309255598426444,True,5.309255598426444,True,5.309255598426444,True,5.9,False,5.9,False,5.9,False,5.9,False,5.604627799213222,5.731196614422271,True,True,0.5,0.2857469070008793,5.309255598426444,wind_stuck_7_days,2017
14147,US-Srr,US-Srr,2017-06-22,8.13222624,6.8,6.8,0.14124882000148098,0.14124882000148098,0.24500588938866547,0.5661219667899058,-0.03597381321631334,-0.02708418342405296,-0.030593619422944873,0.14124882000148098,1.150833819436878,0.30611238839626437,6.941248820001481,True,6.941248820001481,True,6.941248820001481,True,6.8,False,6.8,False,6.8,False,6.8,False,6.87062441000074,6.8,True,False,0.5,0.0,6.941248820001481,wind_stuck_7_days,2017
14148,US-Srr,US-Srr,2017-06-30,5.81868536,6.6,6.6,-0.7428013525961221,0.7428013525961221,0.24826802294057435,0.5742905656197708,0.06442726086944107,0.09760191326163495,0.004278837189993482,0.7428013525961221,1.150833819436878,0.30611238839626437,5.8571986474038775,True,5.8571986474038775,True,5.8571986474038775,True,5.8571986474038775,True,5.8571986474038775,True,5.8571986474038775,True,5.8571986474038775,True,6.228599323701939,6.414095539331003,True,True,0.5,0.2502748009535165,5.8571986474038775,wind_stuck_7_days,2017
14149,US-Srr,US-Srr,2017-07-08,8.63637348,6.7,6.7,0.09997802551858817,0.09997802551858817,0.22864199172579228,0.6528614781819029,-0.02089978381679809,-0.04147374496611067,-0.030593619422944873,0.09997802551858825,1.150833819436878,0.30611238839626437,6.799978025518588,True,6.799978025518588,True,6.799978025518588,True,6.7,False,6.7,False,6.7,False,6.7,False,6.749989012759294,6.7,True,False,0.5,0.0,6.911007658218409,wind_stuck_7_days,2017
14150,US-Srr,US-Srr,2017-07-16,8.48580628,6.5,6.5,-0.021983036432833867,0.021983036432833867,0.25822184157204164,0.5949819832436228,-0.020557840728118403,-0.04147374496611067,-0.030593619422944873,-0.021983036432833725,1.150833819436878,0.30611238839626437,6.478016963567166,True,6.478016963567166,True,6.478016963567166,True,6.5,False,6.5,False,6.5,False,6.5,False,6.489008481783583,6.5,True,False,0.5,0.0,6.478016963567166,wind_stuck_7_days,2017
14151,US-Srr,US-Srr,2017-07-24,5.87369898,6.2,6.2,-0.13672947884083564,0.13672947884083564,0.16173635165840036,0.6640885618118728,0.010224008849829363,-0.007466784394699298,-0.004131158068303865,0.13672947884083564,1.150833819436878,0.30611238839626437,6.063270521159165,True,6.063270521159165,True,6.063270521159165,True,6.063270521159165,True,6.063270521159165,True,6.2,False,6.2,False,6.131635260579582,6.063270521159165,True,True,0.5,1.0,6.063270521159165,wind_stuck_7_days,2017
14152,US-Srr,US-Srr,2017-08-01,7.0102691,5.3,5.3,-0.3782376914312146,0.3782376914312146,0.2134212562530282,0.5208475555176493,-0.05068245659148261,-0.06606230741502617,-0.030593619422944873,-0.37823769143121444,1.150833819436878,0.30611238839626437,4.921762308568785,True,4.921762308568785,True,4.921762308568785,True,5.3,False,5.3,False,5.3,False,5.3,False,5.110881154284392,5.22200684969431,True,True,0.5,0.20620142326527902,4.921762308568785,wind_stuck_7_days,2017
14153,US-Srr,US-Srr,2017-08-09,4.9672551,5.8,5.8,0.16185885992931975,0.16185885992931975,0.2359075841891424,0.6014280996048663,-0.008805919329022832,-0.0060175662521149784,-0.004131158068303865,-0.1618588599293198,1.150833819436878,0.30611238839626437,5.961858859929319,True,5.961858859929319,True,5.961858859929319,True,5.8,False,5.8,False,5.8,False,5.8,False,5.8809294299646595,5.961858859929319,True,True,0.5,1.0,5.961858859929319,wind_stuck_7_days,2017
14154,US-Srr,US-Srr,2017-08-17,5.44792581,5.1,5.1,-0.25003028564597735,0.25003028564597735,0.12106578591910203,0.3579063432109373,-0.0212711781364153,-0.01982719418578781,-0.004131158068303865,-0.2500302856459773,1.150833819436878,0.30611238839626437,4.849969714354022,True,4.849969714354022,True,4.849969714354022,True,5.1,False,5.1,False,5.1,False,5.1,False,4.974984857177011,4.862905587790093,True,True,0.5,0.9482627738369814,4.849969714354022,wind_stuck_7_days,2017
14155,US-Srr,US-Srr,2017-08-25,5.04820241,4.9,4.9,-0.5326690398157421,0.5326690398157421,0.13601972812615595,0.3906966979559344,-0.02019583934635823,-0.010365321069960411,-0.004131158068303865,-0.5326690398157421,1.150833819436878,0.30611238839626437,4.367330960184258,True,4.367330960184258,True,4.367330960184258,True,4.9,False,4.9,False,4.9,False,4.9,False,4.633665480092129,4.758864050782921,True,True,0.5,0.26495992570902943,4.367330960184258,wind_stuck_7_days,2017
14156,US-Srr,US-Srr,2017-09-02,6.02181499,4.6,4.6,0.7693085694794305,0.7693085694794305,0.24035043464218084,1.0085949833713517,-0.05376871416247531,-0.08823675761985886,-0.06656427945079833,0.7693085694794305,1.150833819436878,0.30611238839626437,5.36930856947943,True,5.36930856947943,True,4.6,False,4.6,False,4.6,False,4.6,False,4.6,False,4.984654284739715,4.889942755134687,True,True,0.5,0.3768874631552373,5.02114116131387,wind_stuck_7_days,2017
14157,US-Srr,US-Srr,2017-09-10,5.11673315,3.9,3.9,-0.4461787738824454,0.4461787738824454,0.17304526067382703,0.4546550908971039,-0.025373647730445884,-0.025567010172913667,-0.004131158068303865,-0.4461787738824454,1.150833819436878,0.30611238839626437,3.4538212261175545,True,3.4538212261175545,True,3.4538212261175545,True,3.9,False,3.9,False,3.9,False,3.9,False,3.6769106130587774,3.8433639711684275,True,True,0.5,0.12693573102716538,3.4538212261175545,wind_stuck_7_days,2017
14158,US-Srr,US-Srr,2017-09-18,4.38312951,3.3,3.3,-0.1609661787976526,0.1609661787976526,0.18306982463184332,0.45225656626628474,-0.0030078757447705323,0.002180379223468672,-0.004131158068303865,-0.16096617879765263,1.150833819436878,0.30611238839626437,3.1390338212023474,True,3.1390338212023474,True,3.1390338212023474,True,3.3,False,3.3,False,3.1390338212023474,True,3.3,False,3.2195169106011736,3.1390338212023474,True,True,0.5,1.0,3.1390338212023474,wind_stuck_7_days,2017
14159,US-Srr,US-Srr,2017-09-26,3.94697465,3.4,3.4,-0.3273295243592192,0.3273295243592192,0.13619552453628425,0.42569200630645215,-0.02768037531328551,-0.025567010172913667,-0.004131158068303865,-0.32732952435921914,1.150833819436878,0.30611238839626437,3.0726704756407806,True,3.0726704756407806,True,3.0726704756407806,True,3.4,False,3.4,False,3.4,False,3.4,False,3.2363352378203905,3.2882253467624034,True,True,0.5,0.3414744009310084,3.0726704756407806,wind_stuck_7_days,2017
14289,US-Tw3,US-Bi1,2017-01-05,1.52193994,0.6,0.6,0.1297246782521652,0.1297246782521652,0.11119032249992854,0.40882082595135644,0.02246694996492022,0.02386037719274904,-0.006047462543166524,0.12972467825216516,1.150833819436878,0.30611238839626437,0.7297246782521651,True,0.7297246782521651,True,0.7297246782521651,True,0.7297246782521651,True,0.7297246782521651,True,0.7297246782521651,True,0.6,False,0.6648623391260826,0.7297246782521651,True,True,0.5,1.0,0.7297246782521651,wind_stuck_7_days,2017
14290,US-Tw3,US-Bi1,2017-01-13,1.80687723,0.6,0.6,-0.07005460778292302,0.07005460778292302,0.0716809191727464,0.3443016516543469,0.02246694996492022,0.02386037719274904,-0.006047462543166524,-0.07005460778292294,1.150833819436878,0.30611238839626437,0.5299453922170769,True,0.5299453922170769,True,0.5299453922170769,True,0.5299453922170769,True,0.5299453922170769,True,0.5299453922170769,True,0.6,False,0.5649726961085385,0.5299453922170769,True,True,0.5,1.0,0.5299453922170769,wind_stuck_7_days,2017
14291,US-Tw3,US-Bi1,2017-01-29,1.11691562,0.8,0.8,0.017129285911121832,0.017129285911121832,0.10431076263285476,0.3309762553619861,0.02298982817648017,0.024011823229732186,-0.006047462543166524,0.01712928591112184,1.150833819436878,0.30611238839626437,0.8171292859111219,True,0.8171292859111219,True,0.8171292859111219,True,0.8171292859111219,True,0.8171292859111219,True,0.8171292859111219,True,0.8,False,0.808564642955561,0.8171292859111219,True,True,0.5,1.0,0.8171292859111219,wind_stuck_7_days,2017
14292,US-Tw3,US-Bi1,2017-02-14,1.76230542,1.0,1.0,0.07024879983336312,0.07024879983336312,0.12538648868433394,0.33853719099655283,0.02298982817648017,0.024011823229732186,-0.006047462543166524,0.07024879983336307,1.150833819436878,0.30611238839626437,1.0702487998333632,True,1.0702487998333632,True,1.0702487998333632,True,1.0702487998333632,True,1.0702487998333632,True,1.0702487998333632,True,1.0,False,1.0351243999166815,1.0702487998333632,True,True,0.5,1.0,1.057147711071757,wind_stuck_7_days,2017
14293,US-Tw3,US-Bi1,2017-03-02,2.01310849,1.4,1.4,0.021987347337140414,0.021987347337140414,0.09026519022608603,0.2826321033816945,0.02298982817648017,0.024011823229732186,-0.006047462543166524,0.02198734733714036,1.150833819436878,0.30611238839626437,1.4219873473371403,True,1.4219873473371403,True,1.4219873473371403,True,1.4219873473371403,True,1.4219873473371403,True,1.4219873473371403,True,1.4,False,1.4109936736685702,1.4219873473371403,True,True,0.5,1.0,1.4219873473371403,wind_stuck_7_days,2017
14294,US-Tw3,US-Bi1,2017-04-03,5.21521524,3.9,3.9,-0.7405376793208064,0.7405376793208064,0.13762894991114216,0.5439892443377896,-0.038538666642378205,-0.05545205947045207,-0.0190250178902289,-0.7405376793208065,1.150833819436878,0.30611238839626437,3.1594623206791934,True,3.1594623206791934,True,3.1594623206791934,True,3.9,False,3.9,False,3.9,False,3.9,False,3.5297311603395967,3.7042790891384385,True,True,0.5,0.2642956818092896,3.1594623206791934,wind_stuck_7_days,2017
14295,US-Tw3,US-Bi1,2017-04-19,4.53416835,3.1,3.1,-0.7387394447183591,0.7387394447183591,0.08416673653798071,0.3243616956228679,-0.02601343129417236,0.0262201719351217,-0.020941322365091556,-0.7387394447183593,1.150833819436878,0.30611238839626437,2.361260555281641,True,2.361260555281641,True,2.361260555281641,True,3.1,False,3.1,False,2.361260555281641,True,3.1,False,2.7306302776408207,2.899352884288128,True,True,0.5,0.27160742146152494,2.361260555281641,wind_stuck_7_days,2017
14296,US-Tw3,US-Bi1,2017-04-27,6.69225795,4.7,4.7,-1.237278804683918,1.237278804683918,0.11310524696710765,0.4225281643184104,0.10236882521309741,0.10909445347680521,-0.021566708662201933,-1.237278804683918,1.150833819436878,0.30611238839626437,3.462721195316082,True,3.462721195316082,True,3.462721195316082,True,3.462721195316082,True,3.462721195316082,True,3.462721195316082,True,4.7,False,4.081360597658041,3.8903949234177397,True,True,0.5,0.654343284243915,3.462721195316082,wind_stuck_7_days,2017
14297,US-Tw3,US-Bi1,2017-05-05,5.86925672,5.5,5.5,-1.6477308239188904,1.6477308239188904,0.32578751468754524,0.7385245388644315,0.7133663313372033,0.39258597977310394,0.15121640320907304,-1.6477308239188906,1.150833819436878,0.30611238839626437,3.8522691760811094,True,3.8522691760811094,True,3.8522691760811094,True,3.8522691760811094,True,3.8522691760811094,True,3.8522691760811094,True,3.8522691760811094,True,4.676134588040555,3.8522691760811094,True,True,0.5,1.0,3.8522691760811094,wind_stuck_7_days,2017
14298,US-Tw3,US-Bi1,2017-05-13,5.76375638,5.5,5.5,-1.6167487665122455,1.6167487665122455,0.22523601548611852,0.6045102067173961,0.31013909756687336,0.2858700286759811,0.027310580067297464,-1.6167487665122455,1.150833819436878,0.30611238839626437,3.8832512334877545,True,3.8832512334877545,True,3.8832512334877545,True,3.8832512334877545,True,3.8832512334877545,True,3.8832512334877545,True,3.8832512334877545,True,4.6916256167438775,4.417064680179607,True,True,0.5,0.6698228829681256,3.8832512334877545,wind_stuck_7_days,2017
14299,US-Tw3,US-Bi1,2017-05-21,6.5938353,6.6,6.6,0.02334360197082399,0.02334360197082399,0.3746238430540514,0.8693321617345393,-0.03260388642653684,-0.013881046432971639,-0.011048166837970764,-0.02334360197082399,1.150833819436878,0.30611238839626437,6.623343601970824,True,6.6,False,6.623343601970824,True,6.6,False,6.6,False,6.6,False,6.6,False,6.611671800985412,6.623343601970824,True,True,0.5,1.0,6.623343601970824,wind_stuck_7_days,2017
14300,US-Tw3,US-Bi1,2017-05-29,1.43375593,3.0,3.0,-0.09076416061520069,0.09076416061520069,0.2100508903288359,0.4617943345786982,-0.005299743385366778,0.002180379223468672,-0.004131158068303865,0.09076416061520076,1.150833819436878,0.30611238839626437,2.9092358393847992,True,2.9092358393847992,True,2.9092358393847992,True,3.0,False,3.0,False,2.9092358393847992,True,3.0,False,2.9546179196924,2.9092358393847992,True,True,0.5,1.0,2.9092358393847992,wind_stuck_7_days,2017
14301,US-Tw3,US-Bi1,2017-06-06,4.01804951,3.9,3.9,-0.48892548686815995,0.48892548686815995,0.2576227785742512,0.4429302382855441,-0.03904057544613415,-0.03937663810658652,-0.00977861365961994,-0.48892548686815995,1.150833819436878,0.30611238839626437,3.41107451313184,True,3.41107451313184,True,3.41107451313184,True,3.9,False,3.9,False,3.9,False,3.9,False,3.65553725656592,3.8605034223449057,True,True,0.5,0.08078240696366987,3.41107451313184,wind_stuck_7_days,2017
14302,US-Tw3,US-Bi1,2017-06-14,5.94342657,4.7,4.7,-0.8703241804778085,0.8703241804778085,0.19505077485789415,0.4836231768360949,-0.14297661897274455,-0.17468598012710762,-0.16007054340213545,-0.8703241804778084,1.150833819436878,0.30611238839626437,3.829675819522192,True,3.829675819522192,True,3.829675819522192,True,4.7,False,4.7,False,4.7,False,4.7,False,4.264837909761096,4.568450770104419,True,True,0.5,0.15114968978956908,3.829675819522192,wind_stuck_7_days,2017
14303,US-Tw3,US-Bi1,2017-06-22,4.17793494,4.0,4.0,-0.9388079097982214,0.9388079097982214,0.19333603363597604,0.6443003699053771,-0.07565569951265183,-0.23711307374481538,-0.16007054340213545,-0.9388079097982214,1.150833819436878,0.30611238839626437,3.0611920902017786,True,3.0611920902017786,True,3.0611920902017786,True,4.0,False,4.0,False,4.0,False,4.0,False,3.5305960451008893,4.0,True,False,0.5,0.0,3.0611920902017786,wind_stuck_7_days,2017
14304,US-Tw3,US-Bi1,2017-06-30,2.81759259,3.7,3.7,-0.35685272652974687,0.35685272652974687,0.23734314403788995,0.5192024806352886,-0.03904057544613415,-0.03937663810658652,-0.00977861365961994,0.35685272652974687,1.150833819436878,0.30611238839626437,3.343147273470253,True,3.343147273470253,True,3.343147273470253,True,3.7,False,3.7,False,3.7,False,3.7,False,3.521573636735127,3.6227254259480834,True,True,0.5,0.21654472085272242,3.343147273470253,wind_stuck_7_days,2017
14305,US-Tw3,US-Bi1,2017-07-08,5.65646956,4.2,4.2,-0.2703263496807586,0.2703263496807586,0.2852738531821833,0.7551114534589687,-0.027177011183751827,-0.04989062054264261,-0.030593619422944873,-0.27032634968075864,1.150833819436878,0.30611238839626437,3.9296736503192418,True,3.9296736503192418,True,3.9296736503192418,True,4.2,False,4.2,False,4.2,False,4.2,False,4.064836825159621,4.2,True,False,0.5,0.0,4.09979611029973,wind_stuck_7_days,2017
14306,US-Tw3,US-Bi1,2017-07-16,5.90602831,4.3,4.3,-0.1929410042624084,0.1929410042624084,0.18005540883038226,0.6367414472529781,-0.029414916290045477,-0.04989062054264261,-0.030593619422944873,-0.19294100426240846,1.150833819436878,0.30611238839626437,4.107058995737591,True,4.107058995737591,True,4.107058995737591,True,4.3,False,4.3,False,4.3,False,4.3,False,4.203529497868796,4.272155822306586,True,True,0.5,0.14431446441288628,4.193857916139413,wind_stuck_7_days,2017
14307,US-Tw3,US-Bi1,2017-07-24,1.39335465,2.6,2.6,-0.00978631901174144,0.00978631901174144,0.14589169716737077,0.5037745786313174,-0.0367487078055379,-0.03708909471497131,-0.004131158068303865,0.00978631901174154,1.150833819436878,0.30611238839626437,2.5902136809882585,True,2.5902136809882585,True,2.5902136809882585,True,2.6,False,2.6,False,2.6,False,2.6,False,2.5951068404941293,2.5902136809882585,True,True,0.5,1.0,2.5902136809882585,wind_stuck_7_days,2017
14308,US-Tw3,US-Bi1,2017-08-01,3.32622105,3.1,3.1,-0.20751630035675003,0.20751630035675003,0.2778348158840045,0.6434000492817866,-0.032106011236591105,-0.03937663810658652,-0.030593619422944873,-0.20751630035675006,1.150833819436878,0.30611238839626437,2.89248369964325,True,2.89248369964325,True,2.89248369964325,True,3.1,False,3.1,False,3.1,False,3.1,False,2.996241849821625,2.989934569101715,True,True,0.5,0.5303941459493403,2.89248369964325,wind_stuck_7_days,2017
14309,US-Tw3,US-Bi1,2017-08-09,2.79594549,3.5,3.5,0.3069186028013865,0.3069186028013865,0.2682040508920442,0.6855176201423393,-0.0031659504740718047,-0.025567010172913667,-0.004131158068303865,-0.3069186028013866,1.150833819436878,0.30611238839626437,3.8069186028013866,True,3.8069186028013866,True,3.8069186028013866,True,3.5,False,3.5,False,3.5,False,3.5,False,3.653459301400693,3.585997770178309,True,True,0.5,0.2801973207012151,3.8069186028013866,wind_stuck_7_days,2017
14310,US-Tw3,US-Bi1,2017-08-17,2.47126046,4.1,4.1,-0.9440945015635351,0.9440945015635351,0.17553264671372706,0.36578432471113925,-0.26363775145225543,-0.1665562122777507,-0.0190250178902289,0.9440945015635351,1.150833819436878,0.30611238839626437,3.1559054984364643,True,3.1559054984364643,True,3.1559054984364643,True,4.1,False,4.1,False,4.1,False,4.1,False,3.627952749218232,4.1,True,False,0.5,0.0,3.1559054984364643,wind_stuck_7_days,2017
14311,US-Tw3,US-Bi1,2017-08-25,1.84710213,1.8,1.8,-1.0002549398433818,1.0002549398433818,0.12346902777162012,0.37219405995625354,-0.2589929949962607,-0.23482553035320014,-0.05442947618844639,-1.0002549398433818,1.150833819436878,0.30611238839626437,0.7997450601566183,True,0.7997450601566183,True,0.7997450601566183,True,1.8,False,1.8,False,1.8,False,1.8,False,1.2998725300783092,1.8,True,False,0.5,0.0,0.7997450601566183,wind_stuck_7_days,2017
14312,US-Tw3,US-Bi1,2017-09-02,2.60349005,2.7,2.7,0.2543957281595005,0.2543957281595005,0.19598684496214724,0.716488254472334,-0.0077371829757134445,-0.03937663810658652,-0.00977861365961994,-0.2543957281595005,1.150833819436878,0.30611238839626437,2.9543957281595006,True,2.9543957281595006,True,2.9543957281595006,True,2.7,False,2.7,False,2.7,False,2.7,False,2.8271978640797504,2.827263726154322,True,True,0.5,0.5002588961498999,2.725672268093532,wind_stuck_7_days,2017
14313,US-Tw3,US-Bi1,2017-09-10,2.66847798,2.1,2.1,-0.703246968150417,0.703246968150417,0.17132414534145324,0.3862766478217426,-0.20474571335394873,-0.1401733418060081,-0.0190250178902289,-0.703246968150417,1.150833819436878,0.30611238839626437,1.396753031849583,True,1.396753031849583,True,1.396753031849583,True,2.1,False,2.1,False,2.1,False,2.1,False,1.7483765159247917,2.0229925009417866,True,True,0.5,0.10950278144923699,1.396753031849583,wind_stuck_7_days,2017
14314,US-Tw3,US-Bi1,2017-09-26,1.63705548,1.3,1.3,-0.4493860516744208,0.4493860516744208,0.18031799114232486,0.36311367724823124,0.04374615695574217,0.05503534599930449,-0.004131158068303865,-0.4493860516744208,1.150833819436878,0.30611238839626437,0.8506139483255792,True,0.8506139483255792,True,0.8506139483255792,True,0.8506139483255792,True,0.8506139483255792,True,0.8506139483255792,True,1.3,False,1.0753069741627896,1.0689267149942796,True,True,0.5,0.5141977240831955,0.8506139483255792,wind_stuck_7_days,2017
14315,US-Tw3,US-Bi1,2017-10-04,1.53993656,1.4,1.4,-0.48343129470059976,0.48343129470059976,0.07989595965136168,0.3031817138743287,0.04374615695574217,0.05661956082043549,-0.004131158068303865,-0.48343129470059976,1.150833819436878,0.30611238839626437,0.9165687052994002,True,0.9165687052994002,True,0.9165687052994002,True,0.9165687052994002,True,0.9165687052994002,True,0.9165687052994002,True,1.4,False,1.1582843526497,1.1341152135994916,True,True,0.5,0.5499949823587172,0.9165687052994002,wind_stuck_7_days,2017
14316,US-Tw3,US-Bi1,2017-10-12,2.0052406,2.1,2.1,-0.8163002284513843,0.8163002284513843,0.08873435017301458,0.39172542351069267,-0.13025620235491098,-0.053164516078836856,-0.0190250178902289,-0.6267814284513842,1.150833819436878,0.30611238839626437,1.2836997715486158,True,1.2836997715486158,True,1.2836997715486158,True,2.1,False,2.1,False,2.1,False,2.1,False,1.691849885774308,1.8814802956657861,True,True,0.5,0.26769526299015134,1.2836997715486158,wind_stuck_7_days,2017
14317,US-Tw3,US-Bi1,2017-10-28,1.76770565,1.3,1.3,-0.39015790842910647,0.39015790842910647,0.07326471060969944,0.21575113242169666,0.02298982817648017,0.029101904401739168,-0.006047462543166524,-0.39015790842910647,1.150833819436878,0.30611238839626437,0.9098420915708936,True,0.9098420915708936,True,0.9098420915708936,True,0.9098420915708936,True,0.9098420915708936,True,0.9098420915708936,True,1.3,False,1.1049210457854468,1.0746661738809746,True,True,0.5,0.5775451970877313,0.9098420915708936,wind_stuck_7_days,2017
14318,US-Tw3,US-Bi1,2017-11-05,1.88422208,1.4,1.4,-0.0801577787350653,0.0801577787350653,0.10372786316386218,0.36931995596197986,0.02298982817648017,0.024011823229732186,-0.006047462543166524,-0.08015777873506535,1.150833819436878,0.30611238839626437,1.3198422212649346,True,1.3198422212649346,True,1.3198422212649346,True,1.3198422212649346,True,1.3198422212649346,True,1.3198422212649346,True,1.4,False,1.3599211106324673,1.3198422212649346,True,True,0.5,1.0,1.3198422212649346,wind_stuck_7_days,2017
14319,US-Tw3,US-Bi1,2017-11-13,1.47996954,1.1,1.1,0.009222264598005049,0.009222264598005049,0.09424372463038153,0.3956118818287065,0.02298982817648017,0.024011823229732186,-0.006047462543166524,0.00922226459800507,1.150833819436878,0.30611238839626437,1.1092222645980052,True,1.1092222645980052,True,1.1092222645980052,True,1.1092222645980052,True,1.1092222645980052,True,1.1092222645980052,True,1.1,False,1.1046111322990027,1.1092222645980052,True,True,0.5,1.0,1.1092222645980052,wind_stuck_7_days,2017
14320,US-Tw3,US-Bi1,2017-11-29,0.94350953,0.3,0.3,0.19122266035560032,0.19122266035560032,0.11080049338225137,0.31325434584361667,0.02111940667872665,0.015555014461246476,-0.006047462543166524,0.19122266035560032,1.150833819436878,0.30611238839626437,0.4912226603556003,True,0.4912226603556003,True,0.4912226603556003,True,0.4912226603556003,True,0.4912226603556003,True,0.4912226603556003,True,0.3,False,0.39561133017780015,0.48219533172097606,True,True,0.5,0.9527915330858965,0.4912226603556003,wind_stuck_7_days,2017
14321,US-Tw3,US-Bi1,2017-12-07,0.59618507,0.5,0.5,-0.04944501051869198,0.04944501051869198,0.09750394860172171,0.2863414411138849,0.01990945683715325,0.014345064619673073,-0.006047462543166524,-0.04944501051869199,1.150833819436878,0.30611238839626437,0.450554989481308,True,0.450554989481308,True,0.450554989481308,True,0.450554989481308,True,0.450554989481308,True,0.450554989481308,True,0.5,False,0.475277494740654,0.450554989481308,True,True,0.5,1.0,0.450554989481308,wind_stuck_7_days,2017
14560,US-Twt,US-Bi1,2017-01-13,0.78175076,1.2,1.2,-0.37521810492569224,0.37521810492569224,0.13501328980737404,0.37701820223572224,0.02246694996492022,0.028950458364756022,-0.006047462543166524,0.37521810492569224,1.150833819436878,0.30611238839626437,0.8247818950743078,True,0.8247818950743078,True,0.8247818950743078,True,0.8247818950743078,True,0.8247818950743078,True,0.8247818950743078,True,1.2,False,1.0123909475371538,0.9541932302311675,True,True,0.5,0.6551037024652946,0.8247818950743078,wind_stuck_7_days,2017
14561,US-Twt,US-Bi1,2017-01-29,0.53426384,1.6,1.6,-0.3146787079413131,0.3146787079413131,0.13619212449405022,0.44831150668505015,0.0021448888485801304,0.014426410227436836,-0.006047462543166524,0.31467870794131314,1.150833819436878,0.30611238839626437,1.285321292058687,True,1.285321292058687,True,1.285321292058687,True,1.285321292058687,True,1.285321292058687,True,1.285321292058687,True,1.6,False,1.4426606460293436,1.3740298287476294,True,True,0.5,0.71809806494602,1.285321292058687,wind_stuck_7_days,2017
14562,US-Twt,US-Bi1,2017-02-14,1.36437298,1.4,1.4,-0.13585193110192753,0.13585193110192753,0.13252005861888586,0.4466238388226217,0.025296555759319796,0.024011823229732186,-0.006047462543166524,-0.06459789110192762,1.150833819436878,0.30611238839626437,1.2641480688980724,True,1.2641480688980724,True,1.2641480688980724,True,1.2641480688980724,True,1.2641480688980724,True,1.2641480688980724,True,1.4,False,1.332074034449036,1.2641480688980724,True,True,0.5,1.0,1.2554448515931755,wind_stuck_7_days,2017
14563,US-Twt,US-Bi1,2017-03-02,2.48652707,1.1,1.1,0.13263504206458596,0.13263504206458596,0.11523441476381066,0.31717490027422224,0.02298982817648017,0.024011823229732186,-0.006047462543166524,0.13263504206458587,1.150833819436878,0.30611238839626437,1.232635042064586,True,1.232635042064586,True,1.232635042064586,True,1.232635042064586,True,1.232635042064586,True,1.232635042064586,True,1.1,False,1.1663175210322931,1.232635042064586,True,True,0.5,1.0,1.232635042064586,wind_stuck_7_days,2017
14564,US-Twt,US-Bi1,2017-04-03,4.27963356,4.4,4.4,-1.02232317026956,1.02232317026956,0.16940238694597334,0.5746221371545612,-0.038538666642378205,-0.046643156118418544,-0.03192561905361444,-0.7815902902695588,1.150833819436878,0.30611238839626437,3.37767682973044,True,3.37767682973044,True,3.37767682973044,True,4.4,False,4.4,False,4.4,False,4.4,False,3.88883841486522,4.05782312410879,True,True,0.5,0.33470519483676353,3.37767682973044,wind_stuck_7_days,2017
15325,US-Var,SLM001,2017-01-14,0.36256096,0.6,0.6,-0.12628132353843116,0.12628132353843116,0.10752092234216745,0.4009231105352794,0.02246694996492022,0.02386037719274904,-0.006047462543166524,0.12628132353843116,1.150833819436878,0.30611238839626437,0.47371867646156884,True,0.47371867646156884,True,0.47371867646156884,True,0.47371867646156884,True,0.47371867646156884,True,0.47371867646156884,True,0.6,False,0.5368593382307844,0.47371867646156884,True,True,0.5,1.0,0.49824376376731827,wind_stuck_7_days,2017
15326,US-Var,SLM001,2017-01-29,0.60684792,0.5,0.5,0.0014734566847583147,0.0014734566847583147,0.12797014569098686,0.3690901030727711,0.01990945683715325,0.014345064619673073,-0.006047462543166524,0.0014734566847583175,1.150833819436878,0.30611238839626437,0.5014734566847583,True,0.5014734566847583,True,0.5014734566847583,True,0.5014734566847583,True,0.5014734566847583,True,0.5014734566847583,True,0.5,False,0.5007367283423791,0.5014734566847583,True,True,0.5,1.0,0.49529935305237727,wind_stuck_7_days,2017
15327,US-Var,SLM001,2017-02-14,0.78131363,1.5,1.5,-0.24469986558552453,0.24469986558552453,0.13120276368668907,0.4674387719885658,0.025296555759319796,0.024011823229732186,-0.006047462543166524,0.24469986558552453,1.150833819436878,0.30611238839626437,1.2553001344144754,True,1.2553001344144754,True,1.2553001344144754,True,1.2553001344144754,True,1.2553001344144754,True,1.2553001344144754,True,1.5,False,1.3776500672072378,1.3081246006074736,True,True,0.5,0.7841254793230134,1.247502894291718,wind_stuck_7_days,2017
15328,US-Var,SLM001,2017-02-23,1.08046627,1.1,1.1,-0.04586075815446271,0.04586075815446271,0.11653169676234885,0.4504227476913325,0.025296555759319796,0.024011823229732186,-0.006047462543166524,-0.006793298154462654,1.150833819436878,0.30611238839626437,1.0541392418455373,True,1.0541392418455373,True,1.0541392418455373,True,1.0541392418455373,True,1.0541392418455373,True,1.0541392418455373,True,1.1,False,1.0770696209227688,1.0541392418455373,True,True,0.5,1.0,1.0541392418455373,wind_stuck_7_days,2017
15329,US-Var,SLM001,2017-03-02,0.99790343,1.8,1.8,-0.21213552125706525,0.21213552125706525,0.10775129874223054,0.3257925887115317,-0.0017262197366568499,0.014426410227436836,-0.006047462543166524,0.21213552125706525,1.150833819436878,0.30611238839626437,1.5878644787429348,True,1.5878644787429348,True,1.5878644787429348,True,1.8,False,1.8,False,1.5878644787429348,True,1.8,False,1.6939322393714673,1.6458328777956257,True,True,0.5,0.7267388379410299,1.598666223764666,wind_stuck_7_days,2017
15330,US-Var,SLM001,2017-03-27,2.08978037,3.7,3.7,-1.4460278865753038,1.4460278865753038,0.2180341689935179,0.5007141211101803,0.24126294326569264,0.37113465788200134,0.020514874038241215,1.4460278865753038,1.150833819436878,0.30611238839626437,2.2539721134246964,True,2.2539721134246964,True,2.2539721134246964,True,2.2539721134246964,True,2.2539721134246964,True,2.2539721134246964,True,2.2539721134246964,True,2.9769860567123483,2.7704789536118923,True,True,0.5,0.6428099036108748,2.2539721134246964,wind_stuck_7_days,2017
15331,US-Var,SLM001,2017-04-03,2.94829384,3.2,3.2,-0.4226122347582152,0.4226122347582152,0.13730442391617587,0.41091025433019446,-0.00531460332761016,0.00699295976467267,-0.004131158068303865,0.0808000852417855,1.150833819436878,0.30611238839626437,2.777387765241785,True,2.777387765241785,True,2.777387765241785,True,3.2,False,3.2,False,2.777387765241785,True,3.2,False,2.9886938826208924,2.9704945224245294,True,True,0.5,0.5430639690466492,2.777387765241785,wind_stuck_7_days,2017
15332,US-Var,SLM001,2017-04-04,2.60840656,3.4,3.4,-0.49890949582763416,0.49890949582763416,0.2651951759188244,0.5997726008041214,-0.005299743385366778,0.012138866835821624,-0.006047462543166524,0.49890949582763416,1.150833819436878,0.30611238839626437,2.9010905041723656,True,2.9010905041723656,True,2.9010905041723656,True,3.4,False,3.4,False,2.9010905041723656,True,3.4,False,3.1505452520861827,3.1567530933486116,True,True,0.5,0.48755717957997413,2.89727808258633,wind_stuck_7_days,2017
15333,US-Var,SLM001,2017-04-19,3.11368919,3.6,3.6,-1.2398769531327458,1.2398769531327458,0.15933824926388596,0.3664262529389643,0.11082665370451648,0.24942025175883356,0.0018628370606797928,-0.26725533313274585,1.150833819436878,0.30611238839626437,2.3601230468672543,True,2.3601230468672543,True,2.3601230468672543,True,2.3601230468672543,True,2.3601230468672543,True,2.3601230468672543,True,2.3601230468672543,True,2.980061523433627,2.9074404373048583,True,True,0.5,0.5585712041386687,2.3601230468672543,wind_stuck_7_days,2017
15334,US-Var,SLM001,2017-04-20,3.27910501,4.6,4.6,-1.8316343727201094,1.8316343727201094,0.25950527397769463,0.49972061852126287,0.9058467603979724,1.1229026658220944,0.22572363058419456,0.8101556072798901,1.150833819436878,0.30611238839626437,2.7683656272798904,True,2.7683656272798904,True,2.7683656272798904,True,2.7683656272798904,True,2.7683656272798904,True,2.7683656272798904,True,2.7683656272798904,True,3.684182813639945,2.7683656272798904,True,True,0.5,1.0,2.7683656272798904,wind_stuck_7_days,2017
15335,US-Var,SLM001,2017-04-27,3.32373248,4.5,4.5,-1.6052605675106988,1.6052605675106988,0.2135705849411599,0.4450237911410925,0.30236036877876904,0.41732398380183444,0.09888691441227791,0.7472744724893015,1.150833819436878,0.30611238839626437,2.894739432489301,True,2.894739432489301,True,2.894739432489301,True,2.894739432489301,True,2.894739432489301,True,2.894739432489301,True,2.894739432489301,True,3.6973697162446504,3.365293426982627,True,True,0.5,0.7068675304078386,2.894739432489301,wind_stuck_7_days,2017
15336,US-Var,SLM001,2017-04-28,3.96391699,3.9,3.9,-0.26394808145430904,0.26394808145430904,0.19761641723527557,0.46508319499238426,-0.0030078757447705323,0.002180379223468672,-0.004131158068303865,-0.26394808145430904,1.150833819436878,0.30611238839626437,3.6360519185456908,True,3.6360519185456908,True,3.6360519185456908,True,3.9,False,3.9,False,3.6360519185456908,True,3.9,False,3.7680259592728453,3.756137341904742,True,True,0.5,0.5450414994592832,3.6360519185456908,wind_stuck_7_days,2017
15337,US-Var,SLM001,2017-05-05,3.57624732,5.4,5.4,-1.9904949410099744,1.9904949410099744,0.17530974014800718,0.5624828413155735,0.9021455526108753,0.9911255234435313,0.412484244853588,1.6570104189900268,1.150833819436878,0.30611238839626437,3.409505058990026,True,3.409505058990026,True,3.409505058990026,True,3.409505058990026,True,3.409505058990026,True,3.409505058990026,True,3.409505058990026,True,4.404752529495013,3.5868092161834584,True,True,0.5,0.9109245878799025,3.409505058990026,wind_stuck_7_days,2017
15338,US-Var,SLM001,2017-05-13,2.76383414,4.7,4.7,-1.587634312766769,1.587634312766769,0.17611471410258328,0.37454211413331795,-0.29598117229750265,-0.3491324179071438,0.027310580067297464,1.587634312766769,1.150833819436878,0.30611238839626437,3.1123656872332313,True,3.1123656872332313,True,3.1123656872332313,True,4.7,False,4.7,False,4.7,False,3.1123656872332313,True,3.906182843616616,3.8369927611312398,True,True,0.5,0.543580616725774,3.1123656872332313,wind_stuck_7_days,2017
15339,US-Var,SLM001,2017-05-14,2.28405382,4.1,4.1,-1.0568139268913164,1.0568139268913164,0.21309284953150986,0.3161385415610679,-0.19237324187694413,-0.05545205947045207,-0.03192561905361444,1.0568139268913164,1.150833819436878,0.30611238839626437,3.043186073108683,True,3.043186073108683,True,3.043186073108683,True,4.1,False,4.1,False,4.1,False,4.1,False,3.5715930365543413,3.6870082167946467,True,True,0.5,0.3907894972771545,3.043186073108683,wind_stuck_7_days,2017
15340,US-Var,SLM001,2017-05-21,3.22477322,3.9,3.9,-0.20672171550080898,0.20672171550080898,0.32031342204194224,0.6833517838445866,0.009863244936512128,-0.016540818883736062,-0.004131158068303865,0.20672171550080898,1.150833819436878,0.30611238839626437,3.6932782844991907,True,3.6932782844991907,True,3.6932782844991907,True,3.6932782844991907,True,3.6932782844991907,True,3.9,False,3.9,False,3.7966391422495955,3.797349281683477,True,True,0.5,0.4965647564787229,3.7016146322542447,wind_stuck_7_days,2017
15341,US-Var,SLM001,2017-05-22,2.91656058,3.8,3.8,-0.2585834145808089,0.2585834145808089,0.36065491839739644,0.6308896230297956,-0.04702283131587787,-0.04579090014485886,-0.004131158068303865,0.2585834145808089,1.150833819436878,0.30611238839626437,3.541416585419191,True,3.8,False,3.541416585419191,True,3.8,False,3.8,False,3.8,False,3.8,False,3.6707082927095955,3.756024613484132,True,True,0.5,0.1700626723765581,3.557738315483719,wind_stuck_7_days,2017
15342,US-Var,SLM001,2017-05-29,1.18164875,3.7,3.7,-0.8487234202053922,0.8487234202053922,0.21546945834467446,0.40646203393975594,-0.18030737035342548,-0.059529064237821575,-0.0190250178902289,0.8487234202053922,1.150833819436878,0.30611238839626437,2.8512765797946082,True,2.8512765797946082,True,2.8512765797946082,True,3.7,False,3.7,False,3.7,False,3.7,False,3.275638289897304,3.5673509927006823,True,True,0.5,0.15629238470551057,2.8512765797946082,wind_stuck_7_days,2017
15343,US-Var,SLM001,2017-05-30,0.88684119,3.8,3.8,-1.281916060392697,1.281916060392697,0.15419503098051313,0.35337801320630297,-0.13279185772342122,0.02240335626628563,-0.021566708662201933,1.281916060392697,1.150833819436878,0.30611238839626437,2.518083939607303,True,2.518083939607303,True,2.518083939607303,True,3.8,False,3.8,False,2.518083939607303,True,3.8,False,3.1590419698036514,3.505557250149417,True,True,0.5,0.22968957090714995,2.518083939607303,wind_stuck_7_days,2017
15344,US-Var,SLM001,2017-06-06,1.08403568,2.9,2.9,-1.2157527855114,1.2157527855114,0.22353726354609213,0.4584999302682672,-0.19879703185211006,-0.2631971910142687,-0.021190088824639238,1.2157527855114,1.150833819436878,0.30611238839626437,1.6842472144885998,True,1.6842472144885998,True,1.6842472144885998,True,2.9,False,2.9,False,2.9,False,2.9,False,2.2921236072443,2.9,True,False,0.5,0.0,1.6842472144885998,wind_stuck_7_days,2017
15345,US-Var,SLM001,2017-06-14,0.59985416,2.7,2.7,-1.1858640330757382,1.1858640330757382,0.21364161586083222,0.48534969904326813,-0.09767225891958334,-0.15098686113155269,-0.021190088824639238,1.1858640330757382,1.150833819436878,0.30611238839626437,1.514135966924262,True,1.514135966924262,True,1.514135966924262,True,2.7,False,2.7,False,2.7,False,2.7,False,2.107067983462131,2.7,True,False,0.5,0.0,1.514135966924262,wind_stuck_7_days,2017
15346,US-Var,SLM001,2017-06-15,0.52864258,2.0,2.0,-0.8756020495764671,0.8756020495764671,0.21919617257407065,0.3973966178940767,-0.2763093863453546,-0.23482553035320014,-0.0190250178902289,0.8756020495764671,1.150833819436878,0.30611238839626437,1.1243979504235329,True,1.1243979504235329,True,1.1243979504235329,True,2.0,False,2.0,False,2.0,False,2.0,False,1.5621989752117664,2.0,True,False,0.5,0.0,1.1243979504235329,wind_stuck_7_days,2017
15347,US-Var,SLM001,2017-06-22,0.21395001,1.6,1.6,-0.9603686779596032,0.9603686779596032,0.22810633676228181,0.4949462469677245,-0.1695673269243243,-0.23482553035320014,-0.16007054340213545,0.9603686779596032,1.150833819436878,0.30611238839626437,0.6396313220403969,True,0.6396313220403969,True,0.6396313220403969,True,1.6,False,1.6,False,1.6,False,1.6,False,1.1198156610201986,1.6,True,False,0.5,0.0,0.5654181555188182,wind_stuck_7_days,2017
15348,US-Var,SLM001,2017-06-23,0.20404351,2.9,2.9,-1.1622960837265484,1.1622960837265484,0.23224743214826435,0.5245361254829595,-0.19879703185211006,-0.2631971910142687,-0.1931941778657607,1.1622960837265484,1.150833819436878,0.30611238839626437,1.7377039162734516,True,1.7377039162734516,True,1.7377039162734516,True,2.9,False,2.9,False,2.9,False,2.9,False,2.318851958136726,2.9,True,False,0.5,0.0,1.7377039162734516,wind_stuck_7_days,2017
15349,US-Var,SLM001,2017-06-30,0.13017105,2.8,2.8,-1.3925222317679418,1.3925222317679418,0.20952651755343146,0.43489000308239845,-0.19820340230399774,-0.14777494590652868,-0.006100377193635943,1.3925222317679418,1.150833819436878,0.30611238839626437,1.407477768232058,True,1.407477768232058,True,1.407477768232058,True,2.8,False,2.8,False,2.8,False,2.8,False,2.103738884116029,2.8,True,False,0.5,0.0,1.407477768232058,wind_stuck_7_days,2017
15350,US-Var,SLM001,2017-07-01,0.10892089,2.1,2.1,-1.3097640547254463,1.3097640547254463,0.17669428745773613,0.4100914809515703,-0.27160739355281677,-0.2609096476226535,-0.060824840603685086,1.3097640547254463,1.150833819436878,0.30611238839626437,0.7902359452745538,True,0.7902359452745538,True,0.7902359452745538,True,2.1,False,2.1,False,2.1,False,2.1,False,1.445117972637277,2.1,True,False,0.5,0.0,0.7902359452745538,wind_stuck_7_days,2017
15351,US-Var,SLM001,2017-07-08,0.15345939,2.1,2.1,-1.0196819537822364,1.0196819537822364,0.22882780134634031,0.45441624778302997,-0.20371014039846286,-0.23482553035320014,-0.1898275461090368,1.0196819537822364,1.150833819436878,0.30611238839626437,1.0803180462177637,True,1.0803180462177637,True,1.0803180462177637,True,2.1,False,2.1,False,2.1,False,2.1,False,1.5901590231088818,2.1,True,False,0.5,0.0,1.0803180462177637,wind_stuck_7_days,2017
15352,US-Var,SLM001,2017-07-09,0.10380095,1.9,1.9,-1.1705475554770133,1.1705475554770133,0.22503589818234457,0.46230514691358726,-0.1646542183779715,-0.2609096476226535,-0.2328289296448065,1.1705475554770133,1.150833819436878,0.30611238839626437,0.7294524445229866,True,0.7294524445229866,True,0.7294524445229866,True,1.9,False,1.9,False,1.9,False,1.9,False,1.3147262222614933,1.9,True,False,0.5,0.0,0.7294524445229866,wind_stuck_7_days,2017
15353,US-Var,SLM001,2017-07-16,0.19666208,1.2,1.2,-0.7428868142553094,0.7428868142553094,0.15408068562822358,0.33390058345490026,-0.10860121460998871,-0.03731798248895282,-0.16007054340213545,0.7428868142553094,1.150833819436878,0.30611238839626437,0.4571131857446905,True,0.4571131857446905,True,0.4571131857446905,True,1.2,False,1.2,False,1.2,False,1.2,False,0.8285565928723453,0.949457217190979,True,True,0.5,0.3372556599489145,0.4571131857446905,wind_stuck_7_days,2017
15354,US-Var,SLM001,2017-07-17,0.199132,1.2,1.2,-0.6729737256998493,0.6729737256998493,0.19968114698834796,0.4656958963766213,-0.016883678897456,-0.03731798248895282,-0.16007054340213545,0.6729737256998493,1.150833819436878,0.30611238839626437,0.5270262743001507,True,0.5270262743001507,True,0.5270262743001507,True,1.2,False,1.2,False,1.2,False,1.2,False,0.8635131371500753,0.9584626644479248,True,True,0.5,0.35891049877302705,0.5270262743001507,wind_stuck_7_days,2017
15355,US-Var,SLM001,2017-07-25,0.09043751,1.9,1.9,-1.3927758876253182,1.3927758876253182,0.17146516194185754,0.2882884939798164,-0.16140571157834957,-0.04488881566728813,-0.045735128972681796,1.3927758876253182,1.150833819436878,0.30611238839626437,0.5072241123746817,True,0.5072241123746817,True,0.5072241123746817,True,1.9,False,1.9,False,1.9,False,1.9,False,1.2036120561873407,1.9,True,False,0.5,0.0,0.5072241123746817,wind_stuck_7_days,2017
15356,US-Var,SLM001,2017-08-01,0.12324255,1.6,1.6,-0.39174177705955643,0.39174177705955643,0.1867253165962617,0.48428750690459443,-0.03159594321218723,-0.03708909471497131,-0.00977861365961994,0.3917417770595564,1.150833819436878,0.30611238839626437,1.2082582229404437,True,1.2082582229404437,True,1.2082582229404437,True,1.6,False,1.6,False,1.6,False,1.6,False,1.404129111470222,1.521452483388746,True,True,0.5,0.20050839918284374,1.2082582229404437,wind_stuck_7_days,2017
15357,US-Var,SLM001,2017-08-09,0.01826209,1.8,1.8,-0.8067970579237725,0.8067970579237725,0.14108801732307014,0.3339065548530965,-0.20035892876832279,-0.1401733418060081,-0.0190250178902289,0.8067970579237725,1.150833819436878,0.30611238839626437,0.9932029420762275,True,0.9932029420762275,True,0.9932029420762275,True,1.8,False,1.8,False,1.8,False,1.8,False,1.3966014710381138,1.7106341527368665,True,True,0.5,0.11076620370072905,0.9932029420762275,wind_stuck_7_days,2017
15358,US-Var,SLM001,2017-08-10,0.02226809,2.2,2.2,-0.9116384157785727,0.9116384157785727,0.2306722273293117,0.3451205467481926,-0.25607527773954264,-0.16426866888613545,-0.0190250178902289,0.9116384157785729,1.150833819436878,0.30611238839626437,1.2883615842214273,True,1.2883615842214273,True,1.2883615842214273,True,2.2,False,2.2,False,2.2,False,2.2,False,1.7441807921107138,2.2,True,False,0.5,0.0,1.2883615842214273,wind_stuck_7_days,2017
15359,US-Var,SLM001,2017-08-17,0.05819771,1.5,1.5,-0.17059279947371356,0.17059279947371356,0.15347381977549487,0.36114052754748877,0.02102684398355344,0.020310886800116786,-0.004131158068303865,0.17059279947371353,1.150833819436878,0.30611238839626437,1.3294072005262865,True,1.3294072005262865,True,1.3294072005262865,True,1.3294072005262865,True,1.3294072005262865,True,1.3294072005262865,True,1.5,False,1.4147036002631432,1.3294072005262865,True,True,0.5,1.0,1.3294072005262865,wind_stuck_7_days,2017
15360,US-Var,SLM001,2017-08-18,0.1205004,1.4,1.4,-0.23927888278651768,0.23927888278651768,0.14218398293203696,0.3652568474891199,0.0050455379924656775,0.005265751812048551,-0.004131158068303865,0.23927888278651777,1.150833819436878,0.30611238839626437,1.1607211172134821,True,1.1607211172134821,True,1.1607211172134821,True,1.1607211172134821,True,1.1607211172134821,True,1.1607211172134821,True,1.4,False,1.280360558606741,1.2123753313431467,True,True,0.5,0.7841254793230134,1.1607211172134821,wind_stuck_7_days,2017
15361,US-Var,SLM001,2017-08-25,0.18240125,1.1,1.1,-0.5079467064607884,0.5079467064607884,0.07410691076237984,0.38896660238587233,0.025801866771727626,0.03490012983922929,-0.004131158068303865,0.5079467064607884,1.150833819436878,0.30611238839626437,0.5920532935392117,True,0.5920532935392117,True,0.5920532935392117,True,0.5920532935392117,True,0.5920532935392117,True,0.5920532935392117,True,1.1,False,0.8460266467696058,0.9134521743540989,True,True,0.5,0.3672586577944512,0.5920532935392117,wind_stuck_7_days,2017
15362,US-Var,SLM001,2017-08-26,0.138869,1.5,1.5,-0.31991053208978193,0.31991053208978193,0.15034030389336947,0.6914142371688061,0.01853823879681896,0.005265751812048551,-0.004131158068303865,0.31991053208978193,1.150833819436878,0.30611238839626437,1.180089467910218,True,1.180089467910218,True,1.180089467910218,True,1.180089467910218,True,1.180089467910218,True,1.180089467910218,True,1.5,False,1.340044733955109,1.3201668193706781,True,True,0.5,0.5621358554674037,1.180089467910218,wind_stuck_7_days,2017
15363,US-Var,SLM001,2017-09-02,0.10278627,0.8,0.8,0.06203714876989671,0.06203714876989671,0.23404403982562605,1.01856314559461,0.034167072508873866,0.011916013721053505,-0.012944496730704181,-0.062037148769896744,1.150833819436878,0.30611238839626437,0.8620371487698968,True,0.8620371487698968,True,0.8,False,0.8620371487698968,True,0.8,False,0.8620371487698968,True,0.8,False,0.8310185743849484,0.8620371487698968,True,True,0.5,1.0,0.7721503141022871,wind_stuck_7_days,2017
15364,US-Var,SLM001,2017-09-03,0.09523049,0.9,0.9,0.06882343377724713,0.06882343377724713,0.19618876412922487,0.6400159196540672,0.014925142924996531,0.005265751812048551,-0.004131158068303865,-0.06882343377724709,1.150833819436878,0.30611238839626437,0.9688234337772471,True,0.9688234337772471,True,0.9688234337772471,True,0.9688234337772471,True,0.9688234337772471,True,0.9688234337772471,True,0.9,False,0.9344117168886236,0.9688234337772471,True,True,0.5,1.0,0.8618876982452144,wind_stuck_7_days,2017
15365,US-Var,SLM001,2017-09-10,0.11775405,0.7,0.7,-0.08439752155870187,0.08439752155870187,0.15653011813366846,0.43902745641214186,0.025874051054493027,0.020310886800116786,-0.004131158068303865,0.08439752155870184,1.150833819436878,0.30611238839626437,0.6156024784412981,True,0.6156024784412981,True,0.6156024784412981,True,0.6156024784412981,True,0.6156024784412981,True,0.6156024784412981,True,0.7,False,0.657801239220649,0.6156024784412981,True,True,0.5,1.0,0.6156024784412981,wind_stuck_7_days,2017
15366,US-Var,SLM001,2017-09-19,0.11242521,1.1,1.1,-0.2010270685385112,0.2010270685385112,0.13100586098584843,0.31647717998452174,0.02298982817648017,0.021895101621247783,-0.006047462543166524,0.20102706853851116,1.150833819436878,0.30611238839626437,0.8989729314614889,True,0.8989729314614889,True,0.8989729314614889,True,0.8989729314614889,True,0.8989729314614889,True,0.8989729314614889,True,1.1,False,0.9994864657307445,0.9391903417989604,True,True,0.5,0.7999403233114004,0.8989729314614889,wind_stuck_7_days,2017
15367,US-Var,SLM001,2017-09-26,0.07844746,0.8,0.8,-0.2151818699349534,0.2151818699349534,0.11191140795796586,0.3655942191785796,0.02102684398355344,0.020310886800116786,-0.004131158068303865,0.21518186993495336,1.150833819436878,0.30611238839626437,0.5848181300650467,True,0.5848181300650467,True,0.5848181300650467,True,0.5848181300650467,True,0.5848181300650467,True,0.5848181300650467,True,0.8,False,0.6924090650325233,0.645882518107534,True,True,0.5,0.7162196421987298,0.5848181300650467,wind_stuck_7_days,2017
15368,US-Var,SLM001,2017-09-27,0.0722303,0.9,0.9,-0.35341619105214356,0.35341619105214356,0.14043324775311297,0.33770045892249734,0.02298982817648017,0.026985182793254767,-0.004131158068303865,0.35341619105214356,1.150833819436878,0.30611238839626437,0.5465838089478565,True,0.5465838089478565,True,0.5465838089478565,True,0.5465838089478565,True,0.5465838089478565,True,0.5465838089478565,True,0.9,False,0.7232919044739282,0.685703629587804,True,True,0.5,0.6063569690291253,0.5465838089478565,wind_stuck_7_days,2017
15369,US-Var,SLM001,2017-10-04,0.06174148,0.8,0.8,-0.21510615092033855,0.21510615092033855,0.08423862686720135,0.36861987468673396,0.02298982817648017,0.021895101621247783,-0.006047462543166524,0.21510615092033858,1.150833819436878,0.30611238839626437,0.5848938490796615,True,0.5848938490796615,True,0.5848938490796615,True,0.5848938490796615,True,0.5848938490796615,True,0.5848938490796615,True,0.8,False,0.6924469245398308,0.6459367495530892,True,True,0.5,0.7162196421987298,0.5848938490796615,wind_stuck_7_days,2017
15370,US-Var,SLM001,2017-10-05,0.07118237,0.6,0.6,-0.15070259802801747,0.15070259802801747,0.09542437088958082,0.3291019460172994,0.02298982817648017,0.024011823229732186,-0.006047462543166524,0.15070259802801744,1.150833819436878,0.30611238839626437,0.44929740197198254,True,0.44929740197198254,True,0.44929740197198254,True,0.44929740197198254,True,0.44929740197198254,True,0.44929740197198254,True,0.6,False,0.5246487009859913,0.44929740197198254,True,True,0.5,1.0,0.44929740197198254,wind_stuck_7_days,2017
15371,US-Var,SLM001,2017-10-12,0.04129373,0.7,0.7,-0.16115010647777503,0.16115010647777503,0.05811622334701792,0.24467309536612492,0.02298982817648017,0.021895101621247783,-0.006047462543166524,0.16115010647777506,1.150833819436878,0.30611238839626437,0.5388498935222249,True,0.5388498935222249,True,0.5388498935222249,True,0.5388498935222249,True,0.5388498935222249,True,0.5388498935222249,True,0.7,False,0.6194249467611125,0.5388498935222249,True,True,0.5,1.0,0.5388498935222249,wind_stuck_7_days,2017
15372,US-Var,SLM001,2017-10-13,0.05995786,0.9,0.9,-0.2777049633014341,0.2777049633014341,0.06023666629345623,0.25912350853351074,0.02298982817648017,0.026985182793254767,-0.006047462543166524,0.2777049633014341,1.150833819436878,0.30611238839626437,0.6222950366985659,True,0.6222950366985659,True,0.6222950366985659,True,0.6222950366985659,True,0.6222950366985659,True,0.6222950366985659,True,0.9,False,0.761147518349283,0.7353729161743748,True,True,0.5,0.5928128970706625,0.6222950366985659,wind_stuck_7_days,2017
15373,US-Var,SLM001,2017-10-21,0.47135408,0.7,0.7,0.008584547966161999,0.008584547966161999,0.08100004457955227,0.33182800246250965,0.02298982817648017,0.024011823229732186,-0.006047462543166524,-0.00858454796616201,1.150833819436878,0.30611238839626437,0.708584547966162,True,0.708584547966162,True,0.708584547966162,True,0.708584547966162,True,0.708584547966162,True,0.708584547966162,True,0.7,False,0.7042922739830809,0.708584547966162,True,True,0.5,1.0,0.708584547966162,wind_stuck_7_days,2017
15374,US-Var,SLM001,2017-10-28,0.17347184,0.4,0.4,-0.09158242339053482,0.09158242339053482,0.11050218996041763,0.38186263333018944,0.02111940667872665,0.015555014461246476,-0.006047462543166524,0.09158242339053482,1.150833819436878,0.30611238839626437,0.3084175766094652,True,0.3084175766094652,True,0.3084175766094652,True,0.3084175766094652,True,0.3084175766094652,True,0.3084175766094652,True,0.4,False,0.3542087883047326,0.3084175766094652,True,True,0.5,1.0,0.3084175766094652,wind_stuck_7_days,2017
15375,US-Var,SLM001,2017-10-29,0.09836379,0.7,0.7,-0.13803603090707914,0.13803603090707914,0.07162235580209665,0.2756479282882494,0.02298982817648017,0.024011823229732186,-0.006047462543166524,0.13803603090707917,1.150833819436878,0.30611238839626437,0.5619639690929208,True,0.5619639690929208,True,0.5619639690929208,True,0.5619639690929208,True,0.5619639690929208,True,0.5619639690929208,True,0.7,False,0.6309819845464604,0.5619639690929208,True,True,0.5,1.0,0.5619639690929208,wind_stuck_7_days,2017
15376,US-Var,SLM001,2017-11-05,0.55321721,0.6,0.6,0.19412041813382508,0.19412041813382508,0.1324621821840983,0.3933073097815707,0.02298982817648017,0.024011823229732186,-0.006047462543166524,-0.19412041813382508,1.150833819436878,0.30611238839626437,0.7941204181338251,True,0.7941204181338251,True,0.7941204181338251,True,0.7941204181338251,True,0.7941204181338251,True,0.7941204181338251,True,0.6,False,0.6970602090669125,0.7620536432761584,True,True,0.5,0.8348098815882413,0.7941204181338251,wind_stuck_7_days,2017
15377,US-Var,SLM001,2017-11-06,0.18653764,0.5,0.5,0.1395315469077944,0.1395315469077944,0.1028258866512207,0.3483693314811488,0.01990945683715325,0.014345064619673073,-0.006047462543166524,-0.1395315469077944,1.150833819436878,0.30611238839626437,0.6395315469077945,True,0.6395315469077945,True,0.6395315469077945,True,0.6395315469077945,True,0.6395315469077945,True,0.6395315469077945,True,0.5,False,0.5697657734538972,0.6395315469077945,True,True,0.5,1.0,0.6395315469077945,wind_stuck_7_days,2017
15378,US-Var,SLM001,2017-11-14,0.52243699,1.0,1.0,0.06888778088784706,0.06888778088784706,0.0732367966364834,0.40258487426598233,0.02246694996492022,0.02386037719274904,-0.006047462543166524,-0.06888778088784708,1.150833819436878,0.30611238839626437,1.068887780887847,True,1.068887780887847,True,1.068887780887847,True,1.068887780887847,True,1.068887780887847,True,1.068887780887847,True,1.0,False,1.0344438904439235,1.068887780887847,True,True,0.5,1.0,1.068887780887847,wind_stuck_7_days,2017
15379,US-Var,SLM001,2017-11-22,0.40537121,0.3,0.3,0.3720888547201104,0.3720888547201104,0.17040248243962816,0.44363873177793656,0.056625907025460755,0.06052190548387008,-0.006047462543166524,-0.1613464347201104,1.150833819436878,0.30611238839626437,0.6720888547201104,True,0.6720888547201104,True,0.6720888547201104,True,0.6720888547201104,True,0.6720888547201104,True,0.6720888547201104,True,0.3,False,0.48604442736005515,0.6720888547201104,True,True,0.5,1.0,0.6720888547201104,wind_stuck_7_days,2017
15380,US-Var,SLM001,2017-11-29,0.42721215,0.3,0.3,0.24416830764347047,0.24416830764347047,0.11211303396914728,0.4203904360780431,0.033468748362438454,0.037893911686996545,-0.006047462543166524,0.010255992356529575,1.150833819436878,0.30611238839626437,0.5441683076434705,True,0.5441683076434705,True,0.5441683076434705,True,0.5441683076434705,True,0.5441683076434705,True,0.5441683076434705,True,0.3,False,0.42208415382173525,0.5059476222691144,True,True,0.5,0.8434658218208847,0.5441683076434705,wind_stuck_7_days,2017
15381,US-Var,SLM001,2017-11-30,0.36545119,0.6,0.6,-0.029334210473467414,0.029334210473467414,0.08857137229527261,0.328428311952483,0.02246694996492022,0.02386037719274904,-0.006047462543166524,0.029334210473467404,1.150833819436878,0.30611238839626437,0.5706657895265326,True,0.5706657895265326,True,0.5706657895265326,True,0.5706657895265326,True,0.5706657895265326,True,0.5706657895265326,True,0.6,False,0.5853328947632662,0.5706657895265326,True,True,0.5,1.0,0.5583389664426445,wind_stuck_7_days,2017
15382,US-Var,SLM001,2017-12-07,0.4191019,0.6,0.6,-0.17371485438861053,0.17371485438861053,0.1347195061735354,0.32587621530155164,0.02298982817648017,0.024011823229732186,-0.006047462543166524,0.17371485438861053,1.150833819436878,0.30611238839626437,0.4262851456113894,True,0.4262851456113894,True,0.4262851456113894,True,0.4262851456113894,True,0.4262851456113894,True,0.4262851456113894,True,0.6,False,0.5131425728056948,0.4262851456113894,True,True,0.5,1.0,0.4262851456113894,wind_stuck_7_days,2017
15383,US-Var,SLM001,2017-12-08,0.36112385,0.4,0.4,-0.06837037666700281,0.06837037666700281,0.12272957692078977,0.33052283570060953,0.01895711667930625,0.016904472957416167,-0.006047462543166524,0.009381923332997186,1.150833819436878,0.30611238839626437,0.3316296233329972,True,0.3316296233329972,True,0.3316296233329972,True,0.3316296233329972,True,0.3316296233329972,True,0.3316296233329972,True,0.4,False,0.3658148116664986,0.3316296233329972,True,True,0.5,1.0,0.3316296233329972,wind_stuck_7_days,2017
15384,US-Var,SLM001,2017-12-16,0.9103355,0.3,0.3,0.42986651779055063,0.42986651779055063,0.1473687889630242,0.6091448546279349,0.10078642828534456,0.11356047599167285,-0.006047462543166524,0.42986651779055063,1.150833819436878,0.30611238839626437,0.7298665177905506,True,0.7298665177905506,True,0.7298665177905506,True,0.7298665177905506,True,0.7298665177905506,True,0.7298665177905506,True,0.3,False,0.5149332588952753,0.7298665177905506,True,True,0.5,1.0,0.7298665177905506,wind_stuck_7_days,2017
15675,US-WCr,US-WCr,2017-04-06,0.63979391,1.2,1.2,0.197631638577031,0.197631638577031,0.10463382064664709,0.3606830459248075,0.02298982817648017,0.024011823229732186,-0.006047462543166524,-0.19763163857703103,1.150833819436878,0.30611238839626437,1.3976316385770309,True,1.3976316385770309,True,1.3976316385770309,True,1.3976316385770309,True,1.3976316385770309,True,1.3976316385770309,True,1.2,False,1.2988158192885155,1.358093516859872,True,True,0.5,0.7999403233114004,1.3976316385770309,wind_stuck_7_days,2017
15676,US-WCr,US-WCr,2017-04-22,0.93592471,1.0,1.0,0.4533329134671621,0.4533329134671621,0.0683784740788065,0.3192367130859447,0.04153373784339427,0.04764200926334809,-0.004131158068303865,-0.4533329134671621,1.150833819436878,0.30611238839626437,1.453332913467162,True,1.453332913467162,True,1.453332913467162,True,1.453332913467162,True,1.453332913467162,True,1.453332913467162,True,1.0,False,1.226666456733581,1.3435396005503555,True,True,0.5,0.7578086442541974,1.453332913467162,wind_stuck_7_days,2017
15677,US-WCr,US-WCr,2017-06-01,1.88397668,5.0,5.0,-1.2419241286272682,1.2419241286272682,0.17201546219685182,0.4205194156027881,0.37230920161983155,0.4333081648072879,-0.021566708662201933,1.2419241286272682,1.150833819436878,0.30611238839626437,3.758075871372732,True,3.758075871372732,True,3.758075871372732,True,3.758075871372732,True,3.758075871372732,True,3.758075871372732,True,5.0,False,4.379037935686366,4.131152415101245,True,True,0.5,0.6995979584188571,3.758075871372732,wind_stuck_7_days,2017
15678,US-WCr,US-WCr,2017-06-09,2.94929454,5.3,5.3,-0.7512507634659839,0.7512507634659839,0.12791887190194284,0.5180083104247946,0.022673863363609017,0.07034358848059122,-0.0190250178902289,0.751250763465984,1.150833819436878,0.30611238839626437,4.548749236534016,True,4.548749236534016,True,4.548749236534016,True,4.548749236534016,True,4.548749236534016,True,4.548749236534016,True,5.3,False,4.924374618267008,5.029250864353343,True,True,0.5,0.3603978176308582,4.548749236534016,wind_stuck_7_days,2017
15679,US-WCr,US-WCr,2017-06-17,2.93316683,5.1,5.1,0.17358417040748766,0.17358417040748766,0.14080537691233053,0.4597011369292366,0.01585172029724875,0.021729823144267364,-0.004131158068303865,-0.17358417040748764,1.150833819436878,0.30611238839626437,5.273584170407488,True,5.273584170407488,True,5.273584170407488,True,5.273584170407488,True,5.273584170407488,True,5.273584170407488,True,5.1,False,5.186792085203743,5.273584170407488,True,True,0.5,1.0,5.273584170407488,wind_stuck_7_days,2017
15680,US-WCr,US-WCr,2017-07-19,5.25340913,4.8,4.8,0.6902393272543407,0.6902393272543407,0.13747898165662792,0.35590654404031247,-0.0034948270721466257,0.020425481795420784,-0.07241440983915938,0.21657893274565898,1.150833819436878,0.30611238839626437,5.490239327254341,True,5.490239327254341,True,5.490239327254341,True,4.8,False,4.8,False,5.490239327254341,True,4.8,False,5.14511966362717,5.2172132625001115,True,True,0.5,0.6044472489849538,5.490239327254341,wind_stuck_7_days,2017
15681,US-WCr,US-WCr,2017-08-12,3.38774566,4.2,4.2,0.20771917404870588,0.20771917404870588,0.16917995917116135,0.4543556407981214,-0.0030078757447705323,0.00699295976467267,0.0420993260789322,-0.20771917404870588,1.150833819436878,0.30611238839626437,4.407719174048706,True,4.407719174048706,True,4.407719174048706,True,4.2,False,4.2,False,4.407719174048706,True,4.407719174048706,True,4.303859587024353,4.360400491467596,True,True,0.5,0.772198773667301,4.407719174048706,wind_stuck_7_days,2017
15682,US-WCr,US-WCr,2017-08-20,2.89451521,3.8,3.8,0.8545836652758977,0.8545836652758977,0.2028360988804252,0.4776111984884433,-0.005220294857118428,0.01578842256833718,-0.20471725441507385,-0.8545836652758978,1.150833819436878,0.30611238839626437,4.654583665275897,True,4.654583665275897,True,4.654583665275897,True,3.8,False,3.8,False,4.654583665275897,True,3.8,False,4.227291832637949,4.296781823122736,True,True,0.5,0.5813144380221139,4.654583665275897,wind_stuck_7_days,2017
15683,US-WCr,US-WCr,2017-09-13,2.77311282,2.9,2.9,0.33579884025591894,0.33579884025591894,0.18298735692089924,0.30221647994000583,-0.00909140344235541,0.008251396450741211,-0.006047462543166524,-0.33579884025591894,1.150833819436878,0.30611238839626437,3.235798840255919,True,3.235798840255919,True,3.235798840255919,True,2.9,False,2.9,False,3.235798840255919,True,2.9,False,3.0678994201279592,3.1118452093743416,True,True,0.5,0.630869389581246,3.235798840255919,wind_stuck_7_days,2017
15684,US-WCr,US-WCr,2017-12-02,0.05445724,0.3,0.3,0.14532370654389765,0.14532370654389765,0.11921132409119177,0.2718208282863551,0.01895711667930625,0.016904472957416167,-0.006047462543166524,-0.14532370654389767,1.150833819436878,0.30611238839626437,0.44532370654389763,True,0.44532370654389763,True,0.44532370654389763,True,0.44532370654389763,True,0.44532370654389763,True,0.44532370654389763,True,0.3,False,0.3726618532719488,0.44532370654389763,True,True,0.5,1.0,0.44532370654389763,wind_stuck_7_days,2017
16004,US-Wkg,US-CMW,2017-01-06,0.33792475,0.7,0.7,0.08450429182828308,0.08450429182828308,0.11056485286964711,0.3539459328889035,0.02298982817648017,0.024011823229732186,-0.006047462543166524,-0.08450429182828306,1.150833819436878,0.30611238839626437,0.7845042918282831,True,0.7845042918282831,True,0.7845042918282831,True,0.7845042918282831,True,0.7845042918282831,True,0.7845042918282831,True,0.7,False,0.7422521459141415,0.7845042918282831,True,True,0.5,1.0,0.7845042918282831,wind_stuck_7_days,2017
16005,US-Wkg,US-CMW,2017-01-30,0.2920693,0.5,0.5,-0.2672150008752736,0.2672150008752736,0.12757439956199476,0.284617907046716,0.01990945683715325,0.014345064619673073,-0.006047462543166524,0.14864639912472644,1.150833819436878,0.30611238839626437,0.2327849991247264,True,0.2327849991247264,True,0.2327849991247264,True,0.2327849991247264,True,0.2327849991247264,True,0.2327849991247264,True,0.5,False,0.3663924995623632,0.325614099900193,True,True,0.5,0.6526052037819691,0.2327849991247264,wind_stuck_7_days,2017
16006,US-Wkg,US-CMW,2017-02-07,0.1514076,1.6,1.6,-0.31812467644499653,0.31812467644499653,0.16953105886965888,0.46904483261411434,0.0021448888485801304,0.014426410227436836,-0.006047462543166524,0.31812467644499653,1.150833819436878,0.30611238839626437,1.2818753235550036,True,1.2818753235550036,True,1.2818753235550036,True,1.2818753235550036,True,1.2818753235550036,True,1.2818753235550036,True,1.6,False,1.4409376617775018,1.3715552854332693,True,True,0.5,0.71809806494602,1.2818753235550036,wind_stuck_7_days,2017
16007,US-Wkg,US-CMW,2017-02-15,0.82400905,1.5,1.5,-0.32635639418912066,0.32635639418912066,0.12417599798897226,0.557893694835364,0.025296555759319796,0.026985182793254767,-0.006047462543166524,0.32635639418912066,1.150833819436878,0.30611238839626437,1.1736436058108795,True,1.1736436058108795,True,1.1736436058108795,True,1.1736436058108795,True,1.1736436058108795,True,1.1736436058108795,True,1.5,False,1.3368218029054397,1.2660492714310778,True,True,0.5,0.7168565799061679,1.1736436058108795,wind_stuck_7_days,2017
16008,US-Wkg,US-CMW,2017-03-19,0.73988961,1.1,1.1,-0.3837613327258905,0.3837613327258905,0.1334094576138453,0.4695878407871058,0.025296555759319796,0.02540096797212377,-0.004131158068303865,0.3364594472741097,1.150833819436878,0.30611238839626437,0.7162386672741096,True,0.7162386672741096,True,0.7162386672741096,True,0.7162386672741096,True,0.7162386672741096,True,0.7162386672741096,True,1.1,False,0.9081193336370548,0.8801035635794572,True,True,0.5,0.5730031081000246,0.7162386672741096,wind_stuck_7_days,2017
16009,US-Wkg,US-CMW,2017-03-27,0.4756114,1.2,1.2,-0.30350086229102985,0.30350086229102985,0.0604209413825359,0.4263226217303958,0.02298982817648017,0.02540096797212377,-0.004131158068303865,0.30350086229102985,1.150833819436878,0.30611238839626437,0.8964991377089702,True,0.8964991377089702,True,0.8964991377089702,True,0.8964991377089702,True,0.8964991377089702,True,0.8964991377089702,True,1.2,False,1.048249568854485,0.975453699233988,True,True,0.5,0.7398539136626652,0.8964991377089702,wind_stuck_7_days,2017
16010,US-Wkg,US-CMW,2017-04-04,0.40844421,1.5,1.5,-0.5655780188392986,0.5655780188392986,0.11336842175353616,0.43233560310793384,0.041783172762815436,0.05932962300461411,-0.004131158068303865,0.5655780188392986,1.150833819436878,0.30611238839626437,0.9344219811607014,True,0.9344219811607014,True,0.9344219811607014,True,0.9344219811607014,True,0.9344219811607014,True,0.9344219811607014,True,1.5,False,1.2172109905803508,1.374472613935841,True,True,0.5,0.22194530530336246,0.9344219811607014,wind_stuck_7_days,2017
16011,US-Wkg,US-CMW,2017-04-12,0.49528634,1.5,1.5,-0.7899960665467762,0.7899960665467762,0.19127387289963643,0.4929477507091817,0.02409447209511698,-0.0025970926946162296,-0.0190250178902289,0.7899960665467762,1.150833819436878,0.30611238839626437,0.7100039334532238,True,0.7100039334532238,True,0.7100039334532238,True,0.7100039334532238,True,0.7100039334532238,True,1.5,False,1.5,False,1.1050019667266118,1.2854847931524371,True,True,0.5,0.27153958852637045,0.7100039334532238,wind_stuck_7_days,2017
16012,US-Wkg,US-CMW,2017-04-20,0.49777047,1.4,1.4,-0.837071236729555,0.837071236729555,0.11469268885539767,0.36917138540221733,-0.09318354418334365,-0.03731798248895282,-0.02467247348154498,0.837071236729555,1.150833819436878,0.30611238839626437,0.5629287632704449,True,0.5629287632704449,True,0.5629287632704449,True,1.4,False,1.4,False,1.4,False,1.4,False,0.9814643816352224,1.2227231734555266,True,True,0.5,0.21178224596164055,0.5629287632704449,wind_stuck_7_days,2017
16013,US-Wkg,US-CMW,2017-05-06,0.21826328,0.3,0.3,0.011946983473747359,0.011946983473747359,0.16151276749558163,0.5168537232108215,0.019063223947159723,0.010711167310938912,-0.030593619422944873,-0.011946983473747355,1.150833819436878,0.30611238839626437,0.31194698347374733,True,0.31194698347374733,True,0.31194698347374733,True,0.31194698347374733,True,0.31194698347374733,True,0.31194698347374733,True,0.3,False,0.30597349173687366,0.30933447746091497,True,True,0.5,0.7813250500786929,0.31194698347374733,wind_stuck_7_days,2017
16014,US-Wkg,US-CMW,2017-05-22,0.24026605,1.5,1.5,-0.17668895203644583,0.17668895203644583,0.15762713329572,0.5424991791681044,0.0009366444201158849,-0.0011498693431408714,-0.030593619422944873,0.17668895203644586,1.150833819436878,0.30611238839626437,1.3233110479635541,True,1.3233110479635541,True,1.3233110479635541,True,1.3233110479635541,True,1.3233110479635541,True,1.5,False,1.5,False,1.4116555239817772,1.4633391687974544,True,True,0.5,0.20748796560287183,1.3233110479635541,wind_stuck_7_days,2017
16015,US-Wkg,US-CMW,2017-06-07,0.8866082,1.2,1.2,0.03550401565676,0.03550401565676,0.12877205807433093,0.4739103702959847,0.0009366444201158849,-0.0011498693431408714,-0.030593619422944873,-0.03550401565675998,1.150833819436878,0.30611238839626437,1.23550401565676,True,1.23550401565676,True,1.23550401565676,True,1.23550401565676,True,1.23550401565676,True,1.2,False,1.2,False,1.21775200782838,1.23550401565676,True,True,0.5,1.0,1.23550401565676,wind_stuck_7_days,2017
16016,US-Wkg,US-CMW,2017-06-15,0.30012011,1.5,1.5,-0.2183424081856785,0.2183424081856785,0.22358434650017353,0.35846075519880066,-0.003942157843795854,-0.0011498693431408714,-0.030593619422944873,0.21834240818567852,1.150833819436878,0.30611238839626437,1.2816575918143216,True,1.2816575918143216,True,1.2816575918143216,True,1.5,False,1.5,False,1.5,False,1.5,False,1.3908287959071608,1.3989846500287075,True,True,0.5,0.46264649552362236,1.2816575918143216,wind_stuck_7_days,2017
16017,US-Wkg,US-CMW,2017-06-23,0.72996288,1.6,1.6,0.1643428633743425,0.1643428633743425,0.22523431468098232,0.5394095591768359,-0.03388781085278347,-0.04760307715102739,-0.030593619422944873,-0.16434286337434245,1.150833819436878,0.30611238839626437,1.7643428633743425,True,1.7643428633743425,True,1.7643428633743425,True,1.6,False,1.6,False,1.6,False,1.6,False,1.6821714316871714,1.631213827761457,True,True,0.5,0.1899311422508047,1.7643428633743425,wind_stuck_7_days,2017
16018,US-Wkg,US-CMW,2017-07-01,1.304946,2.6,2.6,0.4659859868701943,0.4659859868701943,0.3158827080489929,0.6024047798796343,-0.0510151305534811,-0.04884311868974239,-0.030593619422944873,-0.4659859868701943,1.150833819436878,0.30611238839626437,3.0659859868701944,True,3.0659859868701944,True,3.0659859868701944,True,2.6,False,2.6,False,2.6,False,2.6,False,2.8329929934350973,2.6,True,False,0.5,0.0,3.0659859868701944,wind_stuck_7_days,2017
16019,US-Wkg,US-CMW,2017-07-09,2.7964509,2.4,2.4,0.4604298003224736,0.4604298003224736,0.27052813103231055,0.5097646046999037,-0.013896628492302244,-0.010274192287510584,-0.004131158068303865,0.3324719996775265,1.150833819436878,0.30611238839626437,2.8604298003224735,True,2.8604298003224735,True,2.8604298003224735,True,2.4,False,2.4,False,2.4,False,2.4,False,2.6302149001612367,2.4485246799398555,True,True,0.5,0.10538996369450886,2.8604298003224735,wind_stuck_7_days,2017
16020,US-Wkg,US-CMW,2017-08-18,3.98501484,4.0,4.0,-0.82502973653881,0.82502973653881,0.20676067927259473,0.4228978671046315,-0.2460940209277723,-0.1562705131312962,-0.02467247348154498,-0.7950594165388096,1.150833819436878,0.30611238839626437,3.17497026346119,True,3.17497026346119,True,3.17497026346119,True,4.0,False,4.0,False,4.0,False,4.0,False,3.587485131730595,3.903145517517023,True,True,0.5,0.11739514128218449,3.17497026346119,wind_stuck_7_days,2017
16021,US-Wkg,US-CMW,2017-09-03,2.04351477,2.4,2.4,-0.3149237618691457,0.3149237618691457,0.11596770999385458,0.3619519687401728,-0.006878984330007512,0.004467922615083889,-0.004131158068303865,0.3149237618691457,1.150833819436878,0.30611238839626437,2.085076238130854,True,2.085076238130854,True,2.085076238130854,True,2.4,False,2.4,False,2.085076238130854,True,2.4,False,2.242538119065427,2.2310298754242917,True,True,0.5,0.5365429511346852,2.085076238130854,wind_stuck_7_days,2017
16022,US-Wkg,US-CMW,2017-09-11,1.45157116,2.5,2.5,-0.7326548995972202,0.7326548995972202,0.14979686292522693,0.4030313020348821,-0.13025620235491098,-0.053164516078836856,-0.0190250178902289,0.7326548995972202,1.150833819436878,0.30611238839626437,1.7673451004027798,True,1.7673451004027798,True,1.7673451004027798,True,2.5,False,2.5,False,2.5,False,2.5,False,2.13367255020139,2.3328015266207163,True,True,0.5,0.2282090428538754,1.7673451004027798,wind_stuck_7_days,2017
16023,US-Wkg,US-CMW,2017-09-19,0.75962638,3.0,3.0,-0.4495771594840418,0.4495771594840418,0.15184298813709696,0.4358396685088202,-0.011699069322197731,-0.008674265294045386,-0.004131158068303865,0.44957715948404187,1.150833819436878,0.30611238839626437,2.5504228405159584,True,2.5504228405159584,True,2.5504228405159584,True,3.0,False,3.0,False,3.0,False,3.0,False,2.775211420257979,2.9429325946077767,True,True,0.5,0.12693573102716538,2.5504228405159584,wind_stuck_7_days,2017
16024,US-Wkg,US-CMW,2017-09-27,0.57792257,1.8,1.8,-0.7115294618591165,0.7115294618591165,0.13165192813082177,0.3448799192830831,-0.12635845998162526,-0.053164516078836856,-0.0190250178902289,0.7115294618591165,1.150833819436878,0.30611238839626437,1.0884705381408835,True,1.0884705381408835,True,1.0884705381408835,True,1.8,False,1.8,False,1.8,False,1.8,False,1.4442352690704419,1.6042633131401682,True,True,0.5,0.27509287717813136,1.0884705381408835,wind_stuck_7_days,2017
16025,US-Wkg,US-CMW,2017-10-21,0.30607884,1.4,1.4,-0.5446407961036902,0.5446407961036902,0.07418189805916696,0.34668895364765584,0.04374615695574217,0.05661956082043549,-0.004131158068303865,0.5446407961036902,1.150833819436878,0.30611238839626437,0.8553592038963097,True,0.8553592038963097,True,0.8553592038963097,True,0.8553592038963097,True,0.8553592038963097,True,0.8553592038963097,True,1.4,False,1.1276796019481548,1.1638527629447897,True,True,0.5,0.4335834530659212,0.8553592038963097,wind_stuck_7_days,2017
16026,US-Wkg,US-CMW,2017-10-29,0.22958379,1.5,1.5,-0.6234970204690352,0.6234970204690352,0.13056518579074497,0.3755039396672556,0.04374615695574217,0.05503534599930449,-0.004131158068303865,0.6234970204690352,1.150833819436878,0.30611238839626437,0.8765029795309648,True,0.8765029795309648,True,0.8765029795309648,True,0.8765029795309648,True,0.8765029795309648,True,0.8765029795309648,True,1.5,False,1.1882514897654823,1.2892410518521396,True,True,0.5,0.3380271937615897,0.8765029795309648,wind_stuck_7_days,2017
16027,US-Wkg,US-CMW,2017-11-14,0.23601739,0.7,0.7,-0.2870568817822666,0.2870568817822666,0.07948807478841788,0.2937554996683503,0.02298982817648017,0.026985182793254767,-0.006047462543166524,0.2870568817822666,1.150833819436878,0.30611238839626437,0.41294311821773333,True,0.41294311821773333,True,0.41294311821773333,True,0.41294311821773333,True,0.41294311821773333,True,0.41294311821773333,True,0.7,False,0.5564715591088667,0.5405877804738861,True,True,0.5,0.5553332096982384,0.41294311821773333,wind_stuck_7_days,2017
16028,US-Wkg,US-CMW,2017-11-22,0.10931093,1.1,1.1,-0.5207893350199511,0.5207893350199511,0.11214457352271916,0.43725974400918377,0.04374615695574217,0.05661956082043549,-0.004131158068303865,0.5207893350199511,1.150833819436878,0.30611238839626437,0.579210664980049,True,0.579210664980049,True,0.579210664980049,True,0.579210664980049,True,0.579210664980049,True,0.579210664980049,True,1.1,False,0.8396053324900246,0.8603711674153418,True,True,0.5,0.460126228536301,0.579210664980049,wind_stuck_7_days,2017
16029,US-Wkg,US-CMW,2017-12-08,0.06857513,0.6,0.6,-0.23385894294037596,0.23385894294037596,0.096179167993124,0.37734745244974127,0.02298982817648017,0.024011823229732186,-0.006047462543166524,0.23385894294037596,1.150833819436878,0.30611238839626437,0.366141057059624,True,0.366141057059624,True,0.366141057059624,True,0.366141057059624,True,0.366141057059624,True,0.366141057059624,True,0.6,False,0.483070528529812,0.45719061436925135,True,True,0.5,0.6106646332834871,0.366141057059624,wind_stuck_7_days,2017
16030,US-Wkg,US-CMW,2017-12-24,0.15770007,0.5,0.5,-0.23708350806249942,0.23708350806249942,0.16979127136959143,0.36067627305765726,0.01990945683715325,0.014345064619673073,-0.006047462543166524,0.23708350806249942,1.150833819436878,0.30611238839626437,0.26291649193750055,True,0.26291649193750055,True,0.26291649193750055,True,0.26291649193750055,True,0.26291649193750055,True,0.26291649193750055,True,0.5,False,0.3814582459687503,0.3029089956656329,True,True,0.5,0.8313146955899203,0.26291649193750055,wind_stuck_7_days,2017
16142,US-xSL,US-xSL,2017-07-04,1.1129638,0.9,0.9,0.08733230354397152,0.08733230354397152,0.13097419573361171,0.3965700423111057,-0.0013700831627237442,-0.0011498693431408714,-0.004131158068303865,0.08733230354397153,1.150833819436878,0.30611238839626437,0.9873323035439715,True,0.9873323035439715,True,0.9873323035439715,True,0.9,False,0.9,False,0.9,False,0.9,False,0.9436661517719858,0.9873323035439715,True,True,0.5,1.0,0.9873323035439715,wind_stuck_7_days,2017
16143,US-xSL,US-xSL,2017-11-01,0.44064288,0.7,0.7,-0.28430534704765764,0.28430534704765764,0.11980438012291977,0.3460926332768977,0.02298982817648017,0.026985182793254767,-0.006047462543166524,0.23440889295234224,1.150833819436878,0.30611238839626437,0.4156946529523423,True,0.4156946529523423,True,0.4156946529523423,True,0.4156946529523423,True,0.4156946529523423,True,0.4156946529523423,True,0.7,False,0.5578473264761712,0.5314601235639979,True,True,0.5,0.5928128970706625,0.4156946529523423,wind_stuck_7_days,2017
16358,stonevillesoy,stonevillesoy,2017-05-10,3.85772016,2.8,2.8,-0.029912638285014514,0.029912638285014514,0.2626437421549719,0.5434108320398712,-0.03904057544613415,-0.03937663810658652,-0.004131158068303865,-0.02991263828501456,1.150833819436878,0.30611238839626437,2.7700873617149853,True,2.7700873617149853,True,2.7700873617149853,True,2.8,False,2.8,False,2.8,False,2.8,False,2.7850436808574925,2.7700873617149853,True,True,0.5,1.0,2.7700873617149853,wind_stuck_7_days,2017
16359,stonevillesoy,stonevillesoy,2017-07-21,7.0451607,3.8,3.8,0.3127835041284379,0.3127835041284379,0.23289204843538747,0.5415835667705851,-0.005299743385366778,0.002180379223468672,-0.004131158068303865,0.31278350412843814,1.150833819436878,0.30611238839626437,4.112783504128438,True,4.112783504128438,True,4.112783504128438,True,3.8,False,3.8,False,4.112783504128438,True,3.8,False,3.956391752064219,3.951211979123676,True,True,0.5,0.48343975026759867,4.112783504128438,wind_stuck_7_days,2017
91,ALARC2_Smith6,ALARC2_Smith6,2018-02-07,1.11565619,1.0,1.0,0.5504584331908304,0.5504584331908304,0.13242563159140733,0.47335501200692154,0.07183124450811527,0.08072984220177078,-0.03206106961967883,-0.31914605319083056,1.120422376315359,0.3111153346057015,1.5504584331908304,True,1.5504584331908304,True,1.5504584331908304,True,1.5504584331908304,True,1.5504584331908304,True,1.5504584331908304,True,1.0,False,1.4128438248931228,1.4614705825465064,True,True,0.75,0.8383386550579487,1.5504584331908304,wind_stuck_7_days,2018
92,ALARC2_Smith6,ALARC2_Smith6,2018-02-23,3.01298262,3.3,3.3,-0.8160038048722825,0.8160038048722825,0.3454942489355986,0.6932150988310942,0.028449310397531204,0.05267032832229634,-0.10143366418237587,-0.24196904487228255,1.120422376315359,0.3111153346057015,2.4839961951277174,True,3.3,False,2.4839961951277174,True,2.4839961951277174,True,2.4839961951277174,True,2.4839961951277174,True,3.3,False,2.687997146345788,2.6946789053133893,True,True,0.75,0.7418116080737552,2.4839961951277174,wind_stuck_7_days,2018
93,ALARC2_Smith6,ALARC2_Smith6,2018-03-03,3.69304148,3.7,3.7,-0.5059700511333171,0.5059700511333171,0.19493868780325255,0.5759619266183358,0.025675138883514026,0.032304361500833594,-0.002802846800428161,-0.4920530111333171,1.120422376315359,0.3111153346057015,3.194029948866683,True,3.194029948866683,True,3.194029948866683,True,3.194029948866683,True,3.194029948866683,True,3.194029948866683,True,3.7,False,3.3205224616500124,3.3962331437595257,True,True,0.75,0.6003652895266635,3.194029948866683,wind_stuck_7_days,2018
94,ALARC2_Smith6,ALARC2_Smith6,2018-03-27,5.51590633,6.2,6.2,-1.0142639632196684,1.0142639632196684,0.39461909869649014,1.160232603889096,-0.10579567723484619,0.031875602974935816,-0.17230001961978217,0.35392337678033203,1.120422376315359,0.3111153346057015,5.185736036780332,True,6.2,False,6.2,False,6.2,False,6.2,False,5.185736036780332,True,6.2,False,5.439302027585249,5.918860676789218,True,True,0.75,0.2771855585979186,5.185736036780332,wind_stuck_7_days,2018
95,ALARC2_Smith6,ALARC2_Smith6,2018-04-12,7.33923085,6.3,6.3,-1.095848888743997,1.095848888743997,0.45811442918973666,1.1673093362248501,-0.016160964961187158,0.05816290219080998,-0.30534132495947064,-1.0958488887439968,1.120422376315359,0.3111153346057015,5.204151111256003,True,6.3,False,6.3,False,6.3,False,6.3,False,5.204151111256003,True,6.3,False,5.478113333442002,5.923613125414138,True,True,0.75,0.3434660366515097,5.204151111256003,wind_stuck_7_days,2018
96,ALARC2_Smith6,ALARC2_Smith6,2018-04-20,6.76147349,6.2,6.2,-0.3047360574494095,0.3047360574494095,0.1749656112216671,0.7968484012161956,-0.0025590568254126637,-0.0010073626365996364,-0.004766927116203266,-0.30473605744940957,1.120422376315359,0.3111153346057015,5.89526394255059,True,5.89526394255059,True,5.89526394255059,True,6.2,False,6.2,False,6.2,False,6.2,False,5.971447956912943,6.055741774647111,True,True,0.75,0.47338745063615667,5.89526394255059,wind_stuck_7_days,2018
97,ALARC2_Smith6,ALARC2_Smith6,2018-04-28,8.45781322,7.3,7.3,0.5238755226100975,0.5238755226100975,0.35794014983668804,1.0093320222415791,0.12401463470441408,0.12205467986556741,-0.06844003214846464,0.5238755226100975,1.120422376315359,0.3111153346057015,7.8238755226100976,True,7.3,False,7.3,False,7.8238755226100976,True,7.3,False,7.8238755226100976,True,7.3,False,7.692906641957573,7.81030708340596,True,True,0.75,0.974099879420716,7.8238755226100976,wind_stuck_7_days,2018
98,ALARC2_Smith6,ALARC2_Smith6,2018-05-06,6.91039293,7.0,7.0,1.3020597440337256,1.3020597440337256,0.6227683382393499,1.6774344425896448,0.266048112078931,-0.21201037282862614,-0.279542645413248,-1.3020597440337256,1.120422376315359,0.3111153346057015,8.302059744033725,True,7.0,False,7.0,False,8.302059744033725,True,7.0,False,7.0,False,7.0,False,7.976544808025294,7.612062225091944,True,True,0.75,0.4700723049741186,8.08155608093651,wind_stuck_7_days,2018
99,ALARC2_Smith6,ALARC2_Smith6,2018-05-14,7.65589287,7.1,7.1,0.5433006218026838,0.5433006218026838,0.15328199466439468,0.7562513066958846,0.08321392584936178,0.10445621233957629,-0.004037642097434482,0.5433006218026838,1.120422376315359,0.3111153346057015,7.643300621802683,True,7.643300621802683,True,7.643300621802683,True,7.643300621802683,True,7.643300621802683,True,7.643300621802683,True,7.1,False,7.5074754663520125,7.596152807582028,True,True,0.75,0.913219657168406,7.643300621802683,wind_stuck_7_days,2018
100,ALARC2_Smith6,ALARC2_Smith6,2018-05-22,5.25591251,6.0,6.0,0.2370661136637989,0.2370661136637989,0.1922597567661188,0.5191096348515616,0.019167559817705664,0.024965490987437798,-0.004561762283695928,-0.23706611366379893,1.120422376315359,0.3111153346057015,6.237066113663799,True,6.237066113663799,True,6.237066113663799,True,6.237066113663799,True,6.237066113663799,True,6.237066113663799,True,6.0,False,6.17779958524785,6.063315441485315,True,True,0.75,0.267079256949845,6.237066113663799,wind_stuck_7_days,2018
101,ALARC2_Smith6,ALARC2_Smith6,2018-05-30,1.6031728,4.1,4.1,-0.751386706626907,0.751386706626907,0.21144792636166765,0.6162507627665914,-0.03932432871181304,-0.03342358642970153,-0.22572673744386412,0.7513867066269069,1.120422376315359,0.3111153346057015,3.3486132933730928,True,3.3486132933730928,True,3.3486132933730928,True,4.1,False,4.1,False,4.1,False,4.1,False,3.5364599700298194,3.8972488794840157,True,True,0.75,0.26983591635013826,3.3486132933730928,wind_stuck_7_days,2018
176,Almond_High,Almond_High,2018-01-01,0.1678813,1.1,1.1,-0.5653098459712979,0.5653098459712979,0.27177625059600924,0.5392098303474828,0.07996523034713193,0.08059215946781745,-0.02987225458291987,0.5653098459712979,1.120422376315359,0.3111153346057015,0.5346901540287022,True,0.5346901540287022,True,0.5346901540287022,True,0.5346901540287022,True,0.5346901540287022,True,0.5346901540287022,True,1.1,False,0.6760176155215267,0.8313310872304774,True,True,0.75,0.4752595672695282,0.5800932068248077,wind_stuck_7_days,2018
177,Almond_High,Almond_High,2018-01-10,1.51885327,1.1,1.1,0.0376713284479321,0.0376713284479321,0.3434884973390439,0.8302890123754085,-0.0342999207072407,-0.00030883978576842785,-0.053250871651201084,0.037671328447932084,1.120422376315359,0.3111153346057015,1.1376713284479323,True,1.1,False,1.1376713284479323,True,1.1,False,1.1,False,1.1,False,1.1,False,1.1282534963359492,1.1096629068717099,True,True,0.75,0.2565056043899676,1.1517277929653122,wind_stuck_7_days,2018
178,Almond_High,Almond_High,2018-01-25,1.57911416,1.0,1.0,-0.3708053248448508,0.3708053248448508,0.4725617331672302,1.2232739970404487,0.05982742786193018,0.014456775539837732,-0.051601968491791585,-0.37080532484485085,1.120422376315359,0.3111153346057015,0.6291946751551492,True,1.0,False,1.0,False,0.6291946751551492,True,1.0,False,0.6291946751551492,True,1.0,False,0.721896006366362,0.9156054714674365,True,True,0.75,0.2275979412320336,0.6291946751551492,wind_stuck_7_days,2018
179,Almond_High,Almond_High,2018-01-26,0.86493203,1.2,1.2,-0.3910445293255642,0.3910445293255642,0.33426294044107197,1.0070202040669602,0.02165525862443357,0.0019972748651675316,-0.051601968491791585,0.27909141067443577,1.120422376315359,0.3111153346057015,0.8089554706744357,True,1.2,False,1.2,False,0.8089554706744357,True,1.2,False,0.8089554706744357,True,1.2,False,0.9067166030058268,1.0605451291250918,True,True,0.75,0.3566214597489101,0.8089554706744357,wind_stuck_7_days,2018
180,Almond_High,Almond_High,2018-02-03,0.76433817,1.4,1.4,-0.04576154109656936,0.04576154109656936,0.24687455292859395,0.6799711156887136,0.026772161319556204,0.025981294620656837,-0.02723873277953178,0.04576154109656938,1.120422376315359,0.3111153346057015,1.3542384589034306,True,1.3542384589034306,True,1.3542384589034306,True,1.3542384589034306,True,1.3542384589034306,True,1.3542384589034306,True,1.4,False,1.365678844177573,1.3542384589034306,True,True,0.75,1.0,1.3478544317751389,wind_stuck_7_days,2018
181,Almond_High,Almond_High,2018-02-10,1.22822431,2.2,2.2,-0.44808092627272034,0.44808092627272034,0.21058492405198603,0.8074500216116967,0.0514537064669256,0.030294544336220232,-0.024862896696863732,0.44808092627272034,1.120422376315359,0.3111153346057015,1.7519190737272798,True,1.7519190737272798,True,1.7519190737272798,True,1.7519190737272798,True,1.7519190737272798,True,1.7519190737272798,True,2.2,False,1.8639393052954598,1.9522128279181872,True,True,0.75,0.5529964735231767,1.7519190737272798,wind_stuck_7_days,2018
182,Almond_High,Almond_High,2018-02-11,0.81427071,2.1,2.1,-0.5225005020222463,0.5225005020222463,0.1460055142711035,0.5244628134033044,0.050005850968752895,0.0528451736279541,-0.007796061083258941,0.5225005020222463,1.120422376315359,0.3111153346057015,1.5774994979777537,True,1.5774994979777537,True,1.5774994979777537,True,1.5774994979777537,True,1.5774994979777537,True,1.5774994979777537,True,2.1,False,1.7081246234833154,1.8102036950942462,True,True,0.75,0.5546335434782327,1.5774994979777537,wind_stuck_7_days,2018
183,Almond_High,Almond_High,2018-02-18,0.75727317,2.2,2.2,-0.7277393641585526,0.7277393641585526,0.25343840799359474,0.5510265533833516,0.04413897072995017,0.0529809557544467,0.01475781777879586,0.7277393641585526,1.120422376315359,0.3111153346057015,1.4722606358414476,True,1.4722606358414476,True,1.4722606358414476,True,1.4722606358414476,True,1.4722606358414476,True,1.4722606358414476,True,1.4722606358414476,True,1.6541954768810858,1.7974031555398438,True,True,0.75,0.553215703709608,1.4722606358414476,wind_stuck_7_days,2018
184,Almond_High,Almond_High,2018-03-06,1.35764513,2.7,2.7,-0.7646579388096324,0.7646579388096324,0.3287199880367204,0.8330942943310748,-0.020414124768661397,0.004382448461552284,-0.10448536417190295,0.7646579388096324,1.120422376315359,0.3111153346057015,1.9353420611903678,True,2.7,False,1.9353420611903678,True,2.7,False,2.7,False,1.9353420611903678,True,2.7,False,2.126506545892776,2.365924713384223,True,True,0.75,0.4368950738101835,1.9353420611903678,wind_stuck_7_days,2018
185,Almond_High,Almond_High,2018-03-15,3.31143309,2.7,2.7,-0.6395114779463444,0.6395114779463444,0.5481953193338666,1.3209657915319646,0.22486985185609223,-0.04932605532408101,-0.17470401959521975,-0.6395114779463444,1.120422376315359,0.3111153346057015,2.0604885220536557,True,2.7,False,2.7,False,2.0604885220536557,True,2.7,False,2.7,False,2.7,False,2.220366391540242,2.460163024848556,True,True,0.75,0.3750315411407932,2.0604885220536557,wind_stuck_7_days,2018
186,Almond_High,Almond_High,2018-03-23,3.47322757,2.8,2.8,-0.5762824392787635,0.5762824392787635,0.2851087558665622,1.1133809176073792,-0.1135229265651106,-0.010983429048771297,-0.03823164289782277,-0.5762824392787635,1.120422376315359,0.3111153346057015,2.2237175607212363,True,2.2237175607212363,True,2.8,False,2.8,False,2.8,False,2.8,False,2.8,False,2.367788170540927,2.747600164344184,True,True,0.75,0.09092735104230493,2.2237175607212363,wind_stuck_7_days,2018
187,Almond_High,Almond_High,2018-03-30,4.75879167,3.9,3.9,-0.730197751635099,0.730197751635099,0.1719300836884098,0.5647567986693484,0.025580222901771563,0.039525736055777395,0.008485751423982333,-0.730197751635099,1.120422376315359,0.3111153346057015,3.169802248364901,True,3.169802248364901,True,3.169802248364901,True,3.169802248364901,True,3.169802248364901,True,3.169802248364901,True,3.169802248364901,True,3.3523516862736757,3.4163459966215215,True,True,0.75,0.6623603021174107,3.169802248364901,wind_stuck_7_days,2018
188,Almond_High,Almond_High,2018-03-31,5.47778308,4.0,4.0,-0.6539053252718192,0.6539053252718192,0.26157239241580216,0.6314212618830872,0.01568870207565779,0.01342476753529275,-0.04961773895668802,-0.6539053252718192,1.120422376315359,0.3111153346057015,3.346094674728181,True,3.346094674728181,True,3.346094674728181,True,3.346094674728181,True,3.346094674728181,True,3.346094674728181,True,4.0,False,3.5095710060461354,3.731352605735838,True,True,0.75,0.4108353057875601,3.346094674728181,wind_stuck_7_days,2018
189,Almond_High,Almond_High,2018-04-08,4.84923672,4.5,4.5,-0.7013865386974024,0.7013865386974024,0.1391889820387877,0.4484354089861948,0.02393549715545337,0.040550834829133894,0.003992274458543315,-0.7013865386974025,1.120422376315359,0.3111153346057015,3.7986134613025975,True,3.7986134613025975,True,3.7986134613025975,True,3.7986134613025975,True,3.7986134613025975,True,3.7986134613025975,True,3.7986134613025975,True,3.973960095976948,3.9622674971450222,True,True,0.75,0.766670691818011,3.7986134613025975,wind_stuck_7_days,2018
190,Almond_High,Almond_High,2018-04-23,6.04689852,6.1,6.1,0.11073155049869991,0.11073155049869991,0.3648241594432508,1.0283024680355493,-0.05836479553975005,-0.10643677181099927,-0.02276967795771327,-0.11073155049869993,1.120422376315359,0.3111153346057015,6.2107315504987,True,6.1,False,6.1,False,6.1,False,6.1,False,6.1,False,6.1,False,6.183048662874024,6.1,True,False,0.75,0.0,6.2107315504987,wind_stuck_7_days,2018
191,Almond_High,Almond_High,2018-04-24,6.44563961,5.9,5.9,0.3710897473010827,0.3710897473010827,0.3712733630080708,1.0397723148810987,-0.049819639668214774,-0.10763275498590713,-0.03468246553325813,0.3710897473010827,1.120422376315359,0.3111153346057015,6.271089747301083,True,5.9,False,5.9,False,5.9,False,5.9,False,5.9,False,5.9,False,6.178317310475812,5.9138731429118785,True,True,0.75,0.03738487256189764,6.271089747301083,wind_stuck_7_days,2018
192,Almond_High,Almond_High,2018-05-02,5.16530526,5.7,5.7,-0.8783093230411078,0.8783093230411078,0.30121966518422627,0.6072362994294334,-0.045872346219231884,-0.05943462333023301,0.008485751423982333,0.19108015695889213,1.120422376315359,0.3111153346057015,4.821690676958893,True,4.821690676958893,True,4.821690676958893,True,5.7,False,5.7,False,5.7,False,4.821690676958893,True,5.04126800771917,5.476716826718721,True,True,0.75,0.25421929088509626,4.821690676958893,wind_stuck_7_days,2018
193,Almond_High,Almond_High,2018-05-09,7.04809572,6.5,6.5,-0.541667176907715,0.541667176907715,0.36633439453689864,0.8649991218575555,0.03112502690810322,0.02207102078751656,-0.08653452845004288,-0.541667176907715,1.120422376315359,0.3111153346057015,5.9583328230922845,True,6.5,False,5.9583328230922845,True,5.9583328230922845,True,5.9583328230922845,True,5.9583328230922845,True,6.5,False,6.093749617319213,6.287168609534533,True,True,0.75,0.39291911996677537,5.9583328230922845,wind_stuck_7_days,2018
194,Almond_High,Almond_High,2018-05-10,6.29159792,6.3,6.3,-0.7441960374868651,0.7441960374868651,0.5943328863510069,1.2377095160286822,0.29559254342320895,0.09757689520005557,-0.25034037266123055,-0.7273918774868656,1.120422376315359,0.3111153346057015,5.555803962513135,True,6.3,False,6.3,False,5.555803962513135,True,6.3,False,5.555803962513135,True,6.3,False,5.741852971884851,5.779943028146796,True,True,0.75,0.6988171740465391,5.604257357195282,wind_stuck_7_days,2018
195,Almond_High,Almond_High,2018-05-17,5.2875565,6.8,6.8,-0.9372753852863533,0.9372753852863533,0.22608829253129933,0.6014239344162335,0.14710818118744662,0.2647318873512829,0.014997553687029219,0.9372753852863533,1.120422376315359,0.3111153346057015,5.862724614713646,True,5.862724614713646,True,5.862724614713646,True,5.862724614713646,True,5.862724614713646,True,5.862724614713646,True,5.862724614713646,True,6.097043461035235,6.019210286695297,True,True,0.75,0.8330419485689985,5.862724614713646,wind_stuck_7_days,2018
196,Almond_High,Almond_High,2018-05-18,6.27197602,6.4,6.4,-0.6891402532329418,0.6891402532329418,0.47675318407713907,0.897234335901284,0.1052339190761275,0.09504601547516167,-0.20076087725069627,-0.43309229323294174,1.120422376315359,0.3111153346057015,5.710859746767058,True,6.4,False,6.4,False,5.710859746767058,True,6.4,False,5.710859746767058,True,6.4,False,5.883144810075294,5.794793516085316,True,True,0.75,0.8782050984186432,5.710859746767058,wind_stuck_7_days,2018
197,Almond_High,Almond_High,2018-05-26,6.6418483,5.7,5.7,-1.1957880181165508,1.1957880181165508,0.30537277652343336,0.7757662726107717,-0.12278041134405222,-0.06222275381532359,-0.39188081015067355,-1.1957880181165508,1.120422376315359,0.3111153346057015,4.504211981883449,True,4.504211981883449,True,4.504211981883449,True,5.7,False,5.7,False,5.7,False,5.7,False,4.803158986412587,5.548175194442156,True,True,0.75,0.1269663211686791,4.504211981883449,wind_stuck_7_days,2018
198,Almond_High,Almond_High,2018-06-02,8.44279378,6.8,6.8,0.7403888013380847,0.7403888013380847,0.14140972656930664,0.5314958557200513,0.06882476915617848,0.1287506888455435,0.02016876021226054,0.7403888013380847,1.120422376315359,0.3111153346057015,7.540388801338085,True,7.540388801338085,True,7.540388801338085,True,7.540388801338085,True,7.540388801338085,True,7.540388801338085,True,7.540388801338085,True,7.355291601003564,7.534862471667251,True,True,0.75,0.992535908618761,7.540388801338085,wind_stuck_7_days,2018
199,Almond_High,Almond_High,2018-06-03,9.29676655,7.1,7.1,1.5182226239865098,1.5182226239865098,0.24205410094516147,0.9934201459545775,-0.12376747549724804,-0.1804778564425036,-0.22533017732485178,1.5182226239865098,1.120422376315359,0.3111153346057015,8.61822262398651,True,8.61822262398651,True,7.1,False,7.1,False,7.1,False,7.1,False,7.1,False,8.238666967989882,7.575452665076644,True,True,0.75,0.3131639968769619,8.61822262398651,wind_stuck_7_days,2018
200,Almond_High,Almond_High,2018-06-10,7.51161476,6.4,6.4,-0.93995294382204,0.93995294382204,0.7006714777499716,1.37384154511096,0.39197923871566726,0.11819799944850556,-0.25257021235867927,-0.93995294382204,1.120422376315359,0.3111153346057015,5.46004705617796,True,6.4,False,6.4,False,5.46004705617796,True,6.4,False,5.46004705617796,True,6.4,False,5.69503529213347,5.67842908901013,True,True,0.75,0.7676670579442157,5.596033454907769,wind_stuck_7_days,2018
201,Almond_High,Almond_High,2018-06-11,7.4803878,6.5,6.5,-0.0658607725251091,0.0658607725251091,0.30591113981284956,0.6759520134078247,0.007306355806108536,-0.007142388942626044,-0.01853290357446526,-0.06586077252510902,1.120422376315359,0.3111153346057015,6.4341392274748905,True,6.4341392274748905,True,6.4341392274748905,True,6.4341392274748905,True,6.4341392274748905,True,6.5,False,6.5,False,6.450604420606168,6.4341392274748905,True,True,0.75,1.0,6.4341392274748905,wind_stuck_7_days,2018
202,Almond_High,Almond_High,2018-06-18,7.00817142,7.2,7.2,-0.41379325305551173,0.41379325305551173,0.4621018632340305,0.7408984840129589,0.07966149352362817,0.030376581893186445,-0.01853290357446526,-0.03013609305551146,1.120422376315359,0.3111153346057015,6.786206746944488,True,7.2,False,6.786206746944488,True,6.786206746944488,True,6.786206746944488,True,6.786206746944488,True,7.2,False,6.889655060208367,6.786206746944488,True,True,0.75,1.0,6.786206746944488,wind_stuck_7_days,2018
203,Almond_High,Almond_High,2018-06-19,7.99458111,6.4,6.4,0.20819033429953535,0.20819033429953535,0.11676344631251888,0.4220206033164361,0.011816495635037482,-0.004280324574662319,-0.004573406242571226,0.20819033429953526,1.120422376315359,0.3111153346057015,6.608190334299536,True,6.608190334299536,True,6.608190334299536,True,6.608190334299536,True,6.608190334299536,True,6.4,False,6.4,False,6.556142750724652,6.608190334299536,True,True,0.75,1.0,6.608190334299536,wind_stuck_7_days,2018
204,Almond_High,Almond_High,2018-06-26,9.05578158,7.4,7.4,1.0015528534271412,1.0015528534271412,0.2363589317990077,0.6576546796993527,-0.07159478393575486,-0.11016878212716756,-0.16080293994836267,1.0015528534271412,1.120422376315359,0.3111153346057015,8.401552853427141,True,8.401552853427141,True,8.401552853427141,True,7.4,False,7.4,False,7.4,False,7.4,False,8.151164640070355,7.865265063099612,True,True,0.75,0.4645436948310362,8.401552853427141,wind_stuck_7_days,2018
205,Almond_High,Almond_High,2018-06-27,8.7758692,7.6,7.6,1.1741450539488174,1.1741450539488174,0.21861095160375923,0.6551330927468173,-0.14796892032898973,-0.16756106076455923,-0.271956060356932,1.1741450539488174,1.120422376315359,0.3111153346057015,8.774145053948818,True,8.774145053948818,True,8.774145053948818,True,7.6,False,7.6,False,7.6,False,7.6,False,8.480608790461613,8.07724861509669,True,True,0.75,0.4064647834538288,8.774145053948818,wind_stuck_7_days,2018
206,Almond_High,Almond_High,2018-07-04,8.02287948,7.0,7.0,0.02775254975610138,0.02775254975610138,0.3270640670247013,0.5823275340465488,0.04710220169768026,0.013658837165775836,-0.007717742694437157,0.02775254975610142,1.120422376315359,0.3111153346057015,7.0277525497561015,True,7.0,False,7.0277525497561015,True,7.0277525497561015,True,7.0277525497561015,True,7.0277525497561015,True,7.0,False,7.020814412317076,7.0277525497561015,True,True,0.75,1.0,7.0277525497561015,wind_stuck_7_days,2018
207,Almond_High,Almond_High,2018-07-05,7.28250741,6.4,6.4,0.8269996102598023,0.8269996102598023,0.3146433169803202,0.6668831330953633,0.09119217901846016,0.07859699894837152,-0.0702913633715147,0.8269996102598023,1.120422376315359,0.3111153346057015,7.226999610259803,True,7.226999610259803,True,7.226999610259803,True,7.226999610259803,True,7.226999610259803,True,7.226999610259803,True,6.4,False,7.020249707694852,6.874137431043716,True,True,0.75,0.5733224359014696,7.226999610259803,wind_stuck_7_days,2018
208,Almond_High,Almond_High,2018-07-12,8.0543702,7.1,7.1,1.0362401701798738,1.0362401701798738,0.3048319909976116,0.6686715626410737,-0.049358535431993034,-0.15954778514619583,-0.16080293994836267,0.8725002298201254,1.120422376315359,0.3111153346057015,8.136240170179873,True,8.136240170179873,True,8.136240170179873,True,7.1,False,7.1,False,7.1,False,7.1,False,7.8771801276349045,7.561537167060068,True,True,0.75,0.4453959423132131,8.167337604689333,wind_stuck_7_days,2018
209,Almond_High,Almond_High,2018-07-13,7.83168744,7.2,7.2,0.6695609474724724,0.6695609474724724,0.16107492934933218,0.8404772460375973,0.11197074537099452,0.10263750171672682,-0.06465100859103269,0.5938139325275265,1.120422376315359,0.3111153346057015,7.869560947472473,True,7.869560947472473,True,7.869560947472473,True,7.869560947472473,True,7.869560947472473,True,7.869560947472473,True,7.2,False,7.702170710604355,7.869560947472473,True,True,0.75,1.0,7.869560947472473,wind_stuck_7_days,2018
210,Almond_High,Almond_High,2018-07-20,8.95936913,7.0,7.0,-0.30691083113194645,0.30691083113194645,0.16355592925257495,0.45615243230717273,0.02716688777918012,0.011740080211052167,-0.023898911655257066,-0.3069108311319466,1.120422376315359,0.3111153346057015,6.693089168868053,True,6.693089168868053,True,6.693089168868053,True,6.693089168868053,True,6.693089168868053,True,6.693089168868053,True,7.0,False,6.76981687665104,6.693089168868053,True,True,0.75,1.0,6.756964340653088,wind_stuck_7_days,2018
211,Almond_High,Almond_High,2018-07-21,8.20952441,6.8,6.8,-0.16614031956807165,0.16614031956807165,0.2514280899803367,0.6160277293253957,0.025774414077291283,0.013658837165775836,-0.01853290357446526,-0.16614031956807174,1.120422376315359,0.3111153346057015,6.633859680431928,True,6.633859680431928,True,6.633859680431928,True,6.633859680431928,True,6.633859680431928,True,6.633859680431928,True,6.8,False,6.675394760323946,6.633859680431928,True,True,0.75,1.0,6.633859680431928,wind_stuck_7_days,2018
212,Almond_High,Almond_High,2018-07-28,7.10276985,6.7,6.7,0.2571010704050184,0.2571010704050184,0.4312382681556437,0.9780485062442776,0.07621372685964513,0.03752217510221233,-0.02276967795771327,0.2571010704050184,1.120422376315359,0.3111153346057015,6.9571010704050185,True,6.7,False,6.7,False,6.9571010704050185,True,6.7,False,6.9571010704050185,True,6.7,False,6.892825802803764,6.9571010704050185,True,True,0.75,1.0,6.9571010704050185,wind_stuck_7_days,2018
213,Almond_High,Almond_High,2018-07-29,7.57128772,6.1,6.1,0.01162454141340633,0.01162454141340633,0.42066288081249703,0.9192038683561796,-0.10155297478921402,-0.11083105717366963,-0.02276967795771327,0.011624541413406408,1.120422376315359,0.3111153346057015,6.111624541413406,True,6.1,False,6.1,False,6.1,False,6.1,False,6.1,False,6.1,False,6.108718406060055,6.1,True,False,0.75,0.0,6.111624541413406,wind_stuck_7_days,2018
214,Almond_High,Almond_High,2018-08-05,4.1023928,6.5,6.5,0.4488703075690673,0.4488703075690673,0.15624599523236796,0.4447769451948673,0.037087599500731115,0.03640311329389058,-0.004573406242571226,-0.44887030756906743,1.120422376315359,0.3111153346057015,6.948870307569067,True,6.948870307569067,True,6.948870307569067,True,6.948870307569067,True,6.948870307569067,True,6.948870307569067,True,6.5,False,6.836652730676801,6.943860226306654,True,True,0.75,0.9888384658598927,6.948870307569067,wind_stuck_7_days,2018
215,Almond_High,Almond_High,2018-08-06,3.51310525,6.5,6.5,0.6314402395545772,0.6314402395545772,0.17099740475444672,0.4920954833026759,0.1248726638171104,0.1517631466046945,-0.03131602752124826,-0.6314402395545771,1.120422376315359,0.3111153346057015,7.1314402395545775,True,7.1314402395545775,True,7.1314402395545775,True,7.1314402395545775,True,7.1314402395545775,True,7.1314402395545775,True,6.5,False,6.973580179665933,7.127933276264093,True,True,0.75,0.9944460883694108,7.1314402395545775,wind_stuck_7_days,2018
216,Almond_High,Almond_High,2018-08-13,6.11013847,6.0,6.0,-0.11922765702513238,0.11922765702513238,0.46855405467560957,0.7153261918366813,-0.03448124587478756,-0.10643677181099927,-0.004766927116203266,-0.11922765702513238,1.120422376315359,0.3111153346057015,5.8807723429748675,True,6.0,False,5.8807723429748675,True,6.0,False,6.0,False,6.0,False,6.0,False,5.91057925723115,5.8807723429748675,True,True,0.75,1.0,5.8807723429748675,wind_stuck_7_days,2018
217,Almond_High,Almond_High,2018-08-14,6.55103824,6.1,6.1,-0.03322404967451927,0.03322404967451927,0.5300892487730654,0.8714965109577427,-0.05108714507085413,-0.10643677181099927,-0.024418581117122744,-0.03322404967451925,1.120422376315359,0.3111153346057015,6.06677595032548,True,6.1,False,6.1,False,6.1,False,6.1,False,6.1,False,6.1,False,6.07508196274411,6.06677595032548,True,True,0.75,1.0,6.06677595032548,wind_stuck_7_days,2018
218,Almond_High,Almond_High,2018-08-21,5.4395637,6.0,6.0,-0.1300440406400764,0.1300440406400764,0.23645799659748037,0.6966231269744556,-0.07626928390740796,-0.09816973817303833,-0.004766927116203266,0.1300440406400764,1.120422376315359,0.3111153346057015,5.869955959359924,True,5.869955959359924,True,5.869955959359924,True,6.0,False,6.0,False,6.0,False,6.0,False,5.902466969519943,6.0,True,False,0.75,0.0,5.869955959359924,wind_stuck_7_days,2018
219,Almond_High,Almond_High,2018-08-22,4.79137096,5.8,5.8,-0.09395937914495178,0.09395937914495178,0.3226782683878739,0.8360697734520791,-0.09831673770807033,-0.10643677181099927,-0.029281480220760152,0.09395937914495178,1.120422376315359,0.3111153346057015,5.706040620855048,True,5.706040620855048,True,5.706040620855048,True,5.8,False,5.8,False,5.8,False,5.8,False,5.729530465641286,5.8,True,False,0.75,0.0,5.706040620855048,wind_stuck_7_days,2018
220,Almond_High,Almond_High,2018-08-29,3.74098886,5.4,5.4,0.1119005702608705,0.1119005702608705,0.1758136702342515,0.5689254013610834,0.010220161097935183,0.01320970111249174,-0.00046356849922204985,-0.11190057026087041,1.120422376315359,0.3111153346057015,5.511900570260871,True,5.511900570260871,True,5.511900570260871,True,5.511900570260871,True,5.511900570260871,True,5.511900570260871,True,5.4,False,5.483925427695653,5.511900570260871,True,True,0.75,1.0,5.511900570260871,wind_stuck_7_days,2018
221,Almond_High,Almond_High,2018-08-30,3.71889329,4.8,4.8,-0.8388617581810598,0.8388617581810598,0.4541549126830247,0.726809606425884,0.0030079713601588115,-0.06514153104666547,-0.2064012320311783,0.8388617581810598,1.120422376315359,0.3111153346057015,3.96113824181894,True,4.8,False,3.96113824181894,True,3.96113824181894,True,3.96113824181894,True,4.8,False,4.8,False,4.170853681364205,4.490558528356368,True,True,0.75,0.3688825585691346,3.96113824181894,wind_stuck_7_days,2018
222,Almond_High,Almond_High,2018-09-06,6.34561037,5.1,5.1,0.1352678475830676,0.1352678475830676,0.5012319461731114,1.2683051275338824,0.055417216624159465,-0.004606141811495208,-0.030930383380169624,0.13526784758306754,1.120422376315359,0.3111153346057015,5.235267847583067,True,5.1,False,5.1,False,5.235267847583067,True,5.1,False,5.1,False,5.1,False,5.201450885687301,5.235267847583067,True,True,0.75,1.0,5.235267847583067,wind_stuck_7_days,2018
223,Almond_High,Almond_High,2018-09-07,6.61989192,5.1,5.1,0.013442640614059531,0.013442640614059531,0.5416803296676488,1.3536219414088393,0.055417216624159465,-0.004606141811495208,-0.035661631916768945,0.013442640614059531,1.120422376315359,0.3111153346057015,5.113442640614059,True,5.1,False,5.1,False,5.113442640614059,True,5.1,False,5.1,False,5.1,False,5.110081980460544,5.113442640614059,True,True,0.75,1.0,5.113442640614059,wind_stuck_7_days,2018
224,Almond_High,Almond_High,2018-09-14,3.91095935,4.1,4.1,-0.33709191063974636,0.33709191063974636,0.12185761771398708,0.3679611088706872,0.005812505640834862,0.010652381344428594,0.0026807679526438767,0.04098938936025259,1.120422376315359,0.3111153346057015,3.7629080893602533,True,3.7629080893602533,True,3.7629080893602533,True,3.7629080893602533,True,3.7629080893602533,True,3.7629080893602533,True,3.7629080893602533,True,3.84718106702019,3.971595395971436,True,True,0.75,0.3809186752208695,3.7629080893602533,wind_stuck_7_days,2018
225,Almond_High,Almond_High,2018-09-15,3.95858045,4.6,4.6,-0.4375590097585892,0.4375590097585892,0.289701279242458,0.6164269281603911,0.02403041313719583,0.017537000003139406,-0.011278729379250153,0.4375590097585892,1.120422376315359,0.3111153346057015,4.162440990241411,True,4.162440990241411,True,4.162440990241411,True,4.162440990241411,True,4.162440990241411,True,4.162440990241411,True,4.6,False,4.271830742681058,4.400339504386686,True,True,0.75,0.4563053009089474,4.162440990241411,wind_stuck_7_days,2018
226,Almond_High,Almond_High,2018-09-22,5.15924987,4.3,4.3,-0.2750895821084435,0.2750895821084435,0.18143437280911784,0.7010796858038539,0.015320179381705275,0.010468198171924403,-0.011278729379250153,-0.2750895821084436,1.120422376315359,0.3111153346057015,4.024910417891556,True,4.024910417891556,True,4.024910417891556,True,4.024910417891556,True,4.024910417891556,True,4.024910417891556,True,4.3,False,4.093682813418667,4.172589643827236,True,True,0.75,0.4631595104264497,4.024910417891556,wind_stuck_7_days,2018
227,Almond_High,Almond_High,2018-09-23,5.73121645,4.9,4.9,-0.38692739707749535,0.38692739707749535,0.2934650386144959,0.9369556213229885,-0.028622738969521912,-0.004606141811495208,-0.030930383380169624,-0.38692739707749535,1.120422376315359,0.3111153346057015,4.513072602922505,True,4.513072602922505,True,4.9,False,4.9,False,4.9,False,4.9,False,4.9,False,4.609804452191879,4.762013386837378,True,True,0.75,0.3566214597489101,4.513072602922505,wind_stuck_7_days,2018
228,Almond_High,Almond_High,2018-09-30,3.52555943,3.1,3.1,-0.4659194234165319,0.4659194234165319,0.2832414350554725,0.5521997055904752,0.021594770523267276,0.01342476753529275,-0.002802846800428161,-0.4659194234165319,1.120422376315359,0.3111153346057015,2.634080576583468,True,2.634080576583468,True,2.634080576583468,True,2.634080576583468,True,2.634080576583468,True,2.634080576583468,True,3.1,False,2.7505604324376014,2.8038871187612755,True,True,0.75,0.6355452603099566,2.634080576583468,wind_stuck_7_days,2018
229,Almond_High,Almond_High,2018-10-01,4.4257185,3.8,3.8,-0.17067425758101618,0.17067425758101618,0.27889479681968726,0.6385829890278061,0.008723565744852144,0.010652381344428594,-0.011278729379250153,-0.17067425758101618,1.120422376315359,0.3111153346057015,3.6293257424189838,True,3.6293257424189838,True,3.6293257424189838,True,3.6293257424189838,True,3.6293257424189838,True,3.6293257424189838,True,3.8,False,3.6719943068142378,3.712796146967944,True,True,0.75,0.5109373508811753,3.6293257424189838,wind_stuck_7_days,2018
230,Almond_High,Almond_High,2018-10-08,4.64900486,3.6,3.6,-0.3518571441138722,0.3518571441138722,0.2770966994496894,1.1161752717574083,-0.09963937558917638,0.008454665574354302,-0.030930383380169624,-0.35185714411387226,1.120422376315359,0.3111153346057015,3.248142855886128,True,3.248142855886128,True,3.6,False,3.6,False,3.6,False,3.248142855886128,True,3.6,False,3.336107141914596,3.433028360257572,True,True,0.75,0.4745438384175329,3.263286288616962,wind_stuck_7_days,2018
231,Almond_High,Almond_High,2018-10-09,4.56228626,3.5,3.5,-0.024846999128315637,0.024846999128315637,0.4533754752913925,1.0276217693663645,0.04402381360948737,-0.006619674409065309,-0.030930383380169624,-0.02484699912831556,1.120422376315359,0.3111153346057015,3.475153000871684,True,3.5,False,3.5,False,3.475153000871684,True,3.5,False,3.5,False,3.5,False,3.4813647506537633,3.5,True,False,0.75,0.0,3.475153000871684,wind_stuck_7_days,2018
232,Almond_High,Almond_High,2018-10-16,4.42575449,3.3,3.3,-0.6026083187304696,0.6026083187304696,0.19772083842221597,0.8212163238930079,0.04575996797368338,0.032304361500833594,-0.053188860383702796,-0.6026083187304696,1.120422376315359,0.3111153346057015,2.69739168126953,True,2.69739168126953,True,2.69739168126953,True,2.69739168126953,True,2.69739168126953,True,2.69739168126953,True,3.3,False,2.8480437609521476,2.948832363107947,True,True,0.75,0.5827460822842049,2.687909218911425,wind_stuck_7_days,2018
233,Almond_High,Almond_High,2018-10-17,4.06505747,3.1,3.1,-0.47000088388847755,0.47000088388847755,0.19656942170358957,0.708401080554041,0.03621616472591537,0.032304361500833594,-0.015278427735727362,-0.4700008838884775,1.120422376315359,0.3111153346057015,2.6299991161115224,True,2.6299991161115224,True,2.6299991161115224,True,2.6299991161115224,True,2.6299991161115224,True,2.6299991161115224,True,3.1,False,2.747499337083642,2.7713271077570134,True,True,0.75,0.6993027109305916,2.625789005528116,wind_stuck_7_days,2018
234,Almond_High,Almond_High,2018-10-24,3.56979634,2.8,2.8,-0.4574676929807322,0.4574676929807322,0.2875051879495313,0.8988418157299567,0.017219026094178545,0.04492180922908998,-0.034930081736646856,-0.4574676929807322,1.120422376315359,0.3111153346057015,2.3425323070192676,True,2.3425323070192676,True,2.8,False,2.3425323070192676,True,2.8,False,2.3425323070192676,True,2.8,False,2.4568992302644506,2.5376703050021763,True,True,0.75,0.5734387346318518,2.3425323070192676,wind_stuck_7_days,2018
235,Almond_High,Almond_High,2018-10-25,3.40722209,3.1,3.1,-0.29789521459260726,0.29789521459260726,0.289870318133007,0.9372419778519891,-0.017254822848104947,0.008454665574354302,-0.030930383380169624,-0.29789521459260726,1.120422376315359,0.3111153346057015,2.802104785407393,True,2.802104785407393,True,3.1,False,3.1,False,3.1,False,2.802104785407393,True,3.1,False,2.8765785890555446,3.0890287288043843,True,True,0.75,0.03682929653844754,2.802104785407393,wind_stuck_7_days,2018
236,Almond_High,Almond_High,2018-11-02,2.86687665,2.5,2.5,-0.1601685511679617,0.1601685511679617,0.10664199777716372,0.42658046437836183,0.019603191732382688,0.020650199413973298,-0.0014205266441136755,-0.1601685511679617,1.120422376315359,0.3111153346057015,2.3398314488320384,True,2.3398314488320384,True,2.3398314488320384,True,2.3398314488320384,True,2.3398314488320384,True,2.3398314488320384,True,2.5,False,2.379873586624029,2.3398314488320384,True,True,0.75,1.0,2.3398314488320384,wind_stuck_7_days,2018
237,Almond_High,Almond_High,2018-11-09,2.41315471,2.1,2.1,-0.5595241495405133,0.5595241495405133,0.24648790453834526,0.6746138319933628,0.04067777105354358,0.04625317249520944,-0.046170589827326795,-0.5595241495405133,1.120422376315359,0.3111153346057015,1.5404758504594867,True,1.5404758504594867,True,1.5404758504594867,True,1.5404758504594867,True,1.5404758504594867,True,1.5404758504594867,True,2.1,False,1.6803568878446151,1.830468513756366,True,True,0.75,0.48171555502113,1.5402885460631104,wind_stuck_7_days,2018
238,Almond_High,Almond_High,2018-11-10,2.11244919,1.6,1.6,-0.2475522317682342,0.2475522317682342,0.16312654668188545,0.5939881676454183,0.023624560058123238,0.026780063853236218,-0.010940397535124869,-0.24755223176823415,1.120422376315359,0.3111153346057015,1.352447768231766,True,1.352447768231766,True,1.352447768231766,True,1.352447768231766,True,1.352447768231766,True,1.352447768231766,True,1.6,False,1.4143358261738244,1.4620931448744947,True,True,0.75,0.5570818495169854,1.299500380175473,wind_stuck_7_days,2018
239,Almond_High,Almond_High,2018-11-18,1.70636387,1.6,1.6,-0.5563997692273845,0.5563997692273845,0.28482432724793727,0.7515764096934008,0.057671306141146766,0.0510516736683529,-0.046170589827326795,-0.5563997692273845,1.120422376315359,0.3111153346057015,1.0436002307726155,True,1.0436002307726155,True,1.0436002307726155,True,1.0436002307726155,True,1.0436002307726155,True,1.0436002307726155,True,1.6,False,1.1827001730794617,1.3551406034615598,True,True,0.75,0.44007817774340824,1.0441606507979664,wind_stuck_7_days,2018
240,Almond_High,Almond_High,2018-11-25,1.40180135,0.9,0.9,0.25840067995140065,0.25840067995140065,0.11823618773869475,0.4703470067417694,0.03861826077941572,0.031876503671167365,-0.007796061083258941,0.25840067995140065,1.120422376315359,0.3111153346057015,1.1584006799514006,True,1.1584006799514006,True,1.1584006799514006,True,1.1584006799514006,True,1.1584006799514006,True,1.1584006799514006,True,0.9,False,1.0938005099635504,1.0558619624894263,True,True,0.75,0.6031793821856059,1.1584006799514006,wind_stuck_7_days,2018
241,Almond_High,Almond_High,2018-11-26,1.27952668,1.3,1.3,0.08981642034003673,0.08981642034003673,0.16081931749322417,0.4545229916842876,0.02667724533781374,0.025981294620656837,-0.007796061083258941,-0.08981642034003673,1.120422376315359,0.3111153346057015,1.3898164203400367,True,1.3898164203400367,True,1.3898164203400367,True,1.3898164203400367,True,1.3898164203400367,True,1.3898164203400367,True,1.3,False,1.3673623152550276,1.3898164203400367,True,True,0.75,1.0,1.3898164203400367,wind_stuck_7_days,2018
242,Almond_High,Almond_High,2018-12-03,0.80872588,0.8,0.8,-0.11226102072042332,0.11226102072042332,0.1718709231513782,0.3973060463622,0.024004449167574514,0.019617780455122972,-0.007796061083258941,-0.11226102072042332,1.120422376315359,0.3111153346057015,0.6877389792795767,True,0.6877389792795767,True,0.6877389792795767,True,0.6877389792795767,True,0.6877389792795767,True,0.6877389792795767,True,0.8,False,0.7158042344596826,0.6877389792795767,True,True,0.75,1.0,0.7637507836479622,wind_stuck_7_days,2018
243,Almond_High,Almond_High,2018-12-11,0.81938261,0.6,0.6,0.25852730339690105,0.25852730339690105,0.13467337657097173,0.5339438093782625,0.04129105694965495,0.040863539261476824,-0.010940397535124869,0.180237916603099,1.120422376315359,0.3111153346057015,0.858527303396901,True,0.858527303396901,True,0.858527303396901,True,0.858527303396901,True,0.858527303396901,True,0.858527303396901,True,0.6,False,0.7938954775476758,0.7559383391410535,True,True,0.75,0.6031793821856059,0.858527303396901,wind_stuck_7_days,2018
244,Almond_High,Almond_High,2018-12-20,0.14519954,0.8,0.8,0.16694227472441509,0.16694227472441509,0.26410386515527173,0.655213932339776,0.026772161319556204,0.025981294620656837,-0.02723873277953178,-0.16694227472441503,1.120422376315359,0.3111153346057015,0.9669422747244152,True,0.9669422747244152,True,0.9669422747244152,True,0.9669422747244152,True,0.9669422747244152,True,0.9669422747244152,True,0.8,False,0.9252067060433113,0.9488682435945158,True,True,0.75,0.8917348457139717,0.9582927376459947,wind_stuck_7_days,2018
245,Almond_High,Almond_High,2018-12-27,1.43996541,1.2,1.2,-0.41627778426402207,0.41627778426402207,0.2844004824962365,0.4353675263558969,0.04957723377673886,0.049491773488357635,-0.007796061083258941,-0.41627778426402207,1.120422376315359,0.3111153346057015,0.7837222157359779,True,0.7837222157359779,True,0.7837222157359779,True,0.7837222157359779,True,0.7837222157359779,True,0.7837222157359779,True,1.2,False,0.8877916618019834,0.9355955105426386,True,True,0.75,0.635163584155296,0.8354703829033667,wind_stuck_7_days,2018
246,Almond_High,Almond_High,2018-12-28,1.00649929,1.0,1.0,-0.3723476515703699,0.3723476515703699,0.1258920315035126,0.23407114974523383,0.040958101690512824,0.03933795145324426,-0.007796061083258941,-0.3723476515703699,1.120422376315359,0.3111153346057015,0.6276523484296301,True,0.6276523484296301,True,0.6276523484296301,True,0.6276523484296301,True,0.6276523484296301,True,0.6276523484296301,True,1.0,False,0.7207392613222225,0.7588687079585739,True,True,0.75,0.6475971878013973,0.6276523484296301,wind_stuck_7_days,2018
369,Almond_Low,Almond_Low,2018-01-26,0.42642736,0.8,0.8,-0.2629648830500142,0.2629648830500142,0.3330705974742139,0.8981152288675848,-0.0196861090953995,0.01082553008703748,-0.051601968491791585,0.2629648830500142,1.120422376315359,0.3111153346057015,0.5370351169499858,True,0.8,False,0.8,False,0.8,False,0.8,False,0.5370351169499858,True,0.8,False,0.6027763377124894,0.7875393610286984,True,True,0.75,0.047385182488156444,0.5370351169499858,wind_stuck_7_days,2018
370,Almond_Low,Almond_Low,2018-02-02,0.78064962,1.4,1.4,-0.04851923694872305,0.04851923694872305,0.11892845693845587,0.4483576503267586,0.02667724533781374,0.025981294620656837,-0.007796061083258941,0.048519236948723066,1.120422376315359,0.3111153346057015,1.3514807630512768,True,1.3514807630512768,True,1.3514807630512768,True,1.3514807630512768,True,1.3514807630512768,True,1.3514807630512768,True,1.4,False,1.3636105722884577,1.3514807630512768,True,True,0.75,1.0,1.3514807630512768,wind_stuck_7_days,2018
371,Almond_Low,Almond_Low,2018-02-03,0.83776209,1.1,1.1,0.08105139948764578,0.08105139948764578,0.16175898816245365,0.5595635826340721,0.02667724533781374,0.025981294620656837,-0.010940397535124869,-0.08105139948764578,1.120422376315359,0.3111153346057015,1.181051399487646,True,1.181051399487646,True,1.181051399487646,True,1.181051399487646,True,1.181051399487646,True,1.181051399487646,True,1.1,False,1.1607885496157344,1.181051399487646,True,True,0.75,1.0,1.181051399487646,wind_stuck_7_days,2018
372,Almond_Low,Almond_Low,2018-02-10,1.46114212,1.9,1.9,-0.15063321199592888,0.15063321199592888,0.286777985705663,0.888055058902307,0.0027215320513116715,0.020188062720491548,-0.053250871651201084,0.15063321199592888,1.120422376315359,0.3111153346057015,1.749366788004071,True,1.749366788004071,True,1.9,False,1.749366788004071,True,1.9,False,1.749366788004071,True,1.9,False,1.7870250910030532,1.8820329480843938,True,True,0.75,0.11927682930967254,1.749366788004071,wind_stuck_7_days,2018
373,Almond_Low,Almond_Low,2018-02-11,1.35668851,1.3,1.3,-0.12278467236370841,0.12278467236370841,0.16834652526334684,0.3799600909798474,0.02667724533781374,0.025981294620656837,-0.007796061083258941,-0.12278467236370841,1.120422376315359,0.3111153346057015,1.1772153276362916,True,1.1772153276362916,True,1.1772153276362916,True,1.1772153276362916,True,1.1772153276362916,True,1.1772153276362916,True,1.3,False,1.2079114957272188,1.1772153276362916,True,True,0.75,1.0,1.1772153276362916,wind_stuck_7_days,2018
374,Almond_Low,Almond_Low,2018-02-18,1.11196562,2.0,2.0,-0.7507614552170374,0.7507614552170374,0.15890753712138234,0.691868625751938,0.09491104676789186,0.06556198757245811,-0.117003976742822,0.7507614552170374,1.120422376315359,0.3111153346057015,1.2492385447829626,True,1.2492385447829626,True,1.2492385447829626,True,1.2492385447829626,True,1.2492385447829626,True,1.2492385447829626,True,2.0,False,1.4369289085872219,1.5892734344598183,True,True,0.75,0.5470799848421161,1.2492385447829626,wind_stuck_7_days,2018
375,Almond_Low,Almond_Low,2018-02-19,1.10312093,1.9,1.9,-0.3816447956687741,0.3816447956687741,0.1851783024951026,0.6423773468808183,0.027423987718220875,0.029951873474077056,-0.02723873277953178,0.3816447956687741,1.120422376315359,0.3111153346057015,1.5183552043312258,True,1.5183552043312258,True,1.5183552043312258,True,1.5183552043312258,True,1.5183552043312258,True,1.5183552043312258,True,1.9,False,1.6137664032484194,1.6705536842537019,True,True,0.75,0.6012038375742252,1.5183552043312258,wind_stuck_7_days,2018
376,Almond_Low,Almond_Low,2018-03-06,2.2733237,2.1,2.1,-0.6301498586108741,0.6301498586108741,0.2844831575127234,0.7825177296344835,0.0681111642328702,0.054312319020566165,-0.07914606625499761,-0.6301498586108741,1.120422376315359,0.3111153346057015,1.4698501413891258,True,1.4698501413891258,True,1.4698501413891258,True,1.4698501413891258,True,1.4698501413891258,True,1.4698501413891258,True,2.1,False,1.6273876060418444,1.7952150820991164,True,True,0.75,0.4836705328677895,1.4698501413891258,wind_stuck_7_days,2018
377,Almond_Low,Almond_Low,2018-03-14,2.73991389,2.2,2.2,-0.4137334836430798,0.4137334836430798,0.3444595874376511,0.9710738908905829,-0.08078638897520381,-0.0545321514359643,-0.045226434052646314,-0.4137334836430798,1.120422376315359,0.3111153346057015,1.7862665163569202,True,2.2,False,2.2,False,2.2,False,2.2,False,2.2,False,2.2,False,1.8896998872676902,2.1869834780590125,True,True,0.75,0.03146112764761569,1.7862665163569202,wind_stuck_7_days,2018
378,Almond_Low,Almond_Low,2018-03-15,3.63096509,2.2,2.2,-0.6920604797054264,0.6920604797054264,0.47930983230729385,1.420031244281312,0.3065939611535176,-0.04932605532408101,-0.22424043708849223,-0.6920604797054262,1.120422376315359,0.3111153346057015,1.5079395202945738,True,2.2,False,2.2,False,1.5079395202945738,True,2.2,False,2.2,False,2.2,False,1.6809546402209303,1.7908980136831958,True,True,0.75,0.5911361771314227,1.5079395202945738,wind_stuck_7_days,2018
379,Almond_Low,Almond_Low,2018-03-23,4.00511506,3.0,3.0,-0.7597294997521327,0.7597294997521327,0.3177994063539853,1.1012509815549798,-0.16415102873462586,-0.05958193634166575,-0.10448536417190295,-0.7597294997521327,1.120422376315359,0.3111153346057015,2.2402705002478673,True,2.2402705002478673,True,3.0,False,3.0,False,3.0,False,3.0,False,3.0,False,2.4302028751859006,2.848030618715771,True,True,0.75,0.2000309074924827,2.2402705002478673,wind_stuck_7_days,2018
380,Almond_Low,Almond_Low,2018-03-31,4.68375771,3.7,3.7,-0.49227580072988736,0.49227580072988736,0.17722600062550006,0.4204668046519943,0.015593786093915332,0.01342476753529275,0.0026807679526438767,-0.4922758007298873,1.120422376315359,0.3111153346057015,3.2077241992701127,True,3.2077241992701127,True,3.2077241992701127,True,3.2077241992701127,True,3.2077241992701127,True,3.2077241992701127,True,3.2077241992701127,True,3.3307931494525844,3.4102655459120323,True,True,0.75,0.5885612367262096,3.2077241992701127,wind_stuck_7_days,2018
381,Almond_Low,Almond_Low,2018-04-08,5.75678721,4.4,4.4,-0.4258102098419835,0.4258102098419835,0.19367274074723734,0.592391586340616,0.01728021341048329,0.01968223641389785,-0.00046356849922204985,-0.4258102098419836,1.120422376315359,0.3111153346057015,3.9741897901580168,True,3.9741897901580168,True,3.9741897901580168,True,3.9741897901580168,True,3.9741897901580168,True,3.9741897901580168,True,4.4,False,4.080642342618512,4.137510375310413,True,True,0.75,0.6164474656138383,3.9741897901580168,wind_stuck_7_days,2018
382,Almond_Low,Almond_Low,2018-04-16,3.51434089,2.2,2.2,-0.687328376999017,0.687328376999017,0.2653385449848681,1.238932908200955,0.22947581084667065,-0.010983429048771297,-0.09017632800594066,-0.6873283769990173,1.120422376315359,0.3111153346057015,1.5126716230009831,True,1.5126716230009831,True,2.2,False,1.5126716230009831,True,2.2,False,2.2,False,2.2,False,1.6845037172507373,2.0101501532760504,True,True,0.75,0.2762141838997885,1.5126716230009831,wind_stuck_7_days,2018
383,Almond_Low,Almond_Low,2018-04-24,6.3073705,5.4,5.4,-0.07361973131967675,0.07361973131967675,0.5526629064343981,0.9548847157505058,0.016267012756597202,-0.004606141811495208,-0.029281480220760152,-0.0736197313196767,1.120422376315359,0.3111153346057015,5.326380268680324,True,5.4,False,5.4,False,5.326380268680324,True,5.4,False,5.4,False,5.4,False,5.344785201510243,5.326380268680324,True,True,0.75,1.0,5.326380268680324,wind_stuck_7_days,2018
384,Almond_Low,Almond_Low,2018-05-02,5.536614,5.0,5.0,-0.7126468403680362,0.7126468403680362,0.3542918551829407,0.5168719104416233,-0.045082967238243295,-0.05190156554682741,0.02434272712862545,-0.7126468403680362,1.120422376315359,0.3111153346057015,4.287353159631964,True,5.0,False,4.287353159631964,True,5.0,False,5.0,False,5.0,False,4.287353159631964,True,4.465514869723973,4.805324252886247,True,True,0.75,0.2731728200930714,4.287353159631964,wind_stuck_7_days,2018
385,Almond_Low,Almond_Low,2018-05-09,8.28360662,6.3,6.3,-1.1514073170308077,1.1514073170308077,0.30000122694272163,0.8762123623954832,-0.08428668109562569,0.05816290219080998,-0.30534132495947064,-1.1514073170308077,1.120422376315359,0.3111153346057015,5.148592682969192,True,5.148592682969192,True,6.3,False,6.3,False,6.3,False,5.148592682969192,True,6.3,False,5.436444512226894,5.897024459355786,True,True,0.75,0.34998521781448033,5.148592682969192,wind_stuck_7_days,2018
386,Almond_Low,Almond_Low,2018-05-10,7.24223168,6.2,6.2,-1.1766352284090076,1.1766352284090076,0.5976139891015895,1.2745494906917085,0.26978095215875497,0.031875602974935816,-0.43581995078072594,-1.1766352284090074,1.120422376315359,0.3111153346057015,5.023364771590993,True,6.2,False,6.2,False,5.023364771590993,True,6.2,False,5.023364771590993,True,6.2,False,5.317523578693244,5.575301566074086,True,True,0.75,0.5309193697783495,5.056186892486029,wind_stuck_7_days,2018
387,Almond_Low,Almond_Low,2018-05-17,7.28654125,6.7,6.7,-1.1654552650529717,1.1654552650529717,0.336465196483353,0.6784220765942042,0.14018838541546158,0.2458543719349774,-0.2369362117179249,-1.1654552650529717,1.120422376315359,0.3111153346057015,5.534544734947028,True,6.7,False,5.534544734947028,True,5.534544734947028,True,5.534544734947028,True,5.534544734947028,True,6.7,False,5.825908551210271,5.8686619359154175,True,True,0.75,0.7133161512182081,5.534544734947028,wind_stuck_7_days,2018
388,Almond_Low,Almond_Low,2018-05-18,7.01902121,6.1,6.1,-1.2008995563417095,1.2008995563417095,0.3501985843354211,0.8870121700221538,-0.10027699353491636,0.07692179170547778,-0.41649444536804003,-1.2008995563417093,1.120422376315359,0.3111153346057015,4.89910044365829,True,6.1,False,6.1,False,6.1,False,6.1,False,4.89910044365829,True,6.1,False,5.199325332743717,5.670016580150062,True,True,0.75,0.35805111058562844,4.89910044365829,wind_stuck_7_days,2018
389,Almond_Low,Almond_Low,2018-05-26,6.87621772,2.4,2.4,-0.36512963536721876,0.36512963536721876,0.32714504213016493,0.8583766334387086,-0.08078638897520381,-0.049836312880627655,-0.05248060824786141,-0.3651296353672189,1.120422376315359,0.3111153346057015,2.034870364632781,True,2.4,False,2.034870364632781,True,2.4,False,2.4,False,2.4,False,2.4,False,2.126152773474586,2.375427432501593,True,True,0.75,0.06729820074367175,2.034870364632781,wind_stuck_7_days,2018
390,Almond_Low,Almond_Low,2018-06-02,7.48504041,6.8,6.8,0.4167460995468173,0.4167460995468173,0.12262728100536485,0.5159444053347435,0.04537439134647191,0.05876494140567837,-0.0014931989637210312,0.4167460995468173,1.120422376315359,0.3111153346057015,7.216746099546818,True,7.216746099546818,True,7.216746099546818,True,7.216746099546818,True,7.216746099546818,True,7.216746099546818,True,6.8,False,7.1125595746601125,7.216746099546818,True,True,0.75,1.0,7.216746099546818,wind_stuck_7_days,2018
391,Almond_Low,Almond_Low,2018-06-03,8.13622667,7.1,7.1,1.2740500931867034,1.2740500931867034,0.18552206795635992,0.9484423822796699,-0.11452721838071478,-0.2017206680950477,-0.2773128057157993,0.7984032468132958,1.120422376315359,0.3111153346057015,8.374050093186703,True,8.374050093186703,True,7.1,False,7.1,False,7.1,False,7.1,False,7.1,False,8.055537569890028,7.497846643842917,True,True,0.75,0.31226923177550064,8.374050093186703,wind_stuck_7_days,2018
392,Almond_Low,Almond_Low,2018-06-10,9.30063051,7.0,7.0,-1.2391550005128484,1.2391550005128484,0.5463988886954644,1.4536035064103074,0.47282903022311196,0.3779275962578252,-0.43804979047817466,-1.2391550005128487,1.120422376315359,0.3111153346057015,5.760844999487151,True,7.0,False,7.0,False,5.760844999487151,True,7.0,False,5.760844999487151,True,7.0,False,6.0706337496153635,5.939659229654981,True,True,0.75,0.8556966399733498,5.851457604469232,wind_stuck_7_days,2018
393,Almond_Low,Almond_Low,2018-06-11,8.97753544,7.0,7.0,-0.2312272564848495,0.2312272564848495,0.22599483688749983,0.6100569962072864,0.03275928072563206,0.01714223202589462,-0.01853290357446526,-0.23122725648484943,1.120422376315359,0.3111153346057015,6.76877274351515,True,6.76877274351515,True,6.76877274351515,True,6.76877274351515,True,6.76877274351515,True,6.76877274351515,True,7.0,False,6.826579557636363,6.76877274351515,True,True,0.75,1.0,6.76877274351515,wind_stuck_7_days,2018
394,Almond_Low,Almond_Low,2018-06-18,8.41877857,7.1,7.1,-0.5631219760727221,0.5631219760727221,0.2945569272795788,0.6541505628396849,0.06360235079241588,0.07166305619584178,-0.061920893232676424,-0.563121976072722,1.120422376315359,0.3111153346057015,6.536878023927278,True,6.536878023927278,True,6.536878023927278,True,6.536878023927278,True,6.536878023927278,True,6.536878023927278,True,7.1,False,6.677658517945458,6.582293807594295,True,True,0.75,0.9193500065762786,6.536878023927278,wind_stuck_7_days,2018
395,Almond_Low,Almond_Low,2018-06-19,9.60201526,6.7,6.7,0.2529017084925169,0.2529017084925169,0.1315491463935896,0.47856040724416776,0.018759702323563787,0.013658837165775836,-0.004573406242571226,0.2529017084925167,1.120422376315359,0.3111153346057015,6.952901708492517,True,6.952901708492517,True,6.952901708492517,True,6.952901708492517,True,6.952901708492517,True,6.952901708492517,True,6.7,False,6.889676281369388,6.8832383003470285,True,True,0.75,0.7245435447599996,6.952901708492517,wind_stuck_7_days,2018
396,Almond_Low,Almond_Low,2018-06-26,9.09390507,7.4,7.4,0.8855452123151741,0.8855452123151741,0.0916205600684028,0.5277959634365093,0.10068219491316198,0.10883347914531981,0.021860666800669226,0.8855452123151741,1.120422376315359,0.3111153346057015,8.285545212315174,True,8.285545212315174,True,8.285545212315174,True,8.285545212315174,True,8.285545212315174,True,8.285545212315174,True,8.285545212315174,True,8.064158909236381,8.067518093007392,True,True,0.75,0.7537933509484278,8.285545212315174,wind_stuck_7_days,2018
397,Almond_Low,Almond_Low,2018-06-27,9.3078205,7.8,7.8,1.078238417692248,1.078238417692248,0.2424111164083514,0.5402980907084876,-0.14796892032898973,-0.14868354534825362,-0.062072098618272634,1.078238417692248,1.120422376315359,0.3111153346057015,8.878238417692248,True,8.878238417692248,True,8.878238417692248,True,7.8,False,7.8,False,7.8,False,7.8,False,8.608678813269186,8.261626874770746,True,True,0.75,0.4281306130408199,8.878238417692248,wind_stuck_7_days,2018
398,Almond_Low,Almond_Low,2018-07-04,7.96702116,6.8,6.8,-0.570653990786809,0.570653990786809,0.42601092775210997,0.7610225125187425,0.11180943794361294,0.15479782025904568,-0.061920893232676424,-0.5706539907868091,1.120422376315359,0.3111153346057015,6.229346009213191,True,6.8,False,6.229346009213191,True,6.229346009213191,True,6.229346009213191,True,6.229346009213191,True,6.8,False,6.372009506909893,6.372707188321217,True,True,0.75,0.7487774002765452,6.229346009213191,wind_stuck_7_days,2018
399,Almond_Low,Almond_Low,2018-07-05,8.17265495,6.6,6.6,0.8769687795071215,0.8769687795071215,0.26870057516154294,0.6042159844742768,0.07902239723740777,0.08705402715918482,0.018066117007004116,0.8769687795071215,1.120422376315359,0.3111153346057015,7.476968779507121,True,7.476968779507121,True,7.476968779507121,True,7.476968779507121,True,7.476968779507121,True,7.476968779507121,True,7.476968779507121,True,7.2577265846303405,7.068093068283083,True,True,0.75,0.5337625229328732,7.476968779507121,wind_stuck_7_days,2018
400,Almond_Low,Almond_Low,2018-07-13,9.53919495,7.3,7.3,0.6218184450085665,0.6218184450085665,0.2655965418577824,0.6234687647363912,0.07186914783808064,0.10131648799195746,-0.03243345288369031,0.6218184450085666,1.120422376315359,0.3111153346057015,7.921818445008566,True,7.921818445008566,True,7.921818445008566,True,7.921818445008566,True,7.921818445008566,True,7.921818445008566,True,7.3,False,7.766363833756425,7.921818445008566,True,True,0.75,1.0,7.921818445008566,wind_stuck_7_days,2018
401,Almond_Low,Almond_Low,2018-07-20,10.02378503,7.0,7.0,-0.26696167933297243,0.26696167933297243,0.20264713373737808,0.6219702939253882,0.027504484340644602,0.011740080211052167,-0.03785840898715112,-0.2669616793329723,1.120422376315359,0.3111153346057015,6.733038320667028,True,6.733038320667028,True,6.733038320667028,True,6.733038320667028,True,6.733038320667028,True,6.733038320667028,True,7.0,False,6.799778740500271,6.7950989851062005,True,True,0.75,0.7675296896759244,6.733038320667028,wind_stuck_7_days,2018
402,Almond_Low,Almond_Low,2018-07-21,10.04631037,6.7,6.7,-0.5095070917868325,0.5095070917868325,0.2310345191819921,0.4836245424978987,0.030113913384207814,0.0317405726045285,-0.02266790254414946,-0.5095070917868325,1.120422376315359,0.3111153346057015,6.190492908213168,True,6.190492908213168,True,6.190492908213168,True,6.190492908213168,True,6.190492908213168,True,6.190492908213168,True,6.7,False,6.317869681159876,6.270602404262802,True,True,0.75,0.8427705966394076,6.190492908213168,wind_stuck_7_days,2018
403,Almond_Low,Almond_Low,2018-07-28,6.8307334,6.4,6.4,0.5689868709745631,0.5689868709745631,0.39355211955737907,1.0774820043735964,-0.04592299298369673,0.05529068296586972,-0.02865127731480098,0.2924799290254356,1.120422376315359,0.3111153346057015,6.968986870974564,True,6.4,False,6.4,False,6.4,False,6.4,False,6.968986870974564,True,6.4,False,6.826740153230923,6.783930279537103,True,True,0.75,0.6747612275824652,6.968986870974564,wind_stuck_7_days,2018
404,Almond_Low,Almond_Low,2018-07-29,7.97454164,3.5,3.5,0.9213069363567656,0.9213069363567656,0.3760075264638974,1.480999777214739,0.1631369637870167,-0.23084727445632094,-0.10763761819102434,0.9213069363567659,1.120422376315359,0.3111153346057015,4.421306936356766,True,3.5,False,3.5,False,4.421306936356766,True,3.5,False,3.5,False,3.5,False,4.190980202267574,3.8818542829928138,True,True,0.75,0.41447021391462185,4.421306936356766,wind_stuck_7_days,2018
405,Almond_Low,Almond_Low,2018-08-05,9.66722234,7.1,7.1,0.8046000929115898,0.8046000929115898,0.19926434482516756,0.6018727022578113,0.1270686187177073,0.16026444003161097,-0.0169505239594007,0.8046000929115897,1.120422376315359,0.3111153346057015,7.90460009291159,True,7.90460009291159,True,7.90460009291159,True,7.90460009291159,True,7.90460009291159,True,7.90460009291159,True,7.1,False,7.703450069683692,7.90460009291159,True,True,0.75,1.0,7.90460009291159,wind_stuck_7_days,2018
406,Almond_Low,Almond_Low,2018-08-06,7.52968622,6.4,6.4,0.7498245021570041,0.7498245021570041,0.17230461278841666,0.8079171417660722,0.14164329346606802,0.11920808965111761,-0.10530800433791951,0.7498245021570041,1.120422376315359,0.3111153346057015,7.149824502157005,True,7.149824502157005,True,7.149824502157005,True,7.149824502157005,True,7.149824502157005,True,7.149824502157005,True,6.4,False,6.9623683766177535,7.029392370896521,True,True,0.75,0.8393862418285364,7.149824502157005,wind_stuck_7_days,2018
407,Almond_Low,Almond_Low,2018-08-13,5.92448357,5.7,5.7,-0.10983104821934091,0.10983104821934091,0.5500964157840189,0.7536402598284614,0.032872911952663765,-0.004606141811495208,-0.011278729379250153,-0.10983104821934092,1.120422376315359,0.3111153346057015,5.590168951780659,True,5.7,False,5.590168951780659,True,5.590168951780659,True,5.590168951780659,True,5.7,False,5.7,False,5.617626713835494,5.590168951780659,True,True,0.75,1.0,5.590168951780659,wind_stuck_7_days,2018
408,Almond_Low,Almond_Low,2018-08-14,5.8625942,6.1,6.1,0.21419248082383224,0.21419248082383224,0.7100659235596507,0.9572382221841081,-0.05108714507085413,-0.10643677181099927,-0.024418581117122744,-0.21419248082383224,1.120422376315359,0.3111153346057015,6.314192480823832,True,6.1,False,6.1,False,6.1,False,6.1,False,6.1,False,6.1,False,6.260644360617873,6.314192480823832,True,True,0.75,1.0,6.314192480823832,wind_stuck_7_days,2018
409,Almond_Low,Almond_Low,2018-08-21,4.09143804,5.7,5.7,-0.10680693102953501,0.10680693102953501,0.20613749579969293,0.6678536844691664,0.007546816744970707,0.0073525143486139815,-0.011278729379250153,0.10680693102953498,1.120422376315359,0.3111153346057015,5.593193068970465,True,5.593193068970465,True,5.593193068970465,True,5.593193068970465,True,5.593193068970465,True,5.593193068970465,True,5.7,False,5.619894801727849,5.650823964927483,True,True,0.75,0.4604198865981714,5.593193068970465,wind_stuck_7_days,2018
410,Almond_Low,Almond_Low,2018-08-22,4.66574319,5.0,5.0,-0.051956723808675255,0.051956723808675255,0.2988366046183239,0.77602732616355,0.0018010098103471166,-0.004606141811495208,-0.011278729379250153,0.051956723808675276,1.120422376315359,0.3111153346057015,4.948043276191325,True,4.948043276191325,True,4.948043276191325,True,4.948043276191325,True,4.948043276191325,True,5.0,False,5.0,False,4.961032457143493,4.950442873727874,True,True,0.75,0.953815457160353,4.948043276191325,wind_stuck_7_days,2018
411,Almond_Low,Almond_Low,2018-08-29,3.37524543,4.2,4.2,0.03719967553958351,0.03719967553958351,0.1558908963121267,0.5024735554555586,0.011864886844253374,0.015046666707098968,0.0026807679526438767,-0.03719967553958348,1.120422376315359,0.3111153346057015,4.237199675539584,True,4.237199675539584,True,4.237199675539584,True,4.237199675539584,True,4.237199675539584,True,4.237199675539584,True,4.237199675539584,True,4.227899756654688,4.237199675539584,True,True,0.75,1.0,4.237199675539584,wind_stuck_7_days,2018
412,Almond_Low,Almond_Low,2018-08-30,3.90998694,5.2,5.2,-0.7123336870834927,0.7123336870834927,0.2143449569387352,0.624231958853678,-0.03656889996891278,-0.04423192386335451,-0.2064012320311783,0.7123336870834927,1.120422376315359,0.3111153346057015,4.487666312916508,True,4.487666312916508,True,4.487666312916508,True,5.2,False,5.2,False,5.2,False,5.2,False,4.665749734687381,5.03016017500485,True,True,0.75,0.23842733830338064,4.487666312916508,wind_stuck_7_days,2018
413,Almond_Low,Almond_Low,2018-09-06,6.62383828,4.9,4.9,0.3787018166231766,0.3787018166231766,0.6494546714673313,1.6577352581209663,0.13167811249544115,-0.005802124986403078,-0.051565397133961396,0.3787018166231766,1.120422376315359,0.3111153346057015,5.278701816623177,True,4.9,False,4.9,False,5.278701816623177,True,4.9,False,4.9,False,4.9,False,5.184026362467383,5.278701816623177,True,True,0.75,1.0,5.278701816623177,wind_stuck_7_days,2018
414,Almond_Low,Almond_Low,2018-09-07,5.83126751,4.9,4.9,0.2525358569062387,0.2525358569062387,0.6619306441963745,1.6923894521491345,0.12313295662390587,-0.004606141811495208,-0.035661631916768945,0.2525358569062387,1.120422376315359,0.3111153346057015,5.152535856906239,True,4.9,False,4.9,False,5.152535856906239,True,4.9,False,4.9,False,4.9,False,5.089401892679679,5.152535856906239,True,True,0.75,1.0,5.152535856906239,wind_stuck_7_days,2018
415,Almond_Low,Almond_Low,2018-09-14,3.63188531,3.2,3.2,-0.5950554634763418,0.5950554634763418,0.1412251517124978,0.36453781980432926,0.0002112323190113226,0.007320533500433997,0.0014062346330155086,-0.5950554634763416,1.120422376315359,0.3111153346057015,2.6049445365236585,True,2.6049445365236585,True,2.6049445365236585,True,2.6049445365236585,True,2.6049445365236585,True,2.6049445365236585,True,2.6049445365236585,True,2.7537084023927436,3.0013885240610474,True,True,0.75,0.33376968724672357,2.6049445365236585,wind_stuck_7_days,2018
416,Almond_Low,Almond_Low,2018-09-15,4.1991979,4.3,4.3,-0.03325917103298213,0.03325917103298213,0.2697156063514059,0.8855999147903253,-0.01781355521649663,0.010468198171924403,-0.029281480220760152,0.03325917103298212,1.120422376315359,0.3111153346057015,4.266740828967018,True,4.266740828967018,True,4.3,False,4.3,False,4.3,False,4.266740828967018,True,4.3,False,4.275055621725263,4.279244839823532,True,True,0.75,0.6240432197148269,4.266740828967018,wind_stuck_7_days,2018
417,Almond_Low,Almond_Low,2018-09-22,2.50939953,3.7,3.7,-0.3293005012566853,0.3293005012566853,0.2533003603590939,0.9053009404083585,0.03333168983083533,0.015046666707098968,-0.030930383380169624,0.3293005012566853,1.120422376315359,0.3111153346057015,3.3706994987433148,True,3.3706994987433148,True,3.7,False,3.3706994987433148,True,3.7,False,3.3706994987433148,True,3.7,False,3.4530246240574862,3.500053823919152,True,True,0.75,0.6071845482099429,3.3706994987433148,wind_stuck_7_days,2018
418,Almond_Low,Almond_Low,2018-09-23,3.21605303,3.9,3.9,-0.2594875152787013,0.2594875152787013,0.3661631666009984,1.1343053434900547,-0.11245544499415663,-2.7673276320642316e-05,-0.030930383380169624,0.2594875152787013,1.120422376315359,0.3111153346057015,3.640512484721299,True,3.9,False,3.9,False,3.9,False,3.9,False,3.9,False,3.9,False,3.705384363540974,3.8877041367351204,True,True,0.75,0.047385182488156444,3.640512484721299,wind_stuck_7_days,2018
419,Almond_Low,Almond_Low,2018-09-30,1.44935581,2.9,2.9,-0.5520848098861266,0.5520848098861266,0.19610701512903217,0.510992758064934,0.03498073300158889,0.032634216396293846,0.0026807679526438767,0.5520848098861266,1.120422376315359,0.3111153346057015,2.3479151901138735,True,2.3479151901138735,True,2.3479151901138735,True,2.3479151901138735,True,2.3479151901138735,True,2.3479151901138735,True,2.3479151901138735,True,2.4859363925854048,2.6421643773453396,True,True,0.75,0.46702176556504355,2.3479151901138735,wind_stuck_7_days,2018
420,Almond_Low,Almond_Low,2018-10-01,1.87741485,3.0,3.0,-0.3563285483344994,0.3563285483344994,0.27456491050981247,0.5136267382442699,0.018801711544078566,0.026019724804888424,0.0026807679526438767,0.35632854833449934,1.120422376315359,0.3111153346057015,2.6436714516655004,True,2.6436714516655004,True,2.6436714516655004,True,2.6436714516655004,True,2.6436714516655004,True,2.6436714516655004,True,2.6436714516655004,True,2.7327535887491257,2.7579186421882933,True,True,0.75,0.6793768249645149,2.6436714516655004,wind_stuck_7_days,2018
421,Almond_Low,Almond_Low,2018-10-08,3.51631601,2.5,2.5,-0.21214272880730273,0.21214272880730273,0.5190747641503703,1.017283933225334,0.037527160375127634,-0.0010161417021909828,-0.04687533721205581,-0.21214272880730278,1.120422376315359,0.3111153346057015,2.2878572711926974,True,2.5,False,2.5,False,2.2878572711926974,True,2.5,False,2.5,False,2.5,False,2.340892953394523,2.2878572711926974,True,True,0.75,1.0,2.2878572711926974,wind_stuck_7_days,2018
422,Almond_Low,Almond_Low,2018-10-09,3.66574269,2.7,2.7,0.05475702466430234,0.05475702466430234,0.48721868080276276,1.1126095844219743,-0.08556237265304849,-0.0010161417021909828,-0.030930383380169624,0.05475702466430232,1.120422376315359,0.3111153346057015,2.7547570246643027,True,2.7,False,2.7,False,2.7,False,2.7,False,2.7,False,2.7,False,2.741067768498227,2.7547570246643027,True,True,0.75,1.0,2.7547570246643027,wind_stuck_7_days,2018
423,Almond_Low,Almond_Low,2018-10-16,3.31492184,2.5,2.5,-0.569513084489251,0.569513084489251,0.2662016491971018,0.5887599927641409,0.04496716980944513,0.051513810361834646,-0.008564561452456806,-0.5695130844892509,1.120422376315359,0.3111153346057015,1.9304869155107491,True,1.9304869155107491,True,1.9304869155107491,True,1.9304869155107491,True,1.9304869155107491,True,1.9304869155107491,True,2.5,False,2.0728651866330616,2.241099722941607,True,True,0.75,0.4545993483022062,1.9304869155107491,wind_stuck_7_days,2018
424,Almond_Low,Almond_Low,2018-10-17,3.75534862,2.3,2.3,-0.4834578032941038,0.4834578032941038,0.19244279087596303,0.33494439363955486,0.016893196707452686,0.051513810361834646,-0.0014205266441136755,-0.4834578032941037,1.120422376315359,0.3111153346057015,1.8165421967058961,True,1.8165421967058961,True,1.8165421967058961,True,1.8165421967058961,True,1.8165421967058961,True,1.8165421967058961,True,2.3,False,1.9374066475294218,1.9826201402530272,True,True,0.75,0.6564789265670402,1.8165421967058961,wind_stuck_7_days,2018
425,Almond_Low,Almond_Low,2018-10-24,2.74665093,2.2,2.2,-0.3464657792738873,0.3464657792738873,0.31817536815116465,0.8811850100891222,-0.041706929571813885,-0.011289908720566413,-0.04687533721205581,-0.3464657792738872,1.120422376315359,0.3111153346057015,1.853534220726113,True,1.853534220726113,True,2.2,False,2.2,False,2.2,False,2.2,False,2.2,False,1.9401506655445848,2.1033665928021037,True,True,0.75,0.27891183770131056,1.853534220726113,wind_stuck_7_days,2018
426,Almond_Low,Almond_Low,2018-10-25,3.44888225,2.2,2.2,-0.1586476005046727,0.1586476005046727,0.3814303645280067,0.8630916882505003,-0.04404677048291099,-0.0010161417021909828,-0.04687533721205581,-0.15864760050467264,1.120422376315359,0.3111153346057015,2.0413523994953273,True,2.2,False,2.0413523994953273,True,2.2,False,2.2,False,2.2,False,2.2,False,2.0810142996214958,2.183062612972794,True,True,0.75,0.10676106649786564,2.0413523994953273,wind_stuck_7_days,2018
427,Almond_Low,Almond_Low,2018-11-02,2.61167749,1.8,1.8,-0.3218069351006748,0.3218069351006748,0.04897443615107471,0.4234676059235067,0.029631722999481858,0.036543874606821715,-0.007796061083258941,-0.32180693510067493,1.120422376315359,0.3111153346057015,1.4781930648993251,True,1.4781930648993251,True,1.4781930648993251,True,1.4781930648993251,True,1.4781930648993251,True,1.4781930648993251,True,1.8,False,1.558644798674494,1.6057281531031211,True,True,0.75,0.6036906781890902,1.4781930648993251,wind_stuck_7_days,2018
428,Almond_Low,Almond_Low,2018-11-09,1.91114869,1.1,1.1,-0.48949443206625853,0.48949443206625853,0.23851237508658027,0.5091602969006006,0.07996523034713193,0.08059215946781745,-0.007796061083258941,-0.4894944320662584,1.120422376315359,0.3111153346057015,0.6105055679337416,True,0.6105055679337416,True,0.6105055679337416,True,0.6105055679337416,True,0.6105055679337416,True,0.6105055679337416,True,1.1,False,0.7328791759503062,0.7831885389043869,True,True,0.75,0.6472217870963018,0.5951111151545282,wind_stuck_7_days,2018
429,Almond_Low,Almond_Low,2018-11-10,1.2063313,1.3,1.3,-0.3054706937828881,0.3054706937828881,0.12093272242983714,0.5169617997489631,0.043630897860752055,0.048324987043553716,-0.007796061083258941,-0.118133293782888,1.120422376315359,0.3111153346057015,0.9945293062171119,True,0.9945293062171119,True,0.9945293062171119,True,0.9945293062171119,True,0.9945293062171119,True,0.9945293062171119,True,1.3,False,1.070896979662834,1.1323030608150697,True,True,0.75,0.5489788140007965,0.9945293062171119,wind_stuck_7_days,2018
430,Almond_Low,Almond_Low,2018-11-17,1.3559749,1.1,1.1,-0.5490205674577718,0.5490205674577718,0.2523704728675763,0.6793422094219866,0.07996523034713193,0.08059215946781745,-0.046170589827326795,-0.5490205674577718,1.120422376315359,0.3111153346057015,0.5509794325422283,True,0.5509794325422283,True,0.5509794325422283,True,0.5509794325422283,True,0.5509794325422283,True,0.5509794325422283,True,1.1,False,0.6882345744066712,0.8257704980927519,True,True,0.75,0.4994885768616321,0.5617023744155236,wind_stuck_7_days,2018
431,Almond_Low,Almond_Low,2018-11-18,1.32565141,1.0,1.0,-0.45371651865577556,0.45371651865577556,0.1988761841428285,0.5241758003026952,0.06227524176243451,0.06411903838122737,-0.007796061083258941,-0.45371651865577556,1.120422376315359,0.3111153346057015,0.5462834813442244,True,0.5462834813442244,True,0.5462834813442244,True,0.5462834813442244,True,0.5462834813442244,True,0.5462834813442244,True,1.0,False,0.6597126110081684,0.6474614062347428,True,True,0.75,0.7770018927451047,0.5462834813442244,wind_stuck_7_days,2018
432,Almond_Low,Almond_Low,2018-12-03,0.73926648,0.6,0.6,-0.07798539868163368,0.07798539868163368,0.20107476102217417,0.44292153760673936,0.024099365149316977,0.019617780455122972,-0.007796061083258941,-0.07798539868163368,1.120422376315359,0.3111153346057015,0.5220146013183663,True,0.5220146013183663,True,0.5220146013183663,True,0.5220146013183663,True,0.5220146013183663,True,0.5220146013183663,True,0.6,False,0.5415109509887748,0.5220146013183663,True,True,0.75,1.0,0.6047141083300837,wind_stuck_7_days,2018
433,Almond_Low,Almond_Low,2018-12-12,0.61251284,0.5,0.5,0.17783570029583434,0.17783570029583434,0.09482023282390022,0.36087081076590133,0.024004449167574514,0.019617780455122972,-0.007796061083258941,0.04718997970416555,1.120422376315359,0.3111153346057015,0.6778357002958344,True,0.6778357002958344,True,0.6778357002958344,True,0.6778357002958344,True,0.6778357002958344,True,0.6778357002958344,True,0.5,False,0.6333767752218757,0.6760382770106602,True,True,0.75,0.9898927870940196,0.6778357002958344,wind_stuck_7_days,2018
552,Almond_Med,Almond_High,2018-01-01,0.17303729,1.1,1.1,-0.568472017906228,0.568472017906228,0.2689472082300922,0.5362153567141666,0.07996523034713193,0.08059215946781745,-0.02987225458291987,0.568472017906228,1.120422376315359,0.3111153346057015,0.5315279820937721,True,0.5315279820937721,True,0.5315279820937721,True,0.5315279820937721,True,0.5315279820937721,True,0.5315279820937721,True,1.1,False,0.673645986570329,0.8298282347650506,True,True,0.75,0.4752595672695282,0.5751465180189896,wind_stuck_7_days,2018
553,Almond_Med,Almond_High,2018-01-25,1.39370385,1.1,1.1,-0.1546356329167797,0.1546356329167797,0.5518127502920384,1.1556549301526267,-0.07723391498339922,0.012150660888901776,-0.051601968491791585,-0.15463563291677973,1.120422376315359,0.3111153346057015,0.9453643670832204,True,1.1,False,1.1,False,1.1,False,1.1,False,0.9453643670832204,True,1.1,False,0.9840232753124153,0.9453643670832204,True,True,0.75,1.0,0.8752816227019353,wind_stuck_7_days,2018
554,Almond_Med,Almond_High,2018-01-26,0.91587035,1.1,1.1,-0.34233236374226567,0.34233236374226567,0.34125804095951406,1.0144702294211116,0.02165525862443357,0.0019972748651675316,-0.051601968491791585,0.0259269362577344,1.120422376315359,0.3111153346057015,0.7576676362577344,True,1.1,False,1.1,False,0.7576676362577344,True,1.1,False,0.7576676362577344,True,1.1,False,0.8432507271933009,1.0045194513240112,True,True,0.75,0.27891183770131056,0.7576676362577344,wind_stuck_7_days,2018
555,Almond_Med,Almond_High,2018-02-03,0.6321371,1.4,1.4,-0.06108413999627853,0.06108413999627853,0.24671643486989617,0.6957806359084295,0.04121060319220753,0.025981294620656837,-0.02723873277953178,0.061084139996278486,1.120422376315359,0.3111153346057015,1.3389158600037214,True,1.3389158600037214,True,1.3389158600037214,True,1.3389158600037214,True,1.3389158600037214,True,1.3389158600037214,True,1.4,False,1.354186895002791,1.3389158600037214,True,True,0.75,1.0,1.3210392178067316,wind_stuck_7_days,2018
556,Almond_Med,Almond_High,2018-02-10,1.37496496,2.0,2.0,-0.3950893904769791,0.3950893904769791,0.20539273231773,0.7670801657286962,0.03893719146868459,0.02515337230093358,-0.02723873277953178,0.3950893904769791,1.120422376315359,0.3111153346057015,1.6049106095230208,True,1.6049106095230208,True,1.6049106095230208,True,1.6049106095230208,True,1.6049106095230208,True,1.6049106095230208,True,2.0,False,1.7036829571422656,1.7749059916517351,True,True,0.75,0.5697293163871494,1.6049106095230208,wind_stuck_7_days,2018
557,Almond_Med,Almond_High,2018-02-11,0.73319644,2.1,2.1,-0.5305512519572901,0.5305512519572901,0.15303128065144064,0.5272931673592963,0.050005850968752895,0.0528451736279541,-0.007796061083258941,0.5305512519572901,1.120422376315359,0.3111153346057015,1.56944874804271,True,1.56944874804271,True,1.56944874804271,True,1.56944874804271,True,1.56944874804271,True,1.56944874804271,True,2.1,False,1.7020865610320324,1.8057384791301156,True,True,0.75,0.5546335434782327,1.56944874804271,wind_stuck_7_days,2018
558,Almond_Med,Almond_High,2018-02-18,0.66941657,2.2,2.2,-0.7451409524074675,0.7451409524074675,0.2618862344343339,0.5596827331102363,0.04413897072995017,0.0529809557544467,0.004384456827224785,0.7451409524074675,1.120422376315359,0.3111153346057015,1.4548590475925327,True,1.4548590475925327,True,1.4548590475925327,True,1.4548590475925327,True,1.4548590475925327,True,1.4548590475925327,True,1.4548590475925327,True,1.6411442856943996,1.8060590903182099,True,True,0.75,0.5286797194665132,1.4548590475925327,wind_stuck_7_days,2018
559,Almond_Med,Almond_High,2018-03-06,1.36213158,2.7,2.7,-0.7778665112477635,0.7778665112477635,0.32530849851145616,0.8377399642327855,-0.020414124768661397,0.004382448461552284,-0.10448536417190295,0.7778665112477635,1.120422376315359,0.3111153346057015,1.9221334887522366,True,1.9221334887522366,True,1.9221334887522366,True,2.7,False,2.7,False,1.9221334887522366,True,2.7,False,2.1166001165641775,2.368558275581856,True,True,0.75,0.42609074902387,1.9221334887522366,wind_stuck_7_days,2018
560,Almond_Med,Almond_High,2018-03-15,3.25711091,2.7,2.7,-0.6516234434555668,0.6516234434555668,0.5471146127048648,1.3214729590837702,0.22486985185609223,-0.04932605532408101,-0.20299071694814494,-0.6516234434555668,1.120422376315359,0.3111153346057015,2.0483765565444334,True,2.7,False,2.7,False,2.0483765565444334,True,2.7,False,2.7,False,2.7,False,2.211282417408325,2.4974399446818953,True,True,0.75,0.3108544625772312,2.0483765565444334,wind_stuck_7_days,2018
561,Almond_Med,Almond_High,2018-03-23,3.34540997,2.8,2.8,-0.5807128112636135,0.5807128112636135,0.28052744541243346,1.09399253826953,-0.1135229265651106,-0.010983429048771297,-0.049879537169022214,-0.5807128112636135,1.120422376315359,0.3111153346057015,2.219287188736386,True,2.219287188736386,True,2.8,False,2.8,False,2.8,False,2.8,False,2.8,False,2.3644653915522897,2.7471973223554693,True,True,0.75,0.09092735104230493,2.219287188736386,wind_stuck_7_days,2018
562,Almond_Med,Almond_High,2018-03-30,4.59284639,3.9,3.9,-0.6852931785524505,0.6852931785524505,0.15017932755183652,0.5662406382194296,0.025580222901771563,0.039525736055777395,-0.011864701246099802,-0.6852931785524505,1.120422376315359,0.3111153346057015,3.2147068214475496,True,3.2147068214475496,True,3.2147068214475496,True,3.2147068214475496,True,3.2147068214475496,True,3.2147068214475496,True,3.9,False,3.386030116085662,3.3959047348015208,True,True,0.75,0.7355906653897872,3.2147068214475496,wind_stuck_7_days,2018
563,Almond_Med,Almond_High,2018-03-31,5.59766871,4.0,4.0,-0.6113366237881639,0.6113366237881639,0.2674496136248266,0.6431913555004458,0.01568870207565779,0.01342476753529275,-0.0420138184667121,-0.6113366237881639,1.120422376315359,0.3111153346057015,3.388663376211836,True,3.388663376211836,True,3.388663376211836,True,3.388663376211836,True,3.388663376211836,True,3.388663376211836,True,4.0,False,3.541497532158877,3.680152491537897,True,True,0.75,0.5231937626771956,3.388663376211836,wind_stuck_7_days,2018
564,Almond_Med,Almond_High,2018-04-08,5.31187001,4.5,4.5,-0.6117554920998863,0.6117554920998863,0.16068352657713572,0.4740049790790314,0.02393549715545337,0.03332946027419008,-0.0016767816741818356,-0.6117554920998862,1.120422376315359,0.3111153346057015,3.8882445079001138,True,3.8882445079001138,True,3.8882445079001138,True,3.8882445079001138,True,3.8882445079001138,True,3.8882445079001138,True,4.5,False,4.0411833809250854,4.149987727731429,True,True,0.75,0.5721440621107188,3.8882445079001138,wind_stuck_7_days,2018
565,Almond_Med,Almond_High,2018-04-23,6.90655328,6.1,6.1,0.1780645406641161,0.1780645406641161,0.34963031978690223,1.0356176794493774,-0.05836479553975005,-0.10643677181099927,-0.02276967795771327,0.17806454066411614,1.120422376315359,0.3111153346057015,6.278064540664116,True,6.1,False,6.1,False,6.1,False,6.1,False,6.1,False,6.1,False,6.2335484054980865,6.1,True,False,0.75,0.0,6.278064540664116,wind_stuck_7_days,2018
566,Almond_Med,Almond_High,2018-04-24,7.23572724,5.9,5.9,0.42191140485307804,0.42191140485307804,0.36605529704110074,1.0502056982721006,-0.15407079847395083,-0.09821006739300266,-0.03468246553325813,0.4219114048530781,1.120422376315359,0.3111153346057015,6.321911404853078,True,5.9,False,5.9,False,5.9,False,5.9,False,5.9,False,5.9,False,6.216433553639809,5.968130448710785,True,True,0.75,0.16148046231295915,6.321911404853078,wind_stuck_7_days,2018
567,Almond_Med,Almond_High,2018-05-02,5.6132102,5.6,5.6,-0.7739605496144198,0.7739605496144198,0.29348036751516476,0.6042060702450084,-0.04948312172746174,-0.05190156554682741,0.008485751423982333,-0.7739605496144198,1.120422376315359,0.3111153346057015,4.82603945038558,True,4.82603945038558,True,4.82603945038558,True,5.6,False,5.6,False,5.6,False,4.82603945038558,True,5.019529587789185,5.397850933181139,True,True,0.75,0.2611878175438912,4.82603945038558,wind_stuck_7_days,2018
568,Almond_Med,Almond_High,2018-05-09,8.16870468,6.6,6.6,-0.5069085433429172,0.5069085433429172,0.36075410761744864,0.8453516708639661,0.01867811131363064,0.0317405726045285,-0.08653452845004288,-0.5069085433429175,1.120422376315359,0.3111153346057015,6.093091456657082,True,6.6,False,6.093091456657082,True,6.093091456657082,True,6.093091456657082,True,6.093091456657082,True,6.6,False,6.219818592492811,6.2303990969982745,True,True,0.75,0.7291273896555627,6.093091456657082,wind_stuck_7_days,2018
569,Almond_Med,Almond_High,2018-05-10,7.28693197,6.3,6.3,-0.7564873384464166,0.7564873384464166,0.5570992128095248,1.1866473534155737,-0.021117627212828838,0.09757689520005557,-0.25034037266123055,-0.7564873384464166,1.120422376315359,0.3111153346057015,5.543512661553583,True,6.3,False,6.3,False,6.3,False,6.3,False,5.543512661553583,True,6.3,False,5.732634496165187,5.791609801097621,True,True,0.75,0.6720405921749458,5.596497401490302,wind_stuck_7_days,2018
570,Almond_Med,Almond_High,2018-05-17,6.01702724,6.8,6.8,-0.8524654519400082,0.8524654519400082,0.2257228774396848,0.5937452257428282,0.14338569448335953,0.28019720779725016,0.014997553687029219,0.7134800680599914,1.120422376315359,0.3111153346057015,5.947534548059991,True,5.947534548059991,True,5.947534548059991,True,5.947534548059991,True,5.947534548059991,True,5.947534548059991,True,5.947534548059991,True,6.160650911044994,6.10584321223304,True,True,0.75,0.8142931613090288,5.947534548059991,wind_stuck_7_days,2018
571,Almond_Med,Almond_High,2018-05-18,6.40940668,6.4,6.4,-0.6277984663557119,0.6277984663557119,0.45824131542675045,0.8693372562748172,0.1052339190761275,0.10127588437364009,-0.17247417989777106,-0.6277984663557119,1.120422376315359,0.3111153346057015,5.772201533644289,True,6.4,False,5.772201533644289,True,5.772201533644289,True,5.772201533644289,True,5.772201533644289,True,6.4,False,5.929151150233216,5.885351097318386,True,True,0.75,0.8197676965811711,5.772201533644289,wind_stuck_7_days,2018
572,Almond_Med,Almond_High,2018-05-26,6.56742911,5.6,5.6,-1.1869008130811736,1.1869008130811736,0.3065375791439374,0.7507599619244665,-0.12278041134405222,-0.06222275381532359,-0.39188081015067355,-1.1869008130811736,1.120422376315359,0.3111153346057015,4.413099186918826,True,4.413099186918826,True,4.413099186918826,True,5.6,False,5.6,False,5.6,False,5.6,False,4.7098243901891195,5.449303570170969,True,True,0.75,0.1269663211686791,4.413099186918826,wind_stuck_7_days,2018
573,Almond_Med,Almond_High,2018-06-02,8.37707535,7.0,7.0,0.8415704185455232,0.8415704185455232,0.14035500840694126,0.5880359662678925,0.052141469591321966,0.09467746828792385,-0.01864243054780939,0.8415704185455232,1.120422376315359,0.3111153346057015,7.8415704185455235,True,7.8415704185455235,True,7.8415704185455235,True,7.8415704185455235,True,7.8415704185455235,True,7.8415704185455235,True,7.0,False,7.631177813909142,7.668982523983038,True,True,0.75,0.7949216241930567,7.8415704185455235,wind_stuck_7_days,2018
574,Almond_Med,Almond_High,2018-06-03,10.10901835,7.1,7.1,1.532938176848253,1.532938176848253,0.2577675976441054,0.978069997010347,-0.12376747549724804,-0.1804778564425036,-0.22533017732485178,1.532938176848253,1.120422376315359,0.3111153346057015,8.632938176848253,True,8.632938176848253,True,7.1,False,7.1,False,7.1,False,7.1,False,7.1,False,8.249703632636189,7.681663877177478,True,True,0.75,0.3794437935999406,8.632938176848253,wind_stuck_7_days,2018
575,Almond_Med,Almond_High,2018-06-10,8.69439676,6.4,6.4,-0.9222875848556727,0.9222875848556727,0.6921213225574914,1.332932758503741,0.3525183542840815,0.11819799944850556,-0.25257021235867927,-0.9222875848556726,1.120422376315359,0.3111153346057015,5.477712415144327,True,6.4,False,6.4,False,5.477712415144327,True,6.4,False,5.477712415144327,True,6.4,False,5.708284311358246,5.713074518281067,True,True,0.75,0.7448061678358486,5.623988573887382,wind_stuck_7_days,2018
576,Almond_Med,Almond_High,2018-06-11,8.16172275,6.6,6.6,0.026299552524173642,0.026299552524173642,0.2588594156869663,0.6282331020511192,0.01885461830530625,0.013658837165775836,-0.01853290357446526,0.026299552524173597,1.120422376315359,0.3111153346057015,6.6262995525241735,True,6.6262995525241735,True,6.6262995525241735,True,6.6262995525241735,True,6.6262995525241735,True,6.6262995525241735,True,6.6,False,6.61972466439313,6.6262995525241735,True,True,0.75,1.0,6.6262995525241735,wind_stuck_7_days,2018
577,Almond_Med,Almond_High,2018-06-18,8.9764457,7.2,7.2,-0.3344310127238603,0.3344310127238603,0.4527504210353415,0.7346042956742886,0.07966149352362817,0.011740080211052167,-0.01853290357446526,-0.3344310127238601,1.120422376315359,0.3111153346057015,6.86556898727614,True,7.2,False,6.86556898727614,True,6.86556898727614,True,6.86556898727614,True,6.86556898727614,True,7.2,False,6.949176740457105,6.86556898727614,True,True,0.75,1.0,6.86556898727614,wind_stuck_7_days,2018
578,Almond_Med,Almond_High,2018-06-19,8.63927189,6.4,6.4,0.2632044232914642,0.2632044232914642,0.11108663780482654,0.41162098425134364,0.03644136037494261,0.026823525380830045,-0.004573406242571226,0.2632044232914641,1.120422376315359,0.3111153346057015,6.6632044232914645,True,6.6632044232914645,True,6.6632044232914645,True,6.6632044232914645,True,6.6632044232914645,True,6.6632044232914645,True,6.4,False,6.597403317468599,6.5922609877679115,True,True,0.75,0.7304626015156577,6.6632044232914645,wind_stuck_7_days,2018
579,Almond_Med,Almond_High,2018-06-26,9.89231957,7.4,7.4,1.0723089588620474,1.0723089588620474,0.23902444582452795,0.6688951865657129,-0.14796892032898973,-0.16756106076455923,-0.16080293994836267,1.0723089588620474,1.120422376315359,0.3111153346057015,8.472308958862047,True,8.472308958862047,True,8.472308958862047,True,7.4,False,7.4,False,7.4,False,7.4,False,8.204231719146536,7.8290451682077595,True,True,0.75,0.4001133858501655,8.472308958862047,wind_stuck_7_days,2018
580,Almond_Med,Almond_High,2018-06-27,9.89421662,7.6,7.6,1.1965022945288373,1.1965022945288373,0.22436932515291047,0.6529947960476917,-0.14796892032898973,-0.16756106076455923,-0.271956060356932,1.1965022945288373,1.120422376315359,0.3111153346057015,8.796502294528837,True,8.796502294528837,True,8.796502294528837,True,7.6,False,7.6,False,7.6,False,7.6,False,8.497376720896627,8.131226116819875,True,True,0.75,0.4439825307890975,8.796502294528837,wind_stuck_7_days,2018
581,Almond_Med,Almond_High,2018-07-04,10.43426177,7.0,7.0,0.011303786769434342,0.011303786769434342,0.3443432645297405,0.6171895663300039,0.04710220169768026,0.013658837165775836,-0.01853290357446526,0.011303786769434332,1.120422376315359,0.3111153346057015,7.011303786769434,True,7.0,False,7.011303786769434,True,7.011303786769434,True,7.011303786769434,True,7.011303786769434,True,7.0,False,7.0084778400770755,7.011303786769434,True,True,0.75,1.0,7.011303786769434,wind_stuck_7_days,2018
582,Almond_Med,Almond_High,2018-07-05,10.84365132,6.4,6.4,0.8351842721349113,0.8351842721349113,0.32266518880173156,0.676562397930933,0.11251996663884911,0.07859699894837152,-0.0702913633715147,0.8351842721349114,1.120422376315359,0.3111153346057015,7.235184272134911,True,7.235184272134911,True,7.235184272134911,True,7.235184272134911,True,7.235184272134911,True,7.235184272134911,True,6.4,False,7.026388204101184,6.8788298813269835,True,True,0.75,0.5733224359014696,7.235184272134911,wind_stuck_7_days,2018
583,Almond_Med,Almond_High,2018-07-12,9.60154284,7.2,7.2,1.0980214237143893,1.0980214237143893,0.31508653067487125,0.7330933809045551,-0.12573267182522793,-0.16756106076455923,-0.16080293994836267,1.0980214237143893,1.120422376315359,0.3111153346057015,8.29802142371439,True,8.29802142371439,True,8.29802142371439,True,7.2,False,7.2,False,7.2,False,7.2,False,8.023516067785792,7.630901117714007,True,True,0.75,0.3924341624012707,8.330921119896068,wind_stuck_7_days,2018
584,Almond_Med,Almond_High,2018-07-13,10.31097693,7.1,7.1,0.6795698204732484,0.6795698204732484,0.13293539948623745,0.7999602861019771,0.07181427637071712,0.10263750171672682,-0.04003737337366623,0.6795698204732483,1.120422376315359,0.3111153346057015,7.779569820473248,True,7.779569820473248,True,7.779569820473248,True,7.779569820473248,True,7.779569820473248,True,7.779569820473248,True,7.1,False,7.609677365354936,7.779569820473248,True,True,0.75,1.0,7.779569820473248,wind_stuck_7_days,2018
585,Almond_Med,Almond_High,2018-07-20,8.91984241,7.0,7.0,-0.3163535098079085,0.3163535098079085,0.17552546608383318,0.5132534180864587,0.02716688777918012,0.011740080211052167,-0.023898911655257066,-0.31635350980790866,1.120422376315359,0.3111153346057015,6.683646490192092,True,6.683646490192092,True,6.683646490192092,True,6.683646490192092,True,6.683646490192092,True,6.683646490192092,True,7.0,False,6.762734867644069,6.683646490192092,True,True,0.75,1.0,6.755286175484024,wind_stuck_7_days,2018
586,Almond_Med,Almond_High,2018-07-21,8.54850453,6.8,6.8,-0.18410269985930622,0.18410269985930622,0.2589768111461823,0.6478558310769872,0.025774414077291283,0.013658837165775836,-0.01853290357446526,-0.18410269985930627,1.120422376315359,0.3111153346057015,6.615897300140694,True,6.615897300140694,True,6.615897300140694,True,6.615897300140694,True,6.615897300140694,True,6.615897300140694,True,6.8,False,6.6619229751055205,6.615897300140694,True,True,0.75,1.0,6.615897300140694,wind_stuck_7_days,2018
587,Almond_Med,Almond_High,2018-07-28,8.17689503,6.7,6.7,0.2622477201172435,0.2622477201172435,0.42472963668099156,0.9957660588828915,0.03518944918286715,0.0376047934666644,-0.02276967795771327,0.2622477201172435,1.120422376315359,0.3111153346057015,6.962247720117244,True,6.7,False,6.7,False,6.962247720117244,True,6.7,False,6.962247720117244,True,6.7,False,6.896685790087933,6.7,True,False,0.75,0.0,6.962247720117244,wind_stuck_7_days,2018
588,Almond_Med,Almond_High,2018-07-29,7.12798019,6.2,6.2,0.013813258392966621,0.013813258392966621,0.4462450941028641,0.9494744890440652,0.03847262347849031,-0.012390080097871006,-0.02276967795771327,0.013813258392966654,1.120422376315359,0.3111153346057015,6.213813258392967,True,6.2,False,6.2,False,6.213813258392967,True,6.2,False,6.2,False,6.2,False,6.2103599437947254,6.213813258392967,True,True,0.75,1.0,6.213813258392967,wind_stuck_7_days,2018
589,Almond_Med,Almond_High,2018-08-05,9.10477769,6.6,6.6,0.5018713439312668,0.5018713439312668,0.16247341651044667,0.42431465515253775,0.06191514121672038,0.07211812843748554,-0.004573406242571226,0.501871343931267,1.120422376315359,0.3111153346057015,7.101871343931267,True,7.101871343931267,True,7.101871343931267,True,7.101871343931267,True,7.101871343931267,True,7.101871343931267,True,6.6,False,6.97640350794845,7.101871343931267,True,True,0.75,1.0,7.101871343931267,wind_stuck_7_days,2018
590,Almond_Med,Almond_High,2018-08-06,9.51453701,6.5,6.5,0.6527912078371161,0.6527912078371161,0.16865809199080203,0.49612402489877516,0.1248726638171104,0.1517631466046945,-0.04632974825147236,0.6527912078371161,1.120422376315359,0.3111153346057015,7.152791207837116,True,7.152791207837116,True,7.152791207837116,True,7.152791207837116,True,7.152791207837116,True,7.152791207837116,True,6.5,False,6.989593405877837,7.08313240563578,True,True,0.75,0.8932908388393652,7.152791207837116,wind_stuck_7_days,2018
591,Almond_Med,Almond_High,2018-08-13,8.53309911,6.0,6.0,-0.12584531847489064,0.12584531847489064,0.4440452686929904,0.7441540505826678,-0.03448124587478756,-0.10643677181099927,-0.004766927116203266,-0.12584531847489044,1.120422376315359,0.3111153346057015,5.874154681525109,True,6.0,False,5.874154681525109,True,6.0,False,6.0,False,6.0,False,6.0,False,5.905616011143832,5.874154681525109,True,True,0.75,1.0,5.874154681525109,wind_stuck_7_days,2018
592,Almond_Med,Almond_High,2018-08-14,9.68622694,6.1,6.1,-0.0415354513679677,0.0415354513679677,0.5126657629713806,0.8893913175937029,-0.05108714507085413,-0.10643677181099927,-0.024418581117122744,-0.041535451367967546,1.120422376315359,0.3111153346057015,6.058464548632032,True,6.1,False,6.1,False,6.1,False,6.1,False,6.1,False,6.1,False,6.068848411474024,6.058464548632032,True,True,0.75,1.0,6.058464548632032,wind_stuck_7_days,2018
593,Almond_Med,Almond_High,2018-08-21,7.40153659,6.0,6.0,-0.10692297363945172,0.10692297363945172,0.2368609985391637,0.6968609946782415,-0.07626928390740796,-0.09816973817303833,-0.004766927116203266,-0.10692297363945169,1.120422376315359,0.3111153346057015,5.893077026360548,True,5.893077026360548,True,5.893077026360548,True,6.0,False,6.0,False,6.0,False,6.0,False,5.9198077697704115,6.0,True,False,0.75,0.0,5.893077026360548,wind_stuck_7_days,2018
594,Almond_Med,Almond_High,2018-08-22,7.68506817,5.8,5.8,-0.07710017863227833,0.07710017863227833,0.3451094694714506,0.8182517193851728,-0.056009344769336195,-0.10643677181099927,-0.011278729379250153,-0.07710017863227825,1.120422376315359,0.3111153346057015,5.722899821367721,True,5.8,False,5.722899821367721,True,5.8,False,5.8,False,5.8,False,5.8,False,5.742174866025791,5.8,True,False,0.75,0.0,5.722899821367721,wind_stuck_7_days,2018
595,Almond_Med,Almond_High,2018-08-29,5.67535699,5.4,5.4,0.111250934158946,0.111250934158946,0.1833901901913679,0.565176756452055,0.010220161097935183,0.01320970111249174,-0.00046356849922204985,0.11125093415894599,1.120422376315359,0.3111153346057015,5.511250934158946,True,5.511250934158946,True,5.511250934158946,True,5.511250934158946,True,5.511250934158946,True,5.511250934158946,True,5.4,False,5.48343820061921,5.511250934158946,True,True,0.75,1.0,5.511250934158946,wind_stuck_7_days,2018
596,Almond_Med,Almond_High,2018-08-30,4.64235647,4.8,4.8,-0.8614314829072134,0.8614314829072134,0.49969552946212137,0.7648025856747862,-0.003163577956567988,-0.07677623538689053,-0.2064012320311783,-0.5461444229072141,1.120422376315359,0.3111153346057015,3.9385685170927864,True,4.8,False,3.9385685170927864,True,4.8,False,4.8,False,4.8,False,4.8,False,4.15392638781959,4.322277679939047,True,True,0.75,0.554567983107264,3.9385685170927864,wind_stuck_7_days,2018
597,Almond_Med,Almond_High,2018-09-06,2.78358036,5.1,5.1,0.15518038297994216,0.15518038297994216,0.5226926416281755,1.2858204327473413,0.055417216624159465,-0.004606141811495208,-0.030930383380169624,-0.15518038297994208,1.120422376315359,0.3111153346057015,5.255180382979942,True,5.1,False,5.1,False,5.255180382979942,True,5.1,False,5.1,False,5.1,False,5.2163852872349565,5.255180382979942,True,True,0.75,1.0,5.255180382979942,wind_stuck_7_days,2018
598,Almond_Med,Almond_High,2018-09-07,3.13663031,5.1,5.1,0.0004260429826135309,0.0004260429826135309,0.5469961661877205,1.3545675727310524,0.055417216624159465,-0.004606141811495208,-0.035661631916768945,-0.00042604298261350593,1.120422376315359,0.3111153346057015,5.100426042982614,True,5.1,False,5.1,False,5.100426042982614,True,5.1,False,5.1,False,5.1,False,5.10031953223696,5.100426042982614,True,True,0.75,1.0,5.100426042982614,wind_stuck_7_days,2018
599,Almond_Med,Almond_High,2018-09-14,3.37527065,4.1,4.1,-0.32943106941862876,0.32943106941862876,0.12411382504436376,0.3601327174488008,0.005812505640834862,0.010652381344428594,0.0026807679526438767,0.32943106941862876,1.120422376315359,0.3111153346057015,3.770568930581371,True,3.770568930581371,True,3.770568930581371,True,3.770568930581371,True,3.770568930581371,True,3.770568930581371,True,3.770568930581371,True,3.852926697936028,3.9674530217443613,True,True,0.75,0.402351176194625,3.770568930581371,wind_stuck_7_days,2018
600,Almond_Med,Almond_High,2018-09-15,3.48467481,4.6,4.6,-0.4351220614177659,0.4351220614177659,0.28992384893073253,0.6184432117389294,0.01728021341048329,0.017537000003139406,-0.011278729379250153,0.4351220614177659,1.120422376315359,0.3111153346057015,4.164877938582234,True,4.164877938582234,True,4.164877938582234,True,4.164877938582234,True,4.164877938582234,True,4.164877938582234,True,4.6,False,4.273658453936675,4.399259850973088,True,True,0.75,0.46134215390696687,4.164877938582234,wind_stuck_7_days,2018
601,Almond_Med,Almond_High,2018-09-22,6.0943679,4.3,4.3,-0.27839619497754126,0.27839619497754126,0.18701403277361356,0.7026960197096981,0.015320179381705275,0.010468198171924403,-0.011278729379250153,-0.2783961949775411,1.120422376315359,0.3111153346057015,4.021603805022458,True,4.021603805022458,True,4.021603805022458,True,4.021603805022458,True,4.021603805022458,True,4.021603805022458,True,4.3,False,4.091202853766844,4.173620155841247,True,True,0.75,0.45395679408961903,4.021603805022458,wind_stuck_7_days,2018
602,Almond_Med,Almond_High,2018-09-23,5.92012458,4.9,4.9,-0.3918785439352884,0.3918785439352884,0.29803372516429044,0.937986229205644,-0.028622738969521912,-0.004606141811495208,-0.030930383380169624,-0.39187854393528854,1.120422376315359,0.3111153346057015,4.508121456064712,True,4.508121456064712,True,4.9,False,4.9,False,4.9,False,4.9,False,4.9,False,4.606091092048534,4.76024770161752,True,True,0.75,0.3566214597489101,4.508121456064712,wind_stuck_7_days,2018
603,Almond_Med,Almond_High,2018-09-30,4.04204564,3.1,3.1,-0.46228732312911314,0.46228732312911314,0.30648463779946516,0.5698138905258914,0.013080703253936756,0.003013622911252518,-0.002802846800428161,-0.46228732312911314,1.120422376315359,0.3111153346057015,2.637712676870887,True,2.637712676870887,True,2.637712676870887,True,2.637712676870887,True,2.637712676870887,True,2.637712676870887,True,3.1,False,2.753284507653165,2.8405029154605685,True,True,0.75,0.5613329017610894,2.637712676870887,wind_stuck_7_days,2018
604,Almond_Med,Almond_High,2018-10-01,5.09508631,3.8,3.8,-0.16826590903250105,0.16826590903250105,0.3074500930153399,0.6973247221844379,0.00020949847552161806,0.0002412367203883622,-0.011278729379250153,-0.16826590903250116,1.120422376315359,0.3111153346057015,3.6317340909674987,True,3.6317340909674987,True,3.6317340909674987,True,3.6317340909674987,True,3.6317340909674987,True,3.6317340909674987,True,3.8,False,3.673800568225624,3.737940358100095,True,True,0.75,0.3688188668562558,3.6317340909674987,wind_stuck_7_days,2018
605,Almond_Med,Almond_High,2018-10-08,5.09413515,3.6,3.6,-0.3676972012649136,0.3676972012649136,0.27637361558406676,1.1078643680386486,-0.09963937558917638,0.008454665574354302,-0.030930383380169624,-0.36769720126491356,1.120422376315359,0.3111153346057015,3.2323027987350863,True,3.2323027987350863,True,3.6,False,3.6,False,3.6,False,3.2323027987350863,True,3.6,False,3.3242270990513147,3.445440380618062,True,True,0.75,0.4203448349626763,3.2479935156373156,wind_stuck_7_days,2018
606,Almond_Med,Almond_High,2018-10-09,5.21299657,3.6,3.6,-0.04606695475356703,0.04606695475356703,0.4417359830655654,1.0330957958209541,0.04243701081717466,-0.006619674409065309,-0.030930383380169624,-0.046066954753567035,1.120422376315359,0.3111153346057015,3.553933045246433,True,3.6,False,3.6,False,3.553933045246433,True,3.6,False,3.6,False,3.6,False,3.5654497839348247,3.6,True,False,0.75,0.0,3.553933045246433,wind_stuck_7_days,2018
607,Almond_Med,Almond_High,2018-10-16,5.07339793,3.3,3.3,-0.6296654570191988,0.6296654570191988,0.18767699787710823,0.7933737009818598,0.04545642184244864,0.032304361500833594,-0.05404852234301913,-0.6296654570191986,1.120422376315359,0.3111153346057015,2.670334542980801,True,2.670334542980801,True,2.670334542980801,True,2.670334542980801,True,2.670334542980801,True,2.670334542980801,True,3.3,False,2.827750907235601,2.96509810553264,True,True,0.75,0.5318727440643903,2.66516816576562,wind_stuck_7_days,2018
608,Almond_Med,Almond_High,2018-10-17,4.76630688,3.1,3.1,-0.4872210246251287,0.4872210246251287,0.2014707373828683,0.7167505786889496,0.03621616472591537,0.032304361500833594,-0.015278427735727362,-0.4872210246251285,1.120422376315359,0.3111153346057015,2.6127789753748716,True,2.6127789753748716,True,2.6127789753748716,True,2.6127789753748716,True,2.6127789753748716,True,2.6127789753748716,True,3.1,False,2.7345842315311537,2.783610764012747,True,True,0.75,0.6493751706028797,2.60925683652205,wind_stuck_7_days,2018
609,Almond_Med,Almond_High,2018-10-24,4.13508467,2.8,2.8,-0.4613564736553043,0.4613564736553043,0.2957351574387462,0.9071210860092676,0.004070001430056207,0.022335051950677805,-0.034930081736646856,-0.4613564736553042,1.120422376315359,0.3111153346057015,2.3386435263446956,True,2.3386435263446956,True,2.8,False,2.3386435263446956,True,2.8,False,2.3386435263446956,True,2.8,False,2.4539826447585216,2.5640192125005314,True,True,0.75,0.5114933917146638,2.3386435263446956,wind_stuck_7_days,2018
610,Almond_Med,Almond_High,2018-10-25,3.90548166,3.1,3.1,-0.3109823714511394,0.3109823714511394,0.2928823631109898,0.9375212271960572,-0.028064006601130228,-0.006619674409065309,-0.030930383380169624,-0.3109823714511393,1.120422376315359,0.3111153346057015,2.789017628548861,True,2.789017628548861,True,3.1,False,3.1,False,3.1,False,3.1,False,3.1,False,2.8667632214116456,2.995763794633813,True,True,0.75,0.33518364684077934,2.789017628548861,wind_stuck_7_days,2018
611,Almond_Med,Almond_High,2018-11-02,3.54559703,2.5,2.5,-0.16795491134459745,0.16795491134459745,0.10057459732640409,0.4473080284251253,0.019603191732382688,0.020650199413973298,-0.0014205266441136755,-0.1679549113445975,1.120422376315359,0.3111153346057015,2.3320450886554025,True,2.3320450886554025,True,2.3320450886554025,True,2.3320450886554025,True,2.3320450886554025,True,2.3320450886554025,True,2.5,False,2.374033816491552,2.3320450886554025,True,True,0.75,1.0,2.3320450886554025,wind_stuck_7_days,2018
612,Almond_Med,Almond_High,2018-11-09,3.23497651,2.1,2.1,-0.5822038248429334,0.5822038248429334,0.2609944083933185,0.7009199581846103,0.06834915294197445,0.04948388101513859,-0.05781848409852624,-0.5822038248429333,1.120422376315359,0.3111153346057015,1.5177961751570668,True,1.5177961751570668,True,1.5177961751570668,True,1.5177961751570668,True,1.5177961751570668,True,1.5177961751570668,True,2.1,False,1.6633471313678,1.754096951380404,True,True,0.75,0.5941270631688375,1.5191036297916098,wind_stuck_7_days,2018
613,Almond_Med,Almond_High,2018-11-10,2.76629989,1.6,1.6,-0.2691260924746712,0.2691260924746712,0.15990029685787935,0.6023945967271668,0.027291882088384754,0.02908242682474482,-0.010940397535124869,-0.26912609247467123,1.120422376315359,0.3111153346057015,1.3308739075253289,True,1.3308739075253289,True,1.3308739075253289,True,1.3308739075253289,True,1.3308739075253289,True,1.3308739075253289,True,1.6,False,1.3981554306439967,1.468879228309028,True,True,0.75,0.48720943586438975,1.275886429818003,wind_stuck_7_days,2018
614,Almond_Med,Almond_High,2018-11-18,2.01224484,1.6,1.6,-0.5679371827390061,0.5679371827390061,0.28639929879539394,0.7507927162718084,0.057671306141146766,0.0510516736683529,-0.046170589827326795,-0.5679371827390061,1.120422376315359,0.3111153346057015,1.032062817260994,True,1.032062817260994,True,1.032062817260994,True,1.032062817260994,True,1.032062817260994,True,1.032062817260994,True,1.6,False,1.1740471129457455,1.3724611276631282,True,True,0.75,0.40064091461579243,1.0266310192426187,wind_stuck_7_days,2018
615,Almond_Med,Almond_High,2018-11-25,1.57611524,0.9,0.9,0.241802420955835,0.241802420955835,0.11156629649099063,0.4520500652608324,0.024004449167574514,0.019617780455122972,-0.007796061083258941,0.24180242095583504,1.120422376315359,0.3111153346057015,1.141802420955835,True,1.141802420955835,True,1.141802420955835,True,1.141802420955835,True,1.141802420955835,True,1.141802420955835,True,0.9,False,1.0813518157168762,1.0603655286719267,True,True,0.75,0.6632089457086839,1.141802420955835,wind_stuck_7_days,2018
616,Almond_Med,Almond_High,2018-11-26,1.2453265,1.3,1.3,0.07355648950455737,0.07355648950455737,0.1561711450563969,0.4572271658639447,0.02667724533781374,0.025981294620656837,-0.007796061083258941,-0.07355648950455737,1.120422376315359,0.3111153346057015,1.3735564895045573,True,1.3735564895045573,True,1.3735564895045573,True,1.3735564895045573,True,1.3735564895045573,True,1.3735564895045573,True,1.3,False,1.3551673671284181,1.3735564895045573,True,True,0.75,1.0,1.3735564895045573,wind_stuck_7_days,2018
617,Almond_Med,Almond_High,2018-12-03,0.89829312,0.8,0.8,-0.13453194450410141,0.13453194450410141,0.17258058759628508,0.3866998508854726,0.024004449167574514,0.019617780455122972,-0.007796061083258941,-0.13453194450410141,1.120422376315359,0.3111153346057015,0.6654680554958986,True,0.6654680554958986,True,0.6654680554958986,True,0.6654680554958986,True,0.6654680554958986,True,0.6654680554958986,True,0.8,False,0.699101041621924,0.6654680554958986,True,True,0.75,1.0,0.7438678889157474,wind_stuck_7_days,2018
618,Almond_Med,Almond_High,2018-12-11,0.76880312,0.6,0.6,0.2405820358757011,0.2405820358757011,0.1342670500110309,0.5210867191303414,0.02667724533781374,0.028604816045432437,-0.007796061083258941,0.09702420412429885,1.120422376315359,0.3111153346057015,0.840582035875701,True,0.840582035875701,True,0.840582035875701,True,0.840582035875701,True,0.840582035875701,True,0.840582035875701,True,0.6,False,0.7804365269067758,0.7666287936360838,True,True,0.75,0.6926069647285472,0.840582035875701,wind_stuck_7_days,2018
619,Almond_Med,Almond_High,2018-12-20,0.32886551,0.8,0.8,0.14343988312501837,0.14343988312501837,0.2650855885647056,0.6472982264863171,0.026772161319556204,0.025981294620656837,-0.02723873277953178,-0.14343988312501837,1.120422376315359,0.3111153346057015,0.9434398831250184,True,0.9434398831250184,True,0.9434398831250184,True,0.9434398831250184,True,0.9434398831250184,True,0.9434398831250184,True,0.8,False,0.9075799123437638,0.9434398831250184,True,True,0.75,1.0,0.933890038601457,wind_stuck_7_days,2018
620,Almond_Med,Almond_High,2018-12-27,1.22486361,1.2,1.2,-0.42906073026975555,0.42906073026975555,0.289961191012958,0.43606777420490606,0.054202529196447406,0.049491773488357635,-0.007796061083258941,-0.42906073026975555,1.120422376315359,0.3111153346057015,0.7709392697302444,True,0.7709392697302444,True,0.7709392697302444,True,0.7709392697302444,True,0.7709392697302444,True,0.7709392697302444,True,1.2,False,0.8782044522976833,0.9463387922588804,True,True,0.75,0.5912011746720324,0.8156666857493089,wind_stuck_7_days,2018
621,Almond_Med,Almond_High,2018-12-28,0.96075008,1.0,1.0,-0.38650025746275346,0.38650025746275346,0.12316916353678031,0.2579415596019387,0.040958101690512824,0.03933795145324426,-0.007796061083258941,-0.30800041746275336,1.120422376315359,0.3111153346057015,0.6134997425372466,True,0.6134997425372466,True,0.6134997425372466,True,0.6134997425372466,True,0.6134997425372466,True,0.6134997425372466,True,1.0,False,0.7101248069029349,0.7694023294947377,True,True,0.75,0.5966300566500519,0.6134997425372466,wind_stuck_7_days,2018
691,BAR012,BAR012,2018-01-31,1.635577,1.1,1.1,0.32746029151697015,0.32746029151697015,0.1867937913618855,0.44952745523886206,0.04983621282119023,0.05741870860222423,-0.019708848658803797,0.32746029151697015,1.120422376315359,0.3111153346057015,1.4274602915169703,True,1.4274602915169703,True,1.4274602915169703,True,1.4274602915169703,True,1.4274602915169703,True,1.4274602915169703,True,1.1,False,1.3455952186377278,1.4274602915169703,True,True,0.75,1.0,1.4274602915169703,wind_stuck_7_days,2018
692,BAR012,BAR012,2018-02-08,2.06425661,1.3,1.3,-0.11281187426566901,0.11281187426566901,0.1863405452566652,0.3634690014722604,0.02667724533781374,0.025981294620656837,-0.007796061083258941,-0.11281187426566897,1.120422376315359,0.3111153346057015,1.187188125734331,True,1.187188125734331,True,1.187188125734331,True,1.187188125734331,True,1.187188125734331,True,1.187188125734331,True,1.3,False,1.2153910943007482,1.187188125734331,True,True,0.75,1.0,1.187188125734331,wind_stuck_7_days,2018
693,BAR012,BAR012,2018-02-16,1.7799428,1.3,1.3,-0.25043791985780134,0.25043791985780134,0.14013889581204572,0.42314044841553367,0.02667724533781374,0.028604816045432437,-0.007796061083258941,-0.2504379198578013,1.120422376315359,0.3111153346057015,1.0495620801421988,True,1.0495620801421988,True,1.0495620801421988,True,1.0495620801421988,True,1.0495620801421988,True,1.0495620801421988,True,1.3,False,1.112171560106649,1.1604855804164296,True,True,0.75,0.5570818495169854,1.0495620801421988,wind_stuck_7_days,2018
694,BAR012,BAR012,2018-03-04,1.8523668,1.7,1.7,-0.23041397413937387,0.23041397413937387,0.1472336404734783,0.3971216122166668,0.023624560058123238,0.026780063853236218,-0.007796061083258941,-0.23041397413937387,1.120422376315359,0.3111153346057015,1.4695860258606261,True,1.4695860258606261,True,1.4695860258606261,True,1.4695860258606261,True,1.4695860258606261,True,1.4695860258606261,True,1.7,False,1.5271895193954697,1.5529284938866474,True,True,0.75,0.638292476238404,1.4695860258606261,wind_stuck_7_days,2018
695,BAR012,BAR012,2018-03-28,3.29491963,2.5,2.5,-0.3325989675034274,0.3325989675034274,0.09372258636317496,0.44630886493793,0.018706795562336103,0.026019724804888424,-0.0014205266441136755,-0.3325989675034273,1.120422376315359,0.3111153346057015,2.1674010324965725,True,2.1674010324965725,True,2.1674010324965725,True,2.1674010324965725,True,2.1674010324965725,True,2.1674010324965725,True,2.5,False,2.2505507743724293,2.302808651445546,True,True,0.75,0.5928802185846284,2.1674010324965725,wind_stuck_7_days,2018
696,BAR012,BAR012,2018-04-13,3.28240214,3.2,3.2,-0.2381508555878688,0.2381508555878688,0.12195969493962401,0.31783939007693107,0.010215452555422406,0.010652381344428594,0.0026807679526438767,-0.2381508555878688,1.120422376315359,0.3111153346057015,2.9618491444121315,True,2.9618491444121315,True,2.9618491444121315,True,2.9618491444121315,True,2.9618491444121315,True,2.9618491444121315,True,2.9618491444121315,True,3.0213868583090986,3.05791113820067,True,True,0.75,0.5966338497864643,2.9618491444121315,wind_stuck_7_days,2018
697,BAR012,BAR012,2018-04-21,3.81903269,3.7,3.7,-0.9759795575160188,0.9759795575160188,0.1603292090650745,0.7014545619572268,-0.04049522320987283,-0.09453641657179034,-0.0798717289545365,-0.9759795575160188,1.120422376315359,0.3111153346057015,2.7240204424839813,True,2.7240204424839813,True,2.7240204424839813,True,3.7,False,3.7,False,3.7,False,3.7,False,2.9680153318629863,3.565374563655639,True,True,0.75,0.13793878704488302,2.7240204424839813,wind_stuck_7_days,2018
698,BAR012,BAR012,2018-05-07,3.10749097,3.2,3.2,-0.23889199559959753,0.23889199559959753,0.2537807495823853,0.4951398183445658,-0.02304966492194871,-0.03009173858570693,0.0026807679526438767,-0.05387393559959755,1.120422376315359,0.3111153346057015,2.9611080044004026,True,2.9611080044004026,True,2.9611080044004026,True,3.2,False,3.2,False,3.2,False,2.9611080044004026,True,3.020831003300302,3.083137646513772,True,True,0.75,0.48918488538267774,2.9611080044004026,wind_stuck_7_days,2018
699,BAR012,BAR012,2018-05-31,2.51525741,2.2,2.2,0.9247277006797965,0.9247277006797965,0.27696821738400973,0.8347845693509605,-0.11173669005981623,-0.0685485576824986,-0.12135273232546182,-0.29421288067979723,1.120422376315359,0.3111153346057015,3.124727700679797,True,3.124727700679797,True,3.124727700679797,True,2.2,False,2.2,False,2.2,False,2.2,False,2.8935457755098475,2.6098535557968146,True,True,0.75,0.443215397890123,3.1076434592988837,wind_stuck_7_days,2018
700,BAR012,BAR012,2018-06-08,4.14756228,3.9,3.9,-0.10715699072710136,0.10715699072710136,0.19912504801420539,0.7379263999501713,-0.008206794848055907,-0.013210956592007855,-0.01853290357446526,-0.10715699072710139,1.120422376315359,0.3111153346057015,3.7928430092728984,True,3.7928430092728984,True,3.7928430092728984,True,3.9,False,3.9,False,3.9,False,3.9,False,3.819632256954674,3.7928430092728984,True,True,0.75,1.0,3.7928430092728984,wind_stuck_7_days,2018
701,BAR012,BAR012,2018-06-16,2.9240395,3.6,3.6,0.19558809169616823,0.19558809169616823,0.20310453488618033,0.3527569695352894,-0.012841752242847757,-0.013210956592007855,0.0026807679526438767,-0.1955880916961682,1.120422376315359,0.3111153346057015,3.7955880916961684,True,3.7955880916961684,True,3.7955880916961684,True,3.6,False,3.6,False,3.6,False,3.7955880916961684,True,3.7466910687721264,3.767180257551956,True,True,0.75,0.8547568315746863,3.7955880916961684,wind_stuck_7_days,2018
702,BAR012,BAR012,2018-06-24,3.23670906,4.2,4.2,-0.39230395503538734,0.39230395503538734,0.12672840975405178,0.46957700909705424,-0.027547527818278714,-0.03009173858570693,-0.004573406242571226,0.3923039550353873,1.120422376315359,0.3111153346057015,3.807696044964613,True,3.807696044964613,True,3.807696044964613,True,4.2,False,4.2,False,4.2,False,4.2,False,3.90577203372346,4.093679690432068,True,True,0.75,0.27101513559388385,3.807696044964613,wind_stuck_7_days,2018
703,BAR012,BAR012,2018-07-02,3.61008352,4.2,4.2,0.33246598955109635,0.33246598955109635,0.21901337047339806,0.6745233747593722,0.008966968374782575,0.0178928933634845,-0.03785840898715112,-0.3324659895510964,1.120422376315359,0.3111153346057015,4.532465989551096,True,4.532465989551096,True,4.532465989551096,True,4.532465989551096,True,4.532465989551096,True,4.532465989551096,True,4.2,False,4.449349492163322,4.45374792535284,True,True,0.75,0.76322972372439,4.532465989551096,wind_stuck_7_days,2018
704,BAR012,BAR012,2018-07-10,4.42037322,4.3,4.3,0.03729104491624986,0.03729104491624986,0.372201495088837,0.9249532019616685,-0.05576413494946259,-0.03286376511060204,-0.05586115982866109,0.03729104491624986,1.120422376315359,0.3111153346057015,4.33729104491625,True,4.3,False,4.3,False,4.3,False,4.3,False,4.3,False,4.3,False,4.327968283687187,4.309565362014576,True,True,0.75,0.2565056043899676,4.33729104491625,wind_stuck_7_days,2018
705,BAR012,BAR012,2018-07-18,3.52937238,3.9,3.9,0.9015326385253315,0.9015326385253315,0.3476868926019043,0.9528006551559525,-0.16464914852154056,-0.18189442327908747,-0.14924714496797192,-0.9015326385253315,1.120422376315359,0.3111153346057015,4.801532638525331,True,3.9,False,3.9,False,3.9,False,3.9,False,3.9,False,3.9,False,4.576149478893998,4.1203365626715485,True,True,0.75,0.24440220271110824,5.053502144959266,wind_stuck_7_days,2018
706,BAR012,BAR012,2018-07-26,2.66337202,3.2,3.2,0.9342518259181725,0.9342518259181725,0.3766641981346166,1.0208980543140493,-0.11879113790561076,-0.20245344019481784,-0.14924714496797192,-0.9342518259181725,1.120422376315359,0.3111153346057015,4.134251825918173,True,3.2,False,3.2,False,3.2,False,3.2,False,3.2,False,3.2,False,3.9006888694386292,3.4124572079887265,True,True,0.75,0.2274089298995222,4.314863329915646,wind_stuck_7_days,2018
707,BAR012,BAR012,2018-08-03,3.08785644,4.1,4.1,0.2674123316653887,0.2674123316653887,0.32885775386236665,1.0786275454943168,-0.11263213532309505,0.0028185533800648864,-0.05586115982866109,-0.2674123316653887,1.120422376315359,0.3111153346057015,4.367412331665388,True,4.1,False,4.1,False,4.1,False,4.1,False,4.367412331665388,True,4.1,False,4.300559248749041,4.1353689565577385,True,True,0.75,0.13226374542067035,4.3588840412001915,wind_stuck_7_days,2018
708,BAR012,BAR012,2018-08-27,1.73406591,3.0,3.0,-0.427579671032502,0.427579671032502,0.13532017184601366,0.4928592705865885,0.02681310445385933,0.02742812028441053,0.0026807679526438767,0.42757967103250194,1.120422376315359,0.3111153346057015,2.572420328967498,True,2.572420328967498,True,2.572420328967498,True,2.572420328967498,True,2.572420328967498,True,2.572420328967498,True,2.572420328967498,True,2.6793152467256234,2.7364195954440156,True,True,0.75,0.6164474656138383,2.572420328967498,wind_stuck_7_days,2018
709,BAR012,BAR012,2018-09-04,1.78048798,3.3,3.3,-0.6037977980752853,0.6037977980752853,0.15971311066479177,0.4118955833854601,-0.02911302175672758,-0.03342358642970153,-0.0016767816741818356,0.6037977980752853,1.120422376315359,0.3111153346057015,2.6962022019247147,True,2.6962022019247147,True,2.6962022019247147,True,3.3,False,3.3,False,3.3,False,3.3,False,2.8471516514435358,3.2028040496221473,True,True,0.75,0.1609743372494603,2.6962022019247147,wind_stuck_7_days,2018
710,BAR012,BAR012,2018-09-12,1.86904716,2.2,2.2,0.11293570638376896,0.11293570638376896,0.2446229768840178,0.9654021697670656,0.045297401204583344,0.016255914051302927,-0.045226434052646314,-0.11293570638376893,1.120422376315359,0.3111153346057015,2.312935706383769,True,2.312935706383769,True,2.2,False,2.312935706383769,True,2.2,False,2.312935706383769,True,2.2,False,2.284701779787827,2.312935706383769,True,True,0.75,1.0,2.3383502301848487,wind_stuck_7_days,2018
711,BAR012,BAR012,2018-09-28,1.20750208,2.6,2.6,-0.6145908338875898,0.6145908338875898,0.05699206747200994,0.2936111560576825,0.018306125891270824,0.04420486557944339,-0.0016767816741818356,0.6145908338875898,1.120422376315359,0.3111153346057015,1.9854091661124103,True,1.9854091661124103,True,1.9854091661124103,True,1.9854091661124103,True,1.9854091661124103,True,1.9854091661124103,True,2.6,False,2.1390568745843077,2.2539693410748445,True,True,0.75,0.5630260652218667,1.9854091661124103,wind_stuck_7_days,2018
712,BAR012,BAR012,2018-10-06,2.83671957,2.6,2.6,-0.48047587542997994,0.48047587542997994,0.12441811155177425,0.6673033782777333,0.05143916659127146,0.040974157059514224,-0.013618007680456266,-0.48047587542997994,1.120422376315359,0.3111153346057015,2.1195241245700203,True,2.1195241245700203,True,2.1195241245700203,True,2.1195241245700203,True,2.1195241245700203,True,2.1195241245700203,True,2.6,False,2.239643093427515,2.284577713056368,True,True,0.75,0.6564789265670402,2.1293679465234483,wind_stuck_7_days,2018
713,BAR012,BAR012,2018-10-14,1.76939439,2.7,2.7,-0.46549938434897636,0.46549938434897636,0.11229111418559251,0.34812100483828434,0.016798280725710223,0.051513810361834646,0.0026807679526438767,0.46549938434897636,1.120422376315359,0.3111153346057015,2.2345006156510236,True,2.2345006156510236,True,2.2345006156510236,True,2.2345006156510236,True,2.2345006156510236,True,2.2345006156510236,True,2.2345006156510236,True,2.350875461738268,2.3705420932646684,True,True,0.75,0.7077515412745273,2.2345006156510236,wind_stuck_7_days,2018
714,BAR012,BAR012,2018-10-30,0.8572754,1.4,1.4,-0.6432975429320253,0.6432975429320253,0.1669553710045977,0.8058917690119287,0.12634757937647315,0.07704599343582572,-0.07914606625499761,0.44215165706797444,1.120422376315359,0.3111153346057015,0.7567024570679746,True,0.7567024570679746,True,0.7567024570679746,True,0.7567024570679746,True,0.7567024570679746,True,0.7567024570679746,True,1.4,False,0.9175268428009808,1.0648690344974974,True,True,0.75,0.5209579442430958,0.7567024570679746,wind_stuck_7_days,2018
715,BAR012,BAR012,2018-11-07,0.7033464,0.9,0.9,-0.6358533774451833,0.6358533774451833,0.19729371533661064,0.6595716197192423,0.08574200518065794,0.07704599343582572,-0.07914606625499761,-0.24254617744518336,1.120422376315359,0.3111153346057015,0.2641466225548167,True,0.2641466225548167,True,0.2641466225548167,True,0.2641466225548167,True,0.2641466225548167,True,0.2641466225548167,True,0.9,False,0.4231099669161125,0.5427345160133221,True,True,0.75,0.5618677145699011,0.2641466225548167,wind_stuck_7_days,2018
1142,Ellendale,Ellendale,2018-08-26,2.58488679,1.8,1.8,1.2260411069604154,1.2260411069604154,0.23306132265412483,0.6334118403539384,0.1579326677105657,0.17662595711025975,-0.31868167749966814,0.34373247303958476,1.120422376315359,0.3111153346057015,3.0260411069604154,True,3.0260411069604154,True,3.0260411069604154,True,3.0260411069604154,True,3.0260411069604154,True,3.0260411069604154,True,1.8,False,2.719530830220312,2.9611133030562904,True,True,0.75,0.9470427186041966,3.0260411069604154,wind_stuck_7_days,2018
1143,Ellendale,Ellendale,2018-09-19,4.04667681,3.0,3.0,0.12191754736427948,0.12191754736427948,0.3775547017476273,0.8968025219490381,-0.04137397431267176,0.005575859430553685,-0.029281480220760152,0.12191754736427951,1.120422376315359,0.3111153346057015,3.1219175473642795,True,3.0,False,3.0,False,3.0,False,3.0,False,3.1219175473642795,True,3.0,False,3.0914381605232095,3.0193904511163474,True,True,0.75,0.15904561349491547,3.1219175473642795,wind_stuck_7_days,2018
1144,Ellendale,Ellendale,2018-10-13,2.12938019,0.8,0.8,0.09717846793455155,0.09717846793455155,0.19068648652891737,0.5375744209814916,0.02667724533781374,0.025981294620656837,-0.010940397535124869,0.09717846793455154,1.120422376315359,0.3111153346057015,0.8971784679345516,True,0.8971784679345516,True,0.8971784679345516,True,0.8971784679345516,True,0.8971784679345516,True,0.8971784679345516,True,0.8,False,0.8728838509509137,0.8971784679345516,True,True,0.75,1.0,0.8971784679345516,wind_stuck_7_days,2018
1145,Ellendale,Ellendale,2018-10-29,2.72387682,1.1,1.1,0.17619772058671085,0.17619772058671085,0.228772524178644,0.5559945725788311,0.026772161319556204,0.025981294620656837,-0.010940397535124869,0.1761977205867109,1.120422376315359,0.3111153346057015,1.276197720586711,True,1.276197720586711,True,1.276197720586711,True,1.276197720586711,True,1.276197720586711,True,1.276197720586711,True,1.1,False,1.2321482904400332,1.2744168527111925,True,True,0.75,0.9898927870940196,1.276197720586711,wind_stuck_7_days,2018
1146,Ellendale,Ellendale,2018-11-06,2.73223019,1.0,1.0,0.5731524163711521,0.5731524163711521,0.19566542821482838,0.8587933328369484,0.12838140900789963,0.08249340532908786,-0.10305862161127244,0.5731524163711521,1.120422376315359,0.3111153346057015,1.573152416371152,True,1.573152416371152,True,1.573152416371152,True,1.573152416371152,True,1.573152416371152,True,1.573152416371152,True,1.0,False,1.429864312278364,1.4633532523813615,True,True,0.75,0.8084293795968422,1.573152416371152,wind_stuck_7_days,2018
1147,Ellendale,Ellendale,2018-11-30,2.35015373,1.0,1.0,0.5797190017043363,0.5797190017043363,0.30291326935169194,0.8409693398343412,0.03683313274284548,0.0514779786433216,-0.11470651588247188,0.5797190017043363,1.120422376315359,0.3111153346057015,1.5797190017043363,True,1.5797190017043363,True,1.5797190017043363,True,1.5797190017043363,True,1.5797190017043363,True,1.5797190017043363,True,1.0,False,1.4347892512782523,1.5797190017043363,True,True,0.75,1.0,1.5797190017043363,wind_stuck_7_days,2018
1171,JPL1_JV114,ALARC2_Smith6,2018-11-30,2.41324716,2.5,2.5,-0.03380210289939457,0.03380210289939457,0.1767132110592623,0.648648531139777,0.020068252621360937,0.020650199413973298,-0.02086319834038652,0.03380210289939457,1.120422376315359,0.3111153346057015,2.4661978971006056,True,2.4661978971006056,True,2.4661978971006056,True,2.4661978971006056,True,2.4661978971006056,True,2.4661978971006056,True,2.5,False,2.474648422825454,2.4661978971006056,True,True,0.75,1.0,2.4661978971006056,wind_stuck_7_days,2018
1173,JPL1_Smith5,ALARC2_Smith6,2018-01-22,1.24970315,1.3,1.3,-0.4678243777826799,0.4678243777826799,0.07839795864449786,0.37740662876958814,0.08146279337520769,0.08957919505812692,-0.007796061083258941,-0.36723067778267976,1.120422376315359,0.3111153346057015,0.8321756222173202,True,0.8321756222173202,True,0.8321756222173202,True,0.8321756222173202,True,0.8321756222173202,True,0.8321756222173202,True,1.3,False,0.9491317166629901,0.9674919742726493,True,True,0.75,0.7107539528045113,0.8321756222173202,wind_stuck_7_days,2018
1174,JPL1_Smith5,ALARC2_Smith6,2018-02-07,4.03942766,4.0,4.0,-0.13408236695253098,0.13408236695253098,0.3115395033916292,1.1113869175423856,-0.11245544499415663,-2.7673276320642316e-05,-0.029281480220760152,-0.13408236695253098,1.120422376315359,0.3111153346057015,3.865917633047469,True,3.865917633047469,True,4.0,False,4.0,False,4.0,False,4.0,False,4.0,False,3.8994382247856016,3.981270384674686,True,True,0.75,0.1396873858286269,3.865917633047469,wind_stuck_7_days,2018
1175,JPL1_Smith5,ALARC2_Smith6,2018-02-23,3.84847687,3.6,3.6,-0.9059828852968458,0.9059828852968458,0.3776083019296435,0.7630466069121856,0.017236684719438667,-0.0004600990525221336,-0.10143366418237587,-0.9059828852968459,1.120422376315359,0.3111153346057015,2.694017114703154,True,3.6,False,2.694017114703154,True,2.694017114703154,True,2.694017114703154,True,3.6,False,3.6,False,2.920512836027366,3.160626662927402,True,True,0.75,0.4849686944457426,2.694017114703154,wind_stuck_7_days,2018
1176,JPL1_Smith5,ALARC2_Smith6,2018-03-03,4.56959946,4.1,4.1,-0.645279888749761,0.645279888749761,0.23790175706598424,0.7025656943300962,0.03031009627830588,0.032304361500833594,-0.04961773895668802,-0.645279888749761,1.120422376315359,0.3111153346057015,3.4547201112502384,True,3.4547201112502384,True,3.4547201112502384,True,3.4547201112502384,True,3.4547201112502384,True,3.4547201112502384,True,4.1,False,3.616040083437679,3.7718735742320435,True,True,0.75,0.5085024831685147,3.4547201112502384,wind_stuck_7_days,2018
1177,JPL1_Smith5,ALARC2_Smith6,2018-03-27,6.7108703,6.6,6.6,-1.0467726736763923,1.0467726736763923,0.3829639535713466,1.2243366126061326,0.3254201861627644,0.2458543719349774,-0.17230001961978217,-1.0467726736763923,1.120422376315359,0.3111153346057015,5.553227326323608,True,6.6,False,6.6,False,5.553227326323608,True,6.6,False,5.553227326323608,True,6.6,False,5.814920494742705,6.02014826097065,True,True,0.75,0.5539423731733845,5.553227326323608,wind_stuck_7_days,2018
1178,JPL1_Smith5,ALARC2_Smith6,2018-04-12,9.005544,6.4,6.4,-1.0713631861649624,1.0713631861649624,0.47093450644068474,1.186076081186695,0.03580818364804382,0.11819799944850556,-0.30534132495947064,-1.0713631861649624,1.120422376315359,0.3111153346057015,5.328636813835038,True,6.4,False,6.4,False,5.328636813835038,True,6.4,False,5.328636813835038,True,6.4,False,5.5964776103762786,5.854139208420738,True,True,0.75,0.5095011650841005,5.328636813835038,wind_stuck_7_days,2018
1179,JPL1_Smith5,ALARC2_Smith6,2018-04-20,6.12353391,5.9,5.9,-0.2567975761787664,0.2567975761787664,0.1661582437563638,0.7091408871537894,-0.07636711574660891,-0.09944833971239829,-0.004766927116203266,-0.2567975761787664,1.120422376315359,0.3111153346057015,5.643202423821234,True,5.643202423821234,True,5.643202423821234,True,5.9,False,5.9,False,5.9,False,5.9,False,5.707401817865925,5.9,True,False,0.75,0.0,5.643202423821234,wind_stuck_7_days,2018
1797,RIP760,Almond_Low,2018-02-11,0.7980196,1.5,1.5,-0.20247064617220928,0.20247064617220928,0.09916374906140006,0.22625445690521348,0.02667724533781374,0.025981294620656837,-0.007796061083258941,0.20247064617220928,1.120422376315359,0.3111153346057015,1.2975293538277908,True,1.2975293538277908,True,1.2975293538277908,True,1.2975293538277908,True,1.2975293538277908,True,1.2975293538277908,True,1.5,False,1.348147015370843,1.3412582354346232,True,True,0.75,0.7840235983163741,1.2975293538277908,wind_stuck_7_days,2018
1798,RIP760,Almond_Low,2018-02-18,1.53322176,1.8,1.8,-0.46241612938289256,0.46241612938289256,0.1700778758604217,0.3897439398440513,0.05256094418370474,0.05764367480109756,-0.007796061083258941,0.07114035061710755,1.120422376315359,0.3111153346057015,1.3375838706171075,True,1.3375838706171075,True,1.3375838706171075,True,1.3375838706171075,True,1.3375838706171075,True,1.3375838706171075,True,1.8,False,1.4531879029628305,1.4727242717190565,True,True,0.75,0.7077515412745273,1.3375838706171075,wind_stuck_7_days,2018
1799,RIP760,Almond_Low,2018-02-19,1.06522291,1.3,1.3,-0.1845351361352304,0.1845351361352304,0.12336784928411935,0.36643701484467633,0.02667724533781374,0.025981294620656837,-0.007796061083258941,0.1845351361352304,1.120422376315359,0.3111153346057015,1.1154648638647697,True,1.1154648638647697,True,1.1154648638647697,True,1.1154648638647697,True,1.1154648638647697,True,1.1154648638647697,True,1.3,False,1.1615986478985771,1.1241252462410702,True,True,0.75,0.9530691956140318,1.1154648638647697,wind_stuck_7_days,2018
1800,RIP760,Almond_Low,2018-03-15,2.27446061,1.8,1.8,0.09390780124222026,0.09390780124222026,0.14358597257287234,0.37976521755601234,0.023624560058123238,0.026780063853236218,-0.007796061083258941,0.09390780124222026,1.120422376315359,0.3111153346057015,1.8939078012422204,True,1.8939078012422204,True,1.8939078012422204,True,1.8939078012422204,True,1.8939078012422204,True,1.8939078012422204,True,1.8,False,1.8704308509316652,1.8939078012422204,True,True,0.75,1.0,1.8939078012422204,wind_stuck_7_days,2018
1801,RIP760,Almond_Low,2018-03-23,2.79913126,1.8,1.8,0.2480843664923092,0.2480843664923092,0.21161850854487896,0.5090125281173064,0.0237194760398657,0.026780063853236218,-0.007796061083258941,0.24808436649230914,1.120422376315359,0.3111153346057015,2.048084366492309,True,2.048084366492309,True,2.048084366492309,True,2.048084366492309,True,2.048084366492309,True,2.048084366492309,True,1.8,False,1.986063274869232,1.96043435447858,True,True,0.75,0.6466927229110726,2.048084366492309,wind_stuck_7_days,2018
1802,RIP760,Almond_Low,2018-03-31,2.4093036,3.4,3.4,-0.29845339523636893,0.29845339523636893,0.11489505761220674,0.38841142723370514,0.01068342930185916,0.011930982883788546,0.0026807679526438767,0.29845339523636893,1.120422376315359,0.3111153346057015,3.101546604763631,True,3.101546604763631,True,3.101546604763631,True,3.101546604763631,True,3.101546604763631,True,3.101546604763631,True,3.101546604763631,True,3.176159953572723,3.279470067618428,True,True,0.75,0.4038484209104563,3.101546604763631,wind_stuck_7_days,2018
1803,RIP760,Almond_Low,2018-04-23,3.71401907,4.6,4.6,-0.4924847364644994,0.4924847364644994,0.1726013258262122,0.4497838507035256,-0.03666381595065524,-0.03239848765634503,0.0026807679526438767,0.4924847364644994,1.120422376315359,0.3111153346057015,4.1075152635355,True,4.1075152635355,True,4.1075152635355,True,4.6,False,4.6,False,4.6,False,4.1075152635355,True,4.230636447651625,4.525548760078803,True,True,0.75,0.15117471549610817,4.1075152635355,wind_stuck_7_days,2018
1804,RIP760,Almond_Low,2018-04-24,3.36991318,4.5,4.5,-0.564461028688166,0.564461028688166,0.18616964459144314,0.4336597469200377,-0.03666381595065524,-0.03239848765634503,0.0026807679526438767,0.564461028688166,1.120422376315359,0.3111153346057015,3.935538971311834,True,3.935538971311834,True,3.935538971311834,True,4.5,False,4.5,False,4.5,False,3.935538971311834,True,4.076654228483876,4.434822852640302,True,True,0.75,0.11546793143748661,3.935538971311834,wind_stuck_7_days,2018
1805,RIP760,Almond_Low,2018-05-02,2.94824558,4.0,4.0,-0.6278258573893023,0.6278258573893023,0.1335255295176241,0.34112629962466057,0.007291665791907364,0.01342476753529275,-0.0016767816741818356,0.6278258573893023,1.120422376315359,0.3111153346057015,3.3721741426106977,True,3.3721741426106977,True,3.3721741426106977,True,3.3721741426106977,True,3.3721741426106977,True,3.3721741426106977,True,4.0,False,3.5291306069580233,3.6843667602701746,True,True,0.75,0.5027401086064339,3.3721741426106977,wind_stuck_7_days,2018
1806,RIP760,Almond_Low,2018-05-09,4.89776785,5.3,5.3,-0.8775158841599611,0.8775158841599611,0.19676110402418798,0.5507689314873352,-0.03735827894990137,-0.049023478706192766,0.018859112375553412,-0.07305158415996171,1.120422376315359,0.3111153346057015,4.422484115840039,True,4.422484115840039,True,4.422484115840039,True,5.3,False,5.3,False,5.3,False,4.422484115840039,True,4.641863086880029,5.064486279579401,True,True,0.75,0.268386845949865,4.422484115840039,wind_stuck_7_days,2018
1807,RIP760,Almond_Low,2018-05-10,4.27224875,5.7,5.7,-0.9193072174150124,0.9193072174150124,0.18428855093109414,0.5632088624274882,-0.0433440198193608,-0.06448879915215992,0.008485751423982333,0.9193072174150124,1.120422376315359,0.3111153346057015,4.780692782584988,True,4.780692782584988,True,4.780692782584988,True,5.7,False,5.7,False,5.7,False,4.780692782584988,True,5.010519586938741,5.475396968534806,True,True,0.75,0.24431770708463707,4.780692782584988,wind_stuck_7_days,2018
1808,RIP760,Almond_Low,2018-05-17,4.14956745,6.0,6.0,-0.9828185286332565,0.9828185286332565,0.21194201984732347,0.6036013267646838,-0.013995220519965188,0.01911580546918612,0.014997553687029219,0.9828185286332565,1.120422376315359,0.3111153346057015,5.017181471366744,True,5.017181471366744,True,5.017181471366744,True,6.0,False,6.0,False,5.017181471366744,True,5.017181471366744,True,5.262886103525058,5.69785293789051,True,True,0.75,0.3074291471993989,5.017181471366744,wind_stuck_7_days,2018
1809,RIP760,Almond_Low,2018-05-18,4.46991297,5.7,5.7,-0.893165983126222,0.893165983126222,0.18495872550325812,0.5158556684760345,-0.03305304044242538,-0.049023478706192766,0.02434272712862545,0.893165983126222,1.120422376315359,0.3111153346057015,4.806834016873778,True,4.806834016873778,True,4.806834016873778,True,5.7,False,5.7,False,5.7,False,4.806834016873778,True,5.030125512655333,5.466525043915166,True,True,0.75,0.2614015317372869,4.806834016873778,wind_stuck_7_days,2018
1810,RIP760,Almond_Low,2018-06-02,5.16276703,6.1,6.1,0.04673596444142743,0.04673596444142743,0.18700685017392593,0.43492979731415815,0.019072643835963205,0.02782755535540152,-0.004573406242571226,-0.04673596444142747,1.120422376315359,0.3111153346057015,6.146735964441427,True,6.146735964441427,True,6.146735964441427,True,6.146735964441427,True,6.146735964441427,True,6.146735964441427,True,6.1,False,6.13505197333107,6.146735964441427,True,True,0.75,1.0,6.146735964441427,wind_stuck_7_days,2018
1811,RIP760,Almond_Low,2018-06-03,4.74805653,6.7,6.7,0.3527418045584101,0.3527418045584101,0.22714243830991518,0.6283737325954214,0.04323680246548935,0.04476268712126821,-0.03785840898715112,-0.3527418045584101,1.120422376315359,0.3111153346057015,7.05274180455841,True,7.05274180455841,True,7.05274180455841,True,7.05274180455841,True,7.05274180455841,True,7.05274180455841,True,6.7,False,6.964556353418808,7.05274180455841,True,True,0.75,1.0,7.05274180455841,wind_stuck_7_days,2018
1812,RIP760,Almond_Low,2018-06-10,4.95701593,6.8,6.8,-1.1998773854068328,1.1998773854068328,0.3024548120253135,1.1119778478079803,-0.03629410052792793,0.3962416247733716,-0.43581995078072594,1.1998773854068328,1.120422376315359,0.3111153346057015,5.600122614593167,True,5.600122614593167,True,6.8,False,6.8,False,6.8,False,5.600122614593167,True,6.8,False,5.900091960944875,6.0321351061212445,True,True,0.75,0.6399528011926001,5.600122614593167,wind_stuck_7_days,2018
1813,RIP760,Almond_Low,2018-06-11,5.03550322,5.9,5.9,-0.44060582197134257,0.44060582197134257,0.1913001100798485,0.46524899500182715,-0.06188055930273073,-0.08933426846822869,-0.02266790254414946,0.44060582197134257,1.120422376315359,0.3111153346057015,5.459394178028658,True,5.459394178028658,True,5.459394178028658,True,5.9,False,5.9,False,5.9,False,5.9,False,5.569545633521494,5.82984237380488,True,True,0.75,0.15922991185460017,5.459394178028658,wind_stuck_7_days,2018
1814,RIP760,Almond_Low,2018-06-18,4.9581125,5.0,5.0,-0.4583007682754345,0.4583007682754345,0.1488840022759709,0.6258151124872748,-0.02732864285237951,-0.0380020549648761,-0.061920893232676424,-0.3745257682754352,1.120422376315359,0.3111153346057015,4.541699231724565,True,4.541699231724565,True,4.541699231724565,True,5.0,False,5.0,False,5.0,False,5.0,False,4.656274423793424,4.920541353168082,True,True,0.75,0.17337663895026204,4.541699231724565,wind_stuck_7_days,2018
1815,RIP760,Almond_Low,2018-06-19,5.36715723,5.4,5.4,-0.3521172487642041,0.3521172487642041,0.15768446181853749,0.5468390279097628,-0.029192253564596902,-0.03192870418031416,-0.007717742694437157,-0.2864317087642036,1.120422376315359,0.3111153346057015,5.047882751235797,True,5.047882751235797,True,5.047882751235797,True,5.4,False,5.4,False,5.4,False,5.4,False,5.135912063426847,5.308263630980075,True,True,0.75,0.26052790467347164,5.047882751235797,wind_stuck_7_days,2018
1816,RIP760,Almond_Low,2018-06-26,6.13230573,5.6,5.6,0.016470819186291966,0.016470819186291966,0.1795315300237275,0.48118782156918094,-0.014581393970908407,-0.012185857818651358,-0.023898911655257066,0.016470819186292007,1.120422376315359,0.3111153346057015,5.616470819186292,True,5.616470819186292,True,5.616470819186292,True,5.6,False,5.6,False,5.6,False,5.6,False,5.612353114389719,5.616470819186292,True,True,0.75,1.0,5.616470819186292,wind_stuck_7_days,2018
1817,RIP760,Almond_Low,2018-07-04,5.28381782,5.4,5.4,-0.4511060485765751,0.4511060485765751,0.2589795591556986,0.3501004229629487,-0.03656889996891278,-0.03376247836768708,0.0026807679526438767,-0.21874168857657506,1.120422376315359,0.3111153346057015,4.948893951423425,True,4.948893951423425,True,4.948893951423425,True,5.4,False,5.4,False,5.4,False,4.948893951423425,True,5.061670463567569,5.353605373168683,True,True,0.75,0.10284638607199356,4.948893951423425,wind_stuck_7_days,2018
1818,RIP760,Almond_Low,2018-07-05,5.26603517,5.6,5.6,0.2150310924433903,0.2150310924433903,0.154936368909703,0.43107492447578044,-0.014581393970908407,-0.012185857818651358,-0.011073564546742812,-0.21503109244339025,1.120422376315359,0.3111153346057015,5.81503109244339,True,5.81503109244339,True,5.81503109244339,True,5.6,False,5.6,False,5.6,False,5.6,False,5.761273319332543,5.717811301316327,True,True,0.75,0.5478803087388047,5.81503109244339,wind_stuck_7_days,2018
1819,RIP760,Almond_Low,2018-07-12,5.16670256,5.4,5.4,0.6091677563150962,0.6091677563150962,0.22419097272906613,0.49844259185541223,0.049797638599570024,0.032536496713832554,-0.0025991959958545376,-0.6091677563150962,1.120422376315359,0.3111153346057015,6.0091677563150965,True,6.0091677563150965,True,6.0091677563150965,True,6.0091677563150965,True,6.0091677563150965,True,6.0091677563150965,True,5.4,False,5.856875817236323,5.611768674986977,True,True,0.75,0.34763605393033653,6.0091677563150965,wind_stuck_7_days,2018
1820,RIP760,Almond_Low,2018-07-13,6.19574985,5.7,5.7,-0.326079221952407,0.326079221952407,0.10568278519255397,0.5466031123608407,-0.03941159303322063,-0.03192870418031416,-0.007717742694437157,-0.326079221952407,1.120422376315359,0.3111153346057015,5.3739207780475935,True,5.3739207780475935,True,5.3739207780475935,True,5.7,False,5.7,False,5.7,False,5.7,False,5.455440583535695,5.610823907417818,True,True,0.75,0.27347983734823017,5.3739207780475935,wind_stuck_7_days,2018
1821,RIP760,Almond_Low,2018-07-20,6.20697494,5.4,5.4,-0.46652315341423856,0.46652315341423856,0.12868216956193052,0.5775347145998952,-0.03666381595065524,-0.03526055202430876,-0.051105732352648314,-0.46652315341423867,1.120422376315359,0.3111153346057015,4.933476846585762,True,4.933476846585762,True,4.933476846585762,True,5.4,False,5.4,False,5.4,False,5.4,False,5.050107634939321,5.341756545349071,True,True,0.75,0.124845796451207,4.933476846585762,wind_stuck_7_days,2018
1822,RIP760,Almond_Low,2018-07-21,6.54945405,5.5,5.5,-0.9401381850831765,0.9401381850831765,0.16749715686982766,0.5759876208080451,-0.0433440198193608,-0.06448879915215992,-0.11804375165265929,-0.9401381850831765,1.120422376315359,0.3111153346057015,4.5598618149168235,True,4.5598618149168235,True,4.5598618149168235,True,5.5,False,5.5,False,5.5,False,5.5,False,4.794896361187618,5.224272994819017,True,True,0.75,0.29328348699780593,4.5598618149168235,wind_stuck_7_days,2018
1823,RIP760,Almond_Low,2018-07-28,4.94721267,5.2,5.2,0.3663367004087567,0.3663367004087567,0.1847233791547606,0.7111846979140733,0.012327344930492014,0.013314424828309933,-0.03785840898715112,-0.36633670040875677,1.120422376315359,0.3111153346057015,5.5663367004087565,True,5.5663367004087565,True,5.5663367004087565,True,5.5663367004087565,True,5.5663367004087565,True,5.5663367004087565,True,5.2,False,5.474752525306568,5.332160543407348,True,True,0.75,0.3607624987064723,5.589816274342951,wind_stuck_7_days,2018
1824,RIP760,Almond_Low,2018-07-29,5.05246895,5.7,5.7,0.4210159459656322,0.4210159459656322,0.1853982626037904,0.6912204803795073,0.01578972817855533,0.011568738564471688,-0.03785840898715112,-0.4210159459656322,1.120422376315359,0.3111153346057015,6.121015945965633,True,6.121015945965633,True,6.121015945965633,True,6.121015945965633,True,6.121015945965633,True,6.121015945965633,True,5.7,False,6.015761959474224,5.805548374333386,True,True,0.75,0.25069923204762057,6.165437935930399,wind_stuck_7_days,2018
1825,RIP760,Almond_Low,2018-08-05,4.35532539,5.2,5.2,0.35310524551489797,0.35310524551489797,0.18983015945777518,0.5438131307384682,0.007227326646721925,0.01605592776887727,-0.027043248107123,-0.35310524551489797,1.120422376315359,0.3111153346057015,5.553105245514898,True,5.553105245514898,True,5.553105245514898,True,5.553105245514898,True,5.553105245514898,True,5.553105245514898,True,5.2,False,5.4648289341361735,5.388521549733125,True,True,0.75,0.5338962026979314,5.543698658060355,wind_stuck_7_days,2018
1826,RIP760,Almond_Low,2018-08-06,3.62794708,5.3,5.3,0.516006667528713,0.516006667528713,0.268520167233682,0.8670007396263726,-0.0020331349347364343,0.017337525907056294,-0.0877655375611505,-0.5160066675287132,1.120422376315359,0.3111153346057015,5.816006667528713,True,5.816006667528713,True,5.816006667528713,True,5.3,False,5.3,False,5.816006667528713,True,5.3,False,5.6870050006465345,5.373611876592628,True,True,0.75,0.1426568322172548,5.822887423300726,wind_stuck_7_days,2018
1827,RIP760,Almond_Low,2018-08-13,3.98135294,4.7,4.7,-0.07473536510559242,0.07473536510559242,0.11875483313357464,0.5768580871652501,-0.014581393970908407,-0.015047922186615085,-0.007717742694437157,0.07473536510559242,1.120422376315359,0.3111153346057015,4.625264634894408,True,4.625264634894408,True,4.625264634894408,True,4.7,False,4.7,False,4.7,False,4.7,False,4.643948476170806,4.625264634894408,True,True,0.75,1.0,4.625264634894408,wind_stuck_7_days,2018
1828,RIP760,Almond_Low,2018-08-21,2.09518339,3.5,3.5,-0.867361606582213,0.867361606582213,0.12451952490833323,0.4090847039126321,-0.03826830587839551,-0.04708048641294573,0.02434272712862545,0.867361606582213,1.120422376315359,0.3111153346057015,2.6326383934177873,True,2.6326383934177873,True,2.6326383934177873,True,3.5,False,3.5,False,3.5,False,2.6326383934177873,True,2.84947879506334,3.2805791754039513,True,True,0.75,0.25297502556132656,2.6326383934177873,wind_stuck_7_days,2018
1829,RIP760,Almond_Low,2018-08-22,2.9445307,4.1,4.1,-0.6600808318458576,0.6600808318458576,0.16341688077298513,0.3021272938449806,-0.03501909020433705,-0.03342358642970153,0.003992274458543315,0.6600808318458576,1.120422376315359,0.3111153346057015,3.439919168154142,True,3.439919168154142,True,3.439919168154142,True,4.1,False,4.1,False,4.1,False,3.439919168154142,True,3.6049393761156066,3.877488401190289,True,True,0.75,0.33709750090375523,3.439919168154142,wind_stuck_7_days,2018
1830,RIP760,Almond_Low,2018-08-29,3.61147499,4.8,4.8,-0.38929468226772085,0.38929468226772085,0.10345660931130517,0.30942307328581425,-0.006051559574107067,0.011677480117785093,0.0026807679526438767,0.3892946822677208,1.120422376315359,0.3111153346057015,4.410705317732279,True,4.410705317732279,True,4.410705317732279,True,4.8,False,4.8,False,4.410705317732279,True,4.410705317732279,True,4.508028988299209,4.632177185632634,True,True,0.75,0.4310945461411481,4.410705317732279,wind_stuck_7_days,2018
1831,RIP760,Almond_Low,2018-09-06,4.96691556,4.4,4.4,-0.2615149902940913,0.2615149902940913,0.17453882458532047,0.5570279744878047,-0.02637610944232208,-0.03192870418031416,-0.007717742694437157,-0.2615149902940913,1.120422376315359,0.3111153346057015,4.138485009705909,True,4.138485009705909,True,4.138485009705909,True,4.4,False,4.4,False,4.4,False,4.4,False,4.203863757279432,4.264117317744244,True,True,0.75,0.5195980624397352,4.138485009705909,wind_stuck_7_days,2018
1832,RIP760,Almond_Low,2018-09-07,4.45532875,4.9,4.9,0.05604623052479353,0.05604623052479353,0.1713700196971668,0.5588945683372399,-0.014581393970908407,-0.015047922186615085,-0.007717742694437157,-0.05604623052479352,1.120422376315359,0.3111153346057015,4.956046230524794,True,4.956046230524794,True,4.956046230524794,True,4.9,False,4.9,False,4.9,False,4.9,False,4.9420346728935955,4.956046230524794,True,True,0.75,1.0,4.956046230524794,wind_stuck_7_days,2018
1833,RIP760,Almond_Low,2018-09-14,3.84609662,3.5,3.5,-0.5143655991037962,0.5143655991037962,0.1589789357708613,0.31697630554210515,0.005367217352383248,0.01342476753529275,0.0026807679526438767,-0.5143655991037962,1.120422376315359,0.3111153346057015,2.985634400896204,True,2.985634400896204,True,2.985634400896204,True,2.985634400896204,True,2.985634400896204,True,2.985634400896204,True,2.985634400896204,True,3.114225800672153,3.221816572130706,True,True,0.75,0.5408282131503083,2.985634400896204,wind_stuck_7_days,2018
1834,RIP760,Almond_Low,2018-09-15,4.67844902,4.3,4.3,-0.2558131277302638,0.2558131277302638,0.1834073325567126,0.5760138276344459,-0.02637610944232208,-0.03192870418031416,-0.00046356849922204985,-0.25581312773026377,1.120422376315359,0.3111153346057015,4.044186872269736,True,4.044186872269736,True,4.044186872269736,True,4.3,False,4.3,False,4.3,False,4.3,False,4.108140154202302,4.166310418074647,True,True,0.75,0.5226064162990056,4.044186872269736,wind_stuck_7_days,2018
1835,RIP760,Almond_Low,2018-09-22,3.87349836,4.2,4.2,-0.12812521941314226,0.12812521941314226,0.20639701807530858,0.37557132364813994,-0.012841752242847757,-0.013210956592007855,0.0026807679526438767,0.12812521941314226,1.120422376315359,0.3111153346057015,4.071874780586858,True,4.071874780586858,True,4.071874780586858,True,4.2,False,4.2,False,4.2,False,4.071874780586858,True,4.103906085440143,4.071874780586858,True,True,0.75,1.0,4.071874780586858,wind_stuck_7_days,2018
1836,RIP760,Almond_Low,2018-09-23,4.14297067,4.3,4.3,-0.02926449344921948,0.02926449344921948,0.13615306247043701,0.4820063262760317,-0.014581393970908407,-0.012185857818651358,0.0026807679526438767,0.02926449344921947,1.120422376315359,0.3111153346057015,4.27073550655078,True,4.27073550655078,True,4.27073550655078,True,4.3,False,4.3,False,4.3,False,4.27073550655078,True,4.278051629913085,4.27073550655078,True,True,0.75,1.0,4.27073550655078,wind_stuck_7_days,2018
1837,RIP760,Almond_Low,2018-09-30,2.23290311,3.2,3.2,-0.5228327501927567,0.5228327501927567,0.15336772889857886,0.3762878786716648,0.023655774462247443,0.032304361500833594,0.0026807679526438767,0.5228327501927567,1.120422376315359,0.3111153346057015,2.6771672498072436,True,2.6771672498072436,True,2.6771672498072436,True,2.6771672498072436,True,2.6771672498072436,True,2.6771672498072436,True,2.6771672498072436,True,2.807875437355433,2.9100194191141218,True,True,0.75,0.5546335434782327,2.6771672498072436,wind_stuck_7_days,2018
1838,RIP760,Almond_Low,2018-10-01,2.57886845,3.7,3.7,-0.28373493837821306,0.28373493837821306,0.1748340040913634,0.4956929649317144,0.011864886844253374,0.015046666707098968,0.0026807679526438767,0.28373493837821306,1.120422376315359,0.3111153346057015,3.416265061621787,True,3.416265061621787,True,3.416265061621787,True,3.416265061621787,True,3.416265061621787,True,3.416265061621787,True,3.416265061621787,True,3.48719879621634,3.576183727633883,True,True,0.75,0.43638007033547854,3.416265061621787,wind_stuck_7_days,2018
1839,RIP760,Almond_Low,2018-10-08,3.08163419,3.9,3.9,-0.2702340013912759,0.2702340013912759,0.21397393230649736,0.42196110481697113,0.011959802825995833,0.015046666707098968,0.0026807679526438767,0.27023400139127585,1.120422376315359,0.3111153346057015,3.629765998608724,True,3.629765998608724,True,3.629765998608724,True,3.629765998608724,True,3.629765998608724,True,3.629765998608724,True,3.629765998608724,True,3.697324498956543,3.774838552215036,True,True,0.75,0.4631595104264497,3.629765998608724,wind_stuck_7_days,2018
1840,RIP760,Almond_Low,2018-10-09,2.55432573,3.7,3.7,-0.2510207984162614,0.2510207984162614,0.15830246052598285,0.36603678771154946,0.009096626509546436,0.011930982883788546,0.0026807679526438767,0.25102079841626135,1.120422376315359,0.3111153346057015,3.4489792015837386,True,3.4489792015837386,True,3.4489792015837386,True,3.4489792015837386,True,3.4489792015837386,True,3.4489792015837386,True,3.4489792015837386,True,3.511734401187804,3.560160869351039,True,True,0.75,0.5570818495169854,3.4489792015837386,wind_stuck_7_days,2018
1841,RIP760,Almond_Low,2018-10-16,1.77586194,3.2,3.2,-0.3830005924733936,0.3830005924733936,0.11449256854428151,0.4144721521177816,0.01579153054766319,0.015046666707098968,0.0026807679526438767,0.38300059247339346,1.120422376315359,0.3111153346057015,2.8169994075266067,True,2.8169994075266067,True,2.8169994075266067,True,2.8169994075266067,True,2.8169994075266067,True,2.8169994075266067,True,2.8169994075266067,True,2.9127495556449547,2.969738574011794,True,True,0.75,0.6012038375742252,2.8169994075266067,wind_stuck_7_days,2018
1842,RIP760,Almond_Low,2018-10-17,1.61041204,2.6,2.6,-0.47167073189601466,0.47167073189601466,0.16676005496233876,0.43652720362353364,0.04487225382770267,0.051513810361834646,0.0026807679526438767,0.4716707318960147,1.120422376315359,0.3111153346057015,2.1283292681039856,True,2.1283292681039856,True,2.1283292681039856,True,2.1283292681039856,True,2.1283292681039856,True,2.1283292681039856,True,2.1283292681039856,True,2.246246951077989,2.278324713145208,True,True,0.75,0.6819911966166033,2.1283292681039856,wind_stuck_7_days,2018
1843,RIP760,Almond_Low,2018-11-09,0.75328909,1.4,1.4,-0.5131143061202174,0.5131143061202174,0.2537125515744105,0.5448091593842749,0.08938822624408373,0.08957919505812692,-0.02987225458291987,0.5131143061202174,1.120422376315359,0.3111153346057015,0.8868856938797826,True,0.8868856938797826,True,0.8868856938797826,True,0.8868856938797826,True,0.8868856938797826,True,0.8868856938797826,True,1.4,False,1.015164270409837,1.1076154976845412,True,True,0.75,0.5698233294765241,0.8672753154730932,wind_stuck_7_days,2018
1844,RIP760,Almond_Low,2018-11-10,0.48018559,1.1,1.1,-0.37754901973168903,0.37754901973168903,0.10737519815738907,0.34837379670237356,0.043630897860752055,0.048324987043553716,-0.007796061083258941,0.37754901973168903,1.120422376315359,0.3111153346057015,0.722450980268311,True,0.722450980268311,True,0.722450980268311,True,0.722450980268311,True,0.722450980268311,True,0.722450980268311,True,1.1,False,0.8168382352012333,0.8665242708644858,True,True,0.75,0.6183984514154939,0.722450980268311,wind_stuck_7_days,2018
1919,S2,S2,2018-02-02,0.78402339,0.6,0.6,0.5199065416505879,0.5199065416505879,0.0906518016614874,0.5330354089322941,0.07183124450811527,0.08249340532908786,-0.03206106961967883,-0.1518597616505879,1.120422376315359,0.3111153346057015,1.1199065416505878,True,1.1199065416505878,True,1.1199065416505878,True,1.1199065416505878,True,1.1199065416505878,True,1.1199065416505878,True,0.6,False,0.989929906237941,1.0629510145053747,True,True,0.75,0.8904504510283865,1.1199065416505878,wind_stuck_7_days,2018
1920,S2,S2,2018-02-10,0.49570371,0.5,0.5,0.037743812687784255,0.037743812687784255,0.16973951915718538,0.38583270089133775,0.024004449167574514,0.019617780455122972,-0.007796061083258941,-0.037743812687784255,1.120422376315359,0.3111153346057015,0.5377438126877843,True,0.5377438126877843,True,0.5377438126877843,True,0.5377438126877843,True,0.5377438126877843,True,0.5377438126877843,True,0.5,False,0.5283078595158381,0.5377438126877843,True,True,0.75,1.0,0.5377438126877843,wind_stuck_7_days,2018
1921,S2,S2,2018-03-06,1.11133009,0.9,0.9,0.06771101650312485,0.06771101650312485,0.15235705559628793,0.3061636524452275,0.02667724533781374,0.025981294620656837,-0.007796061083258941,0.06771101650312483,1.120422376315359,0.3111153346057015,0.9677110165031249,True,0.9677110165031249,True,0.9677110165031249,True,0.9677110165031249,True,0.9677110165031249,True,0.9677110165031249,True,0.9,False,0.9507832623773437,0.9677110165031249,True,True,0.75,1.0,0.9677110165031249,wind_stuck_7_days,2018
1922,S2,S2,2018-04-23,2.2803089,2.5,2.5,-0.664825393472511,0.664825393472511,0.11984223231915855,0.3987402951419964,0.055827281196288714,0.06196589343670763,-0.00010902013821424498,-0.22544319347251118,1.120422376315359,0.3111153346057015,1.835174606527489,True,1.835174606527489,True,1.835174606527489,True,1.835174606527489,True,1.835174606527489,True,1.835174606527489,True,2.5,False,2.001380954895617,1.9813556850923606,True,True,0.75,0.780121096456109,1.835174606527489,wind_stuck_7_days,2018
1923,S2,S2,2018-05-25,3.27347078,4.5,4.5,-0.9176064822540813,0.9176064822540813,0.19444479984638946,0.35081388890691856,-0.007813582583554756,-0.012848797516986655,0.02434272712862545,0.9176064822540813,1.120422376315359,0.3111153346057015,3.5823935177459187,True,3.5823935177459187,True,3.5823935177459187,True,4.5,False,4.5,False,4.5,False,3.5823935177459187,True,3.811795138309439,4.138078438974493,True,True,0.75,0.3944191415654064,3.5823935177459187,wind_stuck_7_days,2018
1924,S2,S2,2018-06-02,4.74046449,6.1,6.1,-1.1884005162865372,1.1884005162865372,0.15666854983416034,0.5715577301120567,0.08349389817671864,-0.007034647923686127,-0.1485787313394061,1.1884005162865372,1.120422376315359,0.3111153346057015,4.911599483713463,True,4.911599483713463,True,4.911599483713463,True,4.911599483713463,True,4.911599483713463,True,6.1,False,6.1,False,5.208699612785097,5.309719259075614,True,True,0.75,0.6649952857592327,4.911599483713463,wind_stuck_7_days,2018
1925,S2,S2,2018-06-26,6.14698917,5.5,5.5,-1.2029531621451397,1.2029531621451397,0.1596249542507207,0.4412200252937552,0.1734539388646467,0.1862517654603065,-0.1392335578978099,-1.2029531621451397,1.120422376315359,0.3111153346057015,4.29704683785486,True,4.29704683785486,True,4.29704683785486,True,4.29704683785486,True,4.29704683785486,True,4.29704683785486,True,5.5,False,4.597785128391145,4.79028831687317,True,True,0.75,0.5899744939871575,4.29704683785486,wind_stuck_7_days,2018
1926,S2,S2,2018-07-04,6.75346721,6.9,6.9,-0.06770423593682678,0.06770423593682678,0.18794195985117085,0.5351081678362227,0.02567949809554882,0.013658837165775836,-0.007717742694437157,0.06770423593682678,1.120422376315359,0.3111153346057015,6.832295764063174,True,6.832295764063174,True,6.832295764063174,True,6.832295764063174,True,6.832295764063174,True,6.832295764063174,True,6.9,False,6.8492218230473805,6.832295764063174,True,True,0.75,1.0,6.832295764063174,wind_stuck_7_days,2018
1927,S2,S2,2018-07-12,6.61906206,6.0,6.0,-0.2671679040409103,0.2671679040409103,0.31240266434983976,0.6432567358322567,-0.002058602264219371,-0.023603941923800494,-0.004766927116203266,-0.2671679040409103,1.120422376315359,0.3111153346057015,5.73283209595909,True,5.73283209595909,True,5.73283209595909,True,6.0,False,6.0,False,6.0,False,6.0,False,5.799624071969317,6.0,True,False,0.75,0.0,5.73283209595909,wind_stuck_7_days,2018
1928,S2,S2,2018-07-20,3.51009229,3.3,3.3,-0.4717331831159067,0.4717331831159067,0.32482175863232204,0.5553489124241944,-0.03753217304431562,-0.04383473105374177,-0.002802846800428161,-0.4717331831159066,1.120422376315359,0.3111153346057015,2.828266816884093,True,2.828266816884093,True,2.828266816884093,True,3.3,False,3.3,False,3.3,False,3.3,False,2.9462001126630697,3.238524738890302,True,True,0.75,0.13031786465314948,2.828266816884093,wind_stuck_7_days,2018
1929,S2,S2,2018-07-28,7.05332094,6.1,6.1,0.2044240581318097,0.2044240581318097,0.2842495944035596,0.49539294997005634,0.019167559817705664,0.02782755535540152,0.009192570215690763,0.20442405813180975,1.120422376315359,0.3111153346057015,6.30442405813181,True,6.30442405813181,True,6.30442405813181,True,6.30442405813181,True,6.30442405813181,True,6.30442405813181,True,6.30442405813181,True,6.253318043598857,6.160640117019701,True,True,0.75,0.29663884756950787,6.30442405813181,wind_stuck_7_days,2018
1930,S2,S2,2018-08-05,6.26800711,5.2,5.2,-1.5623556301293908,1.5623556301293908,0.22500903717940993,0.5733606085113517,0.37130579184142354,0.23845947419471045,-0.18421712158750647,-1.5623556301293906,1.120422376315359,0.3111153346057015,3.6376443698706096,True,3.6376443698706096,True,3.6376443698706096,True,3.6376443698706096,True,3.6376443698706096,True,3.6376443698706096,True,5.2,False,4.028233277402957,4.297548508380421,True,True,0.75,0.57762232504314,3.6376443698706096,wind_stuck_7_days,2018
1931,S2,S2,2018-08-13,5.19743848,5.8,5.8,-0.44492055451127877,0.44492055451127877,0.2601051483610648,0.47528473811830096,-0.07491521679630658,-0.11226947501020022,0.0026807679526438767,0.44492055451127877,1.120422376315359,0.3111153346057015,5.355079445488721,True,5.355079445488721,True,5.355079445488721,True,5.8,False,5.8,False,5.8,False,5.355079445488721,True,5.466309584116541,5.748190932243093,True,True,0.75,0.11644566031303323,5.355079445488721,wind_stuck_7_days,2018
1932,S2,S2,2018-08-29,4.92289968,4.2,4.2,-1.208578217935432,1.208578217935432,0.32601745821411005,0.5713610385259846,-0.12000041261472784,-0.20653611841859745,-0.155090533602453,-1.208578217935432,1.120422376315359,0.3111153346057015,2.991421782064568,True,4.2,False,2.991421782064568,True,4.2,False,4.2,False,4.2,False,4.2,False,3.2935663365484262,3.826523458407252,True,True,0.75,0.3090214071793746,2.991421782064568,wind_stuck_7_days,2018
1933,S2,S2,2018-09-06,4.57505425,4.5,4.5,-0.7560590574598829,0.7560590574598829,0.28574718502283647,0.5482920308218278,0.009643821840121159,0.005357933042207113,0.018859112375553412,-0.7560590574598829,1.120422376315359,0.3111153346057015,3.7439409425401173,True,3.7439409425401173,True,3.7439409425401173,True,3.7439409425401173,True,3.7439409425401173,True,3.7439409425401173,True,3.7439409425401173,True,3.932955706905088,4.117527869904029,True,True,0.75,0.5058759978102185,3.7439409425401173,wind_stuck_7_days,2018
1934,S2,S2,2018-09-14,3.81438735,3.6,3.6,-1.6410017079616708,1.6410017079616708,0.20672635473560164,0.4527380162139189,0.4405352645526595,0.7013994263472304,-0.1787344297038993,-1.6410017079616708,1.120422376315359,0.3111153346057015,1.9589982920383293,True,1.9589982920383293,True,1.9589982920383293,True,1.9589982920383293,True,1.9589982920383293,True,1.9589982920383293,True,3.6,False,2.369248719028747,2.535061403547287,True,True,0.75,0.6489564217306634,1.9589982920383293,wind_stuck_7_days,2018
1935,S2,S2,2018-10-16,1.02068484,1.1,1.1,-0.3669243974601225,0.3669243974601225,0.18896124221881444,0.4953417994981672,0.043630897860752055,0.048324987043553716,-0.007796061083258941,-0.20829407746012218,1.120422376315359,0.3111153346057015,0.7330756025398776,True,0.7330756025398776,True,0.7330756025398776,True,0.7330756025398776,True,0.7330756025398776,True,0.7330756025398776,True,1.1,False,0.8248067019049082,0.857050811743693,True,True,0.75,0.6621232873529783,0.7330756025398776,wind_stuck_7_days,2018
1936,S2,S2,2018-10-24,1.28932876,0.9,0.9,-0.11836679580533463,0.11836679580533463,0.0624361509444018,0.25295106171594217,0.02667724533781374,0.025981294620656837,-0.007796061083258941,-0.1183667958053346,1.120422376315359,0.3111153346057015,0.7816332041946654,True,0.7816332041946654,True,0.7816332041946654,True,0.7816332041946654,True,0.7816332041946654,True,0.7816332041946654,True,0.9,False,0.811224903145999,0.7816332041946654,True,True,0.75,1.0,0.7816332041946654,wind_stuck_7_days,2018
1937,S2,S2,2018-11-09,0.37376068,0.7,0.7,-0.3522907371006636,0.3522907371006636,0.14482179295646375,0.42795165550968833,0.040958101690512824,0.03933795145324426,-0.007796061083258941,0.3001879028993363,1.120422376315359,0.3111153346057015,0.34770926289933635,True,0.34770926289933635,True,0.34770926289933635,True,0.34770926289933635,True,0.34770926289933635,True,0.34770926289933635,True,0.7,False,0.43578194717450225,0.44244095750190227,True,True,0.75,0.7310979693017098,0.34770926289933635,wind_stuck_7_days,2018
1938,S2,S2,2018-11-17,0.19221334,0.5,0.5,-0.0582273109588044,0.0582273109588044,0.12408649927415548,0.2725293207250755,0.024004449167574514,0.019617780455122972,-0.007796061083258941,0.0582273109588044,1.120422376315359,0.3111153346057015,0.4417726890411956,True,0.4417726890411956,True,0.4417726890411956,True,0.4417726890411956,True,0.4417726890411956,True,0.4417726890411956,True,0.5,False,0.4563295167808967,0.4417726890411956,True,True,0.75,1.0,0.4417726890411956,wind_stuck_7_days,2018
1939,S2,S2,2018-11-25,0.41495508,0.3,0.3,0.05855992889491034,0.05855992889491034,0.12227028432644839,0.31429758600462476,0.025147983930662032,0.018406807768601017,-0.006332586970748549,0.05855992889491034,1.120422376315359,0.3111153346057015,0.35855992889491034,True,0.35855992889491034,True,0.35855992889491034,True,0.35855992889491034,True,0.35855992889491034,True,0.35855992889491034,True,0.3,False,0.34391994667118275,0.35855992889491034,True,True,0.75,1.0,0.3670716774288772,wind_stuck_7_days,2018
2596,UA1_HartFarm,UA1_HartFarm,2018-12-25,1.60826259,1.7,1.7,-0.22841463422708247,0.22841463422708247,0.17435195121228578,0.5275002713259752,0.023624560058123238,0.026780063853236218,-0.007796061083258941,-0.04493981422708265,1.120422376315359,0.3111153346057015,1.4715853657729174,True,1.4715853657729174,True,1.4715853657729174,True,1.4715853657729174,True,1.4715853657729174,True,1.4715853657729174,True,1.7,False,1.528689024329688,1.5542046575101063,True,True,0.75,0.638292476238404,1.4715853657729174,wind_stuck_7_days,2018
2608,UA1_JV187,ALARC2_Smith6,2018-03-27,1.13268361,0.5,0.5,-0.22505543104025388,0.22505543104025388,0.10388762871795804,0.3756879328011357,0.011774989816670165,0.01008054801655761,-0.007796061083258941,-0.22505543104025394,1.120422376315359,0.3111153346057015,0.2749445689597461,True,0.2749445689597461,True,0.2749445689597461,True,0.2749445689597461,True,0.2749445689597461,True,0.2749445689597461,True,0.5,False,0.3312084267198096,0.34710377541073834,True,True,0.75,0.6793714058911748,0.2749445689597461,wind_stuck_7_days,2018
2609,UA1_JV187,ALARC2_Smith6,2018-04-12,3.42729422,3.3,3.3,-1.3477770116930796,1.3477770116930796,0.16650769555854392,0.6967397628125132,-0.04467018911338695,-0.08352607567993336,-0.2801565615357851,-1.3477770116930796,1.120422376315359,0.3111153346057015,1.9522229883069202,True,1.9522229883069202,True,1.9522229883069202,True,3.3,False,3.3,False,3.3,False,3.3,False,2.28916724123019,3.1117188935105196,True,True,0.75,0.1396975203286493,1.9522229883069202,wind_stuck_7_days,2018
2610,UA1_JV187,ALARC2_Smith6,2018-04-20,4.85923681,5.1,5.1,-0.19646394402028494,0.19646394402028494,0.1999717077857765,0.6605722533543841,0.007078839998533955,0.006073912809254028,-0.011278729379250153,0.19646394402028494,1.120422376315359,0.3111153346057015,4.903536055979715,True,4.903536055979715,True,4.903536055979715,True,4.903536055979715,True,4.903536055979715,True,4.903536055979715,True,5.1,False,4.952652041984786,4.936234184677622,True,True,0.75,0.8335667704271911,4.903536055979715,wind_stuck_7_days,2018
2611,UA1_JV187,ALARC2_Smith6,2018-04-28,7.64392412,6.7,6.7,0.5253393497149851,0.5253393497149851,0.37728998507141887,1.0177406489098295,0.0955700130585866,0.11248053612154423,-0.02865127731480098,0.5253393497149851,1.120422376315359,0.3111153346057015,7.225339349714985,True,6.7,False,6.7,False,7.225339349714985,True,6.7,False,7.225339349714985,True,6.7,False,7.094004512286239,7.149897866438718,True,True,0.75,0.8563947602303219,7.225339349714985,wind_stuck_7_days,2018
2612,UA1_JV187,ALARC2_Smith6,2018-05-06,5.81240012,6.7,6.7,1.1836509592119024,1.1836509592119024,0.5994169939138475,1.5826417306226055,0.27239377796266806,-0.20129975064031133,-0.279542645413248,-1.1836509592119024,1.120422376315359,0.3111153346057015,7.883650959211902,True,6.7,False,6.7,False,7.883650959211902,True,6.7,False,6.7,False,6.7,False,7.587738219408927,7.280007360229888,True,True,0.75,0.4900155368573077,7.748636860381225,wind_stuck_7_days,2018
2613,UA1_JV187,ALARC2_Smith6,2018-05-14,5.77978034,6.1,6.1,0.46433571679798497,0.46433571679798497,0.12000188758876225,0.611771179695911,-0.08591102230970865,-0.09743241999449374,-0.004037642097434482,-0.4643357167979849,1.120422376315359,0.3111153346057015,6.564335716797984,True,6.564335716797984,True,6.564335716797984,True,6.1,False,6.1,False,6.1,False,6.1,False,6.448251787598489,6.10264327824155,True,True,0.75,0.005692601593904382,6.564335716797984,wind_stuck_7_days,2018
2614,UA1_JV187,ALARC2_Smith6,2018-05-22,6.28454504,6.6,6.6,0.5640512783437959,0.5640512783437959,0.16037554869866943,0.6501585510725297,0.07629413007737675,0.1227702408551226,-0.004037642097434482,-0.5640512783437959,1.120422376315359,0.3111153346057015,7.164051278343796,True,7.164051278343796,True,7.164051278343796,True,7.164051278343796,True,7.164051278343796,True,7.164051278343796,True,6.6,False,7.0230384587578465,7.09735299500833,True,True,0.75,0.8817513834357239,7.164051278343796,wind_stuck_7_days,2018
2615,UA1_JV187,ALARC2_Smith6,2018-06-07,7.28026744,6.8,6.8,1.01973937292698,1.01973937292698,0.23377762842748906,0.7424471868643151,-0.04958537872367457,-0.1174360464358353,-0.16080293994836267,-0.059204492926979047,1.120422376315359,0.3111153346057015,7.81973937292698,True,7.81973937292698,True,7.81973937292698,True,6.8,False,6.8,False,6.8,False,6.8,False,7.564804529695235,7.320991117845009,True,True,0.75,0.5109061508036088,7.81973937292698,wind_stuck_7_days,2018
2616,UA1_JV187,ALARC2_Smith6,2018-06-23,6.71276572,6.8,6.8,-0.04160325289665352,0.04160325289665352,0.1829646826351943,0.6457032592031873,0.02614455898452707,0.013658837165775836,-0.03785840898715112,0.04160325289665352,1.120422376315359,0.3111153346057015,6.758396747103347,True,6.758396747103347,True,6.758396747103347,True,6.758396747103347,True,6.758396747103347,True,6.758396747103347,True,6.8,False,6.76879756032751,6.758396747103347,True,True,0.75,1.0,6.758396747103347,wind_stuck_7_days,2018
2617,UA1_JV187,ALARC2_Smith6,2018-07-01,5.77033562,6.3,6.3,0.7795233032158803,0.7795233032158803,0.22503785575340327,0.6571179864404921,0.07492414138342655,0.10701557269035497,-0.10530800433791951,-0.7795233032158801,1.120422376315359,0.3111153346057015,7.07952330321588,True,7.07952330321588,True,7.07952330321588,True,7.07952330321588,True,7.07952330321588,True,7.07952330321588,True,6.3,False,6.88464247741191,6.682277324710677,True,True,0.75,0.49039884136062795,7.176825427051076,wind_stuck_7_days,2018
2618,UA1_KN18,ALARC2_Smith6,2018-09-27,1.96214417,1.9,1.9,-0.2338095661194925,0.2338095661194925,0.25991097905999155,0.6371273626415336,-0.003903667255620944,-0.012956189624727249,-0.02723873277953178,-0.2338095661194925,1.120422376315359,0.3111153346057015,1.6661904338805074,True,1.6661904338805074,True,1.6661904338805074,True,1.9,False,1.9,False,1.9,False,1.9,False,1.7246428254103805,1.7817201033481171,True,True,0.75,0.5058813401648153,1.6701603571699002,wind_stuck_7_days,2018
2619,UA1_KN18,ALARC2_Smith6,2018-10-05,2.7417378,2.5,2.5,-0.29319309092860546,0.29319309092860546,0.16357689619872182,0.4661448551092503,0.019603191732382688,0.030414010167558795,-0.0014205266441136755,-0.29319309092860546,1.120422376315359,0.3111153346057015,2.2068069090713944,True,2.2068069090713944,True,2.2068069090713944,True,2.2068069090713944,True,2.2068069090713944,True,2.2068069090713944,True,2.5,False,2.280105181803546,2.3800569372635163,True,True,0.75,0.4090923914905295,2.2068069090713944,wind_stuck_7_days,2018
2620,UA1_KN18,ALARC2_Smith6,2018-10-21,2.6886964,2.8,2.8,-0.030050285753401178,0.030050285753401178,0.19232928544713,0.6025713677072143,0.01969810771412515,0.020650199413973298,-0.00046356849922204985,0.030050285753401185,1.120422376315359,0.3111153346057015,2.7699497142465987,True,2.7699497142465987,True,2.7699497142465987,True,2.7699497142465987,True,2.7699497142465987,True,2.7699497142465987,True,2.8,False,2.777462285684949,2.7699497142465987,True,True,0.75,1.0,2.7699497142465987,wind_stuck_7_days,2018
2621,UA1_KN18,ALARC2_Smith6,2018-10-29,3.18230337,4.0,4.0,-0.20029955729845614,0.20029955729845614,0.36544023767859,0.8095920066526847,0.012989538804433324,-2.7673276320642316e-05,-0.011278729379250153,0.20029955729845617,1.120422376315359,0.3111153346057015,3.799700442701544,True,4.0,False,3.799700442701544,True,3.799700442701544,True,3.799700442701544,True,4.0,False,4.0,False,3.849775332026158,3.943380906065966,True,True,0.75,0.2826720872361613,3.799700442701544,wind_stuck_7_days,2018
2622,UA1_KN18,ALARC2_Smith6,2018-11-06,2.67810139,2.9,2.9,0.00915065842748751,0.00915065842748751,0.24157010450525687,0.6149357038043635,0.01969810771412515,0.020650199413973298,-0.011278729379250153,-0.009150658427487524,1.120422376315359,0.3111153346057015,2.9091506584274875,True,2.9091506584274875,True,2.9091506584274875,True,2.9091506584274875,True,2.9091506584274875,True,2.9091506584274875,True,2.9,False,2.9068629938206154,2.9091506584274875,True,True,0.75,1.0,2.9091506584274875,wind_stuck_7_days,2018
2623,UA2_JV330,ALARC2_Smith6,2018-12-08,1.65889279,0.8,0.8,0.2157554819950412,0.2157554819950412,0.16790621403380446,0.5118345900706525,0.02667724533781374,0.028604816045432437,-0.007796061083258941,0.21575548199504113,1.120422376315359,0.3111153346057015,1.0157554819950412,True,1.0157554819950412,True,1.0157554819950412,True,1.0157554819950412,True,1.0157554819950412,True,1.0157554819950412,True,0.8,False,0.961816611496281,0.9808701740874473,True,True,0.75,0.8383109083253987,1.0157554819950412,wind_stuck_7_days,2018
2624,UA2_JV330,ALARC2_Smith6,2018-12-24,1.53734539,1.5,1.5,-0.11788471356489336,0.11788471356489336,0.1982133690578424,0.7316228460578973,0.04121060319220753,0.025981294620656837,-0.02723873277953178,-0.11788471356489336,1.120422376315359,0.3111153346057015,1.3821152864351067,True,1.3821152864351067,True,1.3821152864351067,True,1.3821152864351067,True,1.3821152864351067,True,1.3821152864351067,True,1.5,False,1.41158646482633,1.3821152864351067,True,True,0.75,1.0,1.3821152864351067,wind_stuck_7_days,2018
2633,UA3_JV108,ALARC2_Smith6,2018-03-27,1.86453416,2.4,2.4,-1.3904618192618237,1.3904618192618237,0.12552325561298652,0.42546486542472695,0.06598649591578623,0.33957782088386784,-0.1667281694401762,-0.31953013926182394,1.120422376315359,0.3111153346057015,1.0095381807381762,True,1.0095381807381762,True,1.0095381807381762,True,1.0095381807381762,True,1.0095381807381762,True,1.0095381807381762,True,2.4,False,1.3571536355536322,1.9949078932618571,True,True,0.75,0.291336375531117,1.0095381807381762,wind_stuck_7_days,2018
2634,UA3_JV108,ALARC2_Smith6,2018-04-12,6.9216879,5.8,5.8,-0.9588149068632079,0.9588149068632079,0.389794168247611,1.1400373100695709,-0.19556237663608855,-0.1690506644075108,-0.23101486724854475,-0.9588149068632079,1.120422376315359,0.3111153346057015,4.841185093136792,True,5.8,False,5.8,False,5.8,False,5.8,False,5.8,False,5.8,False,5.080888819852594,5.73031018536123,True,True,0.75,0.07268328239363969,4.841185093136792,wind_stuck_7_days,2018
2635,UA3_JV108,ALARC2_Smith6,2018-04-20,5.11638923,5.4,5.4,-0.1786209467027393,0.1786209467027393,0.20846866859817018,0.6860653470233248,0.007078839998533955,0.006073912809254028,-0.011278729379250153,0.1786209467027393,1.120422376315359,0.3111153346057015,5.221379053297261,True,5.221379053297261,True,5.221379053297261,True,5.221379053297261,True,5.221379053297261,True,5.221379053297261,True,5.4,False,5.2660342899729455,5.3616877143388635,True,True,0.75,0.21448932148420566,5.221379053297261,wind_stuck_7_days,2018
2636,UA3_JV108,ALARC2_Smith6,2018-04-28,7.74132759,6.5,6.5,0.40762814582728035,0.40762814582728035,0.40317054911025757,0.9380081269079945,0.012991983443901643,0.015666944503125946,-0.019701114637738368,0.40762814582728035,1.120422376315359,0.3111153346057015,6.90762814582728,True,6.5,False,6.5,False,6.90762814582728,True,6.5,False,6.90762814582728,True,6.5,False,6.80572110937046,6.68071839345097,True,True,0.75,0.4433413033445037,6.90762814582728,wind_stuck_7_days,2018
2637,UA3_JV108,ALARC2_Smith6,2018-05-05,6.34996582,6.4,6.4,1.1816009423595524,1.1816009423595524,0.4873831003187425,1.5045115832418052,0.25827205192091746,-0.2609121028406062,-0.279542645413248,-1.1816009423595524,1.120422376315359,0.3111153346057015,7.581600942359553,True,6.4,False,6.4,False,7.581600942359553,True,6.4,False,6.4,False,6.4,False,7.286200706769664,6.8669219802887245,True,True,0.75,0.3951604670831781,7.550367616635191,wind_stuck_7_days,2018
2638,UA3_JV108,ALARC2_Smith6,2018-05-06,6.42861697,6.6,6.6,1.1796139856628813,1.1796139856628813,0.6055245052878258,1.6119347022935784,0.27239377796266806,-0.20129975064031133,-0.279542645413248,-1.1796139856628813,1.120422376315359,0.3111153346057015,7.7796139856628805,True,6.6,False,6.6,False,7.7796139856628805,True,6.6,False,6.6,False,6.6,False,7.484710489247161,7.178029180468985,True,True,0.75,0.4900155368573077,7.592009362148493,wind_stuck_7_days,2018
2639,UA3_JV108,ALARC2_Smith6,2018-05-14,6.1409579,5.7,5.7,0.33174880273342755,0.33174880273342755,0.15874632161457888,0.5617376956490141,-0.0009223475106014379,0.008471528079654756,-0.0013859828208947495,0.33174880273342755,1.120422376315359,0.3111153346057015,6.031748802733428,True,6.031748802733428,True,6.031748802733428,True,5.7,False,5.7,False,6.031748802733428,True,5.7,False,5.948811602050071,5.871188271038384,True,True,0.75,0.5160177508641677,6.031748802733428,wind_stuck_7_days,2018
2640,UA3_JV108,ALARC2_Smith6,2018-05-22,6.78915664,6.1,6.1,0.3984387222237355,0.3984387222237355,0.17742812110554107,0.589867773339982,0.03273169029627018,0.09812755828095503,0.009116797083799734,0.3984387222237355,1.120422376315359,0.3111153346057015,6.498438722223735,True,6.498438722223735,True,6.498438722223735,True,6.498438722223735,True,6.498438722223735,True,6.498438722223735,True,6.498438722223735,True,6.398829041667801,6.250404158653564,True,True,0.75,0.37748378926159626,6.498438722223735,wind_stuck_7_days,2018
2641,UA3_JV108,ALARC2_Smith6,2018-05-30,7.91837112,6.6,6.6,0.4503635231425096,0.4503635231425096,0.25198470765654896,0.6614527787877812,0.046699185713552686,0.06634934109490088,-0.04382639693109819,0.4503635231425096,1.120422376315359,0.3111153346057015,7.05036352314251,True,7.05036352314251,True,7.05036352314251,True,7.05036352314251,True,7.05036352314251,True,7.05036352314251,True,6.6,False,6.937772642356882,7.05036352314251,True,True,0.75,1.0,7.05036352314251,wind_stuck_7_days,2018
2642,UA3_JV108,ALARC2_Smith6,2018-06-07,6.92932228,6.7,6.7,0.9864086939147985,0.9864086939147985,0.2497213273203196,0.7439866270052107,-0.07560685761374321,-0.06805704341680706,-0.16080293994836267,-0.5277641339147987,1.120422376315359,0.3111153346057015,7.686408693914799,True,7.686408693914799,True,7.686408693914799,True,6.7,False,6.7,False,6.7,False,6.7,False,7.439806520436099,7.1625762363341074,True,True,0.75,0.4689498776600022,7.686408693914799,wind_stuck_7_days,2018
2643,UA3_JV108,ALARC2_Smith6,2018-06-23,7.18180262,6.2,6.2,-0.31382080660883327,0.31382080660883327,0.19424084338498576,0.662556094566809,-0.024065898059025755,-0.029072945537338656,-0.03785840898715112,-0.31382080660883327,1.120422376315359,0.3111153346057015,5.8861791933911665,True,5.8861791933911665,True,5.8861791933911665,True,6.2,False,6.2,False,6.2,False,6.2,False,5.964634395043375,6.088728188259271,True,True,0.75,0.35457117373172153,5.8861791933911665,wind_stuck_7_days,2018
2644,UA3_KN15,ALARC2_Smith6,2018-09-11,6.60251007,4.8,4.8,0.35661163018397174,0.35661163018397174,0.29056023267600706,0.7874064140536914,-0.0011918246408661496,-0.0017599151551096809,-0.01853290357446526,0.3566116301839717,1.120422376315359,0.3111153346057015,5.1566116301839715,True,5.1566116301839715,True,5.1566116301839715,True,4.8,False,4.8,False,4.8,False,4.8,False,5.067458722637979,4.998209745492756,True,True,0.75,0.5558140248833208,5.0678531350541745,wind_stuck_7_days,2018
2645,UA3_KN15,ALARC2_Smith6,2018-09-27,1.7935042,1.9,1.9,-0.2338095661194925,0.2338095661194925,0.25991097905999155,0.6371273626415336,-0.003903667255620944,-0.012956189624727249,-0.02723873277953178,-0.02081796611949288,1.120422376315359,0.3111153346057015,1.6661904338805074,True,1.6661904338805074,True,1.6661904338805074,True,1.9,False,1.9,False,1.9,False,1.9,False,1.7246428254103805,1.7817201033481171,True,True,0.75,0.5058813401648153,1.6701603571699002,wind_stuck_7_days,2018
2646,UA3_KN15,ALARC2_Smith6,2018-10-21,3.20124815,3.3,3.3,-0.09148187767529932,0.09148187767529932,0.2913685810620462,0.6825888240292701,0.005032538348978024,0.004635522083058734,-0.011278729379250153,0.09148187767529932,1.120422376315359,0.3111153346057015,3.2085181223247004,True,3.2085181223247004,True,3.2085181223247004,True,3.2085181223247004,True,3.2085181223247004,True,3.2085181223247004,True,3.3,False,3.231388591743525,3.2235699308338357,True,True,0.75,0.8354667734022775,3.2085181223247004,wind_stuck_7_days,2018
2647,UA3_KN15,ALARC2_Smith6,2018-10-29,3.29820741,4.1,4.1,-0.19347991612050472,0.19347991612050472,0.3751381365191643,0.8376701429337675,-0.02931785413430082,-2.7673276320642316e-05,-0.029281480220760152,0.19347991612050475,1.120422376315359,0.3111153346057015,3.906520083879495,True,4.1,False,3.906520083879495,True,4.1,False,4.1,False,4.1,False,4.1,False,3.9548900629096213,4.084918188600999,True,True,0.75,0.07795026843823648,3.906520083879495,wind_stuck_7_days,2018
3369,US-ARM,US-A32,2018-01-08,0.4532143,0.7,0.7,-0.15093479979317842,0.15093479979317842,0.12251136152542662,0.34043259882307736,0.024004449167574514,0.019617780455122972,-0.007796061083258941,0.15093479979317842,1.120422376315359,0.3111153346057015,0.5490652002068215,True,0.5490652002068215,True,0.5490652002068215,True,0.5490652002068215,True,0.5490652002068215,True,0.5490652002068215,True,0.7,False,0.5867989001551162,0.5490652002068215,True,True,0.75,1.0,0.5490652002068215,wind_stuck_7_days,2018
3370,US-ARM,US-A32,2018-01-24,0.29796106,0.6,0.6,-0.2458322394895144,0.2458322394895144,0.04848091633311362,0.36502858829623824,0.02667724533781374,0.028604816045432437,-0.007796061083258941,0.2458322394895144,1.120422376315359,0.3111153346057015,0.3541677605104856,True,0.3541677605104856,True,0.3541677605104856,True,0.3541677605104856,True,0.3541677605104856,True,0.3541677605104856,True,0.6,False,0.41562582038286416,0.4595537176110831,True,True,0.75,0.5713094534734832,0.3541677605104856,wind_stuck_7_days,2018
3371,US-ARM,US-A32,2018-02-01,0.45828444,0.6,0.6,0.06489390459866555,0.06489390459866555,0.11593238247699666,0.32328489299982655,0.02667724533781374,0.025981294620656837,-0.007796061083258941,-0.06489390459866556,1.120422376315359,0.3111153346057015,0.6648939045986655,True,0.6648939045986655,True,0.6648939045986655,True,0.6648939045986655,True,0.6648939045986655,True,0.6648939045986655,True,0.6,False,0.6486704284489991,0.6648939045986655,True,True,0.75,1.0,0.6648939045986655,wind_stuck_7_days,2018
3372,US-ARM,US-A32,2018-02-09,0.25246547,0.5,0.5,0.3535717673859941,0.3535717673859941,0.14877521896274348,0.3316752501225516,0.06407559471001613,0.07667858225743622,-0.03206106961967883,-0.3535717673859941,1.120422376315359,0.3111153346057015,0.8535717673859942,True,0.8535717673859942,True,0.8535717673859942,True,0.8535717673859942,True,0.8535717673859942,True,0.8535717673859942,True,0.5,False,0.7651788255394956,0.8535717673859942,True,True,0.75,1.0,0.8535717673859942,wind_stuck_7_days,2018
3373,US-ARM,US-A32,2018-03-05,1.8068505,1.6,1.6,0.23737342760696456,0.23737342760696456,0.17620205682706244,0.42085935472076325,0.023624560058123238,0.026780063853236218,-0.007796061083258941,0.1763275723930351,1.120422376315359,0.3111153346057015,1.8373734276069646,True,1.8373734276069646,True,1.8373734276069646,True,1.8373734276069646,True,1.8373734276069646,True,1.8373734276069646,True,1.6,False,1.7780300707052235,1.7644064892020714,True,True,0.75,0.6926069647285472,1.8373734276069646,wind_stuck_7_days,2018
3374,US-ARM,US-A32,2018-03-13,1.03324048,1.3,1.3,-0.331794864580793,0.331794864580793,0.14531529635652587,0.3842615378459849,0.043630897860752055,0.048324987043553716,-0.007796061083258941,0.20172417541920729,1.120422376315359,0.3111153346057015,0.968205135419207,True,0.968205135419207,True,0.968205135419207,True,0.968205135419207,True,0.968205135419207,True,0.968205135419207,True,1.3,False,1.0511538515644052,1.1032853881620823,True,True,0.75,0.5928802185846284,0.968205135419207,wind_stuck_7_days,2018
3375,US-ARM,US-A32,2018-04-30,5.19712061,5.3,5.3,-1.0729924073524413,1.0729924073524413,0.25468029448983565,1.31719105963905,0.20947203377297982,-0.09604473126574359,-0.2177502091350913,-0.8672336273524412,1.120422376315359,0.3111153346057015,4.227007592647558,True,4.227007592647558,True,5.3,False,4.227007592647558,True,5.3,False,5.3,False,5.3,False,4.495255694485669,5.225668088744486,True,True,0.75,0.06927533759434916,4.311918415053692,wind_stuck_7_days,2018
3376,US-ARM,US-A32,2018-06-01,4.39633753,4.0,4.0,-0.03895010238977846,0.03895010238977846,0.39167439674850885,0.6665697424855501,-0.02135581951217828,-0.02362210121604809,-0.025033061878636846,-0.038950102389778474,1.120422376315359,0.3111153346057015,3.9610498976102217,True,4.0,False,3.9610498976102217,True,4.0,False,4.0,False,4.0,False,4.0,False,3.9707874232076663,3.962848790282651,True,True,0.75,0.953815457160353,3.9610498976102217,wind_stuck_7_days,2018
3377,US-ARM,US-A32,2018-06-09,6.99162747,5.9,5.9,-0.4248092192836818,0.4248092192836818,0.13996440450389763,0.6338965089287566,-0.05403885200943659,-0.09493783577675975,-0.03662739987604349,-0.42480921928368187,1.120422376315359,0.3111153346057015,5.475190780716319,True,5.475190780716319,True,5.475190780716319,True,5.9,False,5.9,False,5.9,False,5.9,False,5.581393085537239,5.873377987438755,True,True,0.75,0.06266816103034502,5.475190780716319,wind_stuck_7_days,2018
3378,US-ARM,US-A32,2018-06-17,3.01740433,4.1,4.1,0.11487934694362942,0.11487934694362942,0.15053630873262283,0.7049260617496205,-0.00783664994082012,-0.013210956592007855,-0.01853290357446526,-0.11487934694362933,1.120422376315359,0.3111153346057015,4.214879346943629,True,4.214879346943629,True,4.214879346943629,True,4.1,False,4.1,False,4.1,False,4.1,False,4.186159510207721,4.214879346943629,True,True,0.75,1.0,4.214879346943629,wind_stuck_7_days,2018
3379,US-ARM,US-A32,2018-06-25,5.90798884,3.7,3.7,-0.02519127763077672,0.02519127763077672,0.2130409230954774,0.4746942153224046,0.008723565744852144,0.010652381344428594,0.0026807679526438767,-0.025191277630776554,1.120422376315359,0.3111153346057015,3.6748087223692236,True,3.6748087223692236,True,3.6748087223692236,True,3.6748087223692236,True,3.6748087223692236,True,3.6748087223692236,True,3.6748087223692236,True,3.6811065417769178,3.6748087223692236,True,True,0.75,1.0,3.6748087223692236,wind_stuck_7_days,2018
3380,US-ARM,US-A32,2018-07-03,8.84468888,6.6,6.6,-0.42884745724404133,0.42884745724404133,0.14913464844480406,0.5214021377062099,0.02024709200719508,0.030376581893186445,-0.02266790254414946,-0.4288474572440415,1.120422376315359,0.3111153346057015,6.171152542755959,True,6.171152542755959,True,6.171152542755959,True,6.171152542755959,True,6.171152542755959,True,6.171152542755959,True,6.6,False,6.278364407066968,6.245088063115562,True,True,0.75,0.827594826293842,6.171152542755959,wind_stuck_7_days,2018
3381,US-ARM,US-A32,2018-07-11,1.84364349,2.3,2.3,-0.5167899583568049,0.5167899583568049,0.19392481928131952,0.4750669880595792,-0.015632143296663487,-0.014214137568700458,-0.0014205266441136755,0.3959230616431947,1.120422376315359,0.3111153346057015,1.783210041643195,True,1.783210041643195,True,1.783210041643195,True,2.3,False,2.3,False,2.3,False,2.3,False,1.9124075312323963,2.2282105030846,True,True,0.75,0.1389142644018532,1.783210041643195,wind_stuck_7_days,2018
3382,US-ARM,US-A32,2018-07-27,2.01352187,2.0,2.0,0.008596697921128988,0.008596697921128988,0.1991557572019922,0.5222125201700785,3.0149786331810346e-05,-0.0062760606190140735,-0.007796061083258941,0.008596697921128988,1.120422376315359,0.3111153346057015,2.008596697921129,True,2.008596697921129,True,2.008596697921129,True,2.008596697921129,True,2.008596697921129,True,2.0,False,2.0,False,2.0064475234408468,2.008596697921129,True,True,0.75,1.0,2.008596697921129,wind_stuck_7_days,2018
3383,US-ARM,US-A32,2018-08-04,2.86017683,2.1,2.1,-0.027614506121687886,0.027614506121687886,0.22951086159410472,0.5216031174770531,3.0149786331810346e-05,-0.0062760606190140735,-0.0012959027790873535,-0.02761450612168792,1.120422376315359,0.3111153346057015,2.072385493878312,True,2.072385493878312,True,2.072385493878312,True,2.072385493878312,True,2.072385493878312,True,2.1,False,2.1,False,2.0792891204087343,2.072385493878312,True,True,0.75,1.0,2.072385493878312,wind_stuck_7_days,2018
3384,US-ARM,US-A32,2018-08-12,2.45018782,2.3,2.3,0.7217757187496027,0.7217757187496027,0.16024434987339684,0.4780912917753204,0.10128808432692822,0.12301289881133186,0.004337667314675444,-0.4214000787496023,1.120422376315359,0.3111153346057015,3.0217757187496024,True,3.0217757187496024,True,3.0217757187496024,True,3.0217757187496024,True,3.0217757187496024,True,3.0217757187496024,True,3.0217757187496024,True,2.8413317890622016,2.8811612760629823,True,True,0.75,0.8051826363316583,3.0217757187496024,wind_stuck_7_days,2018
3385,US-ARM,US-A32,2018-10-15,2.82009291,0.9,0.9,0.20698348071274553,0.20698348071274553,0.10969284618465891,0.42262701295317084,0.02667724533781374,0.025981294620656837,-0.007796061083258941,0.20698348071274553,1.120422376315359,0.3111153346057015,1.1069834807127457,True,1.1069834807127457,True,1.1069834807127457,True,1.1069834807127457,True,1.1069834807127457,True,1.1069834807127457,True,0.9,False,1.0552376105345591,1.0826255213840759,True,True,0.75,0.8823193075853526,1.1069834807127457,wind_stuck_7_days,2018
3386,US-ARM,US-A32,2018-10-23,2.18263257,1.5,1.5,-0.1284845818169265,0.1284845818169265,0.0875663255452791,0.30168500345091215,0.02667724533781374,0.025981294620656837,-0.007796061083258941,-0.12848458181692646,1.120422376315359,0.3111153346057015,1.3715154181830735,True,1.3715154181830735,True,1.3715154181830735,True,1.3715154181830735,True,1.3715154181830735,True,1.3715154181830735,True,1.5,False,1.4036365636373052,1.3715154181830735,True,True,0.75,1.0,1.3715154181830735,wind_stuck_7_days,2018
3387,US-ARM,US-A32,2018-11-16,1.69721337,1.4,1.4,-0.21497455217505118,0.21497455217505118,0.0843710181773242,0.30869508647807165,0.02667724533781374,0.028604816045432437,-0.007796061083258941,-0.21497455217505124,1.120422376315359,0.3111153346057015,1.1850254478249487,True,1.1850254478249487,True,1.1850254478249487,True,1.1850254478249487,True,1.1850254478249487,True,1.1850254478249487,True,1.4,False,1.2387690858687115,1.244756578764655,True,True,0.75,0.7221478992031208,1.1850254478249487,wind_stuck_7_days,2018
3388,US-ARM,US-A32,2018-11-24,1.63720862,1.6,1.6,-0.3676480657869466,0.3676480657869466,0.09747817503750869,0.4328848859265374,0.029631722999481858,0.036543874606821715,-0.007796061083258941,-0.3676480657869466,1.120422376315359,0.3111153346057015,1.2323519342130536,True,1.2323519342130536,True,1.2323519342130536,True,1.2323519342130536,True,1.2323519342130536,True,1.2323519342130536,True,1.6,False,1.3242639506597902,1.3726470054514508,True,True,0.75,0.6183984514154939,1.2323519342130536,wind_stuck_7_days,2018
3389,US-ARM,US-A32,2018-12-02,1.42371516,0.7,0.7,0.11953154813283925,0.11953154813283925,0.13191692643827999,0.40020736567006293,0.024004449167574514,0.019617780455122972,-0.007796061083258941,0.11953154813283928,1.120422376315359,0.3111153346057015,0.8195315481328392,True,0.8195315481328392,True,0.8195315481328392,True,0.8195315481328392,True,0.8195315481328392,True,0.8195315481328392,True,0.7,False,0.7896486610996294,0.8195315481328392,True,True,0.75,1.0,0.8195315481328392,wind_stuck_7_days,2018
3390,US-ARM,US-A32,2018-12-10,0.56143983,0.6,0.6,-0.19055318992353984,0.19055318992353984,0.12817849977598214,0.2512831159534876,0.024004449167574514,0.019617780455122972,-0.007796061083258941,-0.11343284992353983,1.120422376315359,0.3111153346057015,0.4094468100764601,True,0.4094468100764601,True,0.4094468100764601,True,0.4094468100764601,True,0.4094468100764601,True,0.4094468100764601,True,0.6,False,0.4570851075573451,0.4289458558776563,True,True,0.75,0.8976713755932384,0.4094468100764601,wind_stuck_7_days,2018
3946,US-Bi1,US-Bi1,2018-01-25,1.58247012,1.1,1.1,-0.0763450298466277,0.0763450298466277,0.19469100264312345,0.3309604725187393,0.024099365149316977,0.019617780455122972,-0.007796061083258941,-0.07634502984662772,1.120422376315359,0.3111153346057015,1.0236549701533724,True,1.0236549701533724,True,1.0236549701533724,True,1.0236549701533724,True,1.0236549701533724,True,1.0236549701533724,True,1.1,False,1.0427412276150294,1.0236549701533724,True,True,0.75,1.0,1.0236549701533724,wind_stuck_7_days,2018
3947,US-Bi1,US-Bi1,2018-02-01,1.06990386,1.0,1.0,0.06282244705781617,0.06282244705781617,0.16354093376337803,0.561176673163638,0.02667724533781374,0.025981294620656837,-0.010940397535124869,0.06282244705781617,1.120422376315359,0.3111153346057015,1.0628224470578163,True,1.0628224470578163,True,1.0628224470578163,True,1.0628224470578163,True,1.0628224470578163,True,1.0628224470578163,True,1.0,False,1.0471168352933622,1.0628224470578163,True,True,0.75,1.0,1.0628224470578163,wind_stuck_7_days,2018
3948,US-Bi1,US-Bi1,2018-02-09,1.53860594,1.3,1.3,-0.12931235527284413,0.12931235527284413,0.13385265713457106,0.4300017780720191,0.02667724533781374,0.025981294620656837,-0.007796061083258941,-0.12931235527284413,1.120422376315359,0.3111153346057015,1.170687644727156,True,1.170687644727156,True,1.170687644727156,True,1.170687644727156,True,1.170687644727156,True,1.170687644727156,True,1.3,False,1.2030157335453668,1.170687644727156,True,True,0.75,1.0,1.170687644727156,wind_stuck_7_days,2018
3949,US-Bi1,US-Bi1,2018-02-10,3.09883167,1.3,1.3,0.12590842792221174,0.12590842792221174,0.11564541155626451,0.3775573974050518,0.02667724533781374,0.025981294620656837,-0.007796061083258941,0.1259084279222118,1.120422376315359,0.3111153346057015,1.4259084279222118,True,1.4259084279222118,True,1.4259084279222118,True,1.4259084279222118,True,1.4259084279222118,True,1.4259084279222118,True,1.3,False,1.3944313209416588,1.4259084279222118,True,True,0.75,1.0,1.4259084279222118,wind_stuck_7_days,2018
3950,US-Bi1,US-Bi1,2018-02-17,1.78067983,1.3,1.3,-0.21580049002990626,0.21580049002990626,0.12324090868027426,0.35249840471543026,0.02667724533781374,0.028604816045432437,-0.007796061083258941,-0.2158004900299062,1.120422376315359,0.3111153346057015,1.0841995099700938,True,1.0841995099700938,True,1.0841995099700938,True,1.0841995099700938,True,1.0841995099700938,True,1.0841995099700938,True,1.3,False,1.1381496324775704,1.1441601294778991,True,True,0.75,0.7221478992031208,1.0806981728235867,wind_stuck_7_days,2018
3951,US-Bi1,US-Bi1,2018-02-25,1.93817028,1.7,1.7,-0.2646867442815597,0.2646867442815597,0.10825695173825474,0.382834868392807,0.027291882088384754,0.02908242682474482,-0.007796061083258941,-0.2646867442815597,1.120422376315359,0.3111153346057015,1.4353132557184403,True,1.4353132557184403,True,1.4353132557184403,True,1.4353132557184403,True,1.4353132557184403,True,1.4353132557184403,True,1.7,False,1.50148494178883,1.5710421206377994,True,True,0.75,0.48720943586438975,1.4353132557184403,wind_stuck_7_days,2018
3952,US-Bi1,US-Bi1,2018-03-05,1.71982825,1.4,1.4,-0.07553279749490867,0.07553279749490867,0.1232051254415751,0.32672501356372574,0.02667724533781374,0.025981294620656837,-0.007796061083258941,-0.07553279749490865,1.120422376315359,0.3111153346057015,1.3244672025050912,True,1.3244672025050912,True,1.3244672025050912,True,1.3244672025050912,True,1.3244672025050912,True,1.3244672025050912,True,1.4,False,1.3433504018788185,1.3244672025050912,True,True,0.75,1.0,1.3244672025050912,wind_stuck_7_days,2018
3953,US-Bi1,US-Bi1,2018-03-29,3.70587789,4.5,4.5,-0.9114384811511769,0.9114384811511769,0.24250834037743244,0.5218302662213088,0.024106026242450996,0.0626456814219463,0.02434272712862545,0.6768057388488231,1.120422376315359,0.3111153346057015,3.588561518848823,True,3.588561518848823,True,3.588561518848823,True,3.588561518848823,True,3.588561518848823,True,3.588561518848823,True,3.588561518848823,True,3.8164211391366174,3.7423260369686897,True,True,0.75,0.8312946827462704,3.588561518848823,wind_stuck_7_days,2018
3954,US-Bi1,US-Bi1,2018-04-14,4.40872466,3.8,3.8,-0.6639471283427933,0.6639471283427933,0.1337072285821006,0.2914665069265743,0.005336766686912725,0.039525736055777395,0.003992274458543315,-0.6639471283427933,1.120422376315359,0.3111153346057015,3.1360528716572063,True,3.1360528716572063,True,3.1360528716572063,True,3.1360528716572063,True,3.1360528716572063,True,3.1360528716572063,True,3.1360528716572063,True,3.302039653742905,3.282040838248335,True,True,0.75,0.780121096456109,3.1360528716572063,wind_stuck_7_days,2018
3955,US-Bi1,US-Bi1,2018-04-15,4.56588346,4.3,4.3,-0.7399326924689661,0.7399326924689661,0.2567138759084276,0.7031220952286188,0.024265216042769235,0.018780484865413626,-0.10143366418237587,-0.7399326924689662,1.120422376315359,0.3111153346057015,3.5600673075310336,True,3.5600673075310336,True,3.5600673075310336,True,3.5600673075310336,True,3.5600673075310336,True,3.5600673075310336,True,4.3,False,3.7450504806482754,3.7987313326897105,True,True,0.75,0.6774517093408643,3.5600673075310336,wind_stuck_7_days,2018
3956,US-Bi1,US-Bi1,2018-04-22,4.54283404,5.0,5.0,-0.8365789417047097,0.8365789417047097,0.13710171982875083,0.40134638788761345,0.023731385172553802,0.01855151286546871,0.02434272712862545,0.07775297829529071,1.120422376315359,0.3111153346057015,4.16342105829529,True,4.16342105829529,True,4.16342105829529,True,4.16342105829529,True,4.16342105829529,True,4.16342105829529,True,4.16342105829529,True,4.372565793721468,4.605256662875969,True,True,0.75,0.47185425958685584,4.16342105829529,wind_stuck_7_days,2018
3957,US-Bi1,US-Bi1,2018-05-01,2.46916574,2.4,2.4,-0.12551547404122462,0.12551547404122462,0.10941987727819802,0.455127460729046,0.016366954651239,0.016255914051302927,-0.0014205266441136755,-0.12551547404122462,1.120422376315359,0.3111153346057015,2.2744845259587754,True,2.2744845259587754,True,2.2744845259587754,True,2.2744845259587754,True,2.2744845259587754,True,2.2744845259587754,True,2.4,False,2.3058633944690814,2.2744845259587754,True,True,0.75,1.0,2.2744845259587754,wind_stuck_7_days,2018
3958,US-Bi1,US-Bi1,2018-05-08,5.22678348,4.5,4.5,-0.6320378516504669,0.6320378516504669,0.183324397322246,0.30142166996419023,0.005646940045589174,0.014449866308649249,-0.0016767816741818356,-0.632037851650467,1.120422376315359,0.3111153346057015,3.867962148349533,True,3.867962148349533,True,3.867962148349533,True,3.867962148349533,True,3.867962148349533,True,3.867962148349533,True,4.5,False,4.0259716112621495,4.182556102337568,True,True,0.75,0.5022545672438407,3.867962148349533,wind_stuck_7_days,2018
3959,US-Bi1,US-Bi1,2018-05-09,5.20750379,4.7,4.7,-0.8649859991600009,0.8649859991600009,0.20319298895360718,0.3657074704808024,-0.007813582583554756,0.006916808525243649,0.02434272712862545,-0.8649859991600009,1.120422376315359,0.3111153346057015,3.8350140008399993,True,3.8350140008399993,True,3.8350140008399993,True,4.7,False,4.7,False,3.8350140008399993,True,3.8350140008399993,True,4.05126050063,4.315381433608881,True,True,0.75,0.44465293861938576,3.8350140008399993,wind_stuck_7_days,2018
3960,US-Bi1,US-Bi1,2018-05-17,5.24559725,5.7,5.7,-1.226909118608602,1.226909118608602,0.15680071585819097,0.4716264558893705,0.18962508904180145,0.19235599949516524,-0.1392335578978099,-0.31810361860860237,1.120422376315359,0.3111153346057015,4.473090881391398,True,4.473090881391398,True,4.473090881391398,True,4.473090881391398,True,4.473090881391398,True,4.473090881391398,True,5.7,False,4.779818161043549,4.841188889926109,True,True,0.75,0.6999794011212839,4.473090881391398,wind_stuck_7_days,2018
3961,US-Bi1,US-Bi1,2018-05-24,4.3145019,3.0,3.0,-0.17076470433291355,0.17076470433291355,0.12406270252449374,0.3014956199631796,0.016366954651239,0.016255914051302927,0.0026807679526438767,-0.17076470433291346,1.120422376315359,0.3111153346057015,2.8292352956670865,True,2.8292352956670865,True,2.8292352956670865,True,2.8292352956670865,True,2.8292352956670865,True,2.8292352956670865,True,2.8292352956670865,True,2.871926471750315,2.8292352956670865,True,True,0.75,1.0,2.8292352956670865,wind_stuck_7_days,2018
3962,US-Bi1,US-Bi1,2018-06-01,2.86215673,3.2,3.2,-0.688367621557919,0.688367621557919,0.17036938405402421,0.38455968853413103,-0.02911302175672758,-0.03342358642970153,0.003992274458543315,-0.012681081557918916,1.120422376315359,0.3111153346057015,2.5116323784420813,True,2.5116323784420813,True,2.5116323784420813,True,3.2,False,3.2,False,3.2,False,2.5116323784420813,True,2.6837242838315607,2.9872091731502937,True,True,0.75,0.30912381725351445,2.5116323784420813,wind_stuck_7_days,2018
3963,US-Bi1,US-Bi1,2018-06-02,3.60077085,2.8,2.8,-1.1201309267986794,1.1201309267986794,0.20416828535929682,0.4992819568372715,-0.0359066058747618,-0.07209625919086014,-0.13472749650303242,-1.1201309267986794,1.120422376315359,0.3111153346057015,1.6798690732013204,True,1.6798690732013204,True,1.6798690732013204,True,2.8,False,2.8,False,2.8,False,2.8,False,1.9599018049009902,2.594563975960796,True,True,0.75,0.1834035817815846,1.6798690732013204,wind_stuck_7_days,2018
3964,US-Bi1,US-Bi1,2018-06-18,5.378851,5.0,5.0,-0.6323705527607009,0.6323705527607009,0.18247125575610998,0.4464323393028037,-0.03666381595065524,-0.03239848765634503,-0.0016767816741818356,-0.6323705527607009,1.120422376315359,0.3111153346057015,4.367629447239299,True,4.367629447239299,True,4.367629447239299,True,5.0,False,5.0,False,5.0,False,5.0,False,4.525722085429474,4.907180971857357,True,True,0.75,0.1467794914507462,4.367629447239299,wind_stuck_7_days,2018
3965,US-Bi1,US-Bi1,2018-06-25,2.09971516,2.0,2.0,0.0906473803645484,0.0906473803645484,0.2139781802543368,0.4433055037035639,3.0149786331810346e-05,-0.0062760606190140735,-0.007796061083258941,0.0906473803645484,1.120422376315359,0.3111153346057015,2.0906473803645484,True,2.0906473803645484,True,2.0906473803645484,True,2.0906473803645484,True,2.0906473803645484,True,2.0,False,2.0,False,2.067985535273411,2.0906473803645484,True,True,0.75,1.0,2.0906473803645484,wind_stuck_7_days,2018
3966,US-Bi1,US-Bi1,2018-07-03,3.14498518,3.2,3.2,-0.20669646496045146,0.20669646496045146,0.2449605165761422,0.42357009362828196,-0.011254949450535037,-0.013210956592007855,0.0026807679526438767,-0.09666682496045098,1.120422376315359,0.3111153346057015,2.9933035350395487,True,2.9933035350395487,True,2.9933035350395487,True,3.2,False,3.2,False,3.2,False,2.9933035350395487,True,3.0449776512796616,3.039644446974323,True,True,0.75,0.7758021069995512,2.9933035350395487,wind_stuck_7_days,2018
3967,US-Bi1,US-Bi1,2018-07-04,3.22104156,3.0,3.0,-0.2912737473053853,0.2912737473053853,0.27496820406408795,0.4357628585393584,0.016461870632981462,0.026019724804888424,0.0026807679526438767,-0.29127374730538524,1.120422376315359,0.3111153346057015,2.7087262526946145,True,2.7087262526946145,True,2.7087262526946145,True,2.7087262526946145,True,2.7087262526946145,True,2.7087262526946145,True,2.7087262526946145,True,2.781544689520961,2.8886206832165198,True,True,0.75,0.3823870768095855,2.7087262526946145,wind_stuck_7_days,2018
3968,US-Bi1,US-Bi1,2018-07-11,6.82482819,4.6,4.6,-0.5238214908838874,0.5238214908838874,0.14097691192999817,0.3499351263668744,-0.03666381595065524,-0.03239848765634503,-0.02266790254414946,-0.5238214908838872,1.120422376315359,0.3111153346057015,4.0761785091161125,True,4.0761785091161125,True,4.0761785091161125,True,4.6,False,4.6,False,4.6,False,4.6,False,4.207133881837084,4.531028519661148,True,True,0.75,0.1316698179421213,4.0761785091161125,wind_stuck_7_days,2018
3969,US-Bi1,US-Bi1,2018-07-19,7.22884674,6.5,6.5,0.07386041034973331,0.07386041034973331,0.2074173814838278,0.3147793871815251,0.011911411616779942,-0.004280324574662319,-0.004573406242571226,0.07386041034973334,1.120422376315359,0.3111153346057015,6.573860410349734,True,6.573860410349734,True,6.573860410349734,True,6.573860410349734,True,6.573860410349734,True,6.5,False,6.5,False,6.5553953077623,6.573860410349734,True,True,0.75,1.0,6.573860410349734,wind_stuck_7_days,2018
3970,US-Bi1,US-Bi1,2018-07-20,7.62486319,6.1,6.1,-0.17562191795453233,0.17562191795453233,0.1887635395439641,0.2988749433935612,0.019072643835963205,0.02782755535540152,-0.004573406242571226,-0.1756219179545324,1.120422376315359,0.3111153346057015,5.924378082045467,True,5.924378082045467,True,5.924378082045467,True,5.924378082045467,True,5.924378082045467,True,5.924378082045467,True,6.1,False,5.968283561534101,5.953740318301852,True,True,0.75,0.8328099556230426,5.924378082045467,wind_stuck_7_days,2018
3971,US-Bi1,US-Bi1,2018-07-27,3.37037011,4.7,4.7,-0.16881106548296826,0.16881106548296826,0.20749734724650903,0.5498527224014517,-0.014486477989165948,-0.015047922186615085,-0.007717742694437157,0.1688110654829682,1.120422376315359,0.3111153346057015,4.531188934517032,True,4.531188934517032,True,4.531188934517032,True,4.7,False,4.7,False,4.7,False,4.7,False,4.573391700887774,4.531188934517032,True,True,0.75,1.0,4.531188934517032,wind_stuck_7_days,2018
3972,US-Bi1,US-Bi1,2018-08-04,3.14061721,3.3,3.3,0.27996154801987766,0.27996154801987766,0.1571696919111568,0.592338310049946,0.013274999307627655,0.0178928933634845,-0.007717742694437157,-0.27996154801987766,1.120422376315359,0.3111153346057015,3.5799615480198774,True,3.5799615480198774,True,3.5799615480198774,True,3.5799615480198774,True,3.5799615480198774,True,3.5799615480198774,True,3.3,False,3.5099711610149082,3.481727009023476,True,True,0.75,0.649114174102842,3.5799615480198774,wind_stuck_7_days,2018
3973,US-Bi1,US-Bi1,2018-08-12,5.00831287,4.1,4.1,-0.26321702643279726,0.26321702643279726,0.18514162859774577,0.522031019730776,-0.024731383696003893,-0.03009173858570693,-0.004573406242571226,-0.2632170264327973,1.120422376315359,0.3111153346057015,3.8367829735672023,True,3.8367829735672023,True,3.8367829735672023,True,4.1,False,4.1,False,4.1,False,4.1,False,3.902587230175402,3.96323294306437,True,True,0.75,0.5195980624397352,3.8367829735672023,wind_stuck_7_days,2018
3974,US-Bi1,US-Bi1,2018-08-20,5.66419553,5.3,5.3,-0.4102098481179922,0.4102098481179922,0.15146543282453123,0.43128467335346565,-0.029192253564596902,-0.03376247836768708,0.0026807679526438767,-0.4102098481179922,1.120422376315359,0.3111153346057015,4.889790151882008,True,4.889790151882008,True,4.889790151882008,True,5.3,False,5.3,False,5.3,False,4.889790151882008,True,4.9923426139115055,5.228583762198054,True,True,0.75,0.17409683879993798,4.889790151882008,wind_stuck_7_days,2018
3975,US-Bi1,US-Bi1,2018-08-21,4.61219336,4.7,4.7,0.1568041775523576,0.1568041775523576,0.20568516346061874,0.2790505343275922,0.007546816744970707,0.012956081657145043,0.0026807679526438767,-0.1568041775523576,1.120422376315359,0.3111153346057015,4.856804177552358,True,4.856804177552358,True,4.856804177552358,True,4.856804177552358,True,4.856804177552358,True,4.856804177552358,True,4.856804177552358,True,4.817603133164268,4.856804177552358,True,True,0.75,1.0,4.856804177552358,wind_stuck_7_days,2018
3976,US-Bi1,US-Bi1,2018-08-28,5.94485527,5.0,5.0,0.33283253944971813,0.33283253944971813,0.23994196099059215,0.4286386095187642,0.018860232951212915,0.025165487039125994,-0.013222997264548578,0.33283253944971813,1.120422376315359,0.3111153346057015,5.3328325394497185,True,5.3328325394497185,True,5.3328325394497185,True,5.3328325394497185,True,5.3328325394497185,True,5.3328325394497185,True,5.0,False,5.249624404587289,5.318230402307219,True,True,0.75,0.9561276755973418,5.3328325394497185,wind_stuck_7_days,2018
3977,US-Bi1,US-Bi1,2018-09-05,6.04481869,5.7,5.7,0.06016927279142368,0.06016927279142368,0.2784710333580886,0.5450398782859031,0.007078839998533955,0.008815415749821367,-0.00046356849922204985,0.0601692727914237,1.120422376315359,0.3111153346057015,5.7601692727914235,True,5.7601692727914235,True,5.7601692727914235,True,5.7601692727914235,True,5.7601692727914235,True,5.7601692727914235,True,5.7,False,5.745126954593568,5.7601692727914235,True,True,0.75,1.0,5.7601692727914235,wind_stuck_7_days,2018
3978,US-Bi1,US-Bi1,2018-09-06,5.61799985,5.6,5.6,-0.06144178837275198,0.06144178837275198,0.1276841645176195,0.4301310827965431,0.006983924016791495,0.011677480117785093,0.0026807679526438767,-0.06144178837275198,1.120422376315359,0.3111153346057015,5.538558211627247,True,5.538558211627247,True,5.538558211627247,True,5.538558211627247,True,5.538558211627247,True,5.538558211627247,True,5.538558211627247,True,5.553918658720436,5.538558211627247,True,True,0.75,1.0,5.538558211627247,wind_stuck_7_days,2018
3979,US-Bi1,US-Bi1,2018-09-13,4.79320537,4.6,4.6,-0.1891423226855232,0.1891423226855232,0.27425182370891804,0.4352260364292995,0.007546816744970707,0.012956081657145043,0.0026807679526438767,-0.18914232268552322,1.120422376315359,0.3111153346057015,4.4108576773144765,True,4.4108576773144765,True,4.4108576773144765,True,4.4108576773144765,True,4.4108576773144765,True,4.4108576773144765,True,4.4108576773144765,True,4.458143257985857,4.441295990525892,True,True,0.75,0.839071907443882,4.4108576773144765,wind_stuck_7_days,2018
3980,US-Bi1,US-Bi1,2018-09-21,2.69317357,2.4,2.4,-0.4874965927189173,0.4874965927189173,0.20291498741829678,0.4749187669410227,-0.015632143296663487,-0.014214137568700458,-0.0014205266441136755,-0.4874965927189173,1.120422376315359,0.3111153346057015,1.9125034072810827,True,1.9125034072810827,True,1.9125034072810827,True,2.4,False,2.4,False,2.4,False,2.4,False,2.0343775554608117,2.324846819092371,True,True,0.75,0.15416144857234154,1.9125034072810827,wind_stuck_7_days,2018
3981,US-Bi1,US-Bi1,2018-09-22,2.95716826,2.0,2.0,-0.6873974975378137,0.6873974975378137,0.161557541469552,0.3785333216786804,0.04664155623365646,0.048445956734234394,-0.012724640274045611,-0.6873974975378137,1.120422376315359,0.3111153346057015,1.3126025024621863,True,1.3126025024621863,True,1.3126025024621863,True,1.3126025024621863,True,1.3126025024621863,True,1.3126025024621863,True,2.0,False,1.4844518768466397,1.5806401793885376,True,True,0.75,0.6100688787980253,1.3126025024621863,wind_stuck_7_days,2018
3982,US-Bi1,US-Bi1,2018-09-29,3.41349036,3.0,3.0,-0.30078950272846694,0.30078950272846694,0.13785506369439052,0.3434474975779422,0.019603191732382688,0.030414010167558795,0.0026807679526438767,-0.30078950272846694,1.120422376315359,0.3111153346057015,2.699210497271533,True,2.699210497271533,True,2.699210497271533,True,2.699210497271533,True,2.699210497271533,True,2.699210497271533,True,2.699210497271533,True,2.77440787295365,2.8861101984112874,True,True,0.75,0.378636224188731,2.699210497271533,wind_stuck_7_days,2018
3983,US-Bi1,US-Bi1,2018-10-07,4.79465469,4.2,4.2,-0.19894617847355484,0.19894617847355484,0.21133676962318934,0.46372777544517907,0.008723565744852144,0.010652381344428594,0.0026807679526438767,-0.1989461784735549,1.120422376315359,0.3111153346057015,4.001053821526446,True,4.001053821526446,True,4.001053821526446,True,4.001053821526446,True,4.001053821526446,True,4.001053821526446,True,4.001053821526446,True,4.050790366144834,4.034165076520967,True,True,0.75,0.8335667704271911,4.001053821526446,wind_stuck_7_days,2018
3984,US-Bi1,US-Bi1,2018-10-08,2.95430343,3.2,3.2,-0.3627466811072466,0.3627466811072466,0.146462852227477,0.2109300528047459,0.01579153054766319,0.015046666707098968,0.0026807679526438767,0.12864645889275383,1.120422376315359,0.3111153346057015,2.8372533188927536,True,2.8372533188927536,True,2.8372533188927536,True,2.8372533188927536,True,2.8372533188927536,True,2.8372533188927536,True,2.8372533188927536,True,2.927939989169565,2.9598169750288874,True,True,0.75,0.6621232873529783,2.8372533188927536,wind_stuck_7_days,2018
3985,US-Bi1,US-Bi1,2018-10-15,3.928796,3.4,3.4,-0.4356065986097327,0.4356065986097327,0.17734547982618448,0.4352290991711619,0.020416825967371738,0.02151920200850508,0.0026807679526438767,-0.4356065986097327,1.120422376315359,0.3111153346057015,2.964393401390267,True,2.964393401390267,True,2.964393401390267,True,2.964393401390267,True,2.964393401390267,True,2.964393401390267,True,2.964393401390267,True,3.0732950510427006,3.144426525215795,True,True,0.75,0.5867070783589704,2.964393401390267,wind_stuck_7_days,2018
3986,US-Bi1,US-Bi1,2018-10-24,2.23087651,2.7,2.7,-0.3021277031900789,0.3021277031900789,0.08941876557142082,0.4661395862900776,0.019603191732382688,0.030414010167558795,0.0026807679526438767,0.3021277031900789,1.120422376315359,0.3111153346057015,2.397872296809921,True,2.397872296809921,True,2.397872296809921,True,2.397872296809921,True,2.397872296809921,True,2.397872296809921,True,2.397872296809921,True,2.473404222607441,2.585603507241295,True,True,0.75,0.378636224188731,2.397872296809921,wind_stuck_7_days,2018
3987,US-Bi1,US-Bi1,2018-10-31,1.3311581,1.3,1.3,-0.4351240092963377,0.4351240092963377,0.09255711280966758,0.39486410801775096,0.05678040938494418,0.05847880907866709,-0.007796061083258941,-0.4351240092963377,1.120422376315359,0.3111153346057015,0.8648759907036623,True,0.8648759907036623,True,0.8648759907036623,True,0.8648759907036623,True,0.8648759907036623,True,0.8648759907036623,True,1.3,False,0.9736569930277468,1.0389913151341532,True,True,0.75,0.5998489609615844,0.8648759907036623,wind_stuck_7_days,2018
3988,US-Bi1,US-Bi1,2018-11-08,1.76702472,2.0,2.0,-0.7082419318674635,0.7082419318674635,0.11607590118701527,0.3718121737759975,0.0566279930415127,0.07454692525471902,-0.03262615544661389,-0.24229137186746352,1.120422376315359,0.3111153346057015,1.2917580681325365,True,1.2917580681325365,True,1.2917580681325365,True,1.2917580681325365,True,1.2917580681325365,True,1.2917580681325365,True,2.0,False,1.4688185510994023,1.506646681822878,True,True,0.75,0.69658868810022,1.2917580681325365,wind_stuck_7_days,2018
3989,US-Bi1,US-Bi1,2018-11-09,0.87033607,1.0,1.0,-0.5212064981831357,0.5212064981831357,0.2008315623883399,0.45561162788349596,0.08938822624408373,0.08957919505812692,-0.007796061083258941,-0.2618786381831357,1.120422376315359,0.3111153346057015,0.4787935018168643,True,0.4787935018168643,True,0.4787935018168643,True,0.4787935018168643,True,0.4787935018168643,True,0.4787935018168643,True,1.0,False,0.6090951263626483,0.6869365299882646,True,True,0.75,0.6006515097241452,0.4703899194499084,wind_stuck_7_days,2018
3990,US-Bi1,US-Bi1,2018-11-16,0.61394747,0.8,0.8,-0.3703971667653181,0.3703971667653181,0.15726435313772158,0.46500525090063477,0.040958101690512824,0.03933795145324426,-0.007796061083258941,0.001707893234681901,1.120422376315359,0.3111153346057015,0.42960283323468196,True,0.42960283323468196,True,0.42960283323468196,True,0.42960283323468196,True,0.42960283323468196,True,0.42960283323468196,True,0.8,False,0.5222021249260115,0.5601318364331749,True,True,0.75,0.6475971878013973,0.41625006280961124,wind_stuck_7_days,2018
3991,US-Bi1,US-Bi1,2018-11-25,1.5455434,0.8,0.8,0.15650283434571227,0.15650283434571227,0.1515516417727134,0.3878954460991494,0.024004449167574514,0.019617780455122972,-0.007796061083258941,0.15650283434571222,1.120422376315359,0.3111153346057015,0.9565028343457123,True,0.9565028343457123,True,0.9565028343457123,True,0.9565028343457123,True,0.9565028343457123,True,0.9565028343457123,True,0.8,False,0.9173771257592842,0.9565028343457123,True,True,0.75,1.0,0.9556979414870937,wind_stuck_7_days,2018
3992,US-Bi1,US-Bi1,2018-12-02,1.01246797,0.7,0.7,0.09851381890749838,0.09851381890749838,0.12131810005384847,0.3216982865368837,0.024004449167574514,0.019617780455122972,-0.007796061083258941,0.09851381890749838,1.120422376315359,0.3111153346057015,0.7985138189074983,True,0.7985138189074983,True,0.7985138189074983,True,0.7985138189074983,True,0.7985138189074983,True,0.7985138189074983,True,0.7,False,0.7738853641806237,0.7985138189074983,True,True,0.75,1.0,0.7985138189074983,wind_stuck_7_days,2018
3993,US-Bi1,US-Bi1,2018-12-26,1.66446944,0.8,0.8,-0.13074525737153408,0.13074525737153408,0.15665543772416024,0.30359934901314467,0.024004449167574514,0.019617780455122972,-0.007796061083258941,-0.13074525737153408,1.120422376315359,0.3111153346057015,0.669254742628466,True,0.669254742628466,True,0.669254742628466,True,0.669254742628466,True,0.669254742628466,True,0.669254742628466,True,0.8,False,0.7019410569713495,0.669254742628466,True,True,0.75,1.0,0.669254742628466,wind_stuck_7_days,2018
3994,US-Bi1,US-Bi1,2018-12-27,2.82726213,0.8,0.8,0.0921547788828991,0.0921547788828991,0.15620927769414045,0.34320600288652414,0.02667724533781374,0.025981294620656837,-0.007796061083258941,0.09215477888289914,1.120422376315359,0.3111153346057015,0.8921547788828992,True,0.8921547788828992,True,0.8921547788828992,True,0.8921547788828992,True,0.8921547788828992,True,0.8921547788828992,True,0.8,False,0.8691160841621743,0.8921547788828992,True,True,0.75,1.0,0.8921547788828992,wind_stuck_7_days,2018
4070,US-Bi2,US-Bi1,2018-02-01,1.98058504,1.4,1.4,-0.207212488208534,0.207212488208534,0.1607501980778377,0.3918461721542074,0.02667724533781374,0.025981294620656837,-0.007796061083258941,-0.207212488208534,1.120422376315359,0.3111153346057015,1.192787511791466,True,1.192787511791466,True,1.192787511791466,True,1.192787511791466,True,1.192787511791466,True,1.192787511791466,True,1.4,False,1.2445906338435995,1.242506460471741,True,True,0.75,0.7600581455774076,1.192787511791466,wind_stuck_7_days,2018
4071,US-Bi2,US-Bi1,2018-02-09,2.06951024,1.6,1.6,-0.2674922517607783,0.2674922517607783,0.12918746684801136,0.4460953432803791,0.027291882088384754,0.02908242682474482,-0.007796061083258941,-0.2674922517607783,1.120422376315359,0.3111153346057015,1.3325077482392218,True,1.3325077482392218,True,1.3325077482392218,True,1.3325077482392218,True,1.3325077482392218,True,1.3325077482392218,True,1.6,False,1.3993808111794164,1.469675250921536,True,True,0.75,0.48720943586438975,1.3325077482392218,wind_stuck_7_days,2018
4072,US-Bi2,US-Bi1,2018-02-17,1.65937372,1.4,1.4,-0.2569598802939025,0.2569598802939025,0.12159032292836308,0.3543097194697761,0.02667724533781374,0.028604816045432437,-0.007796061083258941,-0.2569598802939025,1.120422376315359,0.3111153346057015,1.1430401197060975,True,1.1430401197060975,True,1.1430401197060975,True,1.1430401197060975,True,1.1430401197060975,True,1.1430401197060975,True,1.4,False,1.207280089779573,1.265711117826982,True,True,0.75,0.5226064162990056,1.143111786361988,wind_stuck_7_days,2018
4073,US-Bi2,US-Bi1,2018-02-25,2.1974566,1.2,1.2,-0.0893088545966105,0.0893088545966105,0.10010315404717253,0.339733382330646,0.02667724533781374,0.025981294620656837,-0.007796061083258941,-0.08930885459661053,1.120422376315359,0.3111153346057015,1.1106911454033894,True,1.1106911454033894,True,1.1106911454033894,True,1.1106911454033894,True,1.1106911454033894,True,1.1106911454033894,True,1.2,False,1.133018359052542,1.1106911454033894,True,True,0.75,1.0,1.1106911454033894,wind_stuck_7_days,2018
4074,US-Bi2,US-Bi1,2018-03-05,3.03132174,1.7,1.7,-0.22391903676200844,0.22391903676200844,0.12896614520602545,0.33182420947970903,0.023624560058123238,0.026780063853236218,-0.007796061083258941,-0.22391903676200853,1.120422376315359,0.3111153346057015,1.4760809632379914,True,1.4760809632379914,True,1.4760809632379914,True,1.4760809632379914,True,1.4760809632379914,True,1.4760809632379914,True,1.7,False,1.5320607224284937,1.5478758091891966,True,True,0.75,0.6793714058911748,1.4760809632379914,wind_stuck_7_days,2018
4075,US-Bi2,US-Bi1,2018-03-29,2.5732832,1.8,1.8,-0.16434490253227035,0.16434490253227035,0.16381198906585248,0.4808470593261044,0.023624560058123238,0.026780063853236218,-0.007796061083258941,-0.1643449025322703,1.120422376315359,0.3111153346057015,1.6356550974677297,True,1.6356550974677297,True,1.6356550974677297,True,1.6356550974677297,True,1.6356550974677297,True,1.6356550974677297,True,1.8,False,1.6767413231007973,1.6356550974677297,True,True,0.75,1.0,1.6356550974677297,wind_stuck_7_days,2018
4076,US-Bi2,US-Bi1,2018-04-14,3.13335117,2.2,2.2,-0.22909196250529615,0.22909196250529615,0.15476931190859414,0.376165485767992,0.019603191732382688,0.020650199413973298,-0.0014205266441136755,-0.22909196250529607,1.120422376315359,0.3111153346057015,1.9709080374947041,True,1.9709080374947041,True,1.9709080374947041,True,1.9709080374947041,True,1.9709080374947041,True,1.9709080374947041,True,2.2,False,2.028181028121028,2.053772323966179,True,True,0.75,0.638292476238404,1.9709080374947041,wind_stuck_7_days,2018
4077,US-Bi2,US-Bi1,2018-04-15,3.63203643,2.6,2.6,0.16572526834021212,0.16572526834021212,0.23419005613243948,0.5689640121414021,0.01969810771412515,0.020650199413973298,-0.00046356849922204985,0.16572526834021217,1.120422376315359,0.3111153346057015,2.765725268340212,True,2.765725268340212,True,2.765725268340212,True,2.765725268340212,True,2.765725268340212,True,2.765725268340212,True,2.6,False,2.7242939512551594,2.765725268340212,True,True,0.75,1.0,2.765725268340212,wind_stuck_7_days,2018
4078,US-Bi2,US-Bi1,2018-04-22,2.16608211,2.2,2.2,-0.458532971513326,0.458532971513326,0.14091197758374976,0.41528671226534913,0.03488581701984643,0.032634216396293846,-0.0014205266441136755,-0.39069719151332577,1.120422376315359,0.3111153346057015,1.7414670284866742,True,1.7414670284866742,True,1.7414670284866742,True,1.7414670284866742,True,1.7414670284866742,True,1.7414670284866742,True,2.2,False,1.8561002713650057,1.8904907414192313,True,True,0.75,0.6749989156925301,1.7414670284866742,wind_stuck_7_days,2018
4079,US-Bi2,US-Bi1,2018-05-01,2.67742451,2.8,2.8,-0.2036656680520716,0.2036656680520716,0.12036034538767793,0.427303693896688,0.016366954651239,0.016255914051302927,0.0026807679526438767,0.04148531194792843,1.120422376315359,0.3111153346057015,2.5963343319479284,True,2.5963343319479284,True,2.5963343319479284,True,2.5963343319479284,True,2.5963343319479284,True,2.5963343319479284,True,2.5963343319479284,True,2.6472507489609463,2.6403213100803065,True,True,0.75,0.7840235983163741,2.5963343319479284,wind_stuck_7_days,2018
4080,US-Bi2,US-Bi1,2018-05-08,2.58486758,3.1,3.1,-0.3561192047912928,0.3561192047912928,0.10269160840751984,0.44428015510151475,0.01255529346651951,0.010652381344428594,0.0026807679526438767,0.3561192047912928,1.120422376315359,0.3111153346057015,2.743880795208707,True,2.743880795208707,True,2.743880795208707,True,2.743880795208707,True,2.743880795208707,True,2.743880795208707,True,2.743880795208707,True,2.8329105964065304,2.8513809447865563,True,True,0.75,0.6981343658765873,2.743880795208707,wind_stuck_7_days,2018
4081,US-Bi2,US-Bi1,2018-05-17,3.30294308,2.2,2.2,-0.2739842916113179,0.2739842916113179,0.12933422328106214,0.3054757945342216,0.016366954651239,0.01855827702281153,-0.0014205266441136755,-0.27398429161131777,1.120422376315359,0.3111153346057015,1.9260157083886824,True,1.9260157083886824,True,1.9260157083886824,True,1.9260157083886824,True,1.9260157083886824,True,1.9260157083886824,True,2.2,False,1.9945117812915119,2.0731015696327644,True,True,0.75,0.4631595104264497,1.9260157083886824,wind_stuck_7_days,2018
4082,US-Bi2,US-Bi1,2018-05-24,1.69526895,1.4,1.4,0.2977698833875032,0.2977698833875032,0.12980215757529512,0.4396080046129785,0.047028395163656374,0.05741870860222423,-0.007796061083258941,0.29276801661249696,1.120422376315359,0.3111153346057015,1.6977698833875032,True,1.6977698833875032,True,1.6977698833875032,True,1.6977698833875032,True,1.6977698833875032,True,1.6977698833875032,True,1.4,False,1.6233274125406274,1.57386762195449,True,True,0.75,0.5838992848320633,1.6977698833875032,wind_stuck_7_days,2018
4083,US-Bi2,US-Bi1,2018-06-01,1.41917653,1.2,1.2,-0.11605827630273921,0.11605827630273921,0.1580388081004479,0.3539625067753974,0.011774989816670165,0.007457026591782011,-0.007796061083258941,-0.11605827630273924,1.120422376315359,0.3111153346057015,1.0839417236972608,True,1.0839417236972608,True,1.0839417236972608,True,1.0839417236972608,True,1.0839417236972608,True,1.0839417236972608,True,1.2,False,1.1129562927729455,1.0839417236972608,True,True,0.75,1.0,1.0839417236972608,wind_stuck_7_days,2018
4084,US-Bi2,US-Bi1,2018-06-02,1.27510895,0.7,0.7,-0.31796359498276494,0.31796359498276494,0.1439334226580711,0.3430683746150522,0.02457493880276202,0.024398567199836442,-0.0012959027790873535,-0.31796359498276494,1.120422376315359,0.3111153346057015,0.382036405017235,True,0.382036405017235,True,0.382036405017235,True,0.382036405017235,True,0.382036405017235,True,0.382036405017235,True,0.7,False,0.4615273037629263,0.49917048912852946,True,True,0.75,0.6316116500140727,0.382036405017235,wind_stuck_7_days,2018
4085,US-Bi2,US-Bi1,2018-06-18,2.25829354,2.1,2.1,0.18112206694267338,0.18112206694267338,0.17784208114396205,0.5158370461238249,-6.476619541064972e-05,-0.0062760606190140735,-0.007796061083258941,0.1354650130573263,1.120422376315359,0.3111153346057015,2.2811220669426735,True,2.2811220669426735,True,2.2811220669426735,True,2.1,False,2.1,False,2.1,False,2.1,False,2.235841550207005,2.2726218626490047,True,True,0.75,0.9530691956140318,2.2811220669426735,wind_stuck_7_days,2018
4086,US-Bi2,US-Bi1,2018-06-25,3.39393716,2.4,2.4,-0.000587852810541492,0.000587852810541492,0.20423477618643066,0.5004585215269883,-0.005103447354718435,-0.007607423885133527,-0.0014205266441136755,-0.0005878528105415226,1.120422376315359,0.3111153346057015,2.3994121471894583,True,2.3994121471894583,True,2.3994121471894583,True,2.4,False,2.4,False,2.4,False,2.4,False,2.3995591103920937,2.3994121471894583,True,True,0.75,1.0,2.3994121471894583,wind_stuck_7_days,2018
4087,US-Bi2,US-Bi1,2018-07-03,4.98541267,4.4,4.4,-0.7040995391256344,0.7040995391256344,0.2720538977875607,0.3333495235010011,-0.03656889996891278,-0.03239848765634503,0.003992274458543315,-0.7040995391256344,1.120422376315359,0.3111153346057015,3.695900460874366,True,3.695900460874366,True,3.695900460874366,True,4.4,False,4.4,False,4.4,False,3.695900460874366,True,3.8719253456557743,4.193005613031306,True,True,0.75,0.29398455114136857,3.695900460874366,wind_stuck_7_days,2018
4088,US-Bi2,US-Bi1,2018-07-04,4.54361273,4.2,4.2,-0.4383298228510902,0.4383298228510902,0.22602426315725127,0.29120867528537336,0.007386581773649824,0.0120607768239507,0.0026807679526438767,-0.4383298228510901,1.120422376315359,0.3111153346057015,3.76167017714891,True,3.76167017714891,True,3.76167017714891,True,3.76167017714891,True,3.76167017714891,True,3.76167017714891,True,3.76167017714891,True,3.8712526328616823,3.9456365405940366,True,True,0.75,0.5803015130284119,3.76167017714891,wind_stuck_7_days,2018
4089,US-Bi2,US-Bi1,2018-07-11,6.79026572,5.5,5.5,-0.22426032806731705,0.22426032806731705,0.14244282844539063,0.4349440329898725,-0.014581393970908407,-0.012185857818651358,-0.004573406242571226,-0.224260328067317,1.120422376315359,0.3111153346057015,5.275739671932683,True,5.275739671932683,True,5.275739671932683,True,5.5,False,5.5,False,5.5,False,5.5,False,5.331804753949513,5.385591273416781,True,True,0.75,0.5101603460995414,5.275739671932683,wind_stuck_7_days,2018
4090,US-Bi2,US-Bi1,2018-07-19,6.16367653,6.5,6.5,0.07386041034973331,0.07386041034973331,0.2074173814838278,0.3147793871815251,0.011911411616779942,-0.004280324574662319,-0.004573406242571226,-0.07386041034973334,1.120422376315359,0.3111153346057015,6.573860410349734,True,6.573860410349734,True,6.573860410349734,True,6.573860410349734,True,6.573860410349734,True,6.5,False,6.5,False,6.5553953077623,6.573860410349734,True,True,0.75,1.0,6.573860410349734,wind_stuck_7_days,2018
4091,US-Bi2,US-Bi1,2018-07-20,6.68735951,6.9,6.9,0.19420062338636462,0.19420062338636462,0.15693641534615316,0.3736199746928922,0.02567949809554882,0.013658837165775836,-0.004573406242571226,-0.19420062338636462,1.120422376315359,0.3111153346057015,7.094200623386365,True,7.094200623386365,True,7.094200623386365,True,7.094200623386365,True,7.094200623386365,True,7.094200623386365,True,6.9,False,7.045650467539774,7.094200623386365,True,True,0.75,1.0,7.094200623386365,wind_stuck_7_days,2018
4092,US-Bi2,US-Bi1,2018-07-27,7.29179557,6.5,6.5,0.16365786406639832,0.16365786406639832,0.2055549124245474,0.5293489268056302,0.011911411616779942,-0.007142388942626044,-0.004573406242571226,0.16365786406639837,1.120422376315359,0.3111153346057015,6.663657864066399,True,6.663657864066399,True,6.663657864066399,True,6.663657864066399,True,6.663657864066399,True,6.5,False,6.5,False,6.622743398049799,6.663657864066399,True,True,0.75,1.0,6.663657864066399,wind_stuck_7_days,2018
4093,US-Bi2,US-Bi1,2018-08-04,7.71757831,6.8,6.8,0.5172176838515966,0.5172176838515966,0.20233223503571082,0.5565060038736789,0.09549849460667097,0.13035464054434515,-0.03301123605107008,0.5172176838515966,1.120422376315359,0.3111153346057015,7.317217683851596,True,7.317217683851596,True,7.317217683851596,True,7.317217683851596,True,7.317217683851596,True,7.317217683851596,True,6.8,False,7.1879132628886975,7.317217683851596,True,True,0.75,1.0,7.317217683851596,wind_stuck_7_days,2018
4094,US-Bi2,US-Bi1,2018-08-05,5.39152673,5.6,5.6,-0.15945385821256908,0.15945385821256908,0.13292711064371052,0.529924744147078,-0.014581393970908407,-0.015047922186615085,-0.011073564546742812,0.15945385821256908,1.120422376315359,0.3111153346057015,5.440546141787431,True,5.440546141787431,True,5.440546141787431,True,5.6,False,5.6,False,5.6,False,5.6,False,5.480409606340573,5.459824428370115,True,True,0.75,0.8790980237243068,5.440546141787431,wind_stuck_7_days,2018
4095,US-Bi2,US-Bi1,2018-08-12,6.27792777,5.7,5.7,-0.0015339533400172856,0.0015339533400172856,0.18858743751997875,0.4602044223597628,-0.014581393970908407,-0.012185857818651358,-0.004573406242571226,-0.001533953340017269,1.120422376315359,0.3111153346057015,5.698466046659983,True,5.698466046659983,True,5.698466046659983,True,5.7,False,5.7,False,5.7,False,5.7,False,5.698849534994987,5.698466046659983,True,True,0.75,1.0,5.698466046659983,wind_stuck_7_days,2018
4096,US-Bi2,US-Bi1,2018-08-20,4.73306129,5.5,5.5,-0.31510572883801524,0.31510572883801524,0.15169243364993823,0.4465696098541011,-0.029192253564596902,-0.029066639812350435,0.0026807679526438767,0.31510572883801524,1.120422376315359,0.3111153346057015,5.184894271161985,True,5.184894271161985,True,5.184894271161985,True,5.5,False,5.5,False,5.5,False,5.184894271161985,True,5.2636707033714885,5.407932658905058,True,True,0.75,0.2921792042132951,5.184894271161985,wind_stuck_7_days,2018
4097,US-Bi2,US-Bi1,2018-08-21,3.17252196,4.5,4.5,0.08434208354409958,0.08434208354409958,0.20079138610362904,0.2616626811363926,0.007546816744970707,0.012956081657145043,0.0026807679526438767,-0.08434208354409956,1.120422376315359,0.3111153346057015,4.5843420835441,True,4.5843420835441,True,4.5843420835441,True,4.5843420835441,True,4.5843420835441,True,4.5843420835441,True,4.5843420835441,True,4.563256562658075,4.5843420835441,True,True,0.75,1.0,4.5843420835441,wind_stuck_7_days,2018
4098,US-Bi2,US-Bi1,2018-08-28,3.19940621,4.4,4.4,0.24492280275699332,0.24492280275699332,0.1903726951798362,0.359652584239348,0.010220161097935183,0.01607176548045547,0.0026807679526438767,-0.2449228027569934,1.120422376315359,0.3111153346057015,4.6449228027569935,True,4.6449228027569935,True,4.6449228027569935,True,4.6449228027569935,True,4.6449228027569935,True,4.6449228027569935,True,4.6449228027569935,True,4.5836921020677455,4.541011370498006,True,True,0.75,0.5757380240251176,4.6449228027569935,wind_stuck_7_days,2018
4099,US-Bi2,US-Bi1,2018-09-05,3.15466971,5.1,5.1,-0.022348065529918096,0.022348065529918096,0.1999269774552037,0.43859560006693227,0.007078839998533955,0.011677480117785093,0.0026807679526438767,0.022348065529918193,1.120422376315359,0.3111153346057015,5.077651934470081,True,5.077651934470081,True,5.077651934470081,True,5.077651934470081,True,5.077651934470081,True,5.077651934470081,True,5.077651934470081,True,5.083238950852561,5.077651934470081,True,True,0.75,1.0,5.077651934470081,wind_stuck_7_days,2018
4100,US-Bi2,US-Bi1,2018-09-06,3.30262043,4.6,4.6,-0.3378228803268533,0.3378228803268533,0.16345745338089787,0.3472833908282429,0.009323764927888598,0.011677480117785093,0.0026807679526438767,0.33782288032685326,1.120422376315359,0.3111153346057015,4.262177119673146,True,4.262177119673146,True,4.262177119673146,True,4.262177119673146,True,4.262177119673146,True,4.262177119673146,True,4.262177119673146,True,4.34663283975486,4.409131568722933,True,True,0.75,0.5649955713254105,4.262177119673146,wind_stuck_7_days,2018
4101,US-Bi2,US-Bi1,2018-09-13,2.48758947,3.5,3.5,-0.617780202824924,0.617780202824924,0.15357240638279732,0.3830867798696987,0.02871803101467411,0.027425114550206055,-0.0016767816741818356,0.617780202824924,1.120422376315359,0.3111153346057015,2.8822197971750763,True,2.8822197971750763,True,2.8822197971750763,True,2.8822197971750763,True,2.8822197971750763,True,2.8822197971750763,True,3.5,False,3.036664847881307,3.1521736432315164,True,True,0.75,0.5630260652218667,2.8822197971750763,wind_stuck_7_days,2018
4102,US-Bi2,US-Bi1,2018-09-21,2.43857724,3.5,3.5,-0.2796050466316723,0.2796050466316723,0.1525053909682577,0.3891692717230289,-0.023144580903691172,-0.03009173858570693,0.0026807679526438767,0.2796050466316723,1.120422376315359,0.3111153346057015,3.2203949533683276,True,3.2203949533683276,True,3.2203949533683276,True,3.5,False,3.5,False,3.5,False,3.2203949533683276,True,3.290296215026246,3.3744702846367765,True,True,0.75,0.4489536826156989,3.2203949533683276,wind_stuck_7_days,2018
4103,US-Bi2,US-Bi1,2018-09-22,1.81572199,1.5,1.5,-0.504618720973198,0.504618720973198,0.16848105375444486,0.35689177393697297,0.06594249660005042,0.07381528491589653,-0.007796061083258941,-0.504618720973198,1.120422376315359,0.3111153346057015,0.995381279026802,True,0.995381279026802,True,0.995381279026802,True,0.995381279026802,True,0.995381279026802,True,0.995381279026802,True,1.5,False,1.1215359592701015,1.2150303283906139,True,True,0.75,0.5647227496035007,0.995381279026802,wind_stuck_7_days,2018
4104,US-Bi2,US-Bi1,2018-09-29,0.4045316,1.0,1.0,0.035013210737767454,0.035013210737767454,0.11585160166752802,0.41760541871453294,0.02667724533781374,0.025981294620656837,-0.007796061083258941,-0.03501321073776742,1.120422376315359,0.3111153346057015,1.0350132107377674,True,1.0350132107377674,True,1.0350132107377674,True,1.0350132107377674,True,1.0350132107377674,True,1.0350132107377674,True,1.0,False,1.0262599080533257,1.0350132107377674,True,True,0.75,1.0,1.0350132107377674,wind_stuck_7_days,2018
4105,US-Bi2,US-Bi1,2018-10-07,0.82618086,1.7,1.7,-0.4569858478754513,0.4569858478754513,0.10849902405865929,0.5234903599280138,0.0425745073758485,0.03876408083555674,-0.007796061083258941,0.4569858478754513,1.120422376315359,0.3111153346057015,1.2430141521245486,True,1.2430141521245486,True,1.2430141521245486,True,1.2430141521245486,True,1.2430141521245486,True,1.2430141521245486,True,1.7,False,1.3572606140934114,1.3915350481972388,True,True,0.75,0.6749989156925301,1.2430141521245486,wind_stuck_7_days,2018
4106,US-Bi2,US-Bi1,2018-10-08,0.65629559,0.0,0.0,0.25933167324780315,0.25933167324780315,0.04347833359925947,0.35995025924123863,0.07311596489251203,0.06980544447350645,-0.006332586970748549,0.25933167324780315,1.120422376315359,0.3111153346057015,0.25933167324780315,True,0.25933167324780315,True,0.25933167324780315,True,0.25933167324780315,True,0.25933167324780315,True,0.25933167324780315,True,0.0,False,0.19449875493585236,0.15642351845076932,True,True,0.75,0.6031793821856059,0.25933167324780315,wind_stuck_7_days,2018
4107,US-Bi2,US-Bi1,2018-10-15,0.44543557,0.4,0.4,-0.09529312334535744,0.09529312334535744,0.1293713282470616,0.28468631255650545,0.028312506050431514,0.023055167463133908,-0.006332586970748549,-0.09529312334535744,1.120422376315359,0.3111153346057015,0.3047068766546426,True,0.3047068766546426,True,0.3047068766546426,True,0.3047068766546426,True,0.3047068766546426,True,0.3047068766546426,True,0.4,False,0.3285301574909819,0.3047068766546426,True,True,0.75,1.0,0.3047068766546426,wind_stuck_7_days,2018
4108,US-Bi2,US-Bi1,2018-10-24,0.38179039,0.3,0.3,-0.08134305807667584,0.08134305807667584,0.08401034287691646,0.37346255503711234,0.028312506050431514,0.023055167463133908,-0.006332586970748549,-0.08134305807667586,1.120422376315359,0.3111153346057015,0.21865694192332413,True,0.21865694192332413,True,0.21865694192332413,True,0.21865694192332413,True,0.21865694192332413,True,0.21865694192332413,True,0.3,False,0.2389927064424931,0.21865694192332413,True,True,0.75,1.0,0.21865694192332413,wind_stuck_7_days,2018
4109,US-Bi2,US-Bi1,2018-10-31,0.52434721,0.9,0.9,-0.3476634238337245,0.3476634238337245,0.07870193415577166,0.35821592587982776,0.043630897860752055,0.048324987043553716,-0.007796061083258941,0.3476634238337245,1.120422376315359,0.3111153346057015,0.5523365761662755,True,0.5523365761662755,True,0.5523365761662755,True,0.5523365761662755,True,0.5523365761662755,True,0.5523365761662755,True,0.9,False,0.6392524321247066,0.693466125328667,True,True,0.75,0.5940627069533523,0.5523365761662755,wind_stuck_7_days,2018
4110,US-Bi2,US-Bi1,2018-11-08,1.50408572,1.0,1.0,-0.5137082478320486,0.5137082478320486,0.0734176196171248,0.3055742436621626,0.061219337160348844,0.08957919505812692,-0.007796061083258941,-0.5137082478320485,1.120422376315359,0.3111153346057015,0.4862917521679514,True,0.4862917521679514,True,0.4862917521679514,True,0.4862917521679514,True,0.4862917521679514,True,0.4862917521679514,True,1.0,False,0.6147188141259635,0.6807967681898729,True,True,0.75,0.621370657678222,0.4862917521679514,wind_stuck_7_days,2018
4111,US-Bi2,US-Bi1,2018-11-09,1.27138688,0.6,0.6,-0.36600372544560267,0.36600372544560267,0.15155279818559178,0.41807944749288667,0.043630897860752055,0.048324987043553716,-0.007796061083258941,-0.36600372544560267,1.120422376315359,0.3111153346057015,0.2339962745543973,True,0.2339962745543973,True,0.2339962745543973,True,0.2339962745543973,True,0.2339962745543973,True,0.2339962745543973,True,0.6,False,0.325497205915798,0.34621793353932656,True,True,0.75,0.69338656635721,0.2324301128709101,wind_stuck_7_days,2018
4112,US-Bi2,US-Bi1,2018-11-25,1.80028656,0.8,0.8,0.15650283434571227,0.15650283434571227,0.1515516417727134,0.3878954460991494,0.024004449167574514,0.019617780455122972,-0.007796061083258941,0.15650283434571222,1.120422376315359,0.3111153346057015,0.9565028343457123,True,0.9565028343457123,True,0.9565028343457123,True,0.9565028343457123,True,0.9565028343457123,True,0.9565028343457123,True,0.8,False,0.9173771257592842,0.9565028343457123,True,True,0.75,1.0,0.9556979414870937,wind_stuck_7_days,2018
4113,US-Bi2,US-Bi1,2018-12-02,1.28817375,0.6,0.6,0.1343672741743364,0.1343672741743364,0.1163133327246881,0.31272121929701796,0.024004449167574514,0.019617780455122972,-0.007796061083258941,0.13436727417433636,1.120422376315359,0.3111153346057015,0.7343672741743363,True,0.7343672741743363,True,0.7343672741743363,True,0.7343672741743363,True,0.7343672741743363,True,0.7343672741743363,True,0.6,False,0.7007754556307523,0.7343672741743363,True,True,0.75,1.0,0.7343672741743363,wind_stuck_7_days,2018
4114,US-Bi2,US-Bi1,2018-12-26,1.16893958,1.2,1.2,-0.3305868849497175,0.3305868849497175,0.1761230575072159,0.3472403019214348,0.040958101690512824,0.03933795145324426,-0.007796061083258941,-0.26846604494971754,1.120422376315359,0.3111153346057015,0.8694131150502824,True,0.8694131150502824,True,0.8694131150502824,True,0.8694131150502824,True,0.8694131150502824,True,0.8694131150502824,True,1.2,False,0.9520598362877118,1.002710635502202,True,True,0.75,0.5967852128429287,0.8694131150502824,wind_stuck_7_days,2018
4115,US-Bi2,US-Bi1,2018-12-27,2.65593981,1.2,1.2,-0.024656426021856248,0.024656426021856248,0.190609843761251,0.4034294812394251,0.02667724533781374,0.025981294620656837,-0.007796061083258941,-0.024656426021856248,1.120422376315359,0.3111153346057015,1.1753435739781437,True,1.1753435739781437,True,1.1753435739781437,True,1.1753435739781437,True,1.1753435739781437,True,1.1753435739781437,True,1.2,False,1.1815076804836078,1.1753435739781437,True,True,0.75,1.0,1.1753435739781437,wind_stuck_7_days,2018
5512,US-CMW,US-CMW,2018-01-01,0.06011193,1.0,1.0,-0.2850725775162107,0.2850725775162107,0.12146349581002562,0.4851028581771805,0.04129105694965495,0.048324987043553716,-0.007796061083258941,0.28507257751621073,1.120422376315359,0.3111153346057015,0.7149274224837894,True,0.7149274224837894,True,0.7149274224837894,True,0.7149274224837894,True,0.7149274224837894,True,0.7149274224837894,True,1.0,False,0.786195566862842,0.8756000085727598,True,True,0.75,0.43638007033547854,0.7149274224837894,wind_stuck_7_days,2018
5513,US-CMW,US-CMW,2018-01-17,0.06257098,1.3,1.3,-0.7467377790032956,0.7467377790032956,0.12830953421424646,0.3080555096086415,0.13352112414611672,0.20902492057389654,-0.012275702776531752,0.7467377790032956,1.120422376315359,0.3111153346057015,0.5532622209967044,True,0.5532622209967044,True,0.5532622209967044,True,0.5532622209967044,True,0.5532622209967044,True,0.5532622209967044,True,1.3,False,0.7399466657475283,0.8046531128265539,True,True,0.75,0.6633478325344779,0.5532622209967044,wind_stuck_7_days,2018
5514,US-CMW,US-CMW,2018-01-25,0.07203494,1.2,1.2,-0.9615507665604659,0.9615507665604659,0.16717817078108052,0.41320252297280413,0.14945775038870368,0.1666174768661611,-0.05703371214459044,0.9615507665604659,1.120422376315359,0.3111153346057015,0.23844923343953406,True,0.23844923343953406,True,0.23844923343953406,True,0.23844923343953406,True,0.23844923343953406,True,0.23844923343953406,True,1.2,False,0.4788369250796505,0.6919473060239825,True,True,0.75,0.5283680400914841,0.23844923343953406,wind_stuck_7_days,2018
5515,US-CMW,US-CMW,2018-02-02,0.11492564,1.1,1.1,-0.4871952378942434,0.4871952378942434,0.1253796152334628,0.4394572031765108,0.08929331026234126,0.08957919505812692,-0.007796061083258941,0.4871952378942434,1.120422376315359,0.3111153346057015,0.6128047621057566,True,0.6128047621057566,True,0.6128047621057566,True,0.6128047621057566,True,0.6128047621057566,True,0.6128047621057566,True,1.1,False,0.7346035715793175,0.7784468373620325,True,True,0.75,0.6600088375817991,0.6128047621057566,wind_stuck_7_days,2018
5516,US-CMW,US-CMW,2018-02-10,0.04607917,1.5,1.5,-0.7452693645112353,0.7452693645112353,0.2972414571695009,0.8581039611352329,0.10933346793658758,0.1606542088421798,-0.14797809683093832,0.7452693645112353,1.120422376315359,0.3111153346057015,0.7547306354887647,True,0.7547306354887647,True,0.7547306354887647,True,0.7547306354887647,True,0.7547306354887647,True,0.7547306354887647,True,1.5,False,0.9410479766165736,1.187455656314026,True,True,0.75,0.41937097990194167,0.7547306354887647,wind_stuck_7_days,2018
5517,US-CMW,US-CMW,2018-02-26,0.63500249,1.8,1.8,-1.2855492080822692,1.2855492080822692,0.1509475050435907,0.5915997070883628,-0.03142857386687578,-0.018301763568455656,-0.26523553876097766,1.044445811917731,1.120422376315359,0.3111153346057015,0.5144507919177308,True,0.5144507919177308,True,0.5144507919177308,True,1.8,False,1.8,False,1.8,False,1.8,False,0.8358380939382981,1.4170656711010878,True,True,0.75,0.29787605677899975,0.5144507919177308,wind_stuck_7_days,2018
5518,US-CMW,US-CMW,2018-03-22,0.36312477,1.2,1.2,-0.8313251592946118,0.8313251592946118,0.10939817889007121,0.5281736739723751,0.13049234274485874,0.18485728543569846,0.007625812396036526,0.8313251592946118,1.120422376315359,0.3111153346057015,0.36867484070538814,True,0.36867484070538814,True,0.36867484070538814,True,0.36867484070538814,True,0.36867484070538814,True,0.36867484070538814,True,0.36867484070538814,True,0.5765061305290411,0.8438206432823626,True,True,0.75,0.42844770513123803,0.36867484070538814,wind_stuck_7_days,2018
5519,US-CMW,US-CMW,2018-03-30,0.25666402,2.1,2.1,-1.3445963104741112,1.3445963104741112,0.1433142408224112,0.29415458935534966,0.033515949450242596,-0.20644336205204333,-0.23444640436501687,1.3445963104741112,1.120422376315359,0.3111153346057015,0.7554036895258889,True,0.7554036895258889,True,0.7554036895258889,True,0.7554036895258889,True,0.7554036895258889,True,2.1,False,2.1,False,1.0915527671444167,1.8038526225934994,True,True,0.75,0.22025002976698466,0.7554036895258889,wind_stuck_7_days,2018
5520,US-CMW,US-CMW,2018-04-07,0.41259143,4.3,4.3,-1.4717880324991395,1.4717880324991395,0.3271690616527463,0.9010814910302047,0.4460205686202229,0.2968893575607598,-0.47827941200368235,1.4717880324991395,1.120422376315359,0.3111153346057015,2.8282119675008603,True,4.3,False,4.3,False,2.8282119675008603,True,4.3,False,2.8282119675008603,True,4.3,False,3.196158975625645,3.557253641455424,True,True,0.75,0.5046557942745129,2.8282119675008603,wind_stuck_7_days,2018
5521,US-CMW,US-CMW,2018-04-15,0.30672339,2.5,2.5,-1.8808919044317467,1.8808919044317467,0.2533118937149859,0.4789319022011419,0.9329011526473723,1.0031224620326833,-0.21885011445332553,1.8808919044317467,1.120422376315359,0.3111153346057015,0.6191080955682533,True,0.6191080955682533,True,0.6191080955682533,True,0.6191080955682533,True,0.6191080955682533,True,0.6191080955682533,True,2.5,False,1.08933107167619,0.6776736028261583,True,True,0.75,0.9688629064116266,0.6191080955682533,wind_stuck_7_days,2018
5522,US-CMW,US-CMW,2018-04-23,0.49233247,1.6,1.6,-0.8752429093541325,0.8752429093541325,0.09212031894944946,0.3921512231315229,0.020842513534520272,-0.000724523242203132,0.007625812396036526,0.8752429093541325,1.120422376315359,0.3111153346057015,0.7247570906458676,True,0.7247570906458676,True,0.7247570906458676,True,0.7247570906458676,True,0.7247570906458676,True,1.6,False,0.7247570906458676,True,0.9435678179844007,1.3012890927677483,True,True,0.75,0.34128914846357267,0.7247570906458676,wind_stuck_7_days,2018
5523,US-CMW,US-CMW,2018-05-09,1.22755485,3.7,3.7,-1.3946192371161548,1.3946192371161548,0.2851834861543601,0.542897177134827,0.5677885808125424,0.28181472067791813,-0.3117988275792716,1.3946192371161548,1.120422376315359,0.3111153346057015,2.3053807628838454,True,2.3053807628838454,True,2.3053807628838454,True,2.3053807628838454,True,2.3053807628838454,True,2.3053807628838454,True,3.7,False,2.654035572162884,2.944829898527206,True,True,0.75,0.5414883728653873,2.3053807628838454,wind_stuck_7_days,2018
5524,US-CMW,US-CMW,2018-05-17,2.49570203,5.2,5.2,-1.1866822854578574,1.1866822854578574,0.3505011512591198,0.7169699402406042,-0.12278041134405222,-0.06222275381532359,-0.39237479346287646,1.1866822854578574,1.120422376315359,0.3111153346057015,4.013317714542143,True,5.2,False,4.013317714542143,True,5.2,False,5.2,False,5.2,False,5.2,False,4.309988285906607,5.021535987305444,True,True,0.75,0.15038904252767216,4.04586492151173,wind_stuck_7_days,2018
5525,US-CMW,US-CMW,2018-05-25,3.25026369,4.9,4.9,-0.517596041842546,0.517596041842546,0.17739395361050994,0.4885949442243282,-0.03666381595065524,-0.03239848765634503,-0.02266790254414946,0.517596041842546,1.120422376315359,0.3111153346057015,4.382403958157454,True,4.382403958157454,True,4.382403958157454,True,4.9,False,4.9,False,4.9,False,4.9,False,4.511802968618091,4.830496028382801,True,True,0.75,0.1342822703391979,4.382403958157454,wind_stuck_7_days,2018
5526,US-CMW,US-CMW,2018-06-02,4.03272795,5.5,5.5,-0.4931939804546454,0.4931939804546454,0.22340051453154264,0.5353565660585435,-0.03656889996891278,-0.03526055202430876,-0.07043123776533416,0.49319398045464546,1.120422376315359,0.3111153346057015,5.006806019545355,True,5.006806019545355,True,5.006806019545355,True,5.5,False,5.5,False,5.5,False,5.5,False,5.130104514659016,5.443930648097441,True,True,0.75,0.11368620486988092,5.006806019545355,wind_stuck_7_days,2018
5527,US-CMW,US-CMW,2018-06-10,5.23605102,5.5,5.5,-0.22705895806275883,0.22705895806275883,0.2195217329753198,0.5882510523277849,-0.02102639707559217,-0.026526552365471707,-0.027043248107123,0.22705895806275883,1.120422376315359,0.3111153346057015,5.272941041937242,True,5.272941041937242,True,5.272941041937242,True,5.5,False,5.5,False,5.5,False,5.5,False,5.3297057814529305,5.391167701693161,True,True,0.75,0.4793129468900238,5.402239075740862,wind_stuck_7_days,2018
5528,US-CMW,US-CMW,2018-06-18,5.05996784,5.3,5.3,-0.05416923027613638,0.05416923027613638,0.23424765510958445,0.4635388643114776,-0.014486477989165948,-0.012185857818651358,-0.004573406242571226,0.054169230276136376,1.120422376315359,0.3111153346057015,5.245830769723863,True,5.245830769723863,True,5.245830769723863,True,5.3,False,5.3,False,5.3,False,5.3,False,5.2593730772928975,5.245830769723863,True,True,0.75,1.0,5.245830769723863,wind_stuck_7_days,2018
5529,US-CMW,US-CMW,2018-06-26,4.92923228,6.1,6.1,0.43267310188683067,0.43267310188683067,0.16157622581462064,0.5125495482889637,0.04434374770165685,0.05432365467909192,-0.023898911655257066,-0.4326731018868306,1.120422376315359,0.3111153346057015,6.5326731018868305,True,6.5326731018868305,True,6.5326731018868305,True,6.5326731018868305,True,6.5326731018868305,True,6.5326731018868305,True,6.1,False,6.424504826415123,6.247737945917965,True,True,0.75,0.34145396437564507,6.571446736434392,wind_stuck_7_days,2018
5530,US-CMW,US-CMW,2018-07-04,4.83809883,5.3,5.3,0.46912615564500504,0.46912615564500504,0.23185898739605754,0.4739566768868856,0.002634951719204338,0.010951896895122293,0.0017583536309711753,-0.46912615564500504,1.120422376315359,0.3111153346057015,5.769126155645004,True,5.769126155645004,True,5.769126155645004,True,5.769126155645004,True,5.769126155645004,True,5.769126155645004,True,5.769126155645004,True,5.6518446167337535,5.4172924504481665,True,True,0.75,0.2500232592806529,5.769126155645004,wind_stuck_7_days,2018
5531,US-CMW,US-CMW,2018-08-05,4.88756875,5.9,5.9,-0.13624395800688363,0.13624395800688363,0.14472364913604235,0.5071083274288238,-0.03989305330472637,-0.07061971228715669,-0.004573406242571226,0.1362439580068836,1.120422376315359,0.3111153346057015,5.763756041993116,True,5.763756041993116,True,5.763756041993116,True,5.9,False,5.9,False,5.9,False,5.9,False,5.797817031494837,5.763756041993116,True,True,0.75,1.0,5.763756041993116,wind_stuck_7_days,2018
5532,US-CMW,US-CMW,2018-08-13,5.36348628,6.0,6.0,-0.28552041709640424,0.28552041709640424,0.18351207465085545,0.38311002012951817,0.007277928364549542,0.06058939038894982,0.009192570215690763,0.28552041709640424,1.120422376315359,0.3111153346057015,5.7144795829035955,True,5.7144795829035955,True,5.7144795829035955,True,5.7144795829035955,True,5.7144795829035955,True,5.7144795829035955,True,5.7144795829035955,True,5.785859687177696,5.901026466999848,True,True,0.75,0.34664257641069013,5.7144795829035955,wind_stuck_7_days,2018
5533,US-CMW,US-CMW,2018-09-14,2.90051716,4.5,4.5,-0.03815259227039505,0.03815259227039505,0.20185907055304114,0.39469082362143826,-0.014486477989165948,-0.012185857818651358,0.0026807679526438767,0.038152592270395136,1.120422376315359,0.3111153346057015,4.461847407729605,True,4.461847407729605,True,4.461847407729605,True,4.5,False,4.5,False,4.5,False,4.461847407729605,True,4.4713855557972035,4.461847407729605,True,True,0.75,1.0,4.461847407729605,wind_stuck_7_days,2018
5534,US-CMW,US-CMW,2018-09-22,2.70799961,4.4,4.4,-0.2976860303470433,0.2976860303470433,0.08898235064871662,0.3772428495700223,-0.02637610944232208,-0.029066639812350435,0.0026807679526438767,0.2976860303470432,1.120422376315359,0.3111153346057015,4.102313969652957,True,4.102313969652957,True,4.102313969652957,True,4.4,False,4.4,False,4.4,False,4.102313969652957,True,4.176735477239718,4.2797799667172445,True,True,0.75,0.4038484209104563,4.102313969652957,wind_stuck_7_days,2018
5535,US-CMW,US-CMW,2018-11-09,1.03300975,2.2,2.2,-0.4940047367832718,0.4940047367832718,0.12513387537304857,0.46157305489254385,0.04487225382770267,0.051513810361834646,-0.0014205266441136755,0.49400473678327184,1.120422376315359,0.3111153346057015,1.7059952632167283,True,1.7059952632167283,True,1.7059952632167283,True,1.7059952632167283,True,1.7059952632167283,True,1.7059952632167283,True,2.2,False,1.8294964474125464,1.8917448859758332,True,True,0.75,0.6239922232960361,1.7059952632167283,wind_stuck_7_days,2018
5536,US-CMW,US-CMW,2018-11-17,0.24352589,1.2,1.2,-0.5168838533732416,0.5168838533732416,0.0858827050224112,0.3521320951687786,0.061219337160348844,0.08957919505812692,-0.007796061083258941,0.5168838533732416,1.120422376315359,0.3111153346057015,0.6831161466267583,True,0.6831161466267583,True,0.6831161466267583,True,0.6831161466267583,True,0.6831161466267583,True,0.6831161466267583,True,1.2,False,0.8123371099700687,0.8925929823599146,True,True,0.75,0.594731322392667,0.6831161466267583,wind_stuck_7_days,2018
5537,US-CMW,US-CMW,2018-11-25,0.1435202,0.9,0.9,-0.1544567799333267,0.1544567799333267,0.0677493378190411,0.34585142074768466,0.02667724533781374,0.025981294620656837,-0.007796061083258941,0.15445677993332674,1.120422376315359,0.3111153346057015,0.7455432200666733,True,0.7455432200666733,True,0.7455432200666733,True,0.7455432200666733,True,0.7455432200666733,True,0.7455432200666733,True,0.9,False,0.784157415050005,0.7455432200666733,True,True,0.75,1.0,0.7455432200666733,wind_stuck_7_days,2018
5538,US-CMW,US-CMW,2018-12-03,0.24256014,0.8,0.8,-0.12198714005629194,0.12198714005629194,0.072609859088075,0.3908514662412959,0.024004449167574514,0.019617780455122972,-0.007796061083258941,0.12198714005629196,1.120422376315359,0.3111153346057015,0.6780128599437081,True,0.6780128599437081,True,0.6780128599437081,True,0.6780128599437081,True,0.6780128599437081,True,0.6780128599437081,True,0.8,False,0.7085096449577811,0.6780128599437081,True,True,0.75,1.0,0.6780128599437081,wind_stuck_7_days,2018
5539,US-CMW,US-CMW,2018-12-19,0.42114561,1.2,1.2,-0.3051871655180835,0.3051871655180835,0.1028648637188808,0.43736943915244597,0.043630897860752055,0.048324987043553716,-0.007796061083258941,0.3051871655180835,1.120422376315359,0.3111153346057015,0.8948128344819164,True,0.8948128344819164,True,0.8948128344819164,True,0.8948128344819164,True,0.8948128344819164,True,0.8948128344819164,True,1.2,False,0.9711096258614373,1.0324587118256177,True,True,0.75,0.5489788140007965,0.8948128344819164,wind_stuck_7_days,2018
7014,US-Hn2,US-Hn2,2018-03-28,1.26025857,0.7,0.7,0.6324326717711856,0.6324326717711856,0.08594643962997665,0.3888852833571964,0.1312553892580131,0.15034631455021097,-0.05303298876422658,0.48808446822881446,1.120422376315359,0.3111153346057015,1.3324326717711856,True,1.3324326717711856,True,1.3324326717711856,True,1.3324326717711856,True,1.3324326717711856,True,1.3324326717711856,True,0.7,False,1.1743245038283892,1.3032804657216102,True,True,0.75,0.9539046489044726,1.3324326717711856,wind_stuck_7_days,2018
7015,US-Hn2,US-Hn2,2018-04-21,2.2855701,1.0,1.0,0.3609433645999066,0.3609433645999066,0.14099027703323105,0.3464276534747441,0.04983621282119023,0.05741870860222423,-0.03206106961967883,0.3609433645999066,1.120422376315359,0.3111153346057015,1.3609433645999065,True,1.3609433645999065,True,1.3609433645999065,True,1.3609433645999065,True,1.3609433645999065,True,1.3609433645999065,True,1.0,False,1.2707075234499299,1.3609433645999065,True,True,0.75,1.0,1.3609433645999065,wind_stuck_7_days,2018
7016,US-Hn2,US-Hn2,2018-04-30,1.55403545,1.0,1.0,0.5960899710160603,0.5960899710160603,0.14859657459185116,0.3660371578564604,0.10380483058269596,0.13901123298867307,-0.033335602939307186,0.5119809289839397,1.120422376315359,0.3111153346057015,1.5960899710160603,True,1.5960899710160603,True,1.5960899710160603,True,1.5960899710160603,True,1.5960899710160603,True,1.5960899710160603,True,1.0,False,1.4470674782620452,1.5960899710160603,True,True,0.75,1.0,1.5960899710160603,wind_stuck_7_days,2018
7017,US-Hn2,US-Hn2,2018-06-25,3.30711383,2.1,2.1,0.7792613454184609,0.7792613454184609,0.23393064086669213,0.5531467776285939,0.07832405405566162,0.10055486280250622,-0.03244697964082451,0.7792613454184609,1.120422376315359,0.3111153346057015,2.879261345418461,True,2.879261345418461,True,2.879261345418461,True,2.879261345418461,True,2.879261345418461,True,2.879261345418461,True,2.1,False,2.684446009063846,2.473203739726607,True,True,0.75,0.4789198667697263,2.879261345418461,wind_stuck_7_days,2018
7018,US-Hn2,US-Hn2,2018-07-03,1.04785019,0.3,0.3,0.8697783429276857,0.8697783429276857,0.10753181718210784,0.45561271185653796,0.2779678569041299,0.28941114862829986,0.008166872186874216,0.625922037072314,1.120422376315359,0.3111153346057015,1.1697783429276858,True,1.1697783429276858,True,1.1697783429276858,True,1.1697783429276858,True,1.1697783429276858,True,1.1697783429276858,True,1.1697783429276858,True,0.9523337571957644,1.070008386676673,True,True,0.75,0.8852926644331179,1.1697783429276858,wind_stuck_7_days,2018
7019,US-Hn2,US-Hn2,2018-07-10,2.12620903,1.6,1.6,0.46323138585712637,0.46323138585712637,0.21494333801233687,0.5278698694963342,0.04123580748875173,0.041802384220687265,-0.01707971872415907,0.46323138585712637,1.120422376315359,0.3111153346057015,2.0632313858571263,True,2.0632313858571263,True,2.0632313858571263,True,2.0632313858571263,True,2.0632313858571263,True,2.0632313858571263,True,1.6,False,1.9474235393928447,1.8255199523013264,True,True,0.75,0.48684082984584937,2.0632313858571263,wind_stuck_7_days,2018
7020,US-Hn2,US-Hn2,2018-08-03,1.22642394,0.7,0.7,0.4856740988910153,0.4856740988910153,0.207864215081009,0.44233448225028427,0.06839487343899874,0.07140293529260114,-0.01707971872415907,0.4856740988910153,1.120422376315359,0.3111153346057015,1.1856740988910153,True,1.1856740988910153,True,1.1856740988910153,True,1.1856740988910153,True,1.1856740988910153,True,1.1856740988910153,True,0.7,False,1.0642555741682616,1.0475620348026216,True,True,0.75,0.7156281045174989,1.1856740988910153,wind_stuck_7_days,2018
7021,US-Hn2,US-Hn2,2018-08-04,0.26418153,1.0,1.0,0.4924162772870596,0.4924162772870596,0.1889679667195674,0.550264007810049,0.07136326776167852,0.07506943585007789,-0.052476843064068655,-0.4924162772870596,1.120422376315359,0.3111153346057015,1.4924162772870595,True,1.4924162772870595,True,1.4924162772870595,True,1.4924162772870595,True,1.4924162772870595,True,1.4924162772870595,True,1.0,False,1.3693122079652946,1.4698805821518515,True,True,0.75,0.9542344634515997,1.4924162772870595,wind_stuck_7_days,2018
7022,US-Hn2,US-Hn2,2018-08-11,1.48501467,1.5,1.5,0.5753665192841175,0.5753665192841175,0.13261730840045036,0.5330741302794842,0.06829995745725627,0.07140293529260114,-0.01707971872415907,-0.5753665192841175,1.120422376315359,0.3111153346057015,2.0753665192841178,True,2.0753665192841178,True,2.0753665192841178,True,2.0753665192841178,True,2.0753665192841178,True,2.0753665192841178,True,1.5,False,1.931524889463088,1.7557410265119366,True,True,0.75,0.4444836776914559,2.0753665192841178,wind_stuck_7_days,2018
7023,US-Hn2,US-Hn2,2018-09-04,0.52012365,0.1,0.1,0.5303421820370792,0.5303421820370792,0.09540505612671213,0.37971949472867417,0.17991339228954725,0.208646013221216,-0.007255001292421251,0.309905117962921,1.120422376315359,0.3111153346057015,0.6303421820370791,True,0.6303421820370791,True,0.6303421820370791,True,0.6303421820370791,True,0.6303421820370791,True,0.6303421820370791,True,0.1,False,0.4977566365278093,0.6303421820370791,True,True,0.75,1.0,0.6303421820370791,wind_stuck_7_days,2018
7024,US-Hn2,US-Hn2,2018-09-28,0.19124199,0.2,0.2,0.4374807139242721,0.4374807139242721,0.17636593155086724,0.4331111587388364,0.16934191378392038,0.18616089010251208,-0.009230408565749769,-0.4374807139242721,1.120422376315359,0.3111153346057015,0.6374807139242722,True,0.6374807139242722,True,0.6374807139242722,True,0.6374807139242722,True,0.6374807139242722,True,0.6374807139242722,True,0.2,False,0.5281105354432041,0.636847206268192,True,True,0.75,0.9985519186654026,0.6374807139242722,wind_stuck_7_days,2018
7025,US-Hn3,US-Hn2,2018-03-28,1.36446328,0.9,0.9,0.5361826951045787,0.5361826951045787,0.0904171543475794,0.36488358325284087,0.06400072762098169,0.08249340532908786,-0.03206106961967883,0.39274386489542135,1.120422376315359,0.3111153346057015,1.4361826951045789,True,1.4361826951045789,True,1.4361826951045789,True,1.4361826951045789,True,1.4361826951045789,True,1.4361826951045789,True,0.9,False,1.302137021328434,1.350387020095187,True,True,0.75,0.8399879820950623,1.4361826951045789,wind_stuck_7_days,2018
7026,US-Hn3,US-Hn2,2018-03-29,1.18170918,0.7,0.7,0.7740353842274807,0.7740353842274807,0.12357245546431182,0.5147969819734184,0.18460070096028744,0.1890308616937602,-0.03654071131295163,0.18938297577251917,1.120422376315359,0.3111153346057015,1.4740353842274807,True,1.4740353842274807,True,1.4740353842274807,True,1.4740353842274807,True,1.4740353842274807,True,1.4740353842274807,True,0.7,False,1.2805265381706106,1.371460639521778,True,True,0.75,0.8674805483110097,1.4740353842274807,wind_stuck_7_days,2018
7027,US-Hn3,US-Hn2,2018-04-21,1.53060843,1.1,1.1,0.3463507279445073,0.3463507279445073,0.08667785066272841,0.19937267121986396,0.04983621282119023,0.05741870860222423,-0.03206106961967883,0.3463507279445073,1.120422376315359,0.3111153346057015,1.4463507279445074,True,1.4463507279445074,True,1.4463507279445074,True,1.4463507279445074,True,1.4463507279445074,True,1.4463507279445074,True,1.1,False,1.3597630459583805,1.4463507279445074,True,True,0.75,1.0,1.4463507279445074,wind_stuck_7_days,2018
7028,US-Hn3,US-Hn2,2018-04-30,1.0834519,1.1,1.1,0.5473668784409702,0.5473668784409702,0.14664705719891696,0.3658234161300553,0.06400072762098169,0.08249340532908786,-0.03206106961967883,-0.5473668784409702,1.120422376315359,0.3111153346057015,1.6473668784409703,True,1.6473668784409703,True,1.6473668784409703,True,1.6473668784409703,True,1.6473668784409703,True,1.6473668784409703,True,1.1,False,1.5105251588307278,1.5291974836823061,True,True,0.75,0.7841129973095223,1.6473668784409703,wind_stuck_7_days,2018
7029,US-Hn3,US-Hn2,2018-05-15,1.02562109,2.0,2.0,-0.38705123885189197,0.38705123885189197,0.24538373178305253,0.5747350366425513,0.023935308685128803,0.02735108807100788,-0.010940397535124869,0.38705123885189197,1.120422376315359,0.3111153346057015,1.612948761148108,True,1.612948761148108,True,1.612948761148108,True,1.612948761148108,True,1.612948761148108,True,1.612948761148108,True,2.0,False,1.709711570861081,1.7794855622821122,True,True,0.75,0.5697293163871494,1.6545185940739389,wind_stuck_7_days,2018
7030,US-Hn3,US-Hn2,2018-05-24,0.63525933,0.5,0.5,0.22085923198148824,0.22085923198148824,0.22104756546666532,0.42178170255444564,0.011869905798412624,0.01008054801655761,-0.007796061083258941,0.04965942801851178,1.120422376315359,0.3111153346057015,0.7208592319814883,True,0.7208592319814883,True,0.7208592319814883,True,0.7208592319814883,True,0.7208592319814883,True,0.7208592319814883,True,0.5,False,0.6656444239861161,0.6741814039052536,True,True,0.75,0.7886534891140657,0.7208592319814883,wind_stuck_7_days,2018
7031,US-Hn3,US-Hn2,2018-06-01,0.51331404,0.8,0.8,0.3854602149443159,0.3854602149443159,0.10013063326848533,0.43031002879716673,0.04630492577033123,0.05332016928094873,-0.01707971872415907,-0.3854602149443159,1.120422376315359,0.3111153346057015,1.185460214944316,True,1.185460214944316,True,1.185460214944316,True,1.185460214944316,True,1.185460214944316,True,1.185460214944316,True,0.8,False,1.089095161208237,1.1235460675158118,True,True,0.75,0.8393760366748918,1.185460214944316,wind_stuck_7_days,2018
7032,US-Hn3,US-Hn2,2018-06-17,1.82417266,0.2,0.2,0.44435998983728664,0.44435998983728664,0.2193461847100736,0.4235895115762974,0.17140010465940575,0.19249403396848233,0.00016757133342303748,0.44435998983728653,1.120422376315359,0.3111153346057015,0.6443599898372867,True,0.6443599898372867,True,0.6443599898372867,True,0.6443599898372867,True,0.6443599898372867,True,0.6443599898372867,True,0.6443599898372867,True,0.5332699923779649,0.6265735122543346,True,True,0.75,0.9599728193587702,0.6443599898372867,wind_stuck_7_days,2018
7033,US-Hn3,US-Hn2,2018-06-24,0.4512439,0.4,0.4,0.37342513369510133,0.37342513369510133,0.1631331571332998,0.44854114810386625,0.1389463717367823,0.15623821653280534,-0.007255001292421251,-0.2709373336951014,1.120422376315359,0.3111153346057015,0.7734251336951014,True,0.7734251336951014,True,0.7734251336951014,True,0.7734251336951014,True,0.7734251336951014,True,0.7734251336951014,True,0.4,False,0.680068850271326,0.7734251336951014,True,True,0.75,1.0,0.7734251336951014,wind_stuck_7_days,2018
7034,US-Hn3,US-Hn2,2018-06-25,0.46129487,0.3,0.3,0.7164546274283512,0.7164546274283512,0.1754881363950465,0.5581653482420137,0.2725885435299034,0.31968145151118993,-0.022622262209086686,-0.3938648874283511,1.120422376315359,0.3111153346057015,1.0164546274283512,True,1.0164546274283512,True,1.0164546274283512,True,1.0164546274283512,True,1.0164546274283512,True,1.0164546274283512,True,0.3,False,0.8373409705712633,1.0164546274283512,True,True,0.75,1.0,1.0164546274283512,wind_stuck_7_days,2018
7035,US-Hn3,US-Hn2,2018-07-10,0.24291654,0.7,0.7,0.4973903564960498,0.4973903564960498,0.24336963659422628,0.5867243914208269,0.06839487343899874,0.07140293529260114,-0.037495492168548895,-0.4973903564960498,1.120422376315359,0.3111153346057015,1.1973903564960497,True,1.1973903564960497,True,1.1973903564960497,True,1.1973903564960497,True,1.1973903564960497,True,1.1973903564960497,True,0.7,False,1.0730427673720373,1.042033186994842,True,True,0.75,0.6876554451203126,1.1973903564960497,wind_stuck_7_days,2018
7036,US-Hn3,US-Hn2,2018-07-11,0.44109408,0.6,0.6,0.5138849906669678,0.5138849906669678,0.16320089279206498,0.43397202021522474,0.06829995745725627,0.07140293529260114,-0.01707971872415907,-0.5138849906669678,1.120422376315359,0.3111153346057015,1.1138849906669677,True,1.1138849906669677,True,1.1138849906669677,True,1.1138849906669677,True,1.1138849906669677,True,1.1138849906669677,True,0.6,False,0.9854137430002259,0.931378541601371,True,True,0.75,0.6448496212572332,1.1138849906669677,wind_stuck_7_days,2018
7132,US-IB1,US-IB1,2018-01-13,0.68170228,0.1,0.1,0.2157643074655986,0.2157643074655986,0.19653459210940155,0.7690418652937603,0.048739735755183214,0.01926637569996872,-0.025775258667021392,0.2157643074655986,1.120422376315359,0.3111153346057015,0.3157643074655986,True,0.3157643074655986,True,0.3157643074655986,True,0.3157643074655986,True,0.3157643074655986,True,0.3157643074655986,True,0.1,False,0.261823230599199,0.2808775725756866,True,True,0.75,0.8383109083253987,0.48760493499973556,wind_stuck_7_days,2018
7133,US-IB1,US-IB1,2018-03-02,1.51273279,1.4,1.4,-0.21870773585116096,0.21870773585116096,0.1165320142516662,0.3493448636965648,0.02667724533781374,0.028604816045432437,-0.007796061083258941,-0.218707735851161,1.120422376315359,0.3111153346057015,1.181292264148839,True,1.181292264148839,True,1.181292264148839,True,1.181292264148839,True,1.181292264148839,True,1.181292264148839,True,1.4,False,1.2359691981116292,1.251416218015521,True,True,0.75,0.6793714058911748,1.181292264148839,wind_stuck_7_days,2018
7134,US-IB1,US-IB1,2018-03-10,1.16279015,1.1,1.1,-0.08399718347692463,0.08399718347692463,0.15619308591493813,0.226934813602722,0.02667724533781374,0.025981294620656837,-0.007796061083258941,-0.08399718347692464,1.120422376315359,0.3111153346057015,1.0160028165230754,True,1.0160028165230754,True,1.0160028165230754,True,1.0160028165230754,True,1.0160028165230754,True,1.0160028165230754,True,1.1,False,1.0370021123923066,1.0160028165230754,True,True,0.75,1.0,1.0160028165230754,wind_stuck_7_days,2018
7135,US-IB1,US-IB1,2018-03-18,1.36042387,1.3,1.3,-0.09900804893520039,0.09900804893520039,0.13213158787638854,0.32474387296708995,0.02667724533781374,0.025981294620656837,-0.007796061083258941,-0.09900804893520038,1.120422376315359,0.3111153346057015,1.2009919510647997,True,1.2009919510647997,True,1.2009919510647997,True,1.2009919510647997,True,1.2009919510647997,True,1.2009919510647997,True,1.3,False,1.2257439632985998,1.2009919510647997,True,True,0.75,1.0,1.2009919510647997,wind_stuck_7_days,2018
7136,US-IB1,US-IB1,2018-04-11,1.40069445,1.1,1.1,0.6809584631504617,0.6809584631504617,0.16841280519326063,0.3798325888999841,0.16043027759877926,0.21261321906529534,-0.05689116398303377,-0.07956956315046182,1.120422376315359,0.3111153346057015,1.7809584631504618,True,1.7809584631504618,True,1.7809584631504618,True,1.7809584631504618,True,1.7809584631504618,True,1.7809584631504618,True,1.1,False,1.6107188473628464,1.7809584631504618,True,True,0.75,1.0,1.7809584631504618,wind_stuck_7_days,2018
7137,US-IB1,US-IB1,2018-05-05,5.15021957,3.3,3.3,-0.28175577061949364,0.28175577061949364,0.13698227323011355,0.4781960655662342,0.010215452555422406,0.010652381344428594,0.0026807679526438767,-0.28175577061949353,1.120422376315359,0.3111153346057015,3.0182442293805063,True,3.0182442293805063,True,3.0182442293805063,True,3.0182442293805063,True,3.0182442293805063,True,3.0182442293805063,True,3.0182442293805063,True,3.08868317203538,3.1770473969996385,True,True,0.75,0.43638007033547854,3.0182442293805063,wind_stuck_7_days,2018
7138,US-IB1,US-IB1,2018-06-30,5.30635185,5.3,5.3,0.0009704828214683409,0.0009704828214683409,0.2851504669569732,0.5539742278593415,-0.014486477989165948,-0.015047922186615085,-0.00046356849922204985,0.0009704828214683412,1.120422376315359,0.3111153346057015,5.3009704828214685,True,5.3009704828214685,True,5.3009704828214685,True,5.3,False,5.3,False,5.3,False,5.3,False,5.300727862116101,5.3009704828214685,True,True,0.75,1.0,5.3009704828214685,wind_stuck_7_days,2018
7139,US-IB1,US-IB1,2018-11-13,0.98866511,0.1,0.1,0.4157568941454862,0.4157568941454862,0.11451931786007796,0.3893439221736134,0.1661773916641509,0.17020744566414725,-0.009230408565749769,0.4157568941454862,1.120422376315359,0.3111153346057015,0.5157568941454862,True,0.5157568941454862,True,0.5157568941454862,True,0.5157568941454862,True,0.5157568941454862,True,0.5157568941454862,True,0.1,False,0.41181767060911467,0.5157568941454862,True,True,0.75,1.0,0.5187132757866181,wind_stuck_7_days,2018
7232,US-IB2,US-IB1,2018-01-13,0.46044123,0.2,0.2,0.11610824647635971,0.11610824647635971,0.1860835468766692,0.7700175548177904,0.049109880662419,0.01926637569996872,-0.025775258667021392,0.1161082464763597,1.120422376315359,0.3111153346057015,0.3161082464763597,True,0.3161082464763597,True,0.3161082464763597,True,0.3161082464763597,True,0.3161082464763597,True,0.3161082464763597,True,0.2,False,0.2870811848572698,0.3161082464763597,True,True,0.75,1.0,0.5127902315533706,wind_stuck_7_days,2018
7233,US-IB2,US-IB1,2018-03-10,0.71440028,0.7,0.7,0.27524443206101523,0.27524443206101523,0.16988875638578374,0.26336457714868233,0.04749637191009313,0.049957260820147335,-0.007796061083258941,-0.24644387206101515,1.120422376315359,0.3111153346057015,0.9752444320610152,True,0.9752444320610152,True,0.9752444320610152,True,0.9752444320610152,True,0.9752444320610152,True,0.9752444320610152,True,0.7,False,0.9064333240457614,0.8843183961735651,True,True,0.75,0.6696534959613865,0.9752444320610152,wind_stuck_7_days,2018
7234,US-IB2,US-IB1,2018-03-18,0.7120793,1.0,1.0,0.13217448817365635,0.13217448817365635,0.1127658068479794,0.34431994501618013,0.02667724533781374,0.025981294620656837,-0.007796061083258941,-0.13217448817365635,1.120422376315359,0.3111153346057015,1.1321744881736564,True,1.1321744881736564,True,1.1321744881736564,True,1.1321744881736564,True,1.1321744881736564,True,1.1321744881736564,True,1.0,False,1.0991308661302424,1.1321744881736564,True,True,0.75,1.0,1.1321744881736564,wind_stuck_7_days,2018
7235,US-IB2,US-IB1,2018-08-09,5.2186026,5.7,5.7,0.14741399672420408,0.14741399672420408,0.1064750877451936,0.3099414421219352,0.006983924016791495,0.011677480117785093,0.0026807679526438767,-0.14741399672420408,1.120422376315359,0.3111153346057015,5.847413996724204,True,5.847413996724204,True,5.847413996724204,True,5.847413996724204,True,5.847413996724204,True,5.847413996724204,True,5.847413996724204,True,5.810560497543153,5.844783545363969,True,True,0.75,0.9821560271162229,5.847413996724204,wind_stuck_7_days,2018
7236,US-IB2,US-IB1,2018-09-26,3.06923464,2.4,2.4,-0.21574203351773188,0.21574203351773188,0.10423398929848485,0.42941048824651623,0.019603191732382688,0.020650199413973298,-0.0014205266441136755,-0.2157420335177319,1.120422376315359,0.3111153346057015,2.184257966482268,True,2.184257966482268,True,2.184257966482268,True,2.184257966482268,True,2.184257966482268,True,2.184257966482268,True,2.4,False,2.238193474861701,2.2442023437253606,True,True,0.75,0.7221478992031208,2.184257966482268,wind_stuck_7_days,2018
7237,US-IB2,US-IB1,2018-10-04,2.94293855,1.4,1.4,0.579163228370627,0.579163228370627,0.21674597166507514,0.7960697566030822,0.12059094234384098,0.13204227851678377,-0.0820834926349461,0.579163228370627,1.120422376315359,0.3111153346057015,1.9791632283706269,True,1.9791632283706269,True,1.9791632283706269,True,1.9791632283706269,True,1.9791632283706269,True,1.9791632283706269,True,1.4,False,1.8343724212779702,1.9791632283706269,True,True,0.75,1.0,1.9791632283706269,wind_stuck_7_days,2018
7238,US-IB2,US-IB1,2018-11-13,0.38393508,0.7,0.7,-0.07335220795900474,0.07335220795900474,0.11032754254873661,0.3764742216574295,0.024004449167574514,0.019617780455122972,-0.007796061083258941,0.07335220795900474,1.120422376315359,0.3111153346057015,0.6266477920409952,True,0.6266477920409952,True,0.6266477920409952,True,0.6266477920409952,True,0.6266477920409952,True,0.6266477920409952,True,0.7,False,0.6449858440307464,0.6266477920409952,True,True,0.75,1.0,0.6475038919360114,wind_stuck_7_days,2018
7413,US-Jo2,US-Jo2,2018-01-03,0.10163471,0.1,0.1,0.04239057018152752,0.04239057018152752,0.15618248035014398,0.33254156608562196,0.02907865355923246,0.02391473539450161,-0.006332586970748549,-0.03912115018152752,1.120422376315359,0.3111153346057015,0.1423905701815275,True,0.1423905701815275,True,0.1423905701815275,True,0.1423905701815275,True,0.1423905701815275,True,0.1423905701815275,True,0.1,False,0.13179292763614564,0.1423905701815275,True,True,0.75,1.0,0.1423905701815275,wind_stuck_7_days,2018
7414,US-Jo2,US-Jo2,2018-01-11,0.45775431,0.7,0.7,-0.262508722580714,0.262508722580714,0.09765381325377781,0.26766502755832017,0.04129105694965495,0.040863539261476824,-0.007796061083258941,0.2219826574192859,1.120422376315359,0.3111153346057015,0.43749127741928595,True,0.43749127741928595,True,0.43749127741928595,True,0.43749127741928595,True,0.43749127741928595,True,0.43749127741928595,True,0.7,False,0.5031184580644644,0.563600976373531,True,True,0.75,0.5195980624397352,0.43749127741928595,wind_stuck_7_days,2018
7415,US-Jo2,US-Jo2,2018-01-19,0.13802388,1.1,1.1,-0.7219021422402936,0.7219021422402936,0.17428230637918243,0.42926207882132966,0.19713663233888534,0.20902492057389654,-0.012275702776531752,0.7219021422402936,1.120422376315359,0.3111153346057015,0.3780978577597065,True,0.3780978577597065,True,0.3780978577597065,True,0.3780978577597065,True,0.3780978577597065,True,0.3780978577597065,True,1.1,False,0.5585733933197798,0.5897900322487167,True,True,0.75,0.7067577970719665,0.3780978577597065,wind_stuck_7_days,2018
7416,US-Jo2,US-Jo2,2018-01-27,0.1157915,0.2,0.2,-0.05254794839247493,0.05254794839247493,0.11727465046226594,0.3510592609639637,0.02907865355923246,0.02391473539450161,-0.006332586970748549,0.05254794839247493,1.120422376315359,0.3111153346057015,0.1474520516075251,True,0.1474520516075251,True,0.1474520516075251,True,0.1474520516075251,True,0.1474520516075251,True,0.1474520516075251,True,0.2,False,0.1605890387056438,0.1474520516075251,True,True,0.75,1.0,0.1474520516075251,wind_stuck_7_days,2018
7417,US-Jo2,US-Jo2,2018-02-04,0.11588619,0.6,0.6,-0.22358183713392435,0.22358183713392435,0.10322568869559975,0.3163516584827498,0.02667724533781374,0.028604816045432437,-0.007796061083258941,0.22358183713392432,1.120422376315359,0.3111153346057015,0.37641816286607566,True,0.37641816286607566,True,0.37641816286607566,True,0.37641816286607566,True,0.37641816286607566,True,0.37641816286607566,True,0.6,False,0.4323136221495567,0.4481048929745941,True,True,0.75,0.6793714058911748,0.37641816286607566,wind_stuck_7_days,2018
7418,US-Jo2,US-Jo2,2018-02-12,0.07479443,0.6,0.6,0.03644082915150104,0.03644082915150104,0.18468191605062398,0.42587994046879424,0.02667724533781374,0.025981294620656837,-0.007796061083258941,-0.03644082915150104,1.120422376315359,0.3111153346057015,0.636440829151501,True,0.636440829151501,True,0.636440829151501,True,0.636440829151501,True,0.636440829151501,True,0.636440829151501,True,0.6,False,0.6273306218636258,0.636440829151501,True,True,0.75,1.0,0.636440829151501,wind_stuck_7_days,2018
7419,US-Jo2,US-Jo2,2018-02-28,0.62091545,0.4,0.4,0.5414231237838745,0.5414231237838745,0.1333462617586777,0.28086927970380626,0.16794633933568337,0.19174290167306587,-0.009230408565749769,-0.09959222378387445,1.120422376315359,0.3111153346057015,0.9414231237838745,True,0.9414231237838745,True,0.9414231237838745,True,0.9414231237838745,True,0.9414231237838745,True,0.9414231237838745,True,0.4,False,0.8060673428379059,0.9176173089471085,True,True,0.75,0.9560310341560718,0.9414231237838745,wind_stuck_7_days,2018
7420,US-Jo2,US-Jo2,2018-03-08,0.46707224,0.3,0.3,0.10170272306205028,0.10170272306205028,0.0754669482042313,0.3255324519232419,0.028312506050431514,0.023055167463133908,-0.006332586970748549,0.10170272306205028,1.120422376315359,0.3111153346057015,0.40170272306205024,True,0.40170272306205024,True,0.40170272306205024,True,0.40170272306205024,True,0.40170272306205024,True,0.40170272306205024,True,0.3,False,0.3762770422965377,0.40170272306205024,True,True,0.75,1.0,0.40170272306205024,wind_stuck_7_days,2018
7421,US-Jo2,US-Jo2,2018-03-24,0.42450655,0.5,0.5,0.274565481707079,0.274565481707079,0.08739112266484124,0.43320327999070346,0.06126777705248228,0.07173944226638383,-0.007796061083258941,-0.274565481707079,1.120422376315359,0.3111153346057015,0.7745654817070791,True,0.7745654817070791,True,0.7745654817070791,True,0.7745654817070791,True,0.7745654817070791,True,0.7745654817070791,True,0.5,False,0.7059241112803092,0.6838637346954676,True,True,0.75,0.6696534959613865,0.7745654817070791,wind_stuck_7_days,2018
7422,US-Jo2,US-Jo2,2018-04-01,0.5700682,0.6,0.6,0.0012566207566778024,0.0012566207566778024,0.07576306400181881,0.35862227113931666,0.011774989816670165,0.007457026591782011,-0.007796061083258941,-0.0012566207566778037,1.120422376315359,0.3111153346057015,0.6012566207566777,True,0.6012566207566777,True,0.6012566207566777,True,0.6012566207566777,True,0.6012566207566777,True,0.6012566207566777,True,0.6,False,0.6009424655675083,0.6012566207566777,True,True,0.75,1.0,0.6012566207566777,wind_stuck_7_days,2018
7423,US-Jo2,US-Jo2,2018-04-25,0.05184555,0.3,0.3,0.5096541625227891,0.5096541625227891,0.13303271545881523,0.3126547701447125,0.16747836258924662,0.19478095437085483,-0.007255001292421251,-0.5096541625227891,1.120422376315359,0.3111153346057015,0.8096541625227891,True,0.8096541625227891,True,0.8096541625227891,True,0.8096541625227891,True,0.8096541625227891,True,0.8096541625227891,True,0.3,False,0.6822406218920918,0.8096541625227891,True,True,0.75,1.0,0.8096541625227891,wind_stuck_7_days,2018
7424,US-Jo2,US-Jo2,2018-05-03,0.45723486,0.2,0.2,0.5542733396762405,0.5542733396762405,0.10183857387520026,0.3416832045560711,0.18101448513768822,0.20907805198501475,-0.007255001292421251,-0.039803619676240465,1.120422376315359,0.3111153346057015,0.7542733396762404,True,0.7542733396762404,True,0.7542733396762404,True,0.7542733396762404,True,0.7542733396762404,True,0.7542733396762404,True,0.2,False,0.6157050047571804,0.7386693544695848,True,True,0.75,0.9718478517913739,0.7542733396762404,wind_stuck_7_days,2018
7425,US-Jo2,US-Jo2,2018-05-19,0.47399891,0.2,0.2,0.270643935013452,0.270643935013452,0.16463001604649088,0.25869449527232485,0.0979309746826275,0.10140393591851232,-0.006332586970748549,0.270643935013452,1.120422376315359,0.3111153346057015,0.47064393501345203,True,0.47064393501345203,True,0.47064393501345203,True,0.47064393501345203,True,0.47064393501345203,True,0.47064393501345203,True,0.2,False,0.40298295126008904,0.38123765724250447,True,True,0.75,0.6696534959613865,0.47064393501345203,wind_stuck_7_days,2018
7426,US-Jo2,US-Jo2,2018-05-27,0.48997282,0.3,0.3,0.06535219773043968,0.06535219773043968,0.1372574349231504,0.3300387794928335,0.01890481247388987,0.011654969293815648,0.00016757133342303748,0.06535219773043968,1.120422376315359,0.3111153346057015,0.3653521977304397,True,0.3653521977304397,True,0.3653521977304397,True,0.3653521977304397,True,0.3653521977304397,True,0.3653521977304397,True,0.3653521977304397,True,0.34901414829782973,0.3653521977304397,True,True,0.75,1.0,0.3653521977304397,wind_stuck_7_days,2018
7427,US-Jo2,US-Jo2,2018-06-04,0.41615243,0.2,0.2,0.23467229479456292,0.23467229479456292,0.1128228096293744,0.3334711939892261,0.019670959982690833,0.015138058649958956,0.00016757133342303748,0.1976325652054371,1.120422376315359,0.3111153346057015,0.43467229479456293,True,0.43467229479456293,True,0.43467229479456293,True,0.43467229479456293,True,0.43467229479456293,True,0.43467229479456293,True,0.43467229479456293,True,0.3760042210959222,0.36808319900758224,True,True,0.75,0.7162464540380696,0.43467229479456293,wind_stuck_7_days,2018
7428,US-Jo2,US-Jo2,2018-06-12,0.53791105,0.1,0.1,0.1217389691248757,0.1217389691248757,0.10056792799502492,0.3807074537718081,0.019670959982690833,0.012514537225183356,0.00016757133342303748,0.1217389691248757,1.120422376315359,0.3111153346057015,0.2217389691248757,True,0.2217389691248757,True,0.2217389691248757,True,0.2217389691248757,True,0.2217389691248757,True,0.2217389691248757,True,0.2217389691248757,True,0.19130422684365678,0.2217389691248757,True,True,0.75,1.0,0.21899333645400934,wind_stuck_7_days,2018
7429,US-Jo2,US-Jo2,2018-06-20,1.28713248,0.2,0.2,0.028083256139942604,0.028083256139942604,0.1417055950490671,0.3137459213752595,0.019670959982690833,0.012514537225183356,0.00016757133342303748,0.02808325613994267,1.120422376315359,0.3111153346057015,0.22808325613994263,True,0.22808325613994263,True,0.22808325613994263,True,0.22808325613994263,True,0.22808325613994263,True,0.22808325613994263,True,0.22808325613994263,True,0.22106244210495696,0.22808325613994263,True,True,0.75,1.0,0.22808325613994263,wind_stuck_7_days,2018
7430,US-Jo2,US-Jo2,2018-06-28,0.81775777,0.1,0.1,0.3539181803442287,0.3539181803442287,0.12158954261561092,0.2783498892156236,0.13601923983968464,0.15306732991697788,0.00016757133342303748,0.3539181803442287,1.120422376315359,0.3111153346057015,0.4539181803442287,True,0.4539181803442287,True,0.4539181803442287,True,0.4539181803442287,True,0.4539181803442287,True,0.4539181803442287,True,0.4539181803442287,True,0.36543863525817155,0.4539181803442287,True,True,0.75,1.0,0.4539181803442287,wind_stuck_7_days,2018
7431,US-Jo2,US-Jo2,2018-07-22,0.92643962,0.8,0.8,-0.05226237648029203,0.05226237648029203,0.11971185386233327,0.4872517179567179,0.011774989816670165,0.007457026591782011,-0.007796061083258941,-0.05226237648029203,1.120422376315359,0.3111153346057015,0.747737623519708,True,0.747737623519708,True,0.747737623519708,True,0.747737623519708,True,0.747737623519708,True,0.747737623519708,True,0.8,False,0.760803217639781,0.747737623519708,True,True,0.75,1.0,0.747737623519708,wind_stuck_7_days,2018
7432,US-Jo2,US-Jo2,2018-07-30,3.73200646,0.4,0.4,0.623176888378423,0.623176888378423,0.1662342029748748,0.5787196597679923,0.2275740576416464,0.264132698803793,-0.048641771011893986,0.6231768883784228,1.120422376315359,0.3111153346057015,1.0231768883784231,True,1.0231768883784231,True,1.0231768883784231,True,1.0231768883784231,True,1.0231768883784231,True,1.0231768883784231,True,0.4,False,0.8673826662838173,1.0231768883784231,True,True,0.75,1.0,1.0231768883784231,wind_stuck_7_days,2018
7433,US-Jo2,US-Jo2,2018-08-07,1.07181525,0.4,0.4,0.14193200201151165,0.14193200201151165,0.1565379093060535,0.3877076113608743,0.01890481247388987,0.011654969293815648,-0.006332586970748549,0.14193200201151168,1.120422376315359,0.3111153346057015,0.5419320020115117,True,0.5419320020115117,True,0.5419320020115117,True,0.5419320020115117,True,0.5419320020115117,True,0.5419320020115117,True,0.4,False,0.5064490015086338,0.5419320020115117,True,True,0.75,1.0,0.5419320020115117,wind_stuck_7_days,2018
7434,US-Jo2,US-Jo2,2018-08-15,0.53115195,0.3,0.3,0.3090488871393657,0.3090488871393657,0.1778591573404683,0.3914954949297667,0.13060741698676304,0.14625418449706618,-0.006332586970748549,0.15325501286063442,1.120422376315359,0.3111153346057015,0.6090488871393657,True,0.6090488871393657,True,0.6090488871393657,True,0.6090488871393657,True,0.6090488871393657,True,0.6090488871393657,True,0.3,False,0.5317866653545242,0.6090488871393657,True,True,0.75,1.0,0.6090488871393657,wind_stuck_7_days,2018
7435,US-Jo2,US-Jo2,2018-08-23,4.12073452,1.4,1.4,0.557249871694539,0.557249871694539,0.17478496574273672,0.34976867908717635,0.06400072762098169,0.08072984220177078,-0.03206106961967883,0.5572498716945389,1.120422376315359,0.3111153346057015,1.9572498716945388,True,1.9572498716945388,True,1.9572498716945388,True,1.9572498716945388,True,1.9572498716945388,True,1.9572498716945388,True,1.4,False,1.8179374037709042,1.8524010978317234,True,True,0.75,0.811846033191571,1.9572498716945388,wind_stuck_7_days,2018
7436,US-Jo2,US-Jo2,2018-08-31,2.22852399,1.2,1.2,-0.25964181607808173,0.25964181607808173,0.12141182009963293,0.29868713114078654,0.021134005043523942,0.016937119417759546,-0.007796061083258941,-0.2596418160780818,1.120422376315359,0.3111153346057015,0.9403581839219182,True,0.9403581839219182,True,0.9403581839219182,True,0.9403581839219182,True,0.9403581839219182,True,0.9403581839219182,True,1.2,False,1.0052686379414386,1.0650906154374946,True,True,0.75,0.5195980624397352,0.9403581839219182,wind_stuck_7_days,2018
7437,US-Jo2,US-Jo2,2018-09-16,1.00332867,0.8,0.8,-0.020144949202783903,0.020144949202783903,0.13630670738904113,0.28542461101655625,0.026209268591376986,0.024702693081296887,-0.007796061083258941,-0.020144949202783896,1.120422376315359,0.3111153346057015,0.7798550507972162,True,0.7798550507972162,True,0.7798550507972162,True,0.7798550507972162,True,0.7798550507972162,True,0.7798550507972162,True,0.8,False,0.7848912880979121,0.7798550507972162,True,True,0.75,1.0,0.7798550507972162,wind_stuck_7_days,2018
7438,US-Jo2,US-Jo2,2018-09-24,1.66002399,1.1,1.1,-0.40583422653205103,0.40583422653205103,0.13481277586391605,0.28998743655600834,0.04867410049342097,0.05847880907866709,-0.007796061083258941,-0.40583422653205103,1.120422376315359,0.3111153346057015,0.694165773467949,True,0.694165773467949,True,0.694165773467949,True,0.694165773467949,True,0.694165773467949,True,0.694165773467949,True,1.1,False,0.7956243301009618,0.8194880505224189,True,True,0.75,0.6911983542507535,0.694165773467949,wind_stuck_7_days,2018
7439,US-Jo2,US-Jo2,2018-10-10,0.54962483,0.2,0.2,0.16640598428777004,0.16640598428777004,0.09669730282516797,0.38084146123391627,0.02907865355923246,0.02391473539450161,-0.006332586970748549,0.16640598428777004,1.120422376315359,0.3111153346057015,0.36640598428777005,True,0.36640598428777005,True,0.36640598428777005,True,0.36640598428777005,True,0.36640598428777005,True,0.36640598428777005,True,0.2,False,0.3248044882158275,0.36640598428777005,True,True,0.75,1.0,0.36640598428777005,wind_stuck_7_days,2018
7440,US-Jo2,US-Jo2,2018-10-26,2.07012557,0.6,0.6,-0.10681712742662805,0.10681712742662805,0.07442385940655345,0.3161600503602832,0.02667724533781374,0.025981294620656837,-0.007796061083258941,-0.10681712742662808,1.120422376315359,0.3111153346057015,0.4931828725733719,True,0.4931828725733719,True,0.4931828725733719,True,0.4931828725733719,True,0.4931828725733719,True,0.4931828725733719,True,0.6,False,0.519887154430029,0.4931828725733719,True,True,0.75,1.0,0.4931828725733719,wind_stuck_7_days,2018
7441,US-Jo2,US-Jo2,2018-11-03,1.16308818,0.5,0.5,-0.1327853253415584,0.1327853253415584,0.10553262268472176,0.2784047620094859,0.02667724533781374,0.025981294620656837,-0.007796061083258941,-0.1327853253415584,1.120422376315359,0.3111153346057015,0.3672146746584416,True,0.3672146746584416,True,0.3672146746584416,True,0.3672146746584416,True,0.3672146746584416,True,0.3672146746584416,True,0.5,False,0.40041100599383117,0.3672146746584416,True,True,0.75,1.0,0.3672146746584416,wind_stuck_7_days,2018
7442,US-Jo2,US-Jo2,2018-11-11,0.81069819,0.5,0.5,0.011902749868232997,0.011902749868232997,0.10503112349898985,0.2416089495733556,0.02667724533781374,0.025981294620656837,-0.007796061083258941,0.011902749868232976,1.120422376315359,0.3111153346057015,0.511902749868233,True,0.511902749868233,True,0.511902749868233,True,0.511902749868233,True,0.511902749868233,True,0.511902749868233,True,0.5,False,0.5089270624011748,0.511902749868233,True,True,0.75,1.0,0.511902749868233,wind_stuck_7_days,2018
7443,US-Jo2,US-Jo2,2018-11-19,0.43801175,0.4,0.4,-0.060939075368026376,0.060939075368026376,0.10243150966438574,0.3602192960153483,0.028312506050431514,0.023055167463133908,-0.006332586970748549,-0.06093907536802637,1.120422376315359,0.3111153346057015,0.3390609246319736,True,0.3390609246319736,True,0.3390609246319736,True,0.3390609246319736,True,0.3390609246319736,True,0.3390609246319736,True,0.4,False,0.35429569347398027,0.3390609246319736,True,True,0.75,1.0,0.3390609246319736,wind_stuck_7_days,2018
7444,US-Jo2,US-Jo2,2018-11-27,0.37023054,0.3,0.3,-0.05835780725921421,0.05835780725921421,0.08130250414106481,0.28416366941951454,0.028312506050431514,0.023055167463133908,-0.006332586970748549,-0.05835780725921422,1.120422376315359,0.3111153346057015,0.24164219274078577,True,0.24164219274078577,True,0.24164219274078577,True,0.24164219274078577,True,0.24164219274078577,True,0.24164219274078577,True,0.3,False,0.25623164455558933,0.24164219274078577,True,True,0.75,1.0,0.24164219274078577,wind_stuck_7_days,2018
7679,US-KM4,US-KM4,2018-08-27,3.80747978,4.2,4.2,0.4054457931741669,0.4054457931741669,0.24567379399308786,0.9292131808127433,0.03976315095819311,0.025383252213479583,-0.04518524543795261,-0.40544579317416685,1.120422376315359,0.3111153346057015,4.605445793174167,True,4.605445793174167,True,4.2,False,4.605445793174167,True,4.2,False,4.605445793174167,True,4.2,False,4.504084344880625,4.604964092882297,True,True,0.75,0.9988119243065787,4.605445793174167,wind_stuck_7_days,2018
8034,US-MMS,US-MMS,2018-03-04,0.80009241,1.5,1.5,-0.3597422690425772,0.3597422690425772,0.18436223945408006,0.372537775453507,0.043630897860752055,0.048324987043553716,-0.007796061083258941,0.3597422690425772,1.120422376315359,0.3111153346057015,1.1402577309574227,True,1.1402577309574227,True,1.1402577309574227,True,1.1402577309574227,True,1.1402577309574227,True,1.1402577309574227,True,1.5,False,1.230193298218067,1.261806266221709,True,True,0.75,0.6621232873529783,1.1402577309574227,wind_stuck_7_days,2018
8035,US-MMS,US-MMS,2018-04-05,0.85287243,1.3,1.3,0.40592104959466724,0.40592104959466724,0.13799276886714684,0.34707092766529435,0.058341798701922465,0.070522682928836,-0.03206106961967883,-0.40592104959466724,1.120422376315359,0.3111153346057015,1.7059210495946673,True,1.7059210495946673,True,1.7059210495946673,True,1.7059210495946673,True,1.7059210495946673,True,1.7059210495946673,True,1.3,False,1.6044407871960005,1.7059210495946673,True,True,0.75,1.0,1.7059210495946673,wind_stuck_7_days,2018
8036,US-MMS,US-MMS,2018-04-13,0.39414123,1.0,1.0,1.3444604965170384,1.3444604965170384,0.1510932963772416,0.9189422520887488,0.11644364831559445,0.045477101821225316,-0.35350596879274765,-1.3444604965170384,1.120422376315359,0.3111153346057015,2.3444604965170384,True,2.3444604965170384,True,1.0,False,2.3444604965170384,True,1.0,False,2.3444604965170384,True,1.0,False,2.0083453723877787,1.4262791659670555,True,True,0.75,0.31706336264351015,2.3202015471090953,wind_stuck_7_days,2018
8037,US-MMS,US-MMS,2018-04-21,0.70925566,1.7,1.7,0.29699590698934725,0.29699590698934725,0.13690443491609602,0.39272512046861424,0.033497197048822945,0.04563759616549223,-0.007796061083258941,-0.2969959069893473,1.120422376315359,0.3111153346057015,1.9969959069893473,True,1.9969959069893473,True,1.9969959069893473,True,1.9969959069893473,True,1.9969959069893473,True,1.9969959069893473,True,1.7,False,1.9227469302420104,1.8734156976891299,True,True,0.75,0.5838992848320633,1.9969959069893473,wind_stuck_7_days,2018
8038,US-MMS,US-MMS,2018-04-29,0.62649158,2.7,2.7,-0.5500883581801146,0.5500883581801146,0.14422015477640182,0.4404889647567579,0.04487225382770267,0.051513810361834646,0.0026807679526438767,0.5500883581801146,1.120422376315359,0.3111153346057015,2.1499116418198856,True,2.1499116418198856,True,2.1499116418198856,True,2.1499116418198856,True,2.1499116418198856,True,2.1499116418198856,True,2.1499116418198856,True,2.2874337313649145,2.422043409383783,True,True,0.75,0.5052944431250924,2.1499116418198856,wind_stuck_7_days,2018
8039,US-MMS,US-MMS,2018-05-07,1.86220552,4.7,4.7,-0.203647128325336,0.203647128325336,0.16215180045279218,0.49161265688327677,0.006983924016791495,0.011677480117785093,0.0026807679526438767,0.20364712832533582,1.120422376315359,0.3111153346057015,4.496352871674664,True,4.496352871674664,True,4.496352871674664,True,4.496352871674664,True,4.496352871674664,True,4.496352871674664,True,4.496352871674664,True,4.547264653755998,4.540335845663574,True,True,0.75,0.7840235983163741,4.496352871674664,wind_stuck_7_days,2018
8040,US-MMS,US-MMS,2018-05-23,4.30922875,5.5,5.5,-1.0086298681490173,1.0086298681490173,0.159027926797176,0.3375547639345192,0.009257715553819035,0.019141812195890825,-0.031152208481817607,1.0086298681490173,1.120422376315359,0.3111153346057015,4.491370131850982,True,4.491370131850982,True,4.491370131850982,True,4.491370131850982,True,4.491370131850982,True,4.491370131850982,True,5.5,False,4.743527598888237,5.08852825421476,True,True,0.75,0.40795118088298415,4.491370131850982,wind_stuck_7_days,2018
8041,US-MMS,US-MMS,2018-05-31,3.29929422,4.0,4.0,0.7431917994015731,0.7431917994015731,0.10605780827490835,0.6623295186573356,0.04276062832453177,0.03610606208365143,-0.09577549417172894,-0.7431917994015731,1.120422376315359,0.3111153346057015,4.743191799401573,True,4.743191799401573,True,4.743191799401573,True,4.743191799401573,True,4.743191799401573,True,4.743191799401573,True,4.0,False,4.55739384955118,4.546840981665914,True,True,0.75,0.7358006131206465,4.743191799401573,wind_stuck_7_days,2018
8042,US-MMS,US-MMS,2018-06-16,6.45370414,6.3,6.3,-0.9577566274531101,0.9577566274531101,0.2161477037095388,0.3885693591763172,0.04844142015379783,0.08483653130543252,0.030854529391672332,-0.9577566274531102,1.120422376315359,0.3111153346057015,5.34224337254689,True,5.34224337254689,True,5.34224337254689,True,5.34224337254689,True,5.34224337254689,True,5.34224337254689,True,5.34224337254689,True,5.581682529410167,5.907325518400712,True,True,0.75,0.4099940113633021,5.34224337254689,wind_stuck_7_days,2018
8043,US-MMS,US-MMS,2018-07-18,5.87986976,5.7,5.7,0.13990007193811876,0.13990007193811876,0.22540041868486888,0.3455523851688081,0.007078839998533955,0.011677480117785093,0.0026807679526438767,0.13990007193811876,1.120422376315359,0.3111153346057015,5.839900071938119,True,5.839900071938119,True,5.839900071938119,True,5.839900071938119,True,5.839900071938119,True,5.839900071938119,True,5.839900071938119,True,5.804925053953589,5.839900071938119,True,True,0.75,1.0,5.839900071938119,wind_stuck_7_days,2018
8044,US-MMS,US-MMS,2018-08-19,4.61326011,4.8,4.8,0.32975062623870843,0.32975062623870843,0.15350939881623565,0.41371493171526047,0.018765316969470452,0.025165487039125994,-0.009232019622900978,-0.32975062623870843,1.120422376315359,0.3111153346057015,5.1297506262387085,True,5.1297506262387085,True,5.1297506262387085,True,5.1297506262387085,True,5.1297506262387085,True,5.1297506262387085,True,4.8,False,5.047312969679031,5.117360309871168,True,True,0.75,0.9624251923070797,5.1297506262387085,wind_stuck_7_days,2018
8045,US-MMS,US-MMS,2018-08-27,5.35615577,5.4,5.4,0.43599353143340125,0.43599353143340125,0.20820922627455207,0.4831482344443259,0.01908637911813254,0.02640835098683608,0.0017583536309711753,-0.43599353143340125,1.120422376315359,0.3111153346057015,5.8359935314334015,True,5.8359935314334015,True,5.8359935314334015,True,5.8359935314334015,True,5.8359935314334015,True,5.8359935314334015,True,5.8359935314334015,True,5.726995148575051,5.69783548677013,True,True,0.75,0.6831190494752204,5.8359935314334015,wind_stuck_7_days,2018
8046,US-MMS,US-MMS,2018-09-04,5.52532776,5.0,5.0,-0.4336517975237958,0.4336517975237958,0.169829738500118,0.358335270998974,0.005646940045589174,0.013085875597307199,0.0026807679526438767,-0.4336517975237958,1.120422376315359,0.3111153346057015,4.566348202476204,True,4.566348202476204,True,4.566348202476204,True,4.566348202476204,True,4.566348202476204,True,4.566348202476204,True,4.566348202476204,True,4.674761151857153,4.745573420849698,True,True,0.75,0.5867070783589704,4.566348202476204,wind_stuck_7_days,2018
8047,US-MMS,US-MMS,2018-09-20,4.29602035,4.4,4.4,-0.17627456068348524,0.17627456068348524,0.11794677671042451,0.5269977394710046,0.007451900763228247,0.01009401728918132,0.0026807679526438767,0.03168473931651539,1.120422376315359,0.3111153346057015,4.223725439316516,True,4.223725439316516,True,4.223725439316516,True,4.223725439316516,True,4.223725439316516,True,4.223725439316516,True,4.223725439316516,True,4.267794079487387,4.225507083831252,True,True,0.75,0.9898927870940196,4.223725439316516,wind_stuck_7_days,2018
8048,US-MMS,US-MMS,2018-09-28,2.90582984,3.5,3.5,-0.3371961032092447,0.3371961032092447,0.17521041092272807,0.3622229645434377,0.01579153054766319,0.015046666707098968,0.0026807679526438767,0.3371961032092447,1.120422376315359,0.3111153346057015,3.1628038967907552,True,3.1628038967907552,True,3.1628038967907552,True,3.1628038967907552,True,3.1628038967907552,True,3.1628038967907552,True,3.1628038967907552,True,3.2471029225930663,3.3094856950185907,True,True,0.75,0.5649955713254105,3.1628038967907552,wind_stuck_7_days,2018
8049,US-MMS,US-MMS,2018-10-06,3.22701905,2.9,2.9,0.44526934035154275,0.44526934035154275,0.17108916915931088,0.557644555989645,0.035091744323795956,0.04893041931913381,-0.020367032072891714,0.20876875964845742,1.120422376315359,0.3111153346057015,3.3452693403515426,True,3.3452693403515426,True,3.3452693403515426,True,3.3452693403515426,True,3.3452693403515426,True,3.3452693403515426,True,2.9,False,3.233952005263657,3.268073571469772,True,True,0.75,0.8266312950700266,3.3452693403515426,wind_stuck_7_days,2018
8050,US-MMS,US-MMS,2018-11-07,0.73269817,1.1,1.1,-0.11942682256282096,0.11942682256282096,0.1220716257414195,0.3095773511663496,0.02667724533781374,0.025981294620656837,-0.007796061083258941,0.11942682256282094,1.120422376315359,0.3111153346057015,0.9805731774371791,True,0.9805731774371791,True,0.9805731774371791,True,0.9805731774371791,True,0.9805731774371791,True,0.9805731774371791,True,1.1,False,1.0104298830778844,0.9805731774371791,True,True,0.75,1.0,0.9805731774371791,wind_stuck_7_days,2018
8476,US-Me2,US-Me1,2018-04-21,1.90428502,3.5,3.5,-1.4507665900165345,1.4507665900165345,0.14567944323988977,0.48956177644459736,0.3375586433409332,0.3639273425048162,-0.20777374452739472,1.4507665900165345,1.120422376315359,0.3111153346057015,2.0492334099834655,True,2.0492334099834655,True,2.0492334099834655,True,2.0492334099834655,True,2.0492334099834655,True,2.0492334099834655,True,3.5,False,2.4119250574875992,2.551107511531395,True,True,0.75,0.654062820992997,2.0492334099834655,wind_stuck_7_days,2018
8477,US-Me2,US-Me1,2018-04-29,1.66047087,2.7,2.7,-0.3851865141743557,0.3851865141743557,0.16981163563386253,0.5233402755652824,0.02194303264347979,0.030414010167558795,0.0026807679526438767,0.3851865141743557,1.120422376315359,0.3111153346057015,2.3148134858256446,True,2.3148134858256446,True,2.3148134858256446,True,2.3148134858256446,True,2.3148134858256446,True,2.3148134858256446,True,2.3148134858256446,True,2.4111101143692335,2.4684243894965388,True,True,0.75,0.6012038375742252,2.3148134858256446,wind_stuck_7_days,2018
8478,US-Me2,US-Me1,2018-05-07,2.48487631,4.6,4.6,-1.436357727333991,1.436357727333991,0.1572244150066369,0.36699187012019,0.1430997550921567,0.41067634985918333,-0.14879046764942763,1.436357727333991,1.120422376315359,0.3111153346057015,3.1636422726660087,True,3.1636422726660087,True,3.1636422726660087,True,3.1636422726660087,True,3.1636422726660087,True,3.1636422726660087,True,4.6,False,3.5227317044995066,3.663775045034418,True,True,0.75,0.651804865284708,3.1636422726660087,wind_stuck_7_days,2018
8479,US-Me2,US-Me1,2018-06-24,2.83512985,5.3,5.3,-1.0052760335719708,1.0052760335719708,0.24065314089715484,0.36250640930008915,-0.04764925832683679,-0.05539686588571778,-0.031152208481817607,1.0052760335719708,1.120422376315359,0.3111153346057015,4.294723966428029,True,4.294723966428029,True,4.294723966428029,True,5.3,False,5.3,False,5.3,False,5.3,False,4.546042974821022,5.0336883269645165,True,True,0.75,0.2649139779939028,4.294723966428029,wind_stuck_7_days,2018
8480,US-Me2,US-Me1,2018-07-02,2.81658431,4.7,4.7,-0.6497707777231029,0.6497707777231029,0.27169298571438577,0.5652726308651077,0.02403041313719583,0.022473963880430846,-0.011864701246099802,0.649770777723103,1.120422376315359,0.3111153346057015,4.050229222276897,True,4.050229222276897,True,4.050229222276897,True,4.050229222276897,True,4.050229222276897,True,4.050229222276897,True,4.7,False,4.212671916707673,4.408636263689073,True,True,0.75,0.4484100336612713,4.050229222276897,wind_stuck_7_days,2018
8481,US-Me2,US-Me1,2018-07-10,2.8560226,4.5,4.5,-0.8026474738425684,0.8026474738425684,0.1881463099718421,0.35059643775926547,0.015429264870545835,0.024602800323296627,0.02434272712862545,0.8026474738425684,1.120422376315359,0.3111153346057015,3.697352526157432,True,3.697352526157432,True,3.697352526157432,True,3.697352526157432,True,3.697352526157432,True,3.697352526157432,True,3.697352526157432,True,3.8980143946180736,4.061814493912007,True,True,0.75,0.5459252291547595,3.697352526157432,wind_stuck_7_days,2018
8482,US-Me2,US-Me1,2018-07-18,3.01203431,4.9,4.9,-1.2457349128416473,1.2457349128416473,0.1694478984151213,0.3406906392972274,0.1287212333666137,0.11781732141355672,-0.1392335578978099,1.2457349128416473,1.120422376315359,0.3111153346057015,3.654265087158353,True,3.654265087158353,True,3.654265087158353,True,3.654265087158353,True,3.654265087158353,True,3.654265087158353,True,4.9,False,3.965698815368765,4.329944217066329,True,True,0.75,0.4576060099602705,3.654265087158353,wind_stuck_7_days,2018
8483,US-Me2,US-Me1,2018-07-26,1.82165513,4.9,4.9,-0.6822733327501349,0.6822733327501349,0.1368562652748949,0.3267008620504971,-0.03666381595065524,-0.03239848765634503,0.003992274458543315,0.6822733327501349,1.120422376315359,0.3111153346057015,4.217726667249865,True,4.217726667249865,True,4.217726667249865,True,4.9,False,4.9,False,4.9,False,4.217726667249865,True,4.388295000437399,4.68391065428249,True,True,0.75,0.3167196127195649,4.217726667249865,wind_stuck_7_days,2018
8484,US-Me2,US-Me1,2018-08-03,1.46836475,4.1,4.1,-0.5407230470323159,0.5407230470323159,0.14741371587143315,0.41461285354756905,0.022811962567064626,0.021764708198513158,0.0026807679526438767,0.5407230470323157,1.120422376315359,0.3111153346057015,3.559276952967684,True,3.559276952967684,True,3.559276952967684,True,3.559276952967684,True,3.559276952967684,True,3.559276952967684,True,3.559276952967684,True,3.694457714725763,3.8177904162601295,True,True,0.75,0.5219115132760451,3.559276952967684,wind_stuck_7_days,2018
8485,US-Me2,US-Me1,2018-08-11,1.12036158,4.1,4.1,-0.2699047101672797,0.2699047101672797,0.1947857422913436,0.45211992477314294,0.009191542491288895,0.011930982883788546,0.0026807679526438767,0.26990471016727957,1.120422376315359,0.3111153346057015,3.83009528983272,True,3.83009528983272,True,3.83009528983272,True,3.83009528983272,True,3.83009528983272,True,3.83009528983272,True,3.83009528983272,True,3.89757146737454,3.9749910665771298,True,True,0.75,0.4631595104264497,3.83009528983272,wind_stuck_7_days,2018
8486,US-Me2,US-Me1,2018-08-19,0.76572626,4.2,4.2,-1.210685033820736,1.210685033820736,0.13212626269149175,0.3553185669461043,-0.12952831249929259,-0.1961249737945572,-0.1392335578978099,1.2106850338207362,1.120422376315359,0.3111153346057015,2.989314966179264,True,2.989314966179264,True,2.989314966179264,True,4.2,False,4.2,False,4.2,False,4.2,False,3.2919862246344485,3.8072346886906976,True,True,0.75,0.3244157649077361,2.989314966179264,wind_stuck_7_days,2018
8487,US-Me2,US-Me1,2018-09-04,0.35018414,3.5,3.5,-1.167061596741697,1.167061596741697,0.12848384376607774,0.4210596837871736,0.01956274689300617,-0.011657797826961356,-0.1392335578978099,1.167061596741697,1.120422376315359,0.3111153346057015,2.3329384032583027,True,2.3329384032583027,True,2.3329384032583027,True,2.3329384032583027,True,2.3329384032583027,True,3.5,False,3.5,False,2.6247038024437273,3.1800316773360193,True,True,0.75,0.27416575402471954,2.3329384032583027,wind_stuck_7_days,2018
8488,US-Me2,US-Me1,2018-09-12,0.41468354,2.1,2.1,0.027201920402362162,0.027201920402362162,0.22898079827853676,0.6284437212950771,0.02483170485517539,0.021981562680092753,-0.02723873277953178,-0.027201920402362134,1.120422376315359,0.3111153346057015,2.1272019204023622,True,2.1272019204023622,True,2.1272019204023622,True,2.1272019204023622,True,2.1272019204023622,True,2.1272019204023622,True,2.1,False,2.1204014403017717,2.1272019204023622,True,True,0.75,1.0,2.1272019204023622,wind_stuck_7_days,2018
8489,US-Me2,US-Me1,2018-09-20,0.63678341,2.3,2.3,-0.6698086591656176,0.6698086591656176,0.1133418755296154,0.41689640752947604,0.06548826580234478,0.06196589343670763,-0.02001053531078252,0.6698086591656176,1.120422376315359,0.3111153346057015,1.6301913408343822,True,1.6301913408343822,True,1.6301913408343822,True,1.6301913408343822,True,1.6301913408343822,True,1.6301913408343822,True,2.3,False,1.7976435056257867,1.777468134395922,True,True,0.75,0.780121096456109,1.6301913408343822,wind_stuck_7_days,2018
8490,US-Me2,US-Me1,2018-10-14,0.2965931,2.2,2.2,-0.8480931116401409,0.8480931116401409,0.0849926442182239,0.39389114681432896,0.06996403339681839,0.08641599016049072,0.00033991735929962815,0.8480931116401409,1.120422376315359,0.3111153346057015,1.3519068883598593,True,1.3519068883598593,True,1.3519068883598593,True,1.3519068883598593,True,1.3519068883598593,True,1.3519068883598593,True,1.3519068883598593,True,1.5639301662698946,1.6735893170129525,True,True,0.75,0.620699161167591,1.3519068883598593,wind_stuck_7_days,2018
8491,US-Me2,US-Me1,2018-10-22,0.21994701,1.3,1.3,-0.3641691522038121,0.3641691522038121,0.09959305351660809,0.34540965469965296,0.043630897860752055,0.048324987043553716,-0.007796061083258941,0.3641691522038121,1.120422376315359,0.3111153346057015,0.935830847796188,True,0.935830847796188,True,0.935830847796188,True,0.935830847796188,True,0.935830847796188,True,0.935830847796188,True,1.3,False,1.026873135847141,1.058875123790265,True,True,0.75,0.6621232873529783,0.935830847796188,wind_stuck_7_days,2018
8492,US-Me2,US-Me1,2018-10-30,0.74047535,1.3,1.3,-0.27128761558025505,0.27128761558025505,0.13614608588084168,0.434863641248519,0.03861826077941572,0.031876503671167365,-0.007796061083258941,0.27128761558025505,1.120422376315359,0.3111153346057015,1.028712384419745,True,1.028712384419745,True,1.028712384419745,True,1.028712384419745,True,1.028712384419745,True,1.028712384419745,True,1.3,False,1.0965342883148088,1.1743505607830902,True,True,0.75,0.4631595104264497,1.028712384419745,wind_stuck_7_days,2018
8493,US-Me2,US-Me1,2018-11-07,0.19594818,0.8,0.8,-0.157792514312791,0.157792514312791,0.1793525820714951,0.5181253482607235,0.024004449167574514,0.019617780455122972,-0.007796061083258941,0.157792514312791,1.120422376315359,0.3111153346057015,0.6422074856872091,True,0.6422074856872091,True,0.6422074856872091,True,0.6422074856872091,True,0.6422074856872091,True,0.6422074856872091,True,0.8,False,0.6816556142654068,0.6422074856872091,True,True,0.75,1.0,0.6422074856872091,wind_stuck_7_days,2018
8494,US-Me2,US-Me1,2018-11-15,0.22443353,0.9,0.9,-0.06430698814137102,0.06430698814137102,0.1261063377322466,0.36942095913859857,0.024004449167574514,0.019617780455122972,-0.007796061083258941,0.06430698814137104,1.120422376315359,0.3111153346057015,0.835693011858629,True,0.835693011858629,True,0.835693011858629,True,0.835693011858629,True,0.835693011858629,True,0.835693011858629,True,0.9,False,0.8517697588939718,0.835693011858629,True,True,0.75,1.0,0.835693011858629,wind_stuck_7_days,2018
8656,US-Me6,US-Me1,2018-07-18,1.67790252,2.5,2.5,-0.4992525569071942,0.4992525569071942,0.1730187243326471,0.41034137970813617,-0.01572705927840595,-0.014214137568700458,-0.0014205266441136755,0.4992525569071942,1.120422376315359,0.3111153346057015,2.0007474430928056,True,2.0007474430928056,True,2.0007474430928056,True,2.5,False,2.5,False,2.5,False,2.5,False,2.125560582319604,2.427400288858217,True,True,0.75,0.1454168038548046,2.0007474430928056,wind_stuck_7_days,2018
8657,US-Me6,US-Me1,2018-07-26,1.2155555,2.7,2.7,-0.4183009908050466,0.4183009908050466,0.29294548625333944,0.43569277244735494,-0.024747360745922764,-0.03734379559961657,0.0026807679526438767,0.41830099080504657,1.120422376315359,0.3111153346057015,2.2816990091949534,True,2.2816990091949534,True,2.2816990091949534,True,2.7,False,2.7,False,2.7,False,2.2816990091949534,True,2.386274256896215,2.626359862161533,True,True,0.75,0.17604581260193028,2.2816990091949534,wind_stuck_7_days,2018
8658,US-Me6,US-Me1,2018-08-03,0.88634826,2.2,2.2,-0.3214296336809664,0.3214296336809664,0.1915856669594106,0.5193246412184156,0.018801711544078566,0.026019724804888424,-0.0014205266441136755,0.32142963368096633,1.120422376315359,0.3111153346057015,1.8785703663190338,True,1.8785703663190338,True,1.8785703663190338,True,1.8785703663190338,True,1.8785703663190338,True,1.8785703663190338,True,2.2,False,1.9589277747392755,2.005955926453067,True,True,0.75,0.6036906781890902,1.8785703663190338,wind_stuck_7_days,2018
8659,US-Me6,US-Me1,2018-08-11,0.76621101,2.5,2.5,-0.29280943171037743,0.29280943171037743,0.2097971032786885,0.5115142780606823,0.016461870632981462,0.026019724804888424,-0.0014205266441136755,0.2928094317103773,1.120422376315359,0.3111153346057015,2.2071905682896227,True,2.2071905682896227,True,2.2071905682896227,True,2.2071905682896227,True,2.2071905682896227,True,2.2071905682896227,True,2.5,False,2.280392926217217,2.380213889330619,True,True,0.75,0.4090923914905295,2.2071905682896227,wind_stuck_7_days,2018
8660,US-Me6,US-Me1,2018-08-19,0.56576665,1.6,1.6,-0.2744146380336408,0.2744146380336408,0.1701565566546916,0.38916851679475006,-0.005586057592089337,-0.016055978468061106,-0.007796061083258941,0.27441463803364075,1.120422376315359,0.3111153346057015,1.3255853619663593,True,1.3255853619663593,True,1.3255853619663593,True,1.6,False,1.6,False,1.6,False,1.6,False,1.3941890214747694,1.4729022505944875,True,True,0.75,0.4631595104264497,1.3255853619663593,wind_stuck_7_days,2018
8661,US-Me6,US-Me1,2018-09-04,0.38674885,1.2,1.2,0.1118276695586736,0.1118276695586736,0.14569951682308313,0.3804855603379909,0.026209268591376986,0.024702693081296887,-0.007796061083258941,-0.11182766955867363,1.120422376315359,0.3111153346057015,1.3118276695586735,True,1.3118276695586735,True,1.3118276695586735,True,1.3118276695586735,True,1.3118276695586735,True,1.3118276695586735,True,1.2,False,1.2838707521690051,1.3118276695586735,True,True,0.75,1.0,1.3118276695586735,wind_stuck_7_days,2018
8662,US-Me6,US-Me1,2018-09-20,0.21914324,1.4,1.4,-0.21125803901600376,0.21125803901600376,0.15251886468695713,0.49389583390617087,0.02667724533781374,0.028604816045432437,-0.007796061083258941,0.2112580390160037,1.120422376315359,0.3111153346057015,1.1887419609839962,True,1.1887419609839962,True,1.1887419609839962,True,1.1887419609839962,True,1.1887419609839962,True,1.1887419609839962,True,1.4,False,1.2415564707379971,1.2394316066271764,True,True,0.75,0.7600581455774076,1.1887419609839962,wind_stuck_7_days,2018
8663,US-Me6,US-Me1,2018-09-28,0.13717056,1.1,1.1,-0.22598655975663234,0.22598655975663234,0.10403438414229528,0.4127195773103054,0.02667724533781374,0.028604816045432437,-0.007796061083258941,0.2259865597566324,1.120422376315359,0.3111153346057015,0.8740134402433677,True,0.8740134402433677,True,0.8740134402433677,True,0.8740134402433677,True,0.8740134402433677,True,0.8740134402433677,True,1.1,False,0.9305100801825259,0.9557544791763412,True,True,0.75,0.638292476238404,0.8740134402433677,wind_stuck_7_days,2018
8664,US-Me6,US-Me1,2018-10-14,0.15081135,1.1,1.1,-0.31702530274697194,0.31702530274697194,0.23702387695215416,0.5532190538708359,0.043725813842494514,0.048324987043553716,-0.010940397535124869,0.31702530274697194,1.120422376315359,0.3111153346057015,0.7829746972530282,True,0.7829746972530282,True,0.7829746972530282,True,0.7829746972530282,True,0.7829746972530282,True,0.7829746972530282,True,1.1,False,0.8622310229397712,0.8955286875062545,True,True,0.75,0.6449684322419548,0.7829746972530282,wind_stuck_7_days,2018
8665,US-Me6,US-Me1,2018-10-22,0.09920431,0.7,0.7,-0.1435200653357948,0.1435200653357948,0.17340196138536684,0.36235035014488737,0.02667724533781374,0.025981294620656837,-0.007796061083258941,0.1435200653357948,1.120422376315359,0.3111153346057015,0.5564799346642051,True,0.5564799346642051,True,0.5564799346642051,True,0.5564799346642051,True,0.5564799346642051,True,0.5564799346642051,True,0.7,False,0.5923599509981539,0.5564799346642051,True,True,0.75,1.0,0.5564799346642051,wind_stuck_7_days,2018
8666,US-Me6,US-Me1,2018-10-30,0.6355853,0.9,0.9,-0.15813295406580236,0.15813295406580236,0.15419613602012963,0.5138496380154386,0.024004449167574514,0.019617780455122972,-0.007796061083258941,0.15813295406580236,1.120422376315359,0.3111153346057015,0.7418670459341976,True,0.7418670459341976,True,0.7418670459341976,True,0.7418670459341976,True,0.7418670459341976,True,0.7418670459341976,True,0.9,False,0.7814002844506482,0.7418670459341976,True,True,0.75,1.0,0.7418670459341976,wind_stuck_7_days,2018
8667,US-Me6,US-Me1,2018-11-07,0.33270892,0.4,0.4,0.039372498808501445,0.039372498808501445,0.1765332734059682,0.44810672325726514,0.025147983930662032,0.018406807768601017,-0.006332586970748549,-0.03937249880850144,1.120422376315359,0.3111153346057015,0.4393724988085015,True,0.4393724988085015,True,0.4393724988085015,True,0.4393724988085015,True,0.4393724988085015,True,0.4393724988085015,True,0.4,False,0.4295293741063761,0.4393724988085015,True,True,0.75,1.0,0.4393724988085015,wind_stuck_7_days,2018
8668,US-Me6,US-Me1,2018-11-15,0.31816264,0.4,0.4,0.0023244414849383195,0.0023244414849383195,0.14650500250007048,0.3820182444284016,0.025147983930662032,0.018406807768601017,-0.006332586970748549,-0.002324441484938322,1.120422376315359,0.3111153346057015,0.40232444148493834,True,0.40232444148493834,True,0.40232444148493834,True,0.40232444148493834,True,0.40232444148493834,True,0.40232444148493834,True,0.4,False,0.40174333111370375,0.40232444148493834,True,True,0.75,1.0,0.40232444148493834,wind_stuck_7_days,2018
8822,US-NC3,US-NC2,2018-01-14,0.70588159,0.6,0.6,0.009097658779229415,0.009097658779229415,0.0845120866796259,0.34885734701775417,0.024004449167574514,0.019617780455122972,-0.007796061083258941,0.009097658779229412,1.120422376315359,0.3111153346057015,0.6090976587792294,True,0.6090976587792294,True,0.6090976587792294,True,0.6090976587792294,True,0.6090976587792294,True,0.6090976587792294,True,0.6,False,0.606823244084422,0.6090976587792294,True,True,0.75,1.0,0.6090976587792294,wind_stuck_7_days,2018
8823,US-NC3,US-NC2,2018-02-07,0.64854086,0.3,0.3,1.016244302304854,1.016244302304854,0.11822813045240083,0.7011232884783304,0.3589302649897444,0.32102685853602003,-0.2101503713033464,-0.319162582304854,1.120422376315359,0.3111153346057015,1.316244302304854,True,1.316244302304854,True,1.316244302304854,True,1.316244302304854,True,1.316244302304854,True,1.316244302304854,True,0.3,False,1.0621832267286404,1.2665648875837092,True,True,0.75,0.9511146929842842,1.316244302304854,wind_stuck_7_days,2018
8824,US-NC3,US-NC2,2018-02-15,1.11432641,2.1,2.1,0.5271271514509495,0.5271271514509495,0.21352018053377583,0.9180251208975765,0.10678393829900866,0.062232504985505116,-0.10305862161127244,-0.5271271514509495,1.120422376315359,0.3111153346057015,2.6271271514509493,True,2.6271271514509493,True,2.1,False,2.6271271514509493,True,2.1,False,2.6271271514509493,True,2.1,False,2.4953453635882124,2.5567814186902993,True,True,0.75,0.8665488344377261,2.6271271514509493,wind_stuck_7_days,2018
8825,US-NC3,US-NC2,2018-03-03,1.31941547,1.7,1.7,-0.1793614417777835,0.1793614417777835,0.13858366031579644,0.6591682253404896,0.024089620947101487,0.026780063853236218,-0.02723873277953178,0.1793614417777835,1.120422376315359,0.3111153346057015,1.5206385582222164,True,1.5206385582222164,True,1.5206385582222164,True,1.5206385582222164,True,1.5206385582222164,True,1.5206385582222164,True,1.7,False,1.5654789186666624,1.5224514025013882,True,True,0.75,0.9898927870940196,1.5206385582222164,wind_stuck_7_days,2018
8826,US-NC3,US-NC2,2018-04-20,1.93927953,3.0,3.0,-0.7267473572985031,0.7267473572985031,0.1609782352448005,0.37150091136613755,0.041317842440836604,0.06196589343670763,0.02434272712862545,0.7267473572985031,1.120422376315359,0.3111153346057015,2.2732526427014967,True,2.2732526427014967,True,2.2732526427014967,True,2.2732526427014967,True,2.2732526427014967,True,2.2732526427014967,True,2.2732526427014967,True,2.4549394820261226,2.509876865833527,True,True,0.75,0.6744064897440837,2.2732526427014967,wind_stuck_7_days,2018
8827,US-NC3,US-NC2,2018-05-14,5.64541016,5.2,5.2,-1.103504758282098,1.103504758282098,0.18437644345417764,0.5417391990504893,-0.0433440198193608,-0.06448879915215992,-0.03663582323488964,-1.103504758282098,1.120422376315359,0.3111153346057015,4.096495241717902,True,4.096495241717902,True,4.096495241717902,True,5.2,False,5.2,False,5.2,False,5.2,False,4.3723714312884265,4.959166072618638,True,True,0.75,0.2182445753621262,4.096495241717902,wind_stuck_7_days,2018
8828,US-NC3,US-NC2,2018-06-07,5.50224506,3.3,3.3,1.106583693859244,1.106583693859244,0.2442648139463357,0.6612942161560966,-0.026235490012639938,0.0009668379514207121,-0.18748754124976252,1.106583693859244,1.120422376315359,0.3111153346057015,4.406583693859243,True,4.406583693859243,True,4.406583693859243,True,3.3,False,3.3,False,4.406583693859243,True,3.3,False,4.129937770394433,3.7743406434880677,True,True,0.75,0.42865320185027356,4.406583693859243,wind_stuck_7_days,2018
8829,US-NC3,US-NC2,2018-08-26,6.7465114,5.4,5.4,-0.46498794775141217,0.46498794775141217,0.22980778887079617,0.5261058007608044,0.014043976329339607,0.011587801940685526,0.0026807679526438767,-0.4649879477514123,1.120422376315359,0.3111153346057015,4.935012052248588,True,4.935012052248588,True,4.935012052248588,True,4.935012052248588,True,4.935012052248588,True,4.935012052248588,True,4.935012052248588,True,5.051259039186442,5.115204986466302,True,True,0.75,0.6124782694065727,4.935012052248588,wind_stuck_7_days,2018
8830,US-NC3,US-NC2,2018-09-19,6.16862592,4.4,4.4,-0.28878557408421307,0.28878557408421307,0.07766450981509941,0.45913281156876007,0.010220161097935183,0.01607176548045547,0.0026807679526438767,-0.2887855740842129,1.120422376315359,0.3111153346057015,4.1112144259157875,True,4.1112144259157875,True,4.1112144259157875,True,4.1112144259157875,True,4.1112144259157875,True,4.1112144259157875,True,4.1112144259157875,True,4.1834108194368405,4.281860018869924,True,True,0.75,0.4090923914905295,4.1112144259157875,wind_stuck_7_days,2018
8831,US-NC3,US-NC2,2018-11-22,2.56322765,0.7,0.7,0.13348014683434822,0.13348014683434822,0.08676535448619024,0.3556691648570553,0.02667724533781374,0.025981294620656837,-0.007796061083258941,0.13348014683434828,1.120422376315359,0.3111153346057015,0.8334801468343482,True,0.8334801468343482,True,0.8334801468343482,True,0.8334801468343482,True,0.8334801468343482,True,0.8334801468343482,True,0.7,False,0.8001101101257612,0.8334801468343482,True,True,0.75,1.0,0.8334801468343482,wind_stuck_7_days,2018
8832,US-NC3,US-NC2,2018-12-24,2.06815068,0.6,0.6,0.12205389073249095,0.12205389073249095,0.12076168262007382,0.28491687902309826,0.024004449167574514,0.019617780455122972,-0.007796061083258941,0.12205389073249107,1.120422376315359,0.3111153346057015,0.7220538907324909,True,0.7220538907324909,True,0.7220538907324909,True,0.7220538907324909,True,0.7220538907324909,True,0.7220538907324909,True,0.6,False,0.6915404180493682,0.7220538907324909,True,True,0.75,1.0,0.7220538907324909,wind_stuck_7_days,2018
8905,US-NC4,US-NC4,2018-05-14,6.10442201,5.7,5.7,-1.3529990096158686,1.3529990096158686,0.1293561266511975,0.3907231477628887,0.1287212333666137,0.11841919999845887,-0.1392335578978099,-1.3529990096158686,1.120422376315359,0.3111153346057015,4.347000990384132,True,4.347000990384132,True,4.347000990384132,True,4.347000990384132,True,4.347000990384132,True,4.347000990384132,True,5.7,False,4.6852507427880985,4.9786644077375115,True,True,0.75,0.5331383002765716,4.347000990384132,wind_stuck_7_days,2018
8906,US-NC4,US-NC4,2018-06-07,5.25268738,3.5,3.5,0.9694467053065718,0.9694467053065718,0.18797375602659364,0.6191386169901516,0.06246061962261379,0.03645217261706022,-0.11733742939956832,0.9694467053065718,1.120422376315359,0.3111153346057015,4.469446705306572,True,4.469446705306572,True,4.469446705306572,True,4.469446705306572,True,4.469446705306572,True,4.469446705306572,True,3.5,False,4.227085028979928,4.020419502537246,True,True,0.75,0.5368211575619022,4.469446705306572,wind_stuck_7_days,2018
9130,US-NR1,US-NR1,2018-01-02,0.51337147,0.4,0.4,0.006652475913903064,0.006652475913903064,0.14962981451144183,0.47704342827416724,0.028312506050431514,0.023055167463133908,-0.006332586970748549,0.006652475913903069,1.120422376315359,0.3111153346057015,0.4066524759139031,True,0.4066524759139031,True,0.4066524759139031,True,0.4066524759139031,True,0.4066524759139031,True,0.4066524759139031,True,0.4,False,0.4049893569354273,0.4066524759139031,True,True,0.75,1.0,0.4521203726937825,wind_stuck_7_days,2018
9131,US-NR1,US-NR1,2018-05-10,2.69625003,6.5,6.5,-2.7214698453276616,2.7214698453276616,0.2592126824850193,0.6118247169570113,1.0343484156125757,1.0173111216312545,-0.02596573841001911,2.7214698453276616,1.120422376315359,0.3111153346057015,3.7785301546723384,True,3.7785301546723384,True,3.7785301546723384,True,3.7785301546723384,True,3.7785301546723384,True,3.7785301546723384,True,6.5,False,4.458897616004254,4.052220966221495,True,True,0.75,0.8994327230856366,3.7785301546723384,wind_stuck_7_days,2018
9132,US-NR1,US-NR1,2018-05-26,3.84335658,6.0,6.0,-2.0607648443201128,2.0607648443201128,0.22740507465333415,0.6196244944634157,0.3599904569396658,0.7014584608744355,0.2503367794904131,2.0607648443201128,1.120422376315359,0.3111153346057015,3.9392351556798872,True,3.9392351556798872,True,3.9392351556798872,True,3.9392351556798872,True,3.9392351556798872,True,3.9392351556798872,True,3.9392351556798872,True,4.4544263667599155,4.825373056237584,True,True,0.75,0.5699956241974561,3.9392351556798872,wind_stuck_7_days,2018
9133,US-NR1,US-NR1,2018-06-03,2.49028356,3.5,3.5,-0.6878639492677763,0.6878639492677763,0.19971042848732246,0.5450644730250999,0.028812946996416573,0.021764708198513158,-0.001491340294528723,0.6878639492677763,1.120422376315359,0.3111153346057015,2.8121360507322235,True,2.8121360507322235,True,2.8121360507322235,True,2.8121360507322235,True,2.8121360507322235,True,2.8121360507322235,True,3.5,False,2.984102038049168,3.0634067416941266,True,True,0.75,0.6347087367649115,2.8121360507322235,wind_stuck_7_days,2018
9134,US-NR1,US-NR1,2018-06-11,3.20397728,4.3,4.3,-0.9663528913673893,0.9663528913673893,0.16410747474882578,0.44301078350256057,-0.0561100794492586,-0.08738747559859524,0.02434272712862545,0.9663528913673893,1.120422376315359,0.3111153346057015,3.3336471086326105,True,3.3336471086326105,True,3.3336471086326105,True,4.3,False,4.3,False,4.3,False,3.3336471086326105,True,3.575235331474458,4.052800025364132,True,True,0.75,0.25580714544774685,3.3336471086326105,wind_stuck_7_days,2018
9135,US-NR1,US-NR1,2018-06-27,3.860709,5.0,5.0,-0.8700518935555335,0.8700518935555335,0.2641825726480624,0.43521112791635436,-0.03735827894990137,-0.03993154543975063,0.02434272712862545,0.8700518935555335,1.120422376315359,0.3111153346057015,4.129948106444466,True,4.129948106444466,True,4.129948106444466,True,5.0,False,5.0,False,5.0,False,4.129948106444466,True,4.34746107983335,4.791873064795604,True,True,0.75,0.23921209383714942,4.129948106444466,wind_stuck_7_days,2018
9136,US-NR1,US-NR1,2018-07-21,3.62738876,4.6,4.6,-0.9061901156481929,0.9061901156481929,0.1564160907455582,0.3191142834347523,-0.0035083440760787683,-0.012848797516986655,0.02434272712862545,0.9061901156481929,1.120422376315359,0.3111153346057015,3.693809884351807,True,3.693809884351807,True,3.693809884351807,True,4.6,False,4.6,False,4.6,False,3.693809884351807,True,3.9203574132638552,4.2277897444097725,True,True,0.75,0.4107419063206041,3.693809884351807,wind_stuck_7_days,2018
9137,US-NR1,US-NR1,2018-07-29,3.91973139,4.3,4.3,-0.5951054296235749,0.5951054296235749,0.16681551106844839,0.38776800480595197,0.013949060347597148,0.014449866308649249,0.0014062346330155086,0.16543179037642486,1.120422376315359,0.3111153346057015,3.7048945703764247,True,3.7048945703764247,True,3.7048945703764247,True,3.7048945703764247,True,3.7048945703764247,True,3.7048945703764247,True,3.7048945703764247,True,3.8536709277823187,3.959599605504013,True,True,0.75,0.5720001491354264,3.7048945703764247,wind_stuck_7_days,2018
9138,US-NR1,US-NR1,2018-08-06,2.99875239,4.5,4.5,-1.293293477669063,1.293293477669063,0.18762208428417573,0.38870372950255716,0.01638273587902739,0.3094755976805447,-0.1392335578978099,1.293293477669063,1.120422376315359,0.3111153346057015,3.2067065223309372,True,3.2067065223309372,True,3.2067065223309372,True,3.2067065223309372,True,3.2067065223309372,True,3.2067065223309372,True,4.5,False,3.5300298917482027,3.2067065223309372,True,True,0.75,1.0,3.2067065223309372,wind_stuck_7_days,2018
9139,US-NR1,US-NR1,2018-08-30,1.4348199,3.7,3.7,-0.6779950272783737,0.6779950272783737,0.12552361474148044,0.45096545084731393,0.015593786093915332,0.01342476753529275,0.003992274458543315,0.6779950272783737,1.120422376315359,0.3111153346057015,3.0220049727216267,True,3.0220049727216267,True,3.0220049727216267,True,3.0220049727216267,True,3.0220049727216267,True,3.0220049727216267,True,3.0220049727216267,True,3.19150372954122,3.266856694830176,True,True,0.75,0.6388591180507035,3.0220049727216267,wind_stuck_7_days,2018
9140,US-NR1,US-NR1,2018-09-07,2.27581207,3.5,3.5,-1.291256990939799,1.291256990939799,0.10946470826022012,0.48059055567378345,0.06590748599980642,0.13280423874326544,-0.19040906884057807,1.1571188690602006,1.120422376315359,0.3111153346057015,2.2087430090602007,True,2.2087430090602007,True,2.2087430090602007,True,2.2087430090602007,True,2.2087430090602007,True,2.2087430090602007,True,3.5,False,2.5315572567951508,2.5297510650462023,True,True,0.75,0.7513987856496589,2.2087430090602007,wind_stuck_7_days,2018
9141,US-NR1,US-NR1,2018-09-15,0.94382621,3.5,3.5,-1.3309042410375433,1.3309042410375433,0.26078473798953883,0.49400051134743767,0.051001115991769354,0.048555469929866216,-0.1392335578978099,1.3309042410375433,1.120422376315359,0.3111153346057015,2.169095758962457,True,2.169095758962457,True,2.169095758962457,True,2.169095758962457,True,2.169095758962457,True,2.169095758962457,True,3.5,False,2.5018218192218424,2.7423869896629585,True,True,0.75,0.5692468225560866,2.169095758962457,wind_stuck_7_days,2018
9142,US-NR1,US-NR1,2018-10-25,0.85356116,2.1,2.1,-0.8773071471614344,0.8773071471614344,0.1223756916433434,0.4664786843886183,0.1141367972199521,0.09899702197850212,-0.012275702776531752,0.8773071471614344,1.120422376315359,0.3111153346057015,1.2226928528385657,True,1.2226928528385657,True,1.2226928528385657,True,1.2226928528385657,True,1.2226928528385657,True,1.2226928528385657,True,2.1,False,1.4420196396289242,1.5871788300787222,True,True,0.75,0.5845400571288325,1.2226928528385657,wind_stuck_7_days,2018
9143,US-NR1,US-NR1,2018-11-10,0.67161331,2.1,2.1,-1.3741070925007675,1.3741070925007675,0.18738591040708052,1.0677278536445878,0.4069093021142007,0.4366907134237267,-0.49633634273304833,1.3741070925007675,1.120422376315359,0.3111153346057015,0.7258929074992326,True,0.7258929074992326,True,2.1,False,0.7258929074992326,True,2.1,False,0.7258929074992326,True,2.1,False,1.0694196806244245,0.9721851168815929,True,True,0.75,0.8207619982994719,0.7258929074992326,wind_stuck_7_days,2018
9446,US-Ne1,US-Ne1,2018-02-01,0.65997576,0.1,0.1,0.45172886403975987,0.45172886403975987,0.19437696391494014,0.6492564959198105,0.1826372666732069,0.1740495510646885,-0.04760493730981762,0.45172886403975987,1.120422376315359,0.3111153346057015,0.5517288640397598,True,0.5517288640397598,True,0.5517288640397598,True,0.5517288640397598,True,0.5517288640397598,True,0.5517288640397598,True,0.1,False,0.4387966480298199,0.5517288640397598,True,True,0.75,1.0,0.6155050838303947,wind_stuck_7_days,2018
9447,US-Ne1,US-Ne1,2018-02-17,1.68675763,0.5,0.5,0.28060951356665037,0.28060951356665037,0.1172431799960564,0.27618735645494824,0.06173575379891903,0.07667858225743622,-0.007796061083258941,0.2806095135666504,1.120422376315359,0.3111153346057015,0.7806095135666504,True,0.7806095135666504,True,0.7806095135666504,True,0.7806095135666504,True,0.7806095135666504,True,0.7806095135666504,True,0.5,False,0.7104571351749878,0.6821476126442165,True,True,0.75,0.649114174102842,0.7806095135666504,wind_stuck_7_days,2018
9448,US-Ne1,US-Ne1,2018-03-13,1.76952516,0.6,0.6,0.35556257839950073,0.35556257839950073,0.1785851613914728,0.25990846487746283,0.04983621282119023,0.05741870860222423,-0.03206106961967883,0.3555625783995007,1.120422376315359,0.3111153346057015,0.9555625783995008,True,0.9555625783995008,True,0.9555625783995008,True,0.9555625783995008,True,0.9555625783995008,True,0.9555625783995008,True,0.6,False,0.8666719337996256,0.9555625783995008,True,True,0.75,1.0,0.9555625783995008,wind_stuck_7_days,2018
9449,US-Ne1,US-Ne1,2018-03-21,3.07292686,1.2,1.2,0.19474675285834894,0.19474675285834894,0.09246870442284846,0.30724260185889507,0.02667724533781374,0.025981294620656837,-0.007796061083258941,0.19474675285834886,1.120422376315359,0.3111153346057015,1.3947467528583488,True,1.3947467528583488,True,1.3947467528583488,True,1.3947467528583488,True,1.3947467528583488,True,1.3947467528583488,True,1.2,False,1.3460600646437617,1.3664611174326609,True,True,0.75,0.8547568315746863,1.3947467528583488,wind_stuck_7_days,2018
9450,US-Ne1,US-Ne1,2018-05-16,1.64776953,1.4,1.4,0.4333577301991832,0.4333577301991832,0.12835007326785078,0.44752665434804706,0.06135483542730037,0.065458543106952,-0.03206106961967883,0.06218132980081681,1.120422376315359,0.3111153346057015,1.8333577301991832,True,1.8333577301991832,True,1.8333577301991832,True,1.8333577301991832,True,1.8333577301991832,True,1.8333577301991832,True,1.4,False,1.7250182976493873,1.785759680851477,True,True,0.75,0.8901645314465054,1.8333577301991832,wind_stuck_7_days,2018
9451,US-Ne1,US-Ne1,2018-05-24,1.27983402,1.0,1.0,1.0478641780761524,1.0478641780761524,0.1801282242215967,0.6434398449000107,0.011225363073254054,-0.022773245452970624,-0.18178256999416526,-0.48819613807615236,1.120422376315359,0.3111153346057015,2.0478641780761526,True,2.0478641780761526,True,2.0478641780761526,True,2.0478641780761526,True,2.0478641780761526,True,1.0,False,1.0,False,1.7858981335571142,1.521346668940075,True,True,0.75,0.49753267632189896,2.0478641780761526,wind_stuck_7_days,2018
9452,US-Ne1,US-Ne1,2018-06-01,2.961337,3.0,3.0,0.13509499941351205,0.13509499941351205,0.19488822663617997,0.6456106804754589,-0.005103447354718435,-0.007607423885133527,-0.01853290357446526,-0.13509499941351205,1.120422376315359,0.3111153346057015,3.135094999413512,True,3.135094999413512,True,3.135094999413512,True,3.0,False,3.0,False,3.0,False,3.0,False,3.101321249560134,3.135094999413512,True,True,0.75,1.0,3.135094999413512,wind_stuck_7_days,2018
9453,US-Ne1,US-Ne1,2018-06-09,6.23085716,3.7,3.7,-0.21920982208295636,0.21920982208295636,0.17962271944628946,0.542670050704399,-0.012936668224590216,-0.013210956592007855,-0.00046356849922204985,-0.21920982208295658,1.120422376315359,0.3111153346057015,3.4807901779170436,True,3.4807901779170436,True,3.4807901779170436,True,3.7,False,3.7,False,3.7,False,3.7,False,3.535592633437783,3.551075114986348,True,True,0.75,0.6793714058911748,3.4807901779170436,wind_stuck_7_days,2018
9454,US-Ne1,US-Ne1,2018-07-03,6.54142967,6.6,6.6,-0.22903470615108432,0.22903470615108432,0.1445737239364604,0.49090275065015965,0.02574456897190454,0.01714223202589462,0.009192570215690763,-0.11189404615108564,1.120422376315359,0.3111153346057015,6.370965293848915,True,6.370965293848915,True,6.370965293848915,True,6.370965293848915,True,6.370965293848915,True,6.370965293848915,True,6.370965293848915,True,6.428223970386687,6.446355723877404,True,True,0.75,0.6708340351756252,6.370965293848915,wind_stuck_7_days,2018
9455,US-Ne1,US-Ne1,2018-07-11,7.38945052,6.2,6.2,-0.2753105989706482,0.2753105989706482,0.21258331882161127,0.35623284331791777,-0.021249753936750933,-0.02621088116937493,0.009192570215690763,-0.27531059897064813,1.120422376315359,0.3111153346057015,5.924689401029352,True,5.924689401029352,True,5.924689401029352,True,6.2,False,6.2,False,6.2,False,5.924689401029352,True,5.993517050772014,6.065986397807984,True,True,0.75,0.486772404306539,5.924689401029352,wind_stuck_7_days,2018
9456,US-Ne1,US-Ne1,2018-07-19,6.38325887,5.6,5.6,0.7008043108988455,0.7008043108988455,0.18099692808395296,0.33192639446299205,0.043904413653312636,0.06069202307842635,0.003069860136870612,0.7008043108988455,1.120422376315359,0.3111153346057015,6.300804310898846,True,6.300804310898846,True,6.300804310898846,True,6.300804310898846,True,6.300804310898846,True,6.300804310898846,True,6.300804310898846,True,6.125603233174134,6.107298225368869,True,True,0.75,0.7238800011350001,6.300804310898846,wind_stuck_7_days,2018
9457,US-Ne1,US-Ne1,2018-07-27,5.83421562,4.9,4.9,0.08962251770513657,0.08962251770513657,0.17933788470899295,0.42587696103895534,0.007451900763228247,0.012956081657145043,0.0026807679526438767,0.08962251770513663,1.120422376315359,0.3111153346057015,4.989622517705137,True,4.989622517705137,True,4.989622517705137,True,4.989622517705137,True,4.989622517705137,True,4.989622517705137,True,4.989622517705137,True,4.967216888278853,4.989622517705137,True,True,0.75,1.0,4.989622517705137,wind_stuck_7_days,2018
9458,US-Ne1,US-Ne1,2018-08-12,5.30940093,6.0,6.0,0.14339201884577174,0.14339201884577174,0.2222154968973444,0.3858619024778186,-0.05455058811210508,-0.09069285446116453,0.009192570215690763,-0.1433920188457718,1.120422376315359,0.3111153346057015,6.143392018845772,True,6.143392018845772,True,6.143392018845772,True,6.0,False,6.0,False,6.0,False,6.143392018845772,True,6.107544014134329,6.0,True,False,0.75,0.0,6.143392018845772,wind_stuck_7_days,2018
9459,US-Ne1,US-Ne1,2018-10-15,1.39092173,1.2,1.2,-0.24084658231524642,0.24084658231524642,0.12280342304005155,0.4346378224911766,0.02667724533781374,0.028604816045432437,-0.007796061083258941,-0.24084658231524642,1.120422376315359,0.3111153346057015,0.9591534176847536,True,0.9591534176847536,True,0.9591534176847536,True,0.9591534176847536,True,0.9591534176847536,True,0.9591534176847536,True,1.2,False,1.0193650632635651,1.0563027763853419,True,True,0.75,0.5966338497864643,0.9591534176847536,wind_stuck_7_days,2018
9460,US-Ne1,US-Ne1,2018-10-23,0.66913046,1.4,1.4,-0.2773915472092391,0.2773915472092391,0.0651234512967868,0.34087757119337975,0.04129105694965495,0.048324987043553716,-0.007796061083258941,0.2773915472092391,1.120422376315359,0.3111153346057015,1.122608452790761,True,1.122608452790761,True,1.122608452790761,True,1.122608452790761,True,1.122608452790761,True,1.122608452790761,True,1.4,False,1.1919563395930706,1.2740762225213345,True,True,0.75,0.45395679408961903,1.122608452790761,wind_stuck_7_days,2018
9461,US-Ne1,US-Ne1,2018-11-16,1.11537896,0.9,0.9,-0.06315283666780133,0.06315283666780133,0.10559698817396551,0.2958767918495079,0.02667724533781374,0.025981294620656837,-0.007796061083258941,-0.06315283666780136,1.120422376315359,0.3111153346057015,0.8368471633321987,True,0.8368471633321987,True,0.8368471633321987,True,0.8368471633321987,True,0.8368471633321987,True,0.8368471633321987,True,0.9,False,0.852635372499149,0.8368471633321987,True,True,0.75,1.0,0.8368471633321987,wind_stuck_7_days,2018
9462,US-Ne1,US-Ne1,2018-12-18,0.53341556,0.5,0.5,0.1382038299709607,0.1382038299709607,0.14244950324800534,0.2894302947296777,0.024004449167574514,0.019617780455122972,-0.007796061083258941,-0.07137270997096068,1.120422376315359,0.3111153346057015,0.6382038299709607,True,0.6382038299709607,True,0.6382038299709607,True,0.6382038299709607,True,0.6382038299709607,True,0.6382038299709607,True,0.5,False,0.6036528724782205,0.6382038299709607,True,True,0.75,1.0,0.6382038299709607,wind_stuck_7_days,2018
9765,US-Ne2,US-Ne1,2018-02-01,0.70630749,0.1,0.1,0.45172886403975987,0.45172886403975987,0.19437696391494014,0.6492564959198105,0.1826372666732069,0.1740495510646885,-0.04760493730981762,0.45172886403975987,1.120422376315359,0.3111153346057015,0.5517288640397598,True,0.5517288640397598,True,0.5517288640397598,True,0.5517288640397598,True,0.5517288640397598,True,0.5517288640397598,True,0.1,False,0.4387966480298199,0.5517288640397598,True,True,0.75,1.0,0.6155050838303947,wind_stuck_7_days,2018
9766,US-Ne2,US-Ne1,2018-02-17,1.10750379,0.4,0.4,0.35212922218445347,0.35212922218445347,0.11961637751049362,0.2693842685196211,0.12864414209302014,0.14322865395878515,-0.009230408565749769,0.35212922218445347,1.120422376315359,0.3111153346057015,0.7521292221844535,True,0.7521292221844535,True,0.7521292221844535,True,0.7521292221844535,True,0.7521292221844535,True,0.7521292221844535,True,0.4,False,0.6640969166383401,0.7521292221844535,True,True,0.75,1.0,0.7521292221844535,wind_stuck_7_days,2018
9767,US-Ne2,US-Ne1,2018-03-13,1.02677989,0.5,0.5,0.43521683346684475,0.43521683346684475,0.17971759431515813,0.247785596423247,0.08399938195059642,0.089782556584048,-0.03206106961967883,0.43521683346684475,1.120422376315359,0.3111153346057015,0.9352168334668447,True,0.9352168334668447,True,0.9352168334668447,True,0.9352168334668447,True,0.9352168334668447,True,0.9352168334668447,True,0.5,False,0.8264126251001336,0.9180652636077873,True,True,0.75,0.9605907480130497,0.9352168334668447,wind_stuck_7_days,2018
9768,US-Ne2,US-Ne1,2018-03-21,1.78299184,0.5,0.5,0.6880691325766648,0.6880691325766648,0.11293459838383052,0.424582832493033,0.25349865975151303,0.24850185122671642,-0.05689116398303377,0.6880691325766648,1.120422376315359,0.3111153346057015,1.1880691325766648,True,1.1880691325766648,True,1.1880691325766648,True,1.1880691325766648,True,1.1880691325766648,True,1.1880691325766648,True,0.5,False,1.0160518494324986,1.1880691325766648,True,True,0.75,1.0,1.1880691325766648,wind_stuck_7_days,2018
9769,US-Ne2,US-Ne1,2018-05-16,1.42643792,1.1,1.1,0.5964918328920961,0.5964918328920961,0.15071942638469432,0.4383133077894937,0.11784629259171132,0.1315872635096631,-0.033335602939307186,0.05638400710790359,1.120422376315359,0.3111153346057015,1.6964918328920962,True,1.6964918328920962,True,1.6964918328920962,True,1.6964918328920962,True,1.6964918328920962,True,1.6964918328920962,True,1.1,False,1.5473688746690721,1.6964918328920962,True,True,0.75,1.0,1.6964918328920962,wind_stuck_7_days,2018
9770,US-Ne2,US-Ne1,2018-05-24,1.05136706,1.1,1.1,1.0150939616728967,1.0150939616728967,0.17728448339846287,0.641038100228288,0.011225363073254054,-0.022773245452970624,-0.18178256999416526,-1.0150939616728967,1.120422376315359,0.3111153346057015,2.1150939616728968,True,2.1150939616728968,True,2.1150939616728968,True,2.1150939616728968,True,2.1150939616728968,True,1.1,False,1.1,False,1.8613204712546727,1.5173436588111933,True,True,0.75,0.4111379582274353,2.1150939616728968,wind_stuck_7_days,2018
9771,US-Ne2,US-Ne1,2018-06-01,3.79650707,2.4,2.4,0.31822000809726586,0.31822000809726586,0.2119072303309812,0.6300510623760522,0.008555599105588535,0.025675837134721817,-0.028117372535601624,0.3182200080972659,1.120422376315359,0.3111153346057015,2.7182200080972656,True,2.7182200080972656,True,2.7182200080972656,True,2.7182200080972656,True,2.7182200080972656,True,2.7182200080972656,True,2.4,False,2.6386650060729493,2.6942490602705327,True,True,0.75,0.9246717767054846,2.7182200080972656,wind_stuck_7_days,2018
9772,US-Ne2,US-Ne1,2018-06-09,4.39375969,2.3,2.3,0.15177531932034857,0.15177531932034857,0.18736305049419763,0.4242039631890558,-0.005198363336460895,-0.007607423885133527,-0.0014205266441136755,0.1517753193203486,1.120422376315359,0.3111153346057015,2.4517753193203484,True,2.4517753193203484,True,2.4517753193203484,True,2.3,False,2.3,False,2.3,False,2.3,False,2.4138314894902613,2.4517753193203484,True,True,0.75,1.0,2.4517753193203484,wind_stuck_7_days,2018
9773,US-Ne2,US-Ne1,2018-07-03,5.48503969,5.4,5.4,0.15169876961684697,0.15169876961684697,0.21774072195275665,0.41312796564308335,-0.014486477989165948,-0.012185857818651358,0.0026807679526438767,0.01838061038315192,1.120422376315359,0.3111153346057015,5.551698769616848,True,5.551698769616848,True,5.551698769616848,True,5.4,False,5.4,False,5.4,False,5.551698769616848,True,5.513774077212636,5.548991860885302,True,True,0.75,0.9821560271162229,5.551698769616848,wind_stuck_7_days,2018
9774,US-Ne2,US-Ne1,2018-07-11,6.79166613,5.7,5.7,-0.35770942149032214,0.35770942149032214,0.2452701533423605,0.4337124150299741,-0.02909733758285444,-0.029066639812350435,0.0026807679526438767,-0.35770942149032203,1.120422376315359,0.3111153346057015,5.342290578509678,True,5.342290578509678,True,5.342290578509678,True,5.7,False,5.7,False,5.7,False,5.342290578509678,True,5.4317179338822585,5.611613798226833,True,True,0.75,0.24708938725998256,5.342290578509678,wind_stuck_7_days,2018
9775,US-Ne2,US-Ne1,2018-07-19,6.18347215,5.5,5.5,0.7091278055074139,0.7091278055074139,0.16985064936188424,0.3335359079846195,0.043904413653312636,0.06069202307842635,0.003069860136870612,0.6578164944925862,1.120422376315359,0.3111153346057015,6.209127805507414,True,6.209127805507414,True,6.209127805507414,True,6.209127805507414,True,6.209127805507414,True,6.209127805507414,True,6.209127805507414,True,6.031845854130561,6.002839732653129,True,True,0.75,0.7090960596211898,6.209127805507414,wind_stuck_7_days,2018
9776,US-Ne2,US-Ne1,2018-07-27,6.66880416,4.8,4.8,0.06943179375962664,0.06943179375962664,0.17312880652887036,0.4226593236827717,0.007451900763228247,0.012956081657145043,0.0026807679526438767,0.06943179375962671,1.120422376315359,0.3111153346057015,4.8694317937596265,True,4.8694317937596265,True,4.8694317937596265,True,4.8694317937596265,True,4.8694317937596265,True,4.8694317937596265,True,4.8694317937596265,True,4.85207384531972,4.8694317937596265,True,True,0.75,1.0,4.8694317937596265,wind_stuck_7_days,2018
9777,US-Ne2,US-Ne1,2018-08-12,6.13434841,6.3,6.3,0.23733599003517858,0.23733599003517858,0.2116691608220184,0.4047273768541822,-0.012090211102063436,-0.022008636205072356,0.009192570215690763,-0.23733599003517858,1.120422376315359,0.3111153346057015,6.537335990035178,True,6.537335990035178,True,6.537335990035178,True,6.3,False,6.3,False,6.3,False,6.537335990035178,True,6.478001992526384,6.432543822910916,True,True,0.75,0.5584649125118787,6.537335990035178,wind_stuck_7_days,2018
9778,US-Ne2,US-Ne1,2018-10-15,1.34080115,1.0,1.0,-0.08659675119903458,0.08659675119903458,0.10814680105913926,0.4191400378545212,0.02667724533781374,0.025981294620656837,-0.007796061083258941,-0.0865967511990346,1.120422376315359,0.3111153346057015,0.9134032488009655,True,0.9134032488009655,True,0.9134032488009655,True,0.9134032488009655,True,0.9134032488009655,True,0.9134032488009655,True,1.0,False,0.935052436600724,0.9134032488009655,True,True,0.75,1.0,0.9134032488009655,wind_stuck_7_days,2018
9779,US-Ne2,US-Ne1,2018-10-23,0.68063599,0.2,0.2,0.3397803802388981,0.3397803802388981,0.09587955168362515,0.30450775064242314,0.13405596494594174,0.15004179937869686,-0.009230408565749769,0.3397803802388981,1.120422376315359,0.3111153346057015,0.5397803802388981,True,0.5397803802388981,True,0.5397803802388981,True,0.5397803802388981,True,0.5397803802388981,True,0.5397803802388981,True,0.2,False,0.4548352851791736,0.5397803802388981,True,True,0.75,1.0,0.5397803802388981,wind_stuck_7_days,2018
9780,US-Ne2,US-Ne1,2018-11-16,0.35699045,0.1,0.1,0.33201693798841225,0.33201693798841225,0.06902087250902117,0.32081767193793953,0.13405596494594174,0.15004179937869686,-0.009230408565749769,0.1819639620115877,1.120422376315359,0.3111153346057015,0.43201693798841223,True,0.43201693798841223,True,0.43201693798841223,True,0.43201693798841223,True,0.43201693798841223,True,0.43201693798841223,True,0.1,False,0.3490127034913092,0.43201693798841223,True,True,0.75,1.0,0.43201693798841223,wind_stuck_7_days,2018
9781,US-Ne2,US-Ne1,2018-12-18,0.58801432,0.2,0.2,0.28353346998298157,0.28353346998298157,0.13215726373664172,0.2873854882423418,0.12855160191507514,0.134088354940332,-0.006332586970748549,0.28353346998298157,1.120422376315359,0.3111153346057015,0.4835334699829816,True,0.4835334699829816,True,0.4835334699829816,True,0.4835334699829816,True,0.4835334699829816,True,0.4835334699829816,True,0.2,False,0.4126501024872362,0.378891124967186,True,True,0.75,0.6309347710445737,0.4835334699829816,wind_stuck_7_days,2018
10073,US-Ne3,US-Ne1,2018-02-01,0.84453602,0.1,0.1,0.43103500956086194,0.43103500956086194,0.19770983376114867,0.6505267386747886,0.1745645541072198,0.17020744566414725,-0.028673080262022616,0.43103500956086194,1.120422376315359,0.3111153346057015,0.5310350095608619,True,0.5310350095608619,True,0.5310350095608619,True,0.5310350095608619,True,0.5310350095608619,True,0.5310350095608619,True,0.1,False,0.42327625717064643,0.5310350095608619,True,True,0.75,1.0,0.6025995078862879,wind_stuck_7_days,2018
10074,US-Ne3,US-Ne1,2018-02-17,1.00386125,0.4,0.4,0.3503239010709198,0.3503239010709198,0.12327059302135761,0.3034861114724385,0.12864414209302014,0.14322865395878515,-0.009230408565749769,0.3503239010709198,1.120422376315359,0.3111153346057015,0.7503239010709198,True,0.7503239010709198,True,0.7503239010709198,True,0.7503239010709198,True,0.7503239010709198,True,0.7503239010709198,True,0.4,False,0.6627429258031898,0.7503239010709198,True,True,0.75,1.0,0.7503239010709198,wind_stuck_7_days,2018
10075,US-Ne3,US-Ne1,2018-03-13,1.06232801,0.5,0.5,0.4146987905559884,0.4146987905559884,0.18214685049372373,0.24962533972869375,0.08399938195059642,0.089782556584048,-0.03206106961967883,0.4146987905559884,1.120422376315359,0.3111153346057015,0.9146987905559885,True,0.9146987905559885,True,0.9146987905559885,True,0.9146987905559885,True,0.9146987905559885,True,0.9146987905559885,True,0.5,False,0.8110240929169913,0.9146987905559885,True,True,0.75,1.0,0.9146987905559885,wind_stuck_7_days,2018
10076,US-Ne3,US-Ne1,2018-05-08,0.67854642,2.1,2.1,0.41870241185586315,0.41870241185586315,0.18698394675252344,0.4501263526118877,0.020537676984774305,0.025261514137003022,-0.01707971872415907,-0.4187024118558631,1.120422376315359,0.3111153346057015,2.5187024118558634,True,2.5187024118558634,True,2.5187024118558634,True,2.5187024118558634,True,2.5187024118558634,True,2.5187024118558634,True,2.1,False,2.4140268088918972,2.321962855647617,True,True,0.75,0.5301207954923998,2.5187024118558634,wind_stuck_7_days,2018
10077,US-Ne3,US-Ne1,2018-05-16,1.17390632,1.2,1.2,0.49110272412205,0.49110272412205,0.13789320470136573,0.43086345287401473,0.07136326776167852,0.07506943585007789,-0.03206106961967883,-0.49110272412205,1.120422376315359,0.3111153346057015,1.69110272412205,True,1.69110272412205,True,1.69110272412205,True,1.69110272412205,True,1.69110272412205,True,1.69110272412205,True,1.2,False,1.5683270430915375,1.654389831103004,True,True,0.75,0.9252439638068024,1.69110272412205,wind_stuck_7_days,2018
10078,US-Ne3,US-Ne1,2018-05-24,0.64938214,1.5,1.5,0.8769233215467949,0.8769233215467949,0.19777478198868476,0.6069970544141238,0.14043039170868996,0.16202920666815024,-0.03244697964082451,-0.876923321546795,1.120422376315359,0.3111153346057015,2.376923321546795,True,2.376923321546795,True,2.376923321546795,True,2.376923321546795,True,2.376923321546795,True,2.376923321546795,True,1.5,False,2.157692491160096,1.9683355232714392,True,True,0.75,0.5340666758016512,2.376923321546795,wind_stuck_7_days,2018
10079,US-Ne3,US-Ne1,2018-06-01,2.6126477,2.4,2.4,0.2932725427722892,0.2932725427722892,0.20566592444050835,0.6077044606713075,0.011371743227863357,0.025675837134721817,-0.011819037291194708,0.13202285722771123,1.120422376315359,0.3111153346057015,2.6932725427722892,True,2.6932725427722892,True,2.6932725427722892,True,2.6932725427722892,True,2.6932725427722892,True,2.6932725427722892,True,2.4,False,2.619954407079217,2.5734652000308347,True,True,0.75,0.5914812153605574,2.6932725427722892,wind_stuck_7_days,2018
10080,US-Ne3,US-Ne1,2018-06-09,4.65391209,2.2,2.2,0.2696049743962171,0.2696049743962171,0.20074119545181618,0.43055868311138595,0.011371743227863357,0.01821438935264492,-0.0014205266441136755,0.2696049743962172,1.120422376315359,0.3111153346057015,2.4696049743962174,True,2.4696049743962174,True,2.4696049743962174,True,2.4696049743962174,True,2.4696049743962174,True,2.4696049743962174,True,2.2,False,2.402203730797163,2.389916695891713,True,True,0.75,0.7044257856036711,2.4696049743962174,wind_stuck_7_days,2018
10081,US-Ne3,US-Ne1,2018-07-03,6.83020696,5.4,5.4,-0.02575646261382213,0.02575646261382213,0.20051226829622723,0.4279123199397321,-0.014486477989165948,-0.012185857818651358,0.0026807679526438767,-0.02575646261382203,1.120422376315359,0.3111153346057015,5.374243537386178,True,5.374243537386178,True,5.374243537386178,True,5.4,False,5.4,False,5.4,False,5.374243537386178,True,5.380682653039634,5.374243537386178,True,True,0.75,1.0,5.374243537386178,wind_stuck_7_days,2018
10082,US-Ne3,US-Ne1,2018-07-11,7.35138294,6.2,6.2,-0.2979325115672187,0.2979325115672187,0.20233691142354482,0.36823062184655264,-0.021249753936750933,-0.02621088116937493,0.009192570215690763,-0.29793251156721867,1.120422376315359,0.3111153346057015,5.902067488432781,True,5.902067488432781,True,5.902067488432781,True,6.2,False,6.2,False,6.2,False,5.902067488432781,True,5.9765506163245865,6.073546268260962,True,True,0.75,0.42443750456722945,5.902067488432781,wind_stuck_7_days,2018
10083,US-Ne3,US-Ne1,2018-07-19,6.76328834,5.8,5.8,0.682581407914242,0.682581407914242,0.1851570905684078,0.3291353460936278,0.0038403035303734923,-0.052651906806261646,0.003069860136870612,0.682581407914242,1.120422376315359,0.3111153346057015,6.482581407914242,True,6.482581407914242,True,6.482581407914242,True,6.482581407914242,True,6.482581407914242,True,5.8,False,6.482581407914242,True,6.311936055935681,6.323674960497371,True,True,0.75,0.7671978088262915,6.482581407914242,wind_stuck_7_days,2018
10084,US-Ne3,US-Ne1,2018-07-27,5.63933167,5.0,5.0,0.0848695728454931,0.0848695728454931,0.18517201576933026,0.4182007271643416,0.007451900763228247,0.012956081657145043,0.0026807679526438767,0.08486957284549312,1.120422376315359,0.3111153346057015,5.084869572845493,True,5.084869572845493,True,5.084869572845493,True,5.084869572845493,True,5.084869572845493,True,5.084869572845493,True,5.084869572845493,True,5.063652179634119,5.084869572845493,True,True,0.75,1.0,5.084869572845493,wind_stuck_7_days,2018
10085,US-Ne3,US-Ne1,2018-08-12,6.96793692,6.3,6.3,0.20931423643587052,0.20931423643587052,0.22279403257071886,0.38924838028949743,-0.012090211102063436,-0.022008636205072356,0.009192570215690763,0.20931423643587055,1.120422376315359,0.3111153346057015,6.509314236435871,True,6.509314236435871,True,6.509314236435871,True,6.3,False,6.3,False,6.3,False,6.509314236435871,True,6.4569856773269025,6.448913334468843,True,True,0.75,0.7114343343505306,6.509314236435871,wind_stuck_7_days,2018
10086,US-Ne3,US-Ne1,2018-10-15,1.3762593,0.9,0.9,-0.010712608408162285,0.010712608408162285,0.09647077041151884,0.4003206938766275,0.02667724533781374,0.025981294620656837,-0.007796061083258941,-0.010712608408162294,1.120422376315359,0.3111153346057015,0.8892873915918378,True,0.8892873915918378,True,0.8892873915918378,True,0.8892873915918378,True,0.8892873915918378,True,0.8892873915918378,True,0.9,False,0.8919655436938783,0.8892873915918378,True,True,0.75,1.0,0.8892873915918378,wind_stuck_7_days,2018
10087,US-Ne3,US-Ne1,2018-10-23,0.74116726,0.8,0.8,0.018930572720148135,0.018930572720148135,0.07010893219717071,0.2769952098403223,0.02667724533781374,0.025981294620656837,-0.007796061083258941,-0.018930572720148142,1.120422376315359,0.3111153346057015,0.8189305727201481,True,0.8189305727201481,True,0.8189305727201481,True,0.8189305727201481,True,0.8189305727201481,True,0.8189305727201481,True,0.8,False,0.8141979295401112,0.8189305727201481,True,True,0.75,1.0,0.8189305727201481,wind_stuck_7_days,2018
10088,US-Ne3,US-Ne1,2018-11-16,0.39960545,0.1,0.1,0.3286074745935933,0.3286074745935933,0.07195602706198301,0.29789552783225753,0.13405596494594174,0.15004179937869686,-0.005239430924102171,0.2706034254064066,1.120422376315359,0.3111153346057015,0.4286074745935933,True,0.4286074745935933,True,0.4286074745935933,True,0.4286074745935933,True,0.4286074745935933,True,0.4286074745935933,True,0.1,False,0.346455605945195,0.4286074745935933,True,True,0.75,1.0,0.4286074745935933,wind_stuck_7_days,2018
10089,US-Ne3,US-Ne1,2018-12-18,0.4670996,0.2,0.2,0.2658840330393396,0.2658840330393396,0.13346620302954817,0.2572094826425162,0.09390427051725606,0.09110652426092274,-0.006332586970748549,0.2658840330393396,1.120422376315359,0.3111153346057015,0.4658840330393396,True,0.4658840330393396,True,0.4658840330393396,True,0.4658840330393396,True,0.4658840330393396,True,0.4658840330393396,True,0.2,False,0.3994130247795047,0.38729556885320926,True,True,0.75,0.7044257856036711,0.4658840330393396,wind_stuck_7_days,2018
10120,US-OF4,US-OF1,2018-07-08,7.44499132,4.4,4.4,0.7397707384976576,0.7397707384976576,0.1587898899832297,0.48717967090279457,0.06181491115682297,0.08092188334290881,0.008438961911432992,0.7397707384976577,1.120422376315359,0.3111153346057015,5.139770738497658,True,5.139770738497658,True,5.139770738497658,True,5.139770738497658,True,5.139770738497658,True,5.139770738497658,True,5.139770738497658,True,4.954828053873244,4.89722327288899,True,True,0.75,0.672131576735194,5.139770738497658,wind_stuck_7_days,2018
10121,US-OF4,US-OF1,2018-07-16,7.5558427,5.5,5.5,-0.19150314431552212,0.19150314431552212,0.2610510094586307,0.42115918892172877,-0.014486477989165948,-0.012185857818651358,0.0026807679526438767,-0.19150314431552218,1.120422376315359,0.3111153346057015,5.308496855684478,True,5.308496855684478,True,5.308496855684478,True,5.5,False,5.5,False,5.5,False,5.308496855684478,True,5.356372641763358,5.406560315577887,True,True,0.75,0.4879276774075367,5.308496855684478,wind_stuck_7_days,2018
10122,US-OF4,US-OF1,2018-07-24,5.50601943,6.0,6.0,0.11715006222681121,0.11715006222681121,0.22702921382341734,0.352914829460222,-0.05455058811210508,-0.09069285446116453,0.009192570215690763,-0.11715006222681124,1.120422376315359,0.3111153346057015,6.117150062226811,True,6.117150062226811,True,6.117150062226811,True,6.0,False,6.0,False,6.0,False,6.117150062226811,True,6.087862546670109,6.0,True,False,0.75,0.0,6.117150062226811,wind_stuck_7_days,2018
10123,US-OF6,US-OF1,2018-06-06,6.59493668,5.8,5.8,0.0008677284253885448,0.0008677284253885448,0.18842345960839949,0.6017481651671541,-0.10303245201807894,-0.12057017470826736,-0.00046356849922204985,0.0008677284253885142,1.120422376315359,0.3111153346057015,5.800867728425389,True,5.800867728425389,True,5.800867728425389,True,5.8,False,5.8,False,5.8,False,5.8,False,5.800650796319041,5.800867728425389,True,True,0.75,1.0,5.800867728425389,wind_stuck_7_days,2018
10124,US-OF6,US-OF1,2018-07-16,7.01109398,5.7,5.7,-0.24667347114420418,0.24667347114420418,0.2704568913423528,0.3904923977096406,-0.026281193460579617,-0.029066639812350435,0.0026807679526438767,-0.24667347114420424,1.120422376315359,0.3111153346057015,5.453326528855796,True,5.453326528855796,True,5.453326528855796,True,5.7,False,5.7,False,5.7,False,5.453326528855796,True,5.514994896641847,5.603373404027754,True,True,0.75,0.39171863729017947,5.453326528855796,wind_stuck_7_days,2018
10125,US-OF6,US-OF1,2018-07-24,7.25169891,6.0,6.0,0.11715006222681121,0.11715006222681121,0.22702921382341734,0.352914829460222,-0.05455058811210508,-0.09069285446116453,0.009192570215690763,0.11715006222681112,1.120422376315359,0.3111153346057015,6.117150062226811,True,6.117150062226811,True,6.117150062226811,True,6.0,False,6.0,False,6.0,False,6.117150062226811,True,6.087862546670109,6.0,True,False,0.75,0.0,6.117150062226811,wind_stuck_7_days,2018
10365,US-Ro4,US-Ro1,2018-05-17,1.92281232,2.8,2.8,-0.33288323657428326,0.33288323657428326,0.17920881721243248,0.4259098344598818,-0.01980922293014938,-0.01472439512524712,0.0026807679526438767,0.3328832365742833,1.120422376315359,0.3111153346057015,2.4671167634257167,True,2.4671167634257167,True,2.4671167634257167,True,2.8,False,2.8,False,2.8,False,2.4671167634257167,True,2.5503375725692874,2.6835044552425584,True,True,0.75,0.34995918075149207,2.4671167634257167,wind_stuck_7_days,2018
10366,US-Ro4,US-Ro1,2018-05-26,3.34555642,2.5,2.5,0.2862661833332659,0.2862661833332659,0.22272837578452268,0.6683405731939368,0.011371743227863357,0.025675837134721817,-0.02086319834038652,0.2862661833332659,1.120422376315359,0.3111153346057015,2.786266183333266,True,2.786266183333266,True,2.786266183333266,True,2.786266183333266,True,2.786266183333266,True,2.786266183333266,True,2.5,False,2.7146996374999492,2.680615288839178,True,True,0.75,0.6309347710445737,2.786266183333266,wind_stuck_7_days,2018
10367,US-Ro4,US-Ro1,2018-07-05,5.65458462,5.8,5.8,0.2419568343770122,0.2419568343770122,0.2658265050205879,0.40674648179723094,-0.03126747682885988,-0.06682951652472811,0.0026807679526438767,-0.2419568343770122,1.120422376315359,0.3111153346057015,6.041956834377012,True,6.041956834377012,True,6.041956834377012,True,5.8,False,5.8,False,5.8,False,6.041956834377012,True,5.981467625782759,5.879979730345229,True,True,0.75,0.3305537144720885,6.041956834377012,wind_stuck_7_days,2018
10368,US-Ro4,US-Ro1,2018-07-21,4.92005113,4.3,4.3,0.9045084983156885,0.9045084983156885,0.23386933427792397,0.5159658155933894,-0.09214473662202433,-0.07567928214600272,0.008438961911432992,0.335593761684312,1.120422376315359,0.3111153346057015,5.204508498315688,True,5.204508498315688,True,5.204508498315688,True,4.3,False,4.3,False,4.3,False,5.204508498315688,True,4.978381373736767,4.602717566910982,True,True,0.75,0.33467631036599665,5.204508498315688,wind_stuck_7_days,2018
10369,US-Ro4,US-Ro1,2018-10-16,0.58745916,0.7,0.7,0.36647338754814446,0.36647338754814446,0.09095328546572189,0.40911488608316837,0.04983621282119023,0.05741870860222423,-0.03206106961967883,-0.36647338754814446,1.120422376315359,0.3111153346057015,1.0664733875481445,True,1.0664733875481445,True,1.0664733875481445,True,1.0664733875481445,True,1.0664733875481445,True,1.0664733875481445,True,0.7,False,0.9748550406611083,1.0664733875481445,True,True,0.75,1.0,1.0664733875481445,wind_stuck_7_days,2018
10370,US-Ro4,US-Ro1,2018-10-17,0.44588613,0.7,0.7,0.2735660780718724,0.2735660780718724,0.12267727559795265,0.33792843006306056,0.04749637191009313,0.049957260820147335,-0.007796061083258941,-0.2735660780718724,1.120422376315359,0.3111153346057015,0.9735660780718723,True,0.9735660780718723,True,0.9735660780718723,True,0.9735660780718723,True,0.9735660780718723,True,0.9735660780718723,True,0.7,False,0.9051745585539043,0.8831944805572749,True,True,0.75,0.6696534959613865,0.9735660780718723,wind_stuck_7_days,2018
10371,US-Ro4,US-Ro1,2018-11-02,0.27330907,0.3,0.3,0.25568005067099847,0.25568005067099847,0.06675306140542608,0.3097850854664852,0.025147983930662032,0.018406807768601017,-0.006332586970748549,-0.25568005067099847,1.120422376315359,0.3111153346057015,0.5556800506709985,True,0.5556800506709985,True,0.5556800506709985,True,0.5556800506709985,True,0.5556800506709985,True,0.5556800506709985,True,0.3,False,0.49176003800324886,0.4551138389174789,True,True,0.75,0.6066716527566511,0.5556800506709985,wind_stuck_7_days,2018
10557,US-Rwf,US-Rwe,2018-01-02,0.70373649,0.5,0.5,-0.18920336807892296,0.18920336807892296,0.17458056149482773,0.3027162717521173,0.024004449167574514,0.019617780455122972,-0.007796061083258941,-0.18920336807892296,1.120422376315359,0.3111153346057015,0.31079663192107704,True,0.31079663192107704,True,0.31079663192107704,True,0.31079663192107704,True,0.31079663192107704,True,0.31079663192107704,True,0.5,False,0.35809747394080776,0.33015755230971944,True,True,0.75,0.8976713755932384,0.31079663192107704,wind_stuck_7_days,2018
10558,US-Rwf,US-Rwe,2018-04-09,1.2504674,2.5,2.5,-0.8746065032269872,0.8746065032269872,0.1238019090509757,0.7122681773566786,0.09373764836774544,0.08641599016049072,-0.11101813314351225,0.8746065032269872,1.120422376315359,0.3111153346057015,1.6253934967730128,True,1.6253934967730128,True,1.6253934967730128,True,1.6253934967730128,True,1.6253934967730128,True,1.6253934967730128,True,2.5,False,1.8440451225797596,1.9887574646384485,True,True,0.75,0.5845400571288325,1.6253934967730128,wind_stuck_7_days,2018
10559,US-Rwf,US-Rwe,2018-05-02,1.57396864,1.8,1.8,0.06858668220973173,0.06858668220973173,0.14268458022113437,0.3672854304704606,0.023624560058123238,0.026780063853236218,-0.007796061083258941,-0.06858668220973174,1.120422376315359,0.3111153346057015,1.8685866822097317,True,1.8685866822097317,True,1.8685866822097317,True,1.8685866822097317,True,1.8685866822097317,True,1.8685866822097317,True,1.8,False,1.8514400116572989,1.8685866822097317,True,True,0.75,1.0,1.8685866822097317,wind_stuck_7_days,2018
10560,US-Rwf,US-Rwe,2018-05-03,1.76053617,2.6,2.6,-0.3428658328930709,0.3428658328930709,0.11581846559845461,0.359507167843241,0.02194303264347979,0.030414010167558795,0.0026807679526438767,0.3428658328930709,1.120422376315359,0.3111153346057015,2.2571341671069294,True,2.2571341671069294,True,2.2571341671069294,True,2.2571341671069294,True,2.2571341671069294,True,2.2571341671069294,True,2.2571341671069294,True,2.342850625330197,2.4084271993041133,True,True,0.75,0.5587398402442524,2.2571341671069294,wind_stuck_7_days,2018
10561,US-Rwf,US-Rwe,2018-05-27,4.1645014,3.9,3.9,-0.4233348118951679,0.4233348118951679,0.14977286946138263,0.4804349580785522,0.010968490674206788,0.0120607768239507,0.0026807679526438767,-0.42333481189516786,1.120422376315359,0.3111153346057015,3.476665188104832,True,3.476665188104832,True,3.476665188104832,True,3.476665188104832,True,3.476665188104832,True,3.476665188104832,True,3.476665188104832,True,3.582498891078624,3.6390363281011124,True,True,0.75,0.6164474656138383,3.476665188104832,wind_stuck_7_days,2018
10562,US-Rwf,US-Rwe,2018-06-03,4.78888162,4.0,4.0,-0.7667524293091883,0.7667524293091883,0.16407203591322117,0.4243968273927316,-0.03501909020433705,-0.03342358642970153,0.02434272712862545,-0.7667524293091883,1.120422376315359,0.3111153346057015,3.2332475706908115,True,3.2332475706908115,True,3.2332475706908115,True,4.0,False,4.0,False,4.0,False,3.2332475706908115,True,3.424935678018109,3.8024088922797676,True,True,0.75,0.25769870451959803,3.2332475706908115,wind_stuck_7_days,2018
10563,US-Rwf,US-Rwe,2018-06-04,4.14784837,3.9,3.9,-0.8859429795072533,0.8859429795072533,0.17070885301795066,0.36266863516750714,-0.007019603363132503,-0.0002125242829716027,0.02434272712862545,-0.8859429795072533,1.120422376315359,0.3111153346057015,3.0140570204927464,True,3.0140570204927464,True,3.0140570204927464,True,3.9,False,3.9,False,3.9,False,3.0140570204927464,True,3.23554276536956,3.6209714615512425,True,True,0.75,0.31495089966619316,3.0140570204927464,wind_stuck_7_days,2018
10564,US-Rwf,US-Rwe,2018-06-12,3.94731452,3.4,3.4,-0.6233292912084066,0.6233292912084066,0.3155412121417078,0.5684296187570467,0.013080703253936756,0.003013622911252518,-0.017533757378824944,-0.6233292912084067,1.120422376315359,0.3111153346057015,2.776670708791593,True,2.776670708791593,True,2.776670708791593,True,2.776670708791593,True,2.776670708791593,True,2.776670708791593,True,3.4,False,2.932503031593695,3.108790821068653,True,True,0.75,0.467183530500868,2.776670708791593,wind_stuck_7_days,2018
10565,US-Rwf,US-Rwe,2018-06-20,4.28055114,3.5,3.5,-1.0748023425145183,1.0748023425145183,0.2853886666600996,0.4605304674588654,0.008039331912380888,-0.01999773849018175,-0.031152208481817607,-1.0748023425145183,1.120422376315359,0.3111153346057015,2.425197657485482,True,2.425197657485482,True,2.425197657485482,True,2.425197657485482,True,2.425197657485482,True,3.5,False,3.5,False,2.693898243114111,3.1307079173029533,True,True,0.75,0.34359069392524905,2.425197657485482,wind_stuck_7_days,2018
10566,US-Rwf,US-Rwe,2018-06-27,5.77402451,2.7,2.7,-0.2893332467800628,0.2893332467800628,0.32171158196802485,0.36125631529251767,-0.04520665516196288,-0.045173117521248286,0.0026807679526438767,-0.28933324678006267,1.120422376315359,0.3111153346057015,2.4106667532199375,True,2.4106667532199375,True,2.4106667532199375,True,2.7,False,2.7,False,2.7,False,2.4106667532199375,True,2.483000064914953,2.604829478561059,True,True,0.75,0.32893047203554004,2.4106667532199375,wind_stuck_7_days,2018
10567,US-Rwf,US-Rwe,2018-06-28,6.02241061,3.3,3.3,0.4022999931916539,0.4022999931916539,0.20321958076537217,0.6532813733292347,0.005866480257835253,0.008562807410423737,-0.012201143700922856,0.402299993191654,1.120422376315359,0.3111153346057015,3.702299993191654,True,3.702299993191654,True,3.702299993191654,True,3.702299993191654,True,3.702299993191654,True,3.702299993191654,True,3.3,False,3.60172499489374,3.5397343363118257,True,True,0.75,0.595909372033266,3.702299993191654,wind_stuck_7_days,2018
10568,US-Rwf,US-Rwe,2018-07-05,6.58426555,3.9,3.9,-0.13678231599099794,0.13678231599099794,0.15547780611197695,0.43336548334088354,-0.012936668224590216,-0.013210956592007855,-0.004573406242571226,-0.136782315990998,1.120422376315359,0.3111153346057015,3.763217684009002,True,3.763217684009002,True,3.763217684009002,True,3.9,False,3.9,False,3.9,False,3.9,False,3.7974132630067516,3.763217684009002,True,True,0.75,1.0,3.763217684009002,wind_stuck_7_days,2018
10569,US-Rwf,US-Rwe,2018-07-13,4.73335271,2.9,2.9,-0.7421647251121551,0.7421647251121551,0.25775621887113837,0.3853599449688126,-0.016460342376158437,-0.010983429048771297,0.02434272712862545,-0.742164725112155,1.120422376315359,0.3111153346057015,2.157835274887845,True,2.157835274887845,True,2.157835274887845,True,2.9,False,2.9,False,2.9,False,2.157835274887845,True,2.3433764561658834,2.7094756906677127,True,True,0.75,0.2567143154149443,2.157835274887845,wind_stuck_7_days,2018
10570,US-Rwf,US-Rwe,2018-07-22,3.63796775,2.7,2.7,-0.5648845290186049,0.5648845290186049,0.21778667874345295,0.45880750802615794,-0.015632143296663487,-0.014214137568700458,0.0026807679526438767,-0.5648845290186049,1.120422376315359,0.3111153346057015,2.135115470981395,True,2.135115470981395,True,2.135115470981395,True,2.7,False,2.7,False,2.7,False,2.135115470981395,True,2.2763366032360466,2.63632629019061,True,True,0.75,0.11271986846588443,2.135115470981395,wind_stuck_7_days,2018
10571,US-Rwf,US-Rwe,2018-07-29,2.91915876,2.2,2.2,-0.30844708042028535,0.30844708042028535,0.21682554379004954,0.3284200087138703,-0.019714306948406916,-0.01472439512524712,-0.0014205266441136755,-0.30844708042028524,1.120422376315359,0.3111153346057015,1.891552919579715,True,1.891552919579715,True,1.891552919579715,True,2.2,False,2.2,False,2.2,False,2.2,False,1.9686646896847861,2.077747821021634,True,True,0.75,0.3963473371567898,1.891552919579715,wind_stuck_7_days,2018
10572,US-Rwf,US-Rwe,2018-07-30,2.9538311,2.1,2.1,-0.46220235771835994,0.46220235771835994,0.1772465678246476,0.39373784293218383,-0.010593462137355701,-0.012882774302581003,-0.007796061083258941,-0.4622023577183598,1.120422376315359,0.3111153346057015,1.6377976422816403,True,1.6377976422816403,True,1.6377976422816403,True,2.1,False,2.1,False,2.1,False,2.1,False,1.75334823171123,2.02234076934577,True,True,0.75,0.168019979468714,1.6377976422816403,wind_stuck_7_days,2018
10573,US-Rwf,US-Rwe,2018-08-06,2.04664857,2.1,2.1,-0.2982433099548708,0.2982433099548708,0.18376453930702955,0.3650138834648951,0.021500551792289237,0.02735108807100788,-0.007796061083258941,-0.1915404499548704,1.120422376315359,0.3111153346057015,1.8017566900451292,True,1.8017566900451292,True,1.8017566900451292,True,1.8017566900451292,True,1.8017566900451292,True,1.8017566900451292,True,2.1,False,1.876317517533847,1.9795549102276178,True,True,0.75,0.4038484209104563,1.8017566900451292,wind_stuck_7_days,2018
10574,US-Rwf,US-Rwe,2018-08-07,2.19904244,1.0,1.0,0.15671215259580265,0.15671215259580265,0.17514894772520656,0.354464757798237,0.011774989816670165,0.007457026591782011,-0.007796061083258941,0.15671215259580262,1.120422376315359,0.3111153346057015,1.1567121525958026,True,1.1567121525958026,True,1.1567121525958026,True,1.1567121525958026,True,1.1567121525958026,True,1.1567121525958026,True,1.0,False,1.117534114446852,1.1567121525958026,True,True,0.75,1.0,1.1567121525958026,wind_stuck_7_days,2018
10575,US-Rwf,US-Rwe,2018-08-14,1.65016435,1.6,1.6,-0.17715699964011608,0.17715699964011608,0.19425741306192457,0.35047808402546204,0.020483238958722012,0.022385778490565843,-0.007796061083258941,-0.17715699964011608,1.120422376315359,0.3111153346057015,1.422843000359884,True,1.422843000359884,True,1.422843000359884,True,1.422843000359884,True,1.422843000359884,True,1.422843000359884,True,1.6,False,1.4671322502699131,1.4246335638730314,True,True,0.75,0.9898927870940196,1.422843000359884,wind_stuck_7_days,2018
10576,US-Rwf,US-Rwe,2018-08-15,1.52474408,1.7,1.7,-0.014230724136483453,0.014230724136483453,0.2033552949037519,0.5913666848191741,0.020951215705158767,0.023664380029925793,-0.010940397535124869,0.014230724136483464,1.120422376315359,0.3111153346057015,1.6857692758635165,True,1.6857692758635165,True,1.6857692758635165,True,1.6857692758635165,True,1.6857692758635165,True,1.6857692758635165,True,1.7,False,1.6893269568976375,1.6857692758635165,True,True,0.75,1.0,1.6857692758635165,wind_stuck_7_days,2018
10577,US-Rwf,US-Rwe,2018-08-23,1.65194687,1.6,1.6,-0.27171086529834887,0.27171086529834887,0.13215438032580493,0.37585782413009927,0.024055645007241066,0.024688141462074445,-0.007796061083258941,-0.27171086529834887,1.120422376315359,0.3111153346057015,1.3282891347016512,True,1.3282891347016512,True,1.3282891347016512,True,1.3282891347016512,True,1.3282891347016512,True,1.3282891347016512,True,1.6,False,1.3962168510262385,1.4741545286508697,True,True,0.75,0.4631595104264497,1.3282891347016512,wind_stuck_7_days,2018
10578,US-Rwf,US-Rwe,2018-08-31,1.07941241,1.9,1.9,-0.2277816110250038,0.2277816110250038,0.17129174663319532,0.4010663495294942,0.02038832297697955,0.022385778490565843,-0.007796061083258941,0.22778161102500383,1.120422376315359,0.3111153346057015,1.6722183889749962,True,1.6722183889749962,True,1.6722183889749962,True,1.6722183889749962,True,1.6722183889749962,True,1.6722183889749962,True,1.9,False,1.729163791731247,1.7546087114572773,True,True,0.75,0.638292476238404,1.6722183889749962,wind_stuck_7_days,2018
10579,US-Rwf,US-Rwe,2018-09-07,0.91791095,1.0,1.0,0.026639461897142502,0.026639461897142502,0.21306146102855114,0.41255578107416035,0.026772161319556204,0.025981294620656837,-0.007796061083258941,-0.026639461897142502,1.120422376315359,0.3111153346057015,1.0266394618971426,True,1.0266394618971426,True,1.0266394618971426,True,1.0266394618971426,True,1.0266394618971426,True,1.0266394618971426,True,1.0,False,1.0199795964228568,1.0266394618971426,True,True,0.75,1.0,1.0266394618971426,wind_stuck_7_days,2018
10580,US-Rwf,US-Rwe,2018-09-08,1.00135588,1.8,1.8,-0.10389032579134243,0.10389032579134243,0.20738126888801967,0.5096747805959914,0.020483238958722012,0.022385778490565843,-0.007796061083258941,0.10389032579134239,1.120422376315359,0.3111153346057015,1.6961096742086577,True,1.6961096742086577,True,1.6961096742086577,True,1.6961096742086577,True,1.6961096742086577,True,1.6961096742086577,True,1.8,False,1.7220822556564932,1.6961096742086577,True,True,0.75,1.0,1.6961096742086577,wind_stuck_7_days,2018
10581,US-Rwf,US-Rwe,2018-09-16,0.65342282,1.5,1.5,-0.19852076348398778,0.19852076348398778,0.15217186482550485,0.39657873735562754,0.02667724533781374,0.025981294620656837,-0.007796061083258941,0.19852076348398773,1.120422376315359,0.3111153346057015,1.3014792365160122,True,1.3014792365160122,True,1.3014792365160122,True,1.3014792365160122,True,1.3014792365160122,True,1.3014792365160122,True,1.5,False,1.3511094273870092,1.334519688319912,True,True,0.75,0.8335667704271911,1.3014792365160122,wind_stuck_7_days,2018
10582,US-Rwf,US-Rwe,2018-09-23,0.43605063,1.3,1.3,-0.07729410153190087,0.07729410153190087,0.13791307153694143,0.40419593954234606,0.02667724533781374,0.025981294620656837,-0.007796061083258941,0.07729410153190086,1.120422376315359,0.3111153346057015,1.2227058984680992,True,1.2227058984680992,True,1.2227058984680992,True,1.2227058984680992,True,1.2227058984680992,True,1.2227058984680992,True,1.3,False,1.2420294238510743,1.2227058984680992,True,True,0.75,1.0,1.2227058984680992,wind_stuck_7_days,2018
10583,US-Rwf,US-Rwe,2018-09-24,0.33986707,0.4,0.4,0.3461886052943261,0.3461886052943261,0.22214736476467506,0.5044971090100462,0.1287390580747626,0.14322865395878515,-0.009230408565749769,-0.3461886052943261,1.120422376315359,0.3111153346057015,0.7461886052943261,True,0.7461886052943261,True,0.7461886052943261,True,0.7461886052943261,True,0.7461886052943261,True,0.7461886052943261,True,0.4,False,0.6596414539707446,0.7461886052943261,True,True,0.75,1.0,0.7461886052943261,wind_stuck_7_days,2018
10696,US-Rws,US-Rwe,2018-01-02,0.37347693,0.3,0.3,-0.024509922264150375,0.024509922264150375,0.15453200172491088,0.30826162045209504,0.025147983930662032,0.018406807768601017,-0.006332586970748549,-0.02450992226415037,1.120422376315359,0.3111153346057015,0.2754900777358496,True,0.2754900777358496,True,0.2754900777358496,True,0.2754900777358496,True,0.2754900777358496,True,0.2754900777358496,True,0.3,False,0.2816175583018872,0.2754900777358496,True,True,0.75,1.0,0.2754900777358496,wind_stuck_7_days,2018
10697,US-Rws,US-Rwe,2018-03-24,1.77902477,1.0,1.0,-0.015207464158518804,0.015207464158518804,0.12051475388608483,0.48996657251864945,0.02667724533781374,0.025981294620656837,-0.007796061083258941,-0.015207464158518813,1.120422376315359,0.3111153346057015,0.9847925358414812,True,0.9847925358414812,True,0.9847925358414812,True,0.9847925358414812,True,0.9847925358414812,True,0.9847925358414812,True,1.0,False,0.9885944018811109,0.9847925358414812,True,True,0.75,1.0,0.9847925358414812,wind_stuck_7_days,2018
10698,US-Rws,US-Rwe,2018-04-09,0.86785185,1.6,1.6,0.02319334538995978,0.02319334538995978,0.09064919188140101,0.5700157212128405,0.023624560058123238,0.026780063853236218,-0.010940397535124869,-0.023193345389959763,1.120422376315359,0.3111153346057015,1.6231933453899599,True,1.6231933453899599,True,1.6231933453899599,True,1.6231933453899599,True,1.6231933453899599,True,1.6231933453899599,True,1.6,False,1.61739500904247,1.6231933453899599,True,True,0.75,1.0,1.6231933453899599,wind_stuck_7_days,2018
10699,US-Rws,US-Rwe,2018-04-24,1.26290262,1.4,1.4,0.2307841953906677,0.2307841953906677,0.1483421393272534,0.38766228307378026,0.02667724533781374,0.028604816045432437,-0.007796061083258941,-0.2307841953906677,1.120422376315359,0.3111153346057015,1.6307841953906677,True,1.6307841953906677,True,1.6307841953906677,True,1.6307841953906677,True,1.6307841953906677,True,1.6307841953906677,True,1.4,False,1.5730881465430007,1.568490180936044,True,True,0.75,0.7300767743251511,1.6307841953906677,wind_stuck_7_days,2018
10700,US-Rws,US-Rwe,2018-05-02,1.1933938,0.2,0.2,1.0116900209672193,1.0116900209672193,0.11153203492742395,0.3866005172302284,0.313339206840094,0.3421409478783876,-0.049303470696897334,0.9750975790327807,1.120422376315359,0.3111153346057015,1.2116900209672192,True,1.2116900209672192,True,1.2116900209672192,True,1.2116900209672192,True,1.2116900209672192,True,1.2116900209672192,True,0.2,False,0.9587675157254145,1.2116900209672192,True,True,0.75,1.0,1.2116900209672192,wind_stuck_7_days,2018
10701,US-Rws,US-Rwe,2018-05-18,3.05999215,3.1,3.1,-0.7040511948546564,0.7040511948546564,0.18056557110669438,0.45259082794123373,0.02871803101467411,0.027425114550206055,0.003992274458543315,-0.6240354948546558,1.120422376315359,0.3111153346057015,2.395948805145344,True,2.395948805145344,True,2.395948805145344,True,2.395948805145344,True,2.395948805145344,True,2.395948805145344,True,2.395948805145344,True,2.571961603859008,2.6680032983907895,True,True,0.75,0.6135870583933764,2.395948805145344,wind_stuck_7_days,2018
10702,US-Rws,US-Rwe,2018-05-19,1.81526635,2.2,2.2,-0.09179959628919807,0.09179959628919807,0.26117361706907494,0.4026753596410783,0.016929847379418217,0.017534515590662877,-0.0014205266441136755,0.0917995962891981,1.120422376315359,0.3111153346057015,2.108200403710802,True,2.108200403710802,True,2.108200403710802,True,2.108200403710802,True,2.108200403710802,True,2.108200403710802,True,2.2,False,2.1311503027831016,2.108200403710802,True,True,0.75,1.0,2.108200403710802,wind_stuck_7_days,2018
10703,US-Rws,US-Rwe,2018-05-27,3.39257808,1.1,1.1,0.31990895553386095,0.31990895553386095,0.16595195443378677,0.41394765287106583,0.04936823607475348,0.059941016393248725,-0.004727497763284044,0.319908955533861,1.120422376315359,0.3111153346057015,1.419908955533861,True,1.419908955533861,True,1.419908955533861,True,1.419908955533861,True,1.419908955533861,True,1.419908955533861,True,1.1,False,1.339931716650396,1.419908955533861,True,True,0.75,1.0,1.419908955533861,wind_stuck_7_days,2018
10704,US-Rws,US-Rwe,2018-06-03,1.69277127,0.9,0.9,0.0704157893314762,0.0704157893314762,0.1436393152221496,0.3663686781760216,0.011774989816670165,0.007457026591782011,-0.007796061083258941,0.07041578933147619,1.120422376315359,0.3111153346057015,0.9704157893314762,True,0.9704157893314762,True,0.9704157893314762,True,0.9704157893314762,True,0.9704157893314762,True,0.9704157893314762,True,0.9,False,0.9528118419986071,0.9704157893314762,True,True,0.75,1.0,0.9704157893314762,wind_stuck_7_days,2018
10705,US-Rws,US-Rwe,2018-06-12,0.7553349,0.8,0.8,1.0191098549855897,1.0191098549855897,0.18964004461546832,0.5899972324966096,0.015244479656336017,0.000662831144010681,-0.10292326614678729,-1.0191098549855897,1.120422376315359,0.3111153346057015,1.8191098549855897,True,1.8191098549855897,True,1.8191098549855897,True,1.8191098549855897,True,1.8191098549855897,True,1.8191098549855897,True,0.8,False,1.5643323912391924,1.3968831662345909,True,True,0.75,0.5856907018557198,1.8191098549855897,wind_stuck_7_days,2018
10706,US-Rws,US-Rwe,2018-06-27,1.02805224,0.7,0.7,0.4780548631673643,0.4780548631673643,0.1400967752192243,0.3563215559939068,0.06046944057012273,0.07140293529260114,-0.01707971872415907,0.17804961683263593,1.120422376315359,0.3111153346057015,1.1780548631673642,True,1.1780548631673642,True,1.1780548631673642,True,1.1780548631673642,True,1.1780548631673642,True,1.1780548631673642,True,0.7,False,1.0585411473755233,1.0056451214142383,True,True,0.75,0.6393515576626062,1.1780548631673642,wind_stuck_7_days,2018
10707,US-Rws,US-Rwe,2018-06-28,1.12679261,0.0,0.0,1.037834330280862,1.037834330280862,0.25210143779095956,0.7827621553778729,0.4070311306253606,0.43637572928957596,-0.19078937466291043,1.037834330280862,1.120422376315359,0.3111153346057015,1.037834330280862,True,1.037834330280862,True,1.037834330280862,True,1.037834330280862,True,1.037834330280862,True,1.037834330280862,True,0.0,False,0.7783757477106464,1.037834330280862,True,True,0.75,1.0,1.037834330280862,wind_stuck_7_days,2018
10708,US-Rws,US-Rwe,2018-07-05,0.75122331,0.2,0.2,0.24523218393610485,0.24523218393610485,0.19127396770036648,0.41245307519229535,0.019765875964433296,0.015138058649958956,0.00016757133342303748,0.24523218393610485,1.120422376315359,0.3111153346057015,0.44523218393610486,True,0.44523218393610486,True,0.44523218393610486,True,0.44523218393610486,True,0.44523218393610486,True,0.44523218393610486,True,0.44523218393610486,True,0.38392413795207864,0.36264017816210214,True,True,0.75,0.6632089457086839,0.44523218393610486,wind_stuck_7_days,2018
10709,US-Rws,US-Rwe,2018-07-13,0.50527712,0.4,0.4,0.32758801462658294,0.32758801462658294,0.12521191077024207,0.3411768536236625,0.13060741698676304,0.14625418449706618,-0.0032640236507736537,-0.11703377462658293,1.120422376315359,0.3111153346057015,0.727588014626583,True,0.727588014626583,True,0.727588014626583,True,0.727588014626583,True,0.727588014626583,True,0.727588014626583,True,0.4,False,0.6456910109699372,0.727588014626583,True,True,0.75,1.0,0.727588014626583,wind_stuck_7_days,2018
10710,US-Rws,US-Rwe,2018-07-14,0.5935396,1.9,1.9,0.34977571859441126,0.34977571859441126,0.15755459879939204,0.41308323541627684,0.019867704339631285,0.03180570157398471,-0.01707971872415907,-0.34977571859441126,1.120422376315359,0.3111153346057015,2.249775718594411,True,2.249775718594411,True,2.249775718594411,True,2.249775718594411,True,2.249775718594411,True,2.249775718594411,True,1.9,False,2.1623317889458082,2.1801872960608693,True,True,0.75,0.8010484466640905,2.249775718594411,wind_stuck_7_days,2018
10711,US-Rws,US-Rwe,2018-07-22,0.45735662,0.4,0.4,0.3792261546276902,0.3792261546276902,0.11648530577538957,0.45737326388670657,0.1389463717367823,0.15623821653280534,-0.007255001292421251,-0.2645129146276903,1.120422376315359,0.3111153346057015,0.7792261546276902,True,0.7792261546276902,True,0.7792261546276902,True,0.7792261546276902,True,0.7792261546276902,True,0.7792261546276902,True,0.4,False,0.6844196159707676,0.7792261546276902,True,True,0.75,1.0,0.7792261546276902,wind_stuck_7_days,2018
10712,US-Rws,US-Rwe,2018-07-29,0.27986548,0.3,0.3,0.3986724911610248,0.3986724911610248,0.11226282040220521,0.3166819706254387,0.1389463717367823,0.15623821653280534,-0.007255001292421251,-0.3986724911610248,1.120422376315359,0.3111153346057015,0.6986724911610248,True,0.6986724911610248,True,0.6986724911610248,True,0.6986724911610248,True,0.6986724911610248,True,0.6986724911610248,True,0.3,False,0.5990043683707686,0.6957907859946587,True,True,0.75,0.9927717481635768,0.6986724911610248,wind_stuck_7_days,2018
10713,US-Rws,US-Rwe,2018-07-30,0.57100788,0.8,0.8,0.155571572637711,0.155571572637711,0.13548885084125648,0.40645408192847476,0.011774989816670165,0.007457026591782011,-0.007796061083258941,-0.155571572637711,1.120422376315359,0.3111153346057015,0.955571572637711,True,0.955571572637711,True,0.955571572637711,True,0.955571572637711,True,0.955571572637711,True,0.955571572637711,True,0.8,False,0.9166786794782833,0.955571572637711,True,True,0.75,1.0,0.955571572637711,wind_stuck_7_days,2018
10714,US-Rws,US-Rwe,2018-08-06,0.29052347,0.4,0.4,0.6082014168394526,0.6082014168394526,0.14156974213790832,0.36641560304653986,0.22649812353394772,0.2706696145118835,-0.017852636615933077,-0.6082014168394526,1.120422376315359,0.3111153346057015,1.0082014168394526,True,1.0082014168394526,True,1.0082014168394526,True,1.0082014168394526,True,1.0082014168394526,True,1.0082014168394526,True,0.4,False,0.8561510626295895,1.0082014168394526,True,True,0.75,1.0,1.0082014168394526,wind_stuck_7_days,2018
10715,US-Rws,US-Rwe,2018-08-07,0.22658162,0.0,0.0,0.6700668515909924,0.6700668515909924,0.15559079422770042,0.46422261669442016,0.29570370471898144,0.33211561513077986,-0.012183580483207921,-0.2169036115909924,1.120422376315359,0.3111153346057015,0.6700668515909924,True,0.6700668515909924,True,0.6700668515909924,True,0.6700668515909924,True,0.6700668515909924,True,0.6700668515909924,True,0.0,False,0.5025501386932443,0.6700668515909924,True,True,0.75,1.0,0.6700668515909924,wind_stuck_7_days,2018
10716,US-Rws,US-Rwe,2018-08-14,0.17541063,0.0,0.0,0.7683323295685669,0.7683323295685669,0.19385225615387372,0.4404806207538061,0.3320998758380796,0.3635787877193853,0.008166872186874216,-0.4175110695685669,1.120422376315359,0.3111153346057015,0.7683323295685669,True,0.7683323295685669,True,0.7683323295685669,True,0.7683323295685669,True,0.7683323295685669,True,0.7683323295685669,True,0.7683323295685669,True,0.5762492471764251,0.6873426902230906,True,True,0.75,0.8945903533813896,0.7683323295685669,wind_stuck_7_days,2018
10717,US-Rws,US-Rwe,2018-08-15,0.27876147,0.6,0.6,0.5349261711262667,0.5349261711262667,0.2009982160160232,0.5821629255864514,0.07192616048985774,0.07506943585007789,-0.052476843064068655,-0.5349261711262667,1.120422376315359,0.3111153346057015,1.1349261711262666,True,1.1349261711262666,True,1.1349261711262666,True,1.1349261711262666,True,1.1349261711262666,True,1.1349261711262666,True,0.6,False,1.0011946283447,1.0493315550541906,True,True,0.75,0.8399879820950623,1.1349261711262666,wind_stuck_7_days,2018
10718,US-Rws,US-Rwe,2018-08-23,0.19317481,0.2,0.2,0.46744240590422514,0.46744240590422514,0.11321149708604387,0.3742565362420086,0.17154738435651679,0.1977001300803656,-0.007255001292421251,-0.46744240590422514,1.120422376315359,0.3111153346057015,0.6674424059042252,True,0.6674424059042252,True,0.6674424059042252,True,0.6674424059042252,True,0.6674424059042252,True,0.6674424059042252,True,0.2,False,0.550581804428169,0.6674424059042252,True,True,0.75,1.0,0.6674424059042252,wind_stuck_7_days,2018
10719,US-Rws,US-Rwe,2018-08-31,0.23085054,0.5,0.5,0.40838523149693595,0.40838523149693595,0.08082813952073511,0.4550655403677276,0.08353140520415966,0.08471841676216402,-0.03206106961967883,-0.408385231496936,1.120422376315359,0.3111153346057015,0.908385231496936,True,0.908385231496936,True,0.908385231496936,True,0.908385231496936,True,0.908385231496936,True,0.908385231496936,True,0.5,False,0.806288923622702,0.908385231496936,True,True,0.75,1.0,0.908385231496936,wind_stuck_7_days,2018
10720,US-Rws,US-Rwe,2018-09-07,0.15169834,0.2,0.2,0.5256654208063614,0.5256654208063614,0.16359510389522694,0.4185236904765953,0.18774390917668085,0.20612370543019154,-0.009230408565749769,-0.5256654208063614,1.120422376315359,0.3111153346057015,0.7256654208063613,True,0.7256654208063613,True,0.7256654208063613,True,0.7256654208063613,True,0.7256654208063613,True,0.7256654208063613,True,0.2,False,0.594249065604771,0.7256654208063613,True,True,0.75,1.0,0.7256654208063613,wind_stuck_7_days,2018
10721,US-Rws,US-Rwe,2018-09-08,0.1609227,0.2,0.2,0.43113953187786136,0.43113953187786136,0.0880804697103947,0.41784181325773984,0.1699750298856246,0.19199081122122577,-0.007255001292421251,-0.43113953187786136,1.120422376315359,0.3111153346057015,0.6311395318778614,True,0.6311395318778614,True,0.6311395318778614,True,0.6311395318778614,True,0.6311395318778614,True,0.6311395318778614,True,0.2,False,0.523354648908396,0.6311395318778614,True,True,0.75,1.0,0.6311395318778614,wind_stuck_7_days,2018
10722,US-Rws,US-Rwe,2018-09-16,0.21269622,0.1,0.1,0.48791551882074763,0.48791551882074763,0.08201946354669995,0.3828882009738911,0.1882118859231176,0.20384439739611,-0.009230408565749769,-0.26252307882074766,1.120422376315359,0.3111153346057015,0.5879155188207477,True,0.5879155188207477,True,0.5879155188207477,True,0.5879155188207477,True,0.5879155188207477,True,0.5879155188207477,True,0.1,False,0.4659366391155607,0.5879155188207477,True,True,0.75,1.0,0.5879155188207477,wind_stuck_7_days,2018
10723,US-Rws,US-Rwe,2018-09-23,0.10467147,0.0,0.0,0.5912084228478058,0.5912084228478058,0.14198191505136432,0.44180176495884343,0.29460261187084047,0.3286455236691922,-0.010504941885378136,-0.38186548284780586,1.120422376315359,0.3111153346057015,0.5912084228478058,True,0.5912084228478058,True,0.5912084228478058,True,0.5912084228478058,True,0.5912084228478058,True,0.5912084228478058,True,0.0,False,0.4434063171358544,0.5912084228478058,True,True,0.75,1.0,0.5912084228478058,wind_stuck_7_days,2018
10724,US-Rws,US-Rwe,2018-09-24,0.13106934,0.0,0.0,0.5376847120928416,0.5376847120928416,0.2032550206827099,0.533534364027757,0.21773030162629842,0.23661642496161187,-0.009230408565749769,-0.27554603209284156,1.120422376315359,0.3111153346057015,0.5376847120928416,True,0.5376847120928416,True,0.5376847120928416,True,0.5376847120928416,True,0.5376847120928416,True,0.5376847120928416,True,0.0,False,0.4032635340696312,0.5219722945126711,True,True,0.75,0.9707776374764076,0.5376847120928416,wind_stuck_7_days,2018
12642,US-SRG,US-SRC,2018-01-01,0.32193978,0.2,0.2,0.1436950916072055,0.1436950916072055,0.09574060419450581,0.3712940141340594,0.02907865355923246,0.02391473539450161,-0.006332586970748549,0.10018446839279449,1.120422376315359,0.3111153346057015,0.3436950916072055,True,0.3436950916072055,True,0.3436950916072055,True,0.3436950916072055,True,0.3436950916072055,True,0.3436950916072055,True,0.2,False,0.30777131870540414,0.3436950916072055,True,True,0.75,1.0,0.3436950916072055,wind_stuck_7_days,2018
12643,US-SRG,US-SRC,2018-01-16,0.28612369,0.0,0.0,0.24039342300036298,0.24039342300036298,0.18752706824706983,0.3606954416239099,0.05850215328067083,0.05754672125746206,-0.006332586970748549,0.24039342300036298,1.120422376315359,0.3111153346057015,0.24039342300036298,True,0.24039342300036298,True,0.24039342300036298,True,0.24039342300036298,True,0.24039342300036298,True,0.24039342300036298,True,0.0,False,0.18029506725027222,0.16649815904498713,True,True,0.75,0.6926069647285472,0.24039342300036298,wind_stuck_7_days,2018
12644,US-SRG,US-SRC,2018-01-24,0.40924079,0.3,0.3,-0.08063511614025519,0.08063511614025519,0.2422899116968314,0.5716550828508135,0.028407422032173977,0.023055167463133908,-0.009476923422614476,-0.0806351161402552,1.120422376315359,0.3111153346057015,0.21936488385974479,True,0.21936488385974479,True,0.21936488385974479,True,0.21936488385974479,True,0.21936488385974479,True,0.21936488385974479,True,0.3,False,0.2395236628948086,0.21936488385974479,True,True,0.75,1.0,0.21936488385974479,wind_stuck_7_days,2018
12645,US-SRG,US-SRC,2018-01-25,0.41228984,0.0,0.0,0.31728520618828104,0.31728520618828104,0.16375695150038255,0.32278384882579536,0.1634794646673801,0.1810502638168816,-0.005239430924102171,0.31728520618828104,1.120422376315359,0.3111153346057015,0.31728520618828104,True,0.31728520618828104,True,0.31728520618828104,True,0.31728520618828104,True,0.31728520618828104,True,0.31728520618828104,True,0.0,False,0.23796390464121078,0.31728520618828104,True,True,0.75,1.0,0.31728520618828104,wind_stuck_7_days,2018
12646,US-SRG,US-SRC,2018-02-01,0.26782364,0.0,0.0,0.29336356022985643,0.29336356022985643,0.13167824108239834,0.4350602650295811,0.16113962375628296,0.1810502638168816,-0.006332586970748549,0.2422837197701435,1.120422376315359,0.3111153346057015,0.29336356022985643,True,0.29336356022985643,True,0.29336356022985643,True,0.29336356022985643,True,0.29336356022985643,True,0.29336356022985643,True,0.0,False,0.22002267017239233,0.17351903514725558,True,True,0.75,0.5914812153605574,0.29336356022985643,wind_stuck_7_days,2018
12647,US-SRG,US-SRC,2018-02-02,0.17265361,0.0,0.0,0.344372783539905,0.344372783539905,0.13787409764061997,0.3912957169580088,0.1634794646673801,0.1810502638168816,-0.009230408565749769,0.0009344364600950006,1.120422376315359,0.3111153346057015,0.344372783539905,True,0.344372783539905,True,0.344372783539905,True,0.344372783539905,True,0.344372783539905,True,0.344372783539905,True,0.0,False,0.25827958765492876,0.344372783539905,True,True,0.75,1.0,0.344372783539905,wind_stuck_7_days,2018
12648,US-SRG,US-SRC,2018-02-09,0.20299116,0.0,0.0,0.2972059365083376,0.2972059365083376,0.14618499290854314,0.2894578446628034,0.16113962375628296,0.1810502638168816,-0.006332586970748549,0.10877638349166241,1.120422376315359,0.3111153346057015,0.2972059365083376,True,0.2972059365083376,True,0.2972059365083376,True,0.2972059365083376,True,0.2972059365083376,True,0.2972059365083376,True,0.0,False,0.2229044523812532,0.17353833377506195,True,True,0.75,0.5838992848320633,0.2972059365083376,wind_stuck_7_days,2018
12649,US-SRG,US-SRC,2018-02-25,0.93234689,0.4,0.4,0.07160365799177039,0.07160365799177039,0.09570140817585825,0.3932596838405322,0.028312506050431514,0.023055167463133908,-0.006332586970748549,0.07160365799177038,1.120422376315359,0.3111153346057015,0.4716036579917704,True,0.4716036579917704,True,0.4716036579917704,True,0.4716036579917704,True,0.4716036579917704,True,0.4716036579917704,True,0.4,False,0.45370274349382783,0.4716036579917704,True,True,0.75,1.0,0.4716036579917704,wind_stuck_7_days,2018
12650,US-SRG,US-SRC,2018-03-05,1.0931289,0.9,0.9,-0.15955658094742314,0.15955658094742314,0.07760950662187968,0.27515827711370716,0.02667724533781374,0.025981294620656837,-0.007796061083258941,-0.15955658094742314,1.120422376315359,0.3111153346057015,0.7404434190525768,True,0.7404434190525768,True,0.7404434190525768,True,0.7404434190525768,True,0.7404434190525768,True,0.7404434190525768,True,0.9,False,0.7803325642894327,0.7404434190525768,True,True,0.75,1.0,0.7404434190525768,wind_stuck_7_days,2018
12651,US-SRG,US-SRC,2018-03-13,1.04636585,0.7,0.7,0.1336237075837629,0.1336237075837629,0.18570495151698238,0.32229832810810066,0.02667724533781374,0.025981294620656837,-0.007796061083258941,0.1336237075837629,1.120422376315359,0.3111153346057015,0.8336237075837629,True,0.8336237075837629,True,0.8336237075837629,True,0.8336237075837629,True,0.8336237075837629,True,0.8336237075837629,True,0.7,False,0.8002177806878221,0.8336237075837629,True,True,0.75,1.0,0.8336237075837629,wind_stuck_7_days,2018
12652,US-SRG,US-SRC,2018-03-22,1.04922419,0.6,0.6,0.08899682574698616,0.08899682574698616,0.14935308891059604,0.37889059557346616,0.026209268591376986,0.02722500087232138,-0.007796061083258941,0.08899682574698614,1.120422376315359,0.3111153346057015,0.6889968257469862,True,0.6889968257469862,True,0.6889968257469862,True,0.6889968257469862,True,0.6889968257469862,True,0.6889968257469862,True,0.6,False,0.6667476193102396,0.6889968257469862,True,True,0.75,1.0,0.6889968257469862,wind_stuck_7_days,2018
12653,US-SRG,US-SRC,2018-03-29,1.03608793,0.4,0.4,0.18596933661396078,0.18596933661396078,0.06132008162836196,0.28296203981024126,0.028312506050431514,0.023055167463133908,-0.006332586970748549,0.18596933661396076,1.120422376315359,0.3111153346057015,0.5859693366139608,True,0.5859693366139608,True,0.5859693366139608,True,0.5859693366139608,True,0.5859693366139608,True,0.5859693366139608,True,0.4,False,0.5394770024604706,0.5772416460555427,True,True,0.75,0.9530691956140318,0.5859693366139608,wind_stuck_7_days,2018
12654,US-SRG,US-SRC,2018-03-30,1.15121222,0.3,0.3,0.24743491331947473,0.24743491331947473,0.08289916446521921,0.29643420959352185,0.02784452930399476,0.024400087348549558,-0.006332586970748549,0.24743491331947476,1.120422376315359,0.3111153346057015,0.5474349133194747,True,0.5474349133194747,True,0.5474349133194747,True,0.5474349133194747,True,0.5474349133194747,True,0.5474349133194747,True,0.3,False,0.48557618498960603,0.46001435783783634,True,True,0.75,0.6466927229110726,0.5474349133194747,wind_stuck_7_days,2018
12655,US-SRG,US-SRC,2018-04-06,1.2513898,0.7,0.7,-0.007668760988846691,0.007668760988846691,0.10067900509450152,0.3756581143424632,0.011774989816670165,0.007457026591782011,-0.007796061083258941,-0.007668760988846723,1.120422376315359,0.3111153346057015,0.6923312390111532,True,0.6923312390111532,True,0.6923312390111532,True,0.6923312390111532,True,0.6923312390111532,True,0.6923312390111532,True,0.7,False,0.6942484292583649,0.6923312390111532,True,True,0.75,1.0,0.6923312390111532,wind_stuck_7_days,2018
12656,US-SRG,US-SRC,2018-04-07,1.40007244,5.6,5.6,-0.5960235896669354,0.5960235896669354,0.28392626083791705,0.9530456960983902,-0.06469753226508705,-0.0380020549648761,-0.049879537169022214,0.5960235896669355,1.120422376315359,0.3111153346057015,5.003976410333064,True,5.003976410333064,True,5.6,False,5.6,False,5.6,False,5.6,False,5.6,False,5.152982307749798,5.596630232588317,True,True,0.75,0.005653748392016297,5.003976410333064,wind_stuck_7_days,2018
12657,US-SRG,US-SRC,2018-04-14,0.88146732,0.2,0.2,0.37379076734081673,0.37379076734081673,0.09201937354101053,0.2784037645687747,0.14895014979690327,0.1670777448448855,-0.007255001292421251,0.37379076734081673,1.120422376315359,0.3111153346057015,0.5737907673408167,True,0.5737907673408167,True,0.5737907673408167,True,0.5737907673408167,True,0.5737907673408167,True,0.5737907673408167,True,0.2,False,0.48034307550561256,0.5737907673408167,True,True,0.75,1.0,0.5737907673408167,wind_stuck_7_days,2018
12658,US-SRG,US-SRC,2018-04-15,1.17560989,0.5,0.5,-0.06913921137337195,0.06913921137337195,0.09554807041154204,0.31747438652019383,0.011774989816670165,0.007457026591782011,-0.007796061083258941,-0.06913921137337198,1.120422376315359,0.3111153346057015,0.430860788626628,True,0.430860788626628,True,0.430860788626628,True,0.430860788626628,True,0.430860788626628,True,0.430860788626628,True,0.5,False,0.448145591469971,0.430860788626628,True,True,0.75,1.0,0.430860788626628,wind_stuck_7_days,2018
12659,US-SRG,US-SRC,2018-04-23,1.06503881,0.2,0.2,0.30287889138193363,0.30287889138193363,0.0835446266751706,0.3103439889640822,0.13601923983968464,0.15306732991697788,-0.006332586970748549,0.3028788913819336,1.120422376315359,0.3111153346057015,0.5028788913819336,True,0.5028788913819336,True,0.5028788913819336,True,0.5028788913819336,True,0.5028788913819336,True,0.5028788913819336,True,0.2,False,0.42715916853645025,0.4484548171809303,True,True,0.75,0.8203107718973587,0.5028788913819336,wind_stuck_7_days,2018
12660,US-SRG,US-SRC,2018-04-30,0.94444832,1.9,1.9,-0.40673004728628825,0.40673004728628825,0.12987308691888155,0.3175286953840602,-0.008402201714364158,-0.013290369241320857,-0.007796061083258941,0.40673004728628825,1.120422376315359,0.3111153346057015,1.4932699527137117,True,1.4932699527137117,True,1.4932699527137117,True,1.9,False,1.9,False,1.9,False,1.9,False,1.5949524645352837,1.8062679772494097,True,True,0.75,0.23045266356880295,1.4932699527137117,wind_stuck_7_days,2018
12661,US-SRG,US-SRC,2018-05-08,0.78257112,0.3,0.3,0.09595703477365834,0.09595703477365834,0.11685634174304833,0.30089907987922687,0.01890481247388987,0.011654969293815648,-0.006332586970748549,0.09595703477365836,1.120422376315359,0.3111153346057015,0.39595703477365835,True,0.39595703477365835,True,0.39595703477365835,True,0.39595703477365835,True,0.39595703477365835,True,0.39595703477365835,True,0.3,False,0.37196777608024373,0.39595703477365835,True,True,0.75,1.0,0.39595703477365835,wind_stuck_7_days,2018
12662,US-SRG,US-SRC,2018-05-09,0.7271339,0.6,0.6,-0.10897540459410116,0.10897540459410116,0.08024943104516201,0.2946487546542652,0.011774989816670165,0.007457026591782011,-0.007796061083258941,-0.10897540459410116,1.120422376315359,0.3111153346057015,0.4910245954058988,True,0.4910245954058988,True,0.4910245954058988,True,0.4910245954058988,True,0.4910245954058988,True,0.4910245954058988,True,0.6,False,0.5182684465544241,0.4910245954058988,True,True,0.75,1.0,0.4910245954058988,wind_stuck_7_days,2018
12663,US-SRG,US-SRC,2018-05-16,0.58058545,0.5,0.5,-0.01818089498446232,0.01818089498446232,0.09378781652028187,0.3500803131727398,0.011774989816670165,0.007457026591782011,-0.007796061083258941,-0.01818089498446232,1.120422376315359,0.3111153346057015,0.4818191050155377,True,0.4818191050155377,True,0.4818191050155377,True,0.4818191050155377,True,0.4818191050155377,True,0.4818191050155377,True,0.5,False,0.48636432876165325,0.4818191050155377,True,True,0.75,1.0,0.4818191050155377,wind_stuck_7_days,2018
12664,US-SRG,US-SRC,2018-05-17,0.60262412,1.1,1.1,-0.194751840347782,0.194751840347782,0.08379873996392652,0.251720740131956,0.011774989816670165,0.007457026591782011,-0.0012959027790873535,0.19475184034778203,1.120422376315359,0.3111153346057015,0.905248159652218,True,0.905248159652218,True,0.905248159652218,True,0.905248159652218,True,0.905248159652218,True,0.905248159652218,True,1.1,False,0.9539361197391636,0.9335345340009908,True,True,0.75,0.8547568315746863,0.905248159652218,wind_stuck_7_days,2018
12665,US-SRG,US-SRC,2018-05-24,0.51956809,0.4,0.4,0.13847320220009712,0.13847320220009712,0.13921935097707366,0.23609869042476023,0.01890481247388987,0.011654969293815648,-0.006332586970748549,0.10066297779990291,1.120422376315359,0.3111153346057015,0.5384732022000971,True,0.5384732022000971,True,0.5384732022000971,True,0.5384732022000971,True,0.5384732022000971,True,0.5384732022000971,True,0.4,False,0.5038549016500729,0.5384732022000971,True,True,0.75,1.0,0.5384732022000971,wind_stuck_7_days,2018
12666,US-SRG,US-SRC,2018-05-25,0.49855538,0.2,0.2,0.4440281871144533,0.4440281871144533,0.12096070075630505,0.2587039494462856,0.17130518867766328,0.19249403396848233,-0.007255001292421251,0.15308257288554666,1.120422376315359,0.3111153346057015,0.6440281871144533,True,0.6440281871144533,True,0.6440281871144533,True,0.6440281871144533,True,0.6440281871144533,True,0.6440281871144533,True,0.2,False,0.53302114033584,0.6262549906590253,True,True,0.75,0.9599728193587702,0.6440281871144533,wind_stuck_7_days,2018
12667,US-SRG,US-SRC,2018-06-01,0.52230642,0.3,0.3,0.24275558114455845,0.24275558114455845,0.1153442421554551,0.16845718520815325,0.01890481247388987,0.01427849071859125,-0.006332586970748549,0.20185725885544167,1.120422376315359,0.3111153346057015,0.5427555811445585,True,0.5427555811445585,True,0.5427555811445585,True,0.5427555811445585,True,0.5427555811445585,True,0.5427555811445585,True,0.3,False,0.48206668585841883,0.46099767303578143,True,True,0.75,0.6632089457086839,0.5427555811445585,wind_stuck_7_days,2018
12668,US-SRG,US-SRC,2018-06-09,0.9329559,1.1,1.1,-0.3254639639966138,0.3254639639966138,0.07413648493027274,0.3272234651548813,0.02457493880276202,0.024398567199836442,-0.0012959027790873535,0.008624236003386465,1.120422376315359,0.3111153346057015,0.7745360360033863,True,0.7745360360033863,True,0.7745360360033863,True,0.7745360360033863,True,0.7745360360033863,True,0.7745360360033863,True,1.1,False,0.8559020270025397,0.984024084293039,True,True,0.75,0.3563402666237045,0.7745360360033863,wind_stuck_7_days,2018
12669,US-SRG,US-SRC,2018-06-17,4.79691894,1.5,1.5,-0.3928900550137699,0.3928900550137699,0.1925620092819992,0.4212571116128526,0.024669854784504484,0.024398567199836442,-0.007796061083258941,-0.39289005501376995,1.120422376315359,0.3111153346057015,1.10710994498623,True,1.10710994498623,True,1.10710994498623,True,1.10710994498623,True,1.10710994498623,True,1.10710994498623,True,1.5,False,1.2053324587396725,1.3935208484669546,True,True,0.75,0.27101513559388385,1.10710994498623,wind_stuck_7_days,2018
12670,US-SRG,US-SRC,2018-06-25,2.7531866,2.0,2.0,-0.7173336570953086,0.7173336570953086,0.1112030116619721,0.34396234491202476,-0.014190659533219635,0.0015976027692401085,0.007625812396036526,-0.7173336570953086,1.120422376315359,0.3111153346057015,1.2826663429046914,True,1.2826663429046914,True,1.2826663429046914,True,2.0,False,2.0,False,1.2826663429046914,True,1.2826663429046914,True,1.4619997571785186,1.7888316741431425,True,True,0.75,0.29437950355199993,1.2826663429046914,wind_stuck_7_days,2018
12671,US-SRG,US-SRC,2018-06-26,2.88737799,1.2,1.2,-0.44121846347964844,0.44121846347964844,0.14831810388742933,0.3412297903255515,0.025627592521187237,0.029920288176864568,-0.019390399080665588,-0.4412184634796483,1.120422376315359,0.3111153346057015,0.7587815365203515,True,0.7587815365203515,True,0.7587815365203515,True,0.7587815365203515,True,0.7587815365203515,True,0.7587815365203515,True,1.2,False,0.8690861523902637,1.0768074971768937,True,True,0.75,0.27920976346174287,0.7587815365203515,wind_stuck_7_days,2018
12672,US-SRG,US-SRC,2018-07-03,1.50546882,1.1,1.1,0.18770169945948462,0.18770169945948462,0.13389805599364923,0.35127361863219536,0.011774989816670165,0.007457026591782011,-0.0012959027790873535,0.18770169945948462,1.120422376315359,0.3111153346057015,1.2877016994594848,True,1.2877016994594848,True,1.2877016994594848,True,1.2877016994594848,True,1.2877016994594848,True,1.2877016994594848,True,1.1,False,1.2407762745946136,1.2684944427549842,True,True,0.75,0.8976713755932384,1.2877016994594848,wind_stuck_7_days,2018
12673,US-SRG,US-SRC,2018-07-19,3.82555265,4.0,4.0,0.67829614796408,0.67829614796408,0.16893690867917563,0.5479492030653799,0.030189218145112346,0.027329971908648117,-0.01739510551172118,-0.67829614796408,1.120422376315359,0.3111153346057015,4.67829614796408,True,4.67829614796408,True,4.67829614796408,True,4.67829614796408,True,4.67829614796408,True,4.67829614796408,True,4.0,False,4.50872211097306,4.56564958144957,True,True,0.75,0.8339271616791261,4.67829614796408,wind_stuck_7_days,2018
12674,US-SRG,US-SRC,2018-08-13,5.00591263,4.4,4.4,0.6549208466522932,0.6549208466522932,0.08546878678568999,0.3680673707287395,0.06181491115682297,0.08092188334290881,-0.01191149075864914,0.5569044133477062,1.120422376315359,0.3111153346057015,5.054920846652293,True,5.054920846652293,True,5.054920846652293,True,5.054920846652293,True,5.054920846652293,True,5.054920846652293,True,4.4,False,4.89119063498922,4.841091572573401,True,True,0.75,0.673503637619864,5.054920846652293,wind_stuck_7_days,2018
12675,US-SRG,US-SRC,2018-08-20,3.39771179,3.4,3.4,0.44576614673147325,0.44576614673147325,0.23243379836868763,0.601959418769433,0.022317907656763444,0.025383252213479583,-0.003725261122100862,-0.44576614673147325,1.120422376315359,0.3111153346057015,3.845766146731473,True,3.845766146731473,True,3.845766146731473,True,3.845766146731473,True,3.845766146731473,True,3.845766146731473,True,3.4,False,3.734324610048605,3.7684842471710134,True,True,0.75,0.8266312950700266,3.845766146731473,wind_stuck_7_days,2018
12676,US-SRG,US-SRC,2018-08-28,1.28821498,3.6,3.6,-0.5659889430825124,0.5659889430825124,0.17625053507047939,0.3690695425485109,0.007291665791907364,0.01342476753529275,0.0026807679526438767,0.5659889430825125,1.120422376315359,0.3111153346057015,3.0340110569174876,True,3.0340110569174876,True,3.0340110569174876,True,3.0340110569174876,True,3.0340110569174876,True,3.0340110569174876,True,3.0340110569174876,True,3.1755082926881157,3.351617544580277,True,True,0.75,0.438846833415106,3.0340110569174876,wind_stuck_7_days,2018
12677,US-SRG,US-SRC,2018-08-29,1.19193805,3.6,3.6,-0.2914953408259996,0.2914953408259996,0.1809228542710357,0.38755236275118354,0.008628649763109685,0.010652381344428594,0.0026807679526438767,0.2914953408259997,1.120422376315359,0.3111153346057015,3.3085046591740004,True,3.3085046591740004,True,3.3085046591740004,True,3.3085046591740004,True,3.3085046591740004,True,3.3085046591740004,True,3.3085046591740004,True,3.3813784943805003,3.480751473913145,True,True,0.75,0.4090923914905295,3.3085046591740004,wind_stuck_7_days,2018
12678,US-SRG,US-SRC,2018-09-05,2.40579821,2.7,2.7,0.01601614176326568,0.01601614176326568,0.2128095031934556,0.4272219391116397,0.01969810771412515,0.020650199413973298,0.0026807679526438767,-0.016016141763265657,1.120422376315359,0.3111153346057015,2.716016141763266,True,2.716016141763266,True,2.716016141763266,True,2.716016141763266,True,2.716016141763266,True,2.716016141763266,True,2.716016141763266,True,2.7120121063224496,2.716016141763266,True,True,0.75,1.0,2.716016141763266,wind_stuck_7_days,2018
12679,US-SRG,US-SRC,2018-09-13,0.96566286,3.3,3.3,-0.4812142127273346,0.4812142127273346,0.1176775334639624,0.4459983004369697,0.021499854541524813,0.01342476753529275,0.0026807679526438767,0.48121421272733467,1.120422376315359,0.3111153346057015,2.8187857872726654,True,2.8187857872726654,True,2.8187857872726654,True,2.8187857872726654,True,2.8187857872726654,True,2.8187857872726654,True,2.8187857872726654,True,2.939089340454499,3.008020853687538,True,True,0.75,0.6067550346396413,2.8187857872726654,wind_stuck_7_days,2018
12680,US-SRG,US-SRC,2018-09-14,0.81171441,2.1,2.1,-0.4125829474426984,0.4125829474426984,0.1359874189736555,0.388898818310304,0.027321406175201016,0.028759483550529985,-0.007796061083258941,0.4125829474426984,1.120422376315359,0.3111153346057015,1.6874170525573016,True,1.6874170525573016,True,1.6874170525573016,True,1.6874170525573016,True,1.6874170525573016,True,1.6874170525573016,True,2.1,False,1.7905627894179763,1.8241048474711108,True,True,0.75,0.6687022676020968,1.6874170525573016,wind_stuck_7_days,2018
12681,US-SRG,US-SRC,2018-09-21,2.8599931,2.5,2.5,-0.4483944414541261,0.4483944414541261,0.2292571687375782,0.30152950519988997,0.016651001028599177,0.03688654546896489,-0.0014205266441136755,-0.4483944414541261,1.120422376315359,0.3111153346057015,2.051605558545874,True,2.051605558545874,True,2.051605558545874,True,2.051605558545874,True,2.051605558545874,True,2.051605558545874,True,2.5,False,2.1637041689094056,2.252039455128474,True,True,0.75,0.5529964735231767,2.051605558545874,wind_stuck_7_days,2018
12682,US-SRG,US-SRC,2018-09-29,2.61492573,2.3,2.3,-0.6275933926701016,0.6275933926701016,0.144545986332097,0.3558802653479625,0.018306125891270824,0.04420486557944339,-0.005778076270939389,-0.6275933926701016,1.120422376315359,0.3111153346057015,1.6724066073298982,True,1.6724066073298982,True,1.6724066073298982,True,1.6724066073298982,True,1.6724066073298982,True,1.6724066073298982,True,2.3,False,1.8293049554974237,1.9662001800838724,True,True,0.75,0.5318727440643903,1.6724066073298982,wind_stuck_7_days,2018
12683,US-SRG,US-SRC,2018-10-24,1.96311312,1.1,1.1,-0.03489755565000231,0.03489755565000231,0.10239109028487736,0.38215030528652283,0.02667724533781374,0.025981294620656837,-0.007796061083258941,-0.0348975556500023,1.120422376315359,0.3111153346057015,1.0651024443499977,True,1.0651024443499977,True,1.0651024443499977,True,1.0651024443499977,True,1.0651024443499977,True,1.0651024443499977,True,1.1,False,1.0738268332624983,1.0651024443499977,True,True,0.75,1.0,1.0651024443499977,wind_stuck_7_days,2018
12684,US-SRG,US-SRC,2018-10-31,1.56805965,1.8,1.8,-0.2927615319323247,0.2927615319323247,0.10073570275698156,0.3472731452034402,0.027291882088384754,0.036543874606821715,-0.007796061083258941,0.17111916806767558,1.120422376315359,0.3111153346057015,1.5072384680676754,True,1.5072384680676754,True,1.5072384680676754,True,1.5072384680676754,True,1.5072384680676754,True,1.5072384680676754,True,1.8,False,1.5804288510507565,1.6802334847653744,True,True,0.75,0.4090923914905295,1.5072384680676754,wind_stuck_7_days,2018
12685,US-SRG,US-SRC,2018-11-01,1.29583755,1.7,1.7,-0.3682701962120464,0.3682701962120464,0.07295326037057062,0.33384290640309233,0.029631722999481858,0.036543874606821715,-0.007796061083258941,0.3682701962120464,1.120422376315359,0.3111153346057015,1.3317298037879537,True,1.3317298037879537,True,1.3317298037879537,True,1.3317298037879537,True,1.3317298037879537,True,1.3317298037879537,True,1.7,False,1.4237973528409653,1.4722622809599903,True,True,0.75,0.6183984514154939,1.3317298037879537,wind_stuck_7_days,2018
12686,US-SRG,US-SRC,2018-11-08,1.21843375,1.1,1.1,-0.2519575995035771,0.2519575995035771,0.04020361619029041,0.3629882299747199,0.02667724533781374,0.028604816045432437,-0.007796061083258941,-0.2519575995035771,1.120422376315359,0.3111153346057015,0.848042400496423,True,0.848042400496423,True,0.848042400496423,True,0.848042400496423,True,0.848042400496423,True,0.848042400496423,True,1.1,False,0.9110318003723172,0.9596389944686875,True,True,0.75,0.5570818495169854,0.848042400496423,wind_stuck_7_days,2018
12687,US-SRG,US-SRC,2018-11-09,1.14458042,1.0,1.0,-0.1094606786866231,0.1094606786866231,0.04325961788579063,0.3629429441117317,0.02667724533781374,0.025981294620656837,-0.007796061083258941,-0.10946067868662313,1.120422376315359,0.3111153346057015,0.8905393213133769,True,0.8905393213133769,True,0.8905393213133769,True,0.8905393213133769,True,0.8905393213133769,True,0.8905393213133769,True,1.0,False,0.9179044909850327,0.8905393213133769,True,True,0.75,1.0,0.8905393213133769,wind_stuck_7_days,2018
12688,US-SRG,US-SRC,2018-11-16,0.79777088,0.8,0.8,-0.3009803694196297,0.3009803694196297,0.07249733658593766,0.2834844132117496,0.04129105694965495,0.048324987043553716,-0.007796061083258941,-0.2965221294196295,1.120422376315359,0.3111153346057015,0.49901963058037035,True,0.49901963058037035,True,0.49901963058037035,True,0.49901963058037035,True,0.49901963058037035,True,0.49901963058037035,True,0.8,False,0.5742647229352777,0.6860379293680221,True,True,0.75,0.378636224188731,0.49901963058037035,wind_stuck_7_days,2018
12689,US-SRG,US-SRC,2018-11-17,0.72777495,0.6,0.6,-0.1302933876953017,0.1302933876953017,0.05837291643189391,0.251426799527295,0.02667724533781374,0.025981294620656837,-0.007796061083258941,-0.1302933876953017,1.120422376315359,0.3111153346057015,0.4697066123046983,True,0.4697066123046983,True,0.4697066123046983,True,0.4697066123046983,True,0.4697066123046983,True,0.4697066123046983,True,0.6,False,0.5022799592285238,0.4697066123046983,True,True,0.75,1.0,0.4697066123046983,wind_stuck_7_days,2018
12690,US-SRG,US-SRC,2018-11-24,0.57648417,0.6,0.6,-0.0949036746398798,0.0949036746398798,0.05985659293263549,0.25596723712024994,0.02667724533781374,0.025981294620656837,-0.007796061083258941,-0.047872014639879765,1.120422376315359,0.3111153346057015,0.5050963253601202,True,0.5050963253601202,True,0.5050963253601202,True,0.5050963253601202,True,0.5050963253601202,True,0.5050963253601202,True,0.6,False,0.5288222440200901,0.5050963253601202,True,True,0.75,1.0,0.5050963253601202,wind_stuck_7_days,2018
12691,US-SRG,US-SRC,2018-11-25,0.50319411,0.4,0.4,0.07466664962464145,0.07466664962464145,0.07194334388859393,0.2705324524522651,0.028312506050431514,0.023055167463133908,-0.006332586970748549,0.07466664962464145,1.120422376315359,0.3111153346057015,0.47466664962464145,True,0.47466664962464145,True,0.47466664962464145,True,0.47466664962464145,True,0.47466664962464145,True,0.47466664962464145,True,0.4,False,0.4559999872184811,0.47466664962464145,True,True,0.75,1.0,0.47466664962464145,wind_stuck_7_days,2018
12692,US-SRG,US-SRC,2018-12-03,0.52909886,0.3,0.3,0.14511259530035142,0.14511259530035142,0.07682385290474442,0.32121844650397596,0.025147983930662032,0.018406807768601017,-0.006332586970748549,0.14511259530035142,1.120422376315359,0.3111153346057015,0.4451125953003514,True,0.4451125953003514,True,0.4451125953003514,True,0.4451125953003514,True,0.4451125953003514,True,0.4451125953003514,True,0.3,False,0.40883444647526357,0.4451125953003514,True,True,0.75,1.0,0.4451125953003514,wind_stuck_7_days,2018
12693,US-SRG,US-SRC,2018-12-18,0.77349139,0.8,0.8,0.0531339919543977,0.0531339919543977,0.09457393384988087,0.22953313644284395,0.024004449167574514,0.019617780455122972,-0.007796061083258941,-0.05313399195439769,1.120422376315359,0.3111153346057015,0.8531339919543978,True,0.8531339919543978,True,0.8531339919543978,True,0.8531339919543978,True,0.8531339919543978,True,0.8531339919543978,True,0.8,False,0.8398504939657984,0.8531339919543978,True,True,0.75,1.0,0.8531339919543978,wind_stuck_7_days,2018
12694,US-SRG,US-SRC,2018-12-19,0.58518603,0.6,0.6,-0.10551339690856701,0.10551339690856701,0.06306213600409637,0.36162190773549996,0.02667724533781374,0.025981294620656837,-0.007796061083258941,-0.0758854569085671,1.120422376315359,0.3111153346057015,0.494486603091433,True,0.494486603091433,True,0.494486603091433,True,0.494486603091433,True,0.494486603091433,True,0.494486603091433,True,0.6,False,0.5208649523185747,0.494486603091433,True,True,0.75,1.0,0.494486603091433,wind_stuck_7_days,2018
13206,US-SRM,US-SRC,2018-01-01,0.29337894,0.4,0.4,0.15242786824926663,0.15242786824926663,0.14959994692843365,0.4088848081551927,0.028312506050431514,0.023055167463133908,-0.006332586970748549,-0.15242786824926663,1.120422376315359,0.3111153346057015,0.5524278682492667,True,0.5524278682492667,True,0.5524278682492667,True,0.5524278682492667,True,0.5524278682492667,True,0.5524278682492667,True,0.4,False,0.51432090118695,0.5524278682492667,True,True,0.75,1.0,0.5524278682492667,wind_stuck_7_days,2018
13207,US-SRM,US-SRC,2018-01-16,0.23923661,0.2,0.2,0.12484867834285152,0.12484867834285152,0.1930790490071785,0.38146364594944515,0.02917356954097492,0.02391473539450161,-0.006332586970748549,-0.04637545834285156,1.120422376315359,0.3111153346057015,0.3248486783428515,True,0.3248486783428515,True,0.3248486783428515,True,0.3248486783428515,True,0.3248486783428515,True,0.3248486783428515,True,0.2,False,0.29363650875713865,0.3248486783428515,True,True,0.75,1.0,0.3248486783428515,wind_stuck_7_days,2018
13208,US-SRM,US-SRC,2018-01-17,0.21713876,0.3,0.3,0.14981326429618352,0.14981326429618352,0.05664296066663788,0.3322738368101243,0.028312506050431514,0.023055167463133908,-0.006332586970748549,-0.14981326429618352,1.120422376315359,0.3111153346057015,0.4498132642961835,True,0.4498132642961835,True,0.4498132642961835,True,0.4498132642961835,True,0.4498132642961835,True,0.4498132642961835,True,0.3,False,0.4123599482221376,0.4498132642961835,True,True,0.75,1.0,0.4498132642961835,wind_stuck_7_days,2018
13209,US-SRM,US-SRC,2018-01-24,0.39240453,0.5,0.5,-0.21490128136857697,0.21490128136857697,0.24389130460197703,0.8723926891250315,0.05560769189115806,0.028604816045432437,-0.051601968491791585,0.0002896586314230787,1.120422376315359,0.3111153346057015,0.285098718631423,True,0.285098718631423,True,0.5,False,0.285098718631423,True,0.5,False,0.285098718631423,True,0.5,False,0.3388240389735673,0.3119536398870075,True,True,0.75,0.875036011490664,0.285098718631423,wind_stuck_7_days,2018
13210,US-SRM,US-SRC,2018-02-01,0.21992134,0.3,0.3,0.14220457320876306,0.14220457320876306,0.1500094054695664,0.3673548600197979,0.028312506050431514,0.023055167463133908,-0.006332586970748549,-0.14220457320876306,1.120422376315359,0.3111153346057015,0.44220457320876305,True,0.44220457320876305,True,0.44220457320876305,True,0.44220457320876305,True,0.44220457320876305,True,0.44220457320876305,True,0.3,False,0.4066534299065723,0.44220457320876305,True,True,0.75,1.0,0.44220457320876305,wind_stuck_7_days,2018
13211,US-SRM,US-SRC,2018-02-02,0.17819369,1.5,1.5,-0.24668609319026555,0.24668609319026555,0.14783336730781904,0.5875497134357546,0.02667724533781374,0.028604816045432437,-0.010940397535124869,0.24668609319026547,1.120422376315359,0.3111153346057015,1.2533139068097345,True,1.2533139068097345,True,1.2533139068097345,True,1.2533139068097345,True,1.2533139068097345,True,1.2533139068097345,True,1.5,False,1.314985430107301,1.3590659029199608,True,True,0.75,0.5713094534734832,1.2533139068097345,wind_stuck_7_days,2018
13212,US-SRM,US-SRC,2018-02-09,0.10791452,0.4,0.4,0.12796976950234512,0.12796976950234512,0.14492099519166227,0.29225735553715027,0.028312506050431514,0.023055167463133908,-0.006332586970748549,-0.12796976950234512,1.120422376315359,0.3111153346057015,0.5279697695023451,True,0.5279697695023451,True,0.5279697695023451,True,0.5279697695023451,True,0.5279697695023451,True,0.5279697695023451,True,0.4,False,0.49597732712675885,0.5279697695023451,True,True,0.75,1.0,0.5279697695023451,wind_stuck_7_days,2018
13213,US-SRM,US-SRC,2018-02-25,0.59771492,0.8,0.8,-0.24053502493819265,0.24053502493819265,0.04874498100491305,0.3432686199131195,0.02667724533781374,0.028604816045432437,-0.007796061083258941,0.16403513506180736,1.120422376315359,0.3111153346057015,0.5594649750618074,True,0.5594649750618074,True,0.5594649750618074,True,0.5594649750618074,True,0.5594649750618074,True,0.5594649750618074,True,0.8,False,0.6195987312963556,0.656488662062643,True,True,0.75,0.5966338497864643,0.5594649750618074,wind_stuck_7_days,2018
13214,US-SRM,US-SRC,2018-03-05,0.67949155,1.3,1.3,-0.4337851812659122,0.4337851812659122,0.09136675740738559,0.34328815412224556,0.04847828908293621,0.05847880907866709,-0.007796061083258941,0.4337851812659122,1.120422376315359,0.3111153346057015,0.8662148187340879,True,0.8662148187340879,True,0.8662148187340879,True,0.8662148187340879,True,0.8662148187340879,True,0.8662148187340879,True,1.3,False,0.9746611140505659,1.0397944097371101,True,True,0.75,0.5998489609615844,0.8662148187340879,wind_stuck_7_days,2018
13215,US-SRM,US-SRC,2018-03-13,0.51599281,1.1,1.1,0.018956011255229506,0.018956011255229506,0.18448630252604678,0.3841196411084695,0.02667724533781374,0.025981294620656837,-0.007796061083258941,-0.0189560112552295,1.120422376315359,0.3111153346057015,1.1189560112552297,True,1.1189560112552297,True,1.1189560112552297,True,1.1189560112552297,True,1.1189560112552297,True,1.1189560112552297,True,1.1,False,1.1142170084414222,1.1189560112552297,True,True,0.75,1.0,1.1189560112552297,wind_stuck_7_days,2018
13216,US-SRM,US-SRC,2018-03-29,0.35361147,0.6,0.6,-0.024963329108707893,0.024963329108707893,0.04900343968318388,0.2694394644487751,0.026209268591376986,0.024702693081296887,-0.007796061083258941,0.024963329108707882,1.120422376315359,0.3111153346057015,0.5750366708912921,True,0.5750366708912921,True,0.5750366708912921,True,0.5750366708912921,True,0.5750366708912921,True,0.5750366708912921,True,0.6,False,0.581277503168469,0.5750366708912921,True,True,0.75,1.0,0.5750366708912921,wind_stuck_7_days,2018
13217,US-SRM,US-SRC,2018-04-06,0.49751247,1.1,1.1,-0.5069150470356598,0.5069150470356598,0.09368498346125874,0.6020779940512446,0.05139029367187182,0.04907719758431347,-0.02821183452764877,0.5069150470356598,1.120422376315359,0.3111153346057015,0.5930849529643403,True,0.5930849529643403,True,0.5930849529643403,True,0.5930849529643403,True,0.5930849529643403,True,0.5930849529643403,True,1.1,False,0.7198137147232553,0.995764950796272,True,True,0.75,0.2056262677805173,0.5930849529643403,wind_stuck_7_days,2018
13218,US-SRM,US-SRC,2018-04-14,0.52517172,0.8,0.8,-0.10523369898741959,0.10523369898741959,0.11850539553374681,0.25764560898715555,0.026209268591376986,0.02722500087232138,-0.007796061083258941,0.10523369898741958,1.120422376315359,0.3111153346057015,0.6947663010125804,True,0.6947663010125804,True,0.6947663010125804,True,0.6947663010125804,True,0.6947663010125804,True,0.6947663010125804,True,0.8,False,0.7210747257594353,0.6947663010125804,True,True,0.75,1.0,0.6947663010125804,wind_stuck_7_days,2018
13219,US-SRM,US-SRC,2018-04-23,0.86660904,0.5,0.5,-0.02319815215565639,0.02319815215565639,0.07126567530417224,0.35727202875289593,0.011774989816670165,0.007457026591782011,-0.007796061083258941,-0.023198152155656404,1.120422376315359,0.3111153346057015,0.4768018478443436,True,0.4768018478443436,True,0.4768018478443436,True,0.4768018478443436,True,0.4768018478443436,True,0.4768018478443436,True,0.5,False,0.4826013858832577,0.4768018478443436,True,True,0.75,1.0,0.4768018478443436,wind_stuck_7_days,2018
13220,US-SRM,US-SRC,2018-05-08,1.07134307,1.6,1.6,-0.9149364248563918,0.9149364248563918,0.17108622753766015,0.4794539560342838,0.010551534157584858,-0.04818045340104778,-0.08219514312579164,0.14237743514360846,1.120422376315359,0.3111153346057015,0.6850635751436083,True,0.6850635751436083,True,0.6850635751436083,True,0.6850635751436083,True,0.6850635751436083,True,1.6,False,1.6,False,0.9137976813577062,1.3157456530220384,True,True,0.75,0.31068207501147205,0.6850635751436083,wind_stuck_7_days,2018
13221,US-SRM,US-SRC,2018-05-09,0.88310704,1.2,1.2,-0.7114752387445871,0.7114752387445871,0.13063324045216676,0.48559738851799195,0.12071001791990206,0.16130154854513926,-0.08219514312579164,-0.07768931874458707,1.120422376315359,0.3111153346057015,0.4885247612554129,True,0.4885247612554129,True,0.4885247612554129,True,0.4885247612554129,True,0.4885247612554129,True,0.4885247612554129,True,1.2,False,0.6663935709415596,0.8859556215415545,True,True,0.75,0.44139888692765106,0.4885247612554129,wind_stuck_7_days,2018
13222,US-SRM,US-SRC,2018-05-16,0.74407704,1.4,1.4,-0.7983460954616455,0.7983460954616455,0.12307134478335044,0.4353169053067563,0.13049234274485874,0.17145448255978665,0.007625812396036526,0.5134998245383544,1.120422376315359,0.3111153346057015,0.6016539045383544,True,0.6016539045383544,True,0.6016539045383544,True,0.6016539045383544,True,0.6016539045383544,True,0.6016539045383544,True,0.6016539045383544,True,0.8012404284037657,1.0502741203103663,True,True,0.75,0.4380629925764263,0.6016539045383544,wind_stuck_7_days,2018
13223,US-SRM,US-SRC,2018-05-24,0.83199582,1.4,1.4,-0.6592779936396993,0.6592779936396993,0.10116767103872475,0.3255296370820634,0.047835882285005744,0.05230790610424262,-0.10254559579587376,0.4767303663603004,1.120422376315359,0.3111153346057015,0.7407220063603006,True,0.7407220063603006,True,0.7407220063603006,True,0.7407220063603006,True,0.7407220063603006,True,0.7407220063603006,True,1.4,False,0.9055415047702254,1.0648936402909501,True,True,0.75,0.5082929552357971,0.7407220063603006,wind_stuck_7_days,2018
13224,US-SRM,US-SRC,2018-05-25,0.74922514,0.4,0.4,0.13690836148336047,0.13690836148336047,0.11386857939230972,0.30261072778726444,0.01890481247388987,0.011654969293815648,-0.006332586970748549,0.13690836148336047,1.120422376315359,0.3111153346057015,0.5369083614833605,True,0.5369083614833605,True,0.5369083614833605,True,0.5369083614833605,True,0.5369083614833605,True,0.5369083614833605,True,0.4,False,0.5026812711125204,0.5369083614833605,True,True,0.75,1.0,0.5369083614833605,wind_stuck_7_days,2018
13225,US-SRM,US-SRC,2018-06-17,4.03013173,1.8,1.8,-0.3826115373092625,0.3826115373092625,0.12749490002592284,0.41061879456494343,-0.008402201714364158,-0.008594530685984208,-0.007796061083258941,-0.3826115373092627,1.120422376315359,0.3111153346057015,1.4173884626907376,True,1.4173884626907376,True,1.4173884626907376,True,1.8,False,1.8,False,1.8,False,1.8,False,1.5130413470180533,1.6905779657850766,True,True,0.75,0.2859872835629581,1.4173884626907376,wind_stuck_7_days,2018
13226,US-SRM,US-SRC,2018-06-25,2.2889178,2.7,2.7,-0.7098544618377851,0.7098544618377851,0.18444389476856937,0.45804793895251317,-0.00477203190981988,-0.010983429048771297,-0.07923256089258938,0.11230993816221502,1.120422376315359,0.3111153346057015,1.990145538162215,True,1.990145538162215,True,1.990145538162215,True,2.7,False,2.7,False,2.7,False,2.7,False,2.1676091536216613,2.4922016989693323,True,True,0.75,0.29273366894487973,1.990145538162215,wind_stuck_7_days,2018
13227,US-SRM,US-SRC,2018-06-26,1.99758904,2.2,2.2,-0.4005654832101718,0.4005654832101718,0.24552939904654678,0.4794678320812021,-0.019714306948406916,-0.019420233680583772,-0.00867470083932878,0.004256436789828455,1.120422376315359,0.3111153346057015,1.7994345167898285,True,1.7994345167898285,True,1.7994345167898285,True,2.2,False,2.2,False,2.2,False,2.2,False,1.8995758875923712,2.0968336706861654,True,True,0.75,0.2575517203505642,1.7994345167898285,wind_stuck_7_days,2018
13228,US-SRM,US-SRC,2018-07-03,1.79368913,1.8,1.8,-0.18743377222526175,0.18743377222526175,0.16805816507485347,0.40577287804010825,0.002541335849062811,-0.0014775594458706213,-0.0012959027790873535,-0.1748120322252616,1.120422376315359,0.3111153346057015,1.6125662277747383,True,1.6125662277747383,True,1.6125662277747383,True,1.6125662277747383,True,1.6125662277747383,True,1.8,False,1.8,False,1.6594246708310538,1.6317460678539195,True,True,0.75,0.8976713755932384,1.6125662277747383,wind_stuck_7_days,2018
13229,US-SRM,US-SRC,2018-07-19,3.40007819,3.7,3.7,0.08643426278736017,0.08643426278736017,0.1452587403082407,0.5510673617708267,-0.012936668224590216,-0.013210956592007855,-0.00046356849922204985,-0.08643426278736016,1.120422376315359,0.3111153346057015,3.78643426278736,True,3.78643426278736,True,3.78643426278736,True,3.7,False,3.7,False,3.7,False,3.7,False,3.7648256970905205,3.78643426278736,True,True,0.75,1.0,3.78643426278736,wind_stuck_7_days,2018
13230,US-SRM,US-SRC,2018-07-27,2.97822612,2.0,2.0,0.8094284926386685,0.8094284926386685,0.15179436136865937,0.5823133447622035,0.11184596225666658,0.15286708851707537,-0.03244697964082451,0.8094284926386685,1.120422376315359,0.3111153346057015,2.8094284926386686,True,2.8094284926386686,True,2.8094284926386686,True,2.8094284926386686,True,2.8094284926386686,True,2.8094284926386686,True,2.0,False,2.6070713694790015,2.6681644648271647,True,True,0.75,0.8254768282853561,2.8094284926386686,wind_stuck_7_days,2018
13231,US-SRM,US-SRC,2018-08-04,4.38959373,4.3,4.3,-0.5546357410589569,0.5546357410589569,0.2672516261744314,0.6639936566755142,-0.03656889996891278,-0.0380020549648761,-0.013618007680456266,-0.5546357410589569,1.120422376315359,0.3111153346057015,3.745364258941043,True,3.745364258941043,True,3.745364258941043,True,4.3,False,4.3,False,4.3,False,4.3,False,3.884023194205782,4.245630907235703,True,True,0.75,0.0980266664035957,3.745364258941043,wind_stuck_7_days,2018
13232,US-SRM,US-SRC,2018-08-13,5.4433255,4.0,4.0,-0.3395095977536588,0.3395095977536588,0.1280547433077901,0.42429842721592087,0.005812505640834862,0.010652381344428594,0.0026807679526438767,-0.33950959775365885,1.120422376315359,0.3111153346057015,3.6604904022463414,True,3.6604904022463414,True,3.6604904022463414,True,3.6604904022463414,True,3.6604904022463414,True,3.6604904022463414,True,3.6604904022463414,True,3.745367801684756,3.870674453798906,True,True,0.75,0.3809186752208695,3.6604904022463414,wind_stuck_7_days,2018
13233,US-SRM,US-SRC,2018-08-20,4.25590826,4.4,4.4,-0.38929330220706126,0.38929330220706126,0.2112980702642018,0.5802553314729396,-0.02909733758285444,-0.03192870418031416,-0.00046356849922204985,-0.10110982220706055,1.120422376315359,0.3111153346057015,4.010706697792939,True,4.010706697792939,True,4.010706697792939,True,4.4,False,4.4,False,4.4,False,4.4,False,4.108030023344704,4.294495622916563,True,True,0.75,0.27101513559388385,4.010706697792939,wind_stuck_7_days,2018
13234,US-SRM,US-SRC,2018-08-28,2.64932369,3.5,3.5,-0.7105456572382123,0.7105456572382123,0.18383854360009952,0.3467077502823724,-0.036943538643861164,-0.03342358642970153,0.02434272712862545,0.7105456572382123,1.120422376315359,0.3111153346057015,2.789454342761788,True,2.789454342761788,True,2.789454342761788,True,3.5,False,3.5,False,3.5,False,2.789454342761788,True,2.9670907570713405,3.291999362803807,True,True,0.75,0.29273366894487973,2.789454342761788,wind_stuck_7_days,2018
13235,US-SRM,US-SRC,2018-08-29,2.41610534,2.0,2.0,-0.21858453041864578,0.21858453041864578,0.18666543879944728,0.3804734608577576,0.021500551792289237,0.017587277317422382,-0.007796061083258941,-0.21858453041864578,1.120422376315359,0.3111153346057015,1.7814154695813542,True,1.7814154695813542,True,1.7814154695813542,True,1.7814154695813542,True,1.7814154695813542,True,1.7814154695813542,True,2.0,False,1.8360616021860157,1.8514999202634224,True,True,0.75,0.6793714058911748,1.7814154695813542,wind_stuck_7_days,2018
13236,US-SRM,US-SRC,2018-09-05,3.24704878,3.1,3.1,-0.2580499158375229,0.2580499158375229,0.1258274886171282,0.31487778830532803,0.01068342930185916,0.011930982883788546,0.0026807679526438767,-0.2580499158375229,1.120422376315359,0.3111153346057015,2.841950084162477,True,2.841950084162477,True,2.841950084162477,True,2.841950084162477,True,2.841950084162477,True,2.841950084162477,True,2.841950084162477,True,2.906462563121858,2.9659177637180862,True,True,0.75,0.5195980624397352,2.841950084162477,wind_stuck_7_days,2018
13237,US-SRM,US-SRC,2018-09-13,2.27366048,2.2,2.2,-0.46257128031274164,0.46257128031274164,0.15586190429195035,0.38092336782221975,0.0297298319864745,0.02652998236143509,-0.0014205266441136755,-0.46257128031274164,1.120422376315359,0.3111153346057015,1.7374287196872586,True,1.7374287196872586,True,1.7374287196872586,True,1.7374287196872586,True,1.7374287196872586,True,1.7374287196872586,True,2.2,False,1.8530715397654438,1.99763621166936,True,True,0.75,0.4374759025113345,1.7374287196872586,wind_stuck_7_days,2018
13238,US-SRM,US-SRC,2018-09-14,2.21654224,2.5,2.5,-0.24818705488865794,0.24818705488865794,0.2081328942769346,0.6399895558091856,0.016461870632981462,0.016255914051302927,-0.02086319834038652,0.24818705488865794,1.120422376315359,0.3111153346057015,2.2518129451113422,True,2.2518129451113422,True,2.2518129451113422,True,2.2518129451113422,True,2.2518129451113422,True,2.2518129451113422,True,2.5,False,2.3138597088335064,2.361739496436453,True,True,0.75,0.5570818495169854,2.2518129451113422,wind_stuck_7_days,2018
13239,US-SRM,US-SRC,2018-09-21,3.53761296,2.8,2.8,-0.6850136012732502,0.6850136012732502,0.16943531666383818,0.3775605060106533,0.031331405632980376,0.035864924916222986,0.003992274458543315,-0.6850136012732502,1.120422376315359,0.3111153346057015,2.1149863987267494,True,2.1149863987267494,True,2.1149863987267494,True,2.1149863987267494,True,2.1149863987267494,True,2.1149863987267494,True,2.1149863987267494,True,2.2862397990450622,2.3820945203098307,True,True,0.75,0.6100688787980253,2.1149863987267494,wind_stuck_7_days,2018
13240,US-SRM,US-SRC,2018-09-29,2.63742789,2.7,2.7,-0.5860016692806578,0.5860016692806578,0.14356391220303108,0.3803856408298979,0.04584084438843248,0.035864924916222986,0.0014062346330155086,-0.46085744928065764,1.120422376315359,0.3111153346057015,2.113998330719342,True,2.113998330719342,True,2.113998330719342,True,2.113998330719342,True,2.113998330719342,True,2.113998330719342,True,2.113998330719342,True,2.260498748039507,2.360458699290063,True,True,0.75,0.5794203643254782,2.113998330719342,wind_stuck_7_days,2018
13241,US-SRM,US-SRC,2018-10-07,1.86731626,1.3,1.3,0.4524060600966841,0.4524060600966841,0.11654009504998555,0.4321715215953672,0.0698955247397242,0.07436478832937726,-0.03206106961967883,0.4524060600966841,1.120422376315359,0.3111153346057015,1.7524060600966842,True,1.7524060600966842,True,1.7524060600966842,True,1.7524060600966842,True,1.7524060600966842,True,1.7524060600966842,True,1.3,False,1.639304545072513,1.7524060600966842,True,True,0.75,1.0,1.7524060600966842,wind_stuck_7_days,2018
13242,US-SRM,US-SRC,2018-10-31,1.37708906,1.6,1.6,-0.27010733067947257,0.27010733067947257,0.08970022693490491,0.3227642238708669,0.027291882088384754,0.02908242682474482,-0.007796061083258941,0.17571454932052744,1.120422376315359,0.3111153346057015,1.3298926693205275,True,1.3298926693205275,True,1.3298926693205275,True,1.3298926693205275,True,1.3298926693205275,True,1.3298926693205275,True,1.6,False,1.3974195019903957,1.4748972209599005,True,True,0.75,0.4631595104264497,1.3298926693205275,wind_stuck_7_days,2018
13243,US-SRM,US-SRC,2018-11-01,1.07422159,1.1,1.1,-0.30803556740321575,0.30803556740321575,0.05033837762052346,0.32776727419307705,0.043630897860752055,0.048324987043553716,-0.007796061083258941,-0.2564787474032157,1.120422376315359,0.3111153346057015,0.7919644325967843,True,0.7919644325967843,True,0.7919644325967843,True,0.7919644325967843,True,0.7919644325967843,True,0.7919644325967843,True,1.1,False,0.8689733244475883,0.9315828289438504,True,True,0.75,0.5467458594990533,0.7919644325967843,wind_stuck_7_days,2018
13244,US-SRM,US-SRC,2018-11-08,1.21550405,1.2,1.2,-0.31878023784875403,0.31878023784875403,0.05115532778640384,0.35413525255940137,0.043630897860752055,0.048324987043553716,-0.007796061083258941,-0.31878023784875403,1.120422376315359,0.3111153346057015,0.8812197621512459,True,0.8812197621512459,True,0.8812197621512459,True,0.8812197621512459,True,0.8812197621512459,True,0.8812197621512459,True,1.2,False,0.9609148216134344,0.9943968097649716,True,True,0.75,0.6449684322419548,0.8812197621512459,wind_stuck_7_days,2018
13245,US-SRM,US-SRC,2018-11-16,0.70378093,0.8,0.8,-0.36007843127483324,0.36007843127483324,0.057350810726838716,0.3145399745140902,0.043630897860752055,0.048324987043553716,-0.007796061083258941,-0.1676402912748331,1.120422376315359,0.3111153346057015,0.4399215687251668,True,0.4399215687251668,True,0.4399215687251668,True,0.4399215687251668,True,0.4399215687251668,True,0.4399215687251668,True,0.8,False,0.5299411765438751,0.5503264529190528,True,True,0.75,0.69338656635721,0.4399215687251668,wind_stuck_7_days,2018
13246,US-SRM,US-SRC,2018-11-17,0.65760824,1.0,1.0,-0.27978778309122443,0.27978778309122443,0.04061673498281304,0.343988454469437,0.04129105694965495,0.048324987043553716,-0.007796061083258941,0.27978778309122443,1.120422376315359,0.3111153346057015,0.7202122169087756,True,0.7202122169087756,True,0.7202122169087756,True,0.7202122169087756,True,0.7202122169087756,True,0.7202122169087756,True,1.0,False,0.7901591626815817,0.8743882444303124,True,True,0.75,0.4489536826156989,0.7202122169087756,wind_stuck_7_days,2018
13247,US-SRM,US-SRC,2018-11-24,0.52760983,0.7,0.7,-0.13781412310966842,0.13781412310966842,0.03977704234628828,0.24011258614065714,0.02667724533781374,0.025981294620656837,-0.007796061083258941,0.13781412310966842,1.120422376315359,0.3111153346057015,0.5621858768903315,True,0.5621858768903315,True,0.5621858768903315,True,0.5621858768903315,True,0.5621858768903315,True,0.5621858768903315,True,0.7,False,0.5966394076677486,0.5621858768903315,True,True,0.75,1.0,0.5621858768903315,wind_stuck_7_days,2018
13248,US-SRM,US-SRC,2018-12-03,0.5595212,0.5,0.5,0.06628680961364757,0.06628680961364757,0.08158079304997339,0.2910972538839596,0.02667724533781374,0.025981294620656837,-0.007796061083258941,0.05275559038635254,1.120422376315359,0.3111153346057015,0.5662868096136475,True,0.5662868096136475,True,0.5662868096136475,True,0.5662868096136475,True,0.5662868096136475,True,0.5662868096136475,True,0.5,False,0.5497151072102356,0.5662868096136475,True,True,0.75,1.0,0.5662868096136475,wind_stuck_7_days,2018
13249,US-SRM,US-SRC,2018-12-18,0.83587952,1.0,1.0,0.06700849286548487,0.06700849286548487,0.11981288580684502,0.3588029631249723,0.02667724533781374,0.025981294620656837,-0.007796061083258941,-0.06700849286548488,1.120422376315359,0.3111153346057015,1.0670084928654848,True,1.0670084928654848,True,1.0670084928654848,True,1.0670084928654848,True,1.0670084928654848,True,1.0670084928654848,True,1.0,False,1.0502563696491136,1.0670084928654848,True,True,0.75,1.0,1.0670084928654848,wind_stuck_7_days,2018
13250,US-SRM,US-SRC,2018-12-19,0.6086049,0.5,0.5,-0.013423632201676671,0.013423632201676671,0.057493685457143576,0.29790745080070646,0.02667724533781374,0.025981294620656837,-0.007796061083258941,-0.013423632201676666,1.120422376315359,0.3111153346057015,0.4865763677983233,True,0.4865763677983233,True,0.4865763677983233,True,0.4865763677983233,True,0.4865763677983233,True,0.4865763677983233,True,0.5,False,0.4899322758487425,0.4865763677983233,True,True,0.75,1.0,0.4865763677983233,wind_stuck_7_days,2018
13501,US-SRS,US-SRC,2018-01-16,0.21172514,0.2,0.2,0.31680614526550555,0.31680614526550555,0.08042120269751939,0.3555421264545939,0.13405596494594174,0.15004179937869686,-0.005239430924102171,-0.2933558652655055,1.120422376315359,0.3111153346057015,0.5168061452655055,True,0.5168061452655055,True,0.5168061452655055,True,0.5168061452655055,True,0.5168061452655055,True,0.5168061452655055,True,0.2,False,0.43760460894912917,0.5168061452655055,True,True,0.75,1.0,0.5168061452655055,wind_stuck_7_days,2018
13502,US-SRS,US-SRC,2018-01-17,0.22194003,0.3,0.3,0.19546381142715685,0.19546381142715685,0.08745057164352785,0.3426351513046824,0.028312506050431514,0.023055167463133908,-0.006332586970748549,-0.19546381142715685,1.120422376315359,0.3111153346057015,0.49546381142715684,True,0.49546381142715684,True,0.49546381142715684,True,0.49546381142715684,True,0.49546381142715684,True,0.49546381142715684,True,0.3,False,0.4465978585703676,0.46707402814298854,True,True,0.75,0.8547568315746863,0.49546381142715684,wind_stuck_7_days,2018
13503,US-SRS,US-SRC,2018-01-24,0.54171478,0.3,0.3,-0.08998297831935867,0.08998297831935867,0.2339292623856712,0.8848470968972781,0.0727668841502139,0.023055167463133908,-0.050138494379281195,-0.0899829783193587,1.120422376315359,0.3111153346057015,0.21001702168064132,True,0.21001702168064132,True,0.3,False,0.21001702168064132,True,0.3,False,0.21001702168064132,True,0.3,False,0.23251276626048098,0.21001702168064132,True,True,0.75,1.0,0.21001702168064132,wind_stuck_7_days,2018
13504,US-SRS,US-SRC,2018-02-01,0.24089545,0.3,0.3,0.14220457320876306,0.14220457320876306,0.1500094054695664,0.3673548600197979,0.028312506050431514,0.023055167463133908,-0.006332586970748549,-0.14220457320876306,1.120422376315359,0.3111153346057015,0.44220457320876305,True,0.44220457320876305,True,0.44220457320876305,True,0.44220457320876305,True,0.44220457320876305,True,0.44220457320876305,True,0.3,False,0.4066534299065723,0.44220457320876305,True,True,0.75,1.0,0.44220457320876305,wind_stuck_7_days,2018
13505,US-SRS,US-SRC,2018-02-02,0.11733603,0.2,0.2,0.34029025717749295,0.34029025717749295,0.1157239339768945,0.39037738232326397,0.13405596494594174,0.15004179937869686,-0.009230408565749769,-0.34029025717749295,1.120422376315359,0.3111153346057015,0.540290257177493,True,0.540290257177493,True,0.540290257177493,True,0.540290257177493,True,0.540290257177493,True,0.540290257177493,True,0.2,False,0.4552176928831197,0.540290257177493,True,True,0.75,1.0,0.540290257177493,wind_stuck_7_days,2018
13506,US-SRS,US-SRC,2018-02-09,0.22026026,0.5,0.5,0.06672987546757533,0.06672987546757533,0.14021956683186804,0.30183169885879085,0.02667724533781374,0.025981294620656837,-0.007796061083258941,-0.06672987546757536,1.120422376315359,0.3111153346057015,0.5667298754675754,True,0.5667298754675754,True,0.5667298754675754,True,0.5667298754675754,True,0.5667298754675754,True,0.5667298754675754,True,0.5,False,0.5500474066006815,0.5667298754675754,True,True,0.75,1.0,0.5667298754675754,wind_stuck_7_days,2018
13507,US-SRS,US-SRC,2018-02-25,0.82289308,1.2,1.2,-0.4770428905548377,0.4770428905548377,0.0822157535052138,0.4318472124523895,0.08929331026234126,0.08957919505812692,-0.007796061083258941,0.27717094944516213,1.120422376315359,0.3111153346057015,0.7229571094451623,True,0.7229571094451623,True,0.7229571094451623,True,0.7229571094451623,True,0.7229571094451623,True,0.7229571094451623,True,1.2,False,0.8422178320838717,0.8741820713309203,True,True,0.75,0.6829950411589372,0.7229571094451623,wind_stuck_7_days,2018
13508,US-SRS,US-SRC,2018-03-13,0.67078703,1.2,1.2,-0.013804661270867177,0.013804661270867177,0.17582479272438434,0.3763282051358801,0.02667724533781374,0.025981294620656837,-0.007796061083258941,0.013804661270867213,1.120422376315359,0.3111153346057015,1.1861953387291329,True,1.1861953387291329,True,1.1861953387291329,True,1.1861953387291329,True,1.1861953387291329,True,1.1861953387291329,True,1.2,False,1.1896465040468496,1.1861953387291329,True,True,0.75,1.0,1.1861953387291329,wind_stuck_7_days,2018
13509,US-SRS,US-SRC,2018-03-29,0.54799449,1.2,1.2,-0.5226792327770569,0.5226792327770569,0.13381175978017681,0.38417590913345767,0.08207513378919196,0.07381528491589653,-0.007796061083258941,0.5226792327770569,1.120422376315359,0.3111153346057015,0.6773207672229431,True,0.6773207672229431,True,0.6773207672229431,True,0.6773207672229431,True,0.6773207672229431,True,0.6773207672229431,True,1.2,False,0.8079905754172073,0.9273151029981466,True,True,0.75,0.5217060099232299,0.6773207672229431,wind_stuck_7_days,2018
13510,US-SRS,US-SRC,2018-04-06,0.653338,1.4,1.4,-0.7403146454676034,0.7403146454676034,0.09609652645503325,0.6009677523901317,0.12071001791990206,0.16130154854513926,-0.023163321999924377,0.7403146454676034,1.120422376315359,0.3111153346057015,0.6596853545323965,True,0.6596853545323965,True,0.6596853545323965,True,0.6596853545323965,True,0.6596853545323965,True,0.6596853545323965,True,1.4,False,0.8447640158992974,1.0949995522357168,True,True,0.75,0.4119875915349969,0.6596853545323965,wind_stuck_7_days,2018
13511,US-SRS,US-SRC,2018-04-23,0.89031356,1.2,1.2,-0.5344456497458309,0.5344456497458309,0.08951865036144953,0.40227141558031987,0.05139029367187182,0.04907719758431347,-0.007796061083258941,0.08492723025416915,1.120422376315359,0.3111153346057015,0.6655543502541691,True,0.6655543502541691,True,0.6655543502541691,True,0.6655543502541691,True,0.6655543502541691,True,0.6655543502541691,True,1.2,False,0.7991657626906268,1.1023283667082076,True,True,0.75,0.1827531636532968,0.6655543502541691,wind_stuck_7_days,2018
13512,US-SRS,US-SRC,2018-05-08,0.77380436,1.5,1.5,-0.863121459257529,0.863121459257529,0.16009630221598897,0.4554303285600906,0.11155473379823412,0.14764464856189505,-0.08219514312579164,0.589269820742471,1.120422376315359,0.3111153346057015,0.636878540742471,True,0.636878540742471,True,0.636878540742471,True,0.636878540742471,True,0.636878540742471,True,0.636878540742471,True,1.5,False,0.8526589055568532,1.1595045296262232,True,True,0.75,0.3944931118578334,0.636878540742471,wind_stuck_7_days,2018
13513,US-SRS,US-SRC,2018-05-09,0.86136526,1.7,1.7,-0.9671735829285758,0.9671735829285758,0.19636984959452694,0.5826954808554988,-0.0011367763087536723,-0.04818045340104778,-0.17764380206237956,0.7100958970714241,1.120422376315359,0.3111153346057015,0.7328264170714242,True,0.7328264170714242,True,0.7328264170714242,True,1.7,False,1.7,False,1.7,False,1.7,False,0.9746198128035681,1.4515514748676392,True,True,0.75,0.25688100824679816,0.7328264170714242,wind_stuck_7_days,2018
13514,US-SRS,US-SRC,2018-05-16,0.78029786,1.9,1.9,-1.0605116360358644,1.0605116360358644,0.1743765092537381,0.501008692722996,0.004294456276071957,-0.05471672619970528,-0.11252864775503346,1.0605116360358644,1.120422376315359,0.3111153346057015,0.8394883639641355,True,0.8394883639641355,True,0.8394883639641355,True,0.8394883639641355,True,0.8394883639641355,True,1.9,False,1.9,False,1.1046162729731015,1.662727186940995,True,True,0.75,0.22373428541144358,0.8394883639641355,wind_stuck_7_days,2018
13515,US-SRS,US-SRC,2018-06-01,0.63918554,1.6,1.6,-0.8383527564408351,0.8383527564408351,0.22274880521016702,0.4614597108432127,0.028091812014806334,0.01703402329786053,-0.08219514312579164,0.8383527564408351,1.120422376315359,0.3111153346057015,0.761647243559165,True,0.761647243559165,True,0.761647243559165,True,0.761647243559165,True,0.761647243559165,True,0.761647243559165,True,1.6,False,0.9712354326693737,1.28840327093791,True,True,0.75,0.3716773478326129,0.761647243559165,wind_stuck_7_days,2018
13516,US-SRS,US-SRC,2018-06-09,0.65252529,1.7,1.7,-0.7885543877622295,0.7885543877622295,0.16237538127800527,0.37928058964008554,0.015488358900736108,0.012932376741041071,-0.08219514312579164,0.7885543877622295,1.120422376315359,0.3111153346057015,0.9114456122377704,True,0.9114456122377704,True,0.9114456122377704,True,0.9114456122377704,True,0.9114456122377704,True,0.9114456122377704,True,1.7,False,1.1085842091783278,1.4853331741537859,True,True,0.75,0.272228306858324,0.9114456122377704,wind_stuck_7_days,2018
13517,US-SRS,US-SRC,2018-06-10,0.94034504,1.1,1.1,-0.154867397937604,0.154867397937604,0.14786471999381126,0.40219018689748776,0.011774989816670165,0.007457026591782011,-0.020621408191773202,0.154867397937604,1.120422376315359,0.3111153346057015,0.945132602062396,True,0.945132602062396,True,0.945132602062396,True,0.945132602062396,True,0.945132602062396,True,0.945132602062396,True,1.1,False,0.983849451546797,0.945132602062396,True,True,0.75,1.0,0.9578015916793022,wind_stuck_7_days,2018
13518,US-SRS,US-SRC,2018-06-17,4.07496585,1.7,1.7,-0.33447144142057217,0.33447144142057217,0.12881750955602647,0.4049656812760861,-0.00214512383285126,-0.008594530685984208,-0.007796061083258941,-0.3344714414205723,1.120422376315359,0.3111153346057015,1.365528558579428,True,1.365528558579428,True,1.365528558579428,True,1.7,False,1.7,False,1.7,False,1.7,False,1.4491464189345709,1.5884538677251365,True,True,0.75,0.333499720637143,1.365528558579428,wind_stuck_7_days,2018
13519,US-SRS,US-SRC,2018-06-25,2.16021349,2.9,2.9,-0.6573379959550163,0.6573379959550163,0.2004024253032196,0.4706122190466231,-0.012060187886939987,-0.010983429048771297,-0.0995830135626715,0.6573379959550163,1.120422376315359,0.3111153346057015,2.2426620040449836,True,2.2426620040449836,True,2.2426620040449836,True,2.9,False,2.9,False,2.9,False,2.9,False,2.4069965030337377,2.678413004314481,True,True,0.75,0.33709750090375523,2.2426620040449836,wind_stuck_7_days,2018
13520,US-SRS,US-SRC,2018-07-03,1.55682625,2.1,2.1,-0.1464757218545245,0.1464757218545245,0.17931554737006897,0.4380427730835617,-6.476619541064972e-05,-0.0062760606190140735,-0.0012959027790873535,0.1464757218545245,1.120422376315359,0.3111153346057015,1.9535242781454756,True,1.9535242781454756,True,1.9535242781454756,True,2.1,False,2.1,False,2.1,False,2.1,False,1.9901432086091067,1.9535242781454756,True,True,0.75,1.0,1.9535242781454756,wind_stuck_7_days,2018
13521,US-SRS,US-SRC,2018-07-19,3.01356677,3.7,3.7,0.08643426278736017,0.08643426278736017,0.1452587403082407,0.5510673617708267,-0.012936668224590216,-0.013210956592007855,-0.00046356849922204985,-0.08643426278736022,1.120422376315359,0.3111153346057015,3.78643426278736,True,3.78643426278736,True,3.78643426278736,True,3.7,False,3.7,False,3.7,False,3.7,False,3.7648256970905205,3.78643426278736,True,True,0.75,1.0,3.78643426278736,wind_stuck_7_days,2018
13522,US-SRS,US-SRC,2018-07-27,2.51117837,2.8,2.8,0.6533792509561953,0.6533792509561953,0.24639904387971356,0.4784617457315973,0.1125856351630072,0.12301289881133186,0.003069860136870612,-0.6533792509561953,1.120422376315359,0.3111153346057015,3.4533792509561954,True,3.4533792509561954,True,3.4533792509561954,True,3.4533792509561954,True,3.4533792509561954,True,3.4533792509561954,True,3.4533792509561954,True,3.2900344382171465,3.2844810008369607,True,True,0.75,0.7415004381114666,3.4533792509561954,wind_stuck_7_days,2018
13523,US-SRS,US-SRC,2018-08-04,3.30025347,3.8,3.8,-0.6441882901587292,0.6441882901587292,0.2868316941705602,0.6331069505967731,-0.03492417422259459,-0.03342358642970153,-0.0420138184667121,0.3553047698412706,1.120422376315359,0.3111153346057015,3.1558117098412706,True,3.1558117098412706,True,3.1558117098412706,True,3.8,False,3.8,False,3.8,False,3.8,False,3.3168587823809528,3.74651684023436,True,True,0.75,0.08302411047003233,3.1558117098412706,wind_stuck_7_days,2018
13524,US-SRS,US-SRC,2018-08-13,4.41545265,3.7,3.7,-0.38809168793127824,0.38809168793127824,0.14100705964132534,0.46606504699726753,0.005812505640834862,0.010652381344428594,0.0026807679526438767,-0.38809168793127835,1.120422376315359,0.3111153346057015,3.311908312068722,True,3.311908312068722,True,3.311908312068722,True,3.311908312068722,True,3.311908312068722,True,3.311908312068722,True,3.311908312068722,True,3.4089312340515416,3.5326957899301137,True,True,0.75,0.4310945461411481,3.311908312068722,wind_stuck_7_days,2018
13525,US-SRS,US-SRC,2018-08-20,3.26999107,3.7,3.7,-0.39267957123944175,0.39267957123944175,0.22932832589328547,0.5677592161762666,-0.027452611836536252,-0.03009173858570693,-0.00046356849922204985,0.39267957123944175,1.120422376315359,0.3111153346057015,3.3073204287605584,True,3.3073204287605584,True,3.3073204287605584,True,3.7,False,3.7,False,3.7,False,3.7,False,3.4054903215704186,3.5935778927555946,True,True,0.75,0.27101513559388385,3.3073204287605584,wind_stuck_7_days,2018
13526,US-SRS,US-SRC,2018-09-13,1.31128095,2.5,2.5,-0.4212323206010516,0.4212323206010516,0.1569008704211776,0.3958033007954887,0.017031824000778854,0.021323886249551775,-0.0014205266441136755,0.42123232060105154,1.120422376315359,0.3111153346057015,2.0787676793989482,True,2.0787676793989482,True,2.0787676793989482,True,2.0787676793989482,True,2.0787676793989482,True,2.0787676793989482,True,2.5,False,2.184075759549211,2.313860972765722,True,True,0.75,0.4418916073882427,2.0787676793989482,wind_stuck_7_days,2018
13527,US-SRS,US-SRC,2018-09-14,0.99408517,2.0,2.0,-0.3912682261847072,0.3912682261847072,0.16558639276060821,0.6198429478463672,0.02430545359236459,0.02735108807100788,-0.02723873277953178,0.39126822618470714,1.120422376315359,0.3111153346057015,1.6087317738152929,True,1.6087317738152929,True,1.6087317738152929,True,1.6087317738152929,True,1.6087317738152929,True,1.6087317738152929,True,2.0,False,1.7065488303614695,1.7770830209717743,True,True,0.75,0.5697293163871494,1.6087317738152929,wind_stuck_7_days,2018
13528,US-SRS,US-SRC,2018-09-21,2.6825669,2.6,2.6,-0.6850901187198095,0.6850901187198095,0.14512815850922892,0.34275240454189626,0.023029285330972395,0.035864924916222986,0.003992274458543315,-0.6850901187198095,1.120422376315359,0.3111153346057015,1.9149098812801906,True,1.9149098812801906,True,1.9149098812801906,True,1.9149098812801906,True,1.9149098812801906,True,1.9149098812801906,True,1.9149098812801906,True,2.0861824109601432,2.1820478393969998,True,True,0.75,0.6100688787980253,1.9149098812801906,wind_stuck_7_days,2018
13529,US-SRS,US-SRC,2018-09-29,2.30765014,2.7,2.7,-0.5860016692806578,0.5860016692806578,0.14356391220303108,0.3803856408298979,0.04584084438843248,0.035864924916222986,0.0014062346330155086,0.198698050719343,1.120422376315359,0.3111153346057015,2.113998330719342,True,2.113998330719342,True,2.113998330719342,True,2.113998330719342,True,2.113998330719342,True,2.113998330719342,True,2.113998330719342,True,2.260498748039507,2.360458699290063,True,True,0.75,0.5794203643254782,2.113998330719342,wind_stuck_7_days,2018
13530,US-SRS,US-SRC,2018-10-07,0.82154156,1.2,1.2,0.5203303005100228,0.5203303005100228,0.11553560154958034,0.41699966745688943,0.07183124450811527,0.08249340532908786,-0.03206106961967883,-0.5203303005100228,1.120422376315359,0.3111153346057015,1.7203303005100228,True,1.7203303005100228,True,1.7203303005100228,True,1.7203303005100228,True,1.7203303005100228,True,1.7203303005100228,True,1.2,False,1.5902477253825171,1.6499292907445962,True,True,0.75,0.8646993848014994,1.7203303005100228,wind_stuck_7_days,2018
13531,US-SRS,US-SRC,2018-11-08,1.05290298,1.1,1.1,-0.3082624113658356,0.3082624113658356,0.04185550381633733,0.35687022948773134,0.043630897860752055,0.048324987043553716,-0.007796061083258941,-0.2140683713658355,1.120422376315359,0.3111153346057015,0.7917375886341644,True,0.7917375886341644,True,0.7917375886341644,True,0.7917375886341644,True,0.7917375886341644,True,0.7917375886341644,True,1.1,False,0.8688031914756233,0.9314588029465356,True,True,0.75,0.5467458594990533,0.7917375886341644,wind_stuck_7_days,2018
13532,US-SRS,US-SRC,2018-11-16,0.7526505,0.7,0.7,-0.32457662409425786,0.32457662409425786,0.05785749033704651,0.30121554099612985,0.043630897860752055,0.048324987043553716,-0.007796061083258941,-0.32457662409425786,1.120422376315359,0.3111153346057015,0.3754233759057421,True,0.3754233759057421,True,0.3754233759057421,True,0.3754233759057421,True,0.3754233759057421,True,0.3754233759057421,True,0.7,False,0.45656753192930655,0.4916687789914297,True,True,0.75,0.6418552832938158,0.3754233759057421,wind_stuck_7_days,2018
14003,US-Sne,US-Bi1,2018-02-09,1.92256183,2.2,2.2,-0.40691994749718824,0.40691994749718824,0.13644257891583922,0.47654634586103317,0.02194303264347979,0.03688654546896489,-0.0014205266441136755,0.14795639250281206,1.120422376315359,0.3111153346057015,1.7930800525028119,True,1.7930800525028119,True,1.7930800525028119,True,1.7930800525028119,True,1.7930800525028119,True,1.7930800525028119,True,2.2,False,1.894810039377109,1.9248996821948132,True,True,0.75,0.6760551295094421,1.7930800525028119,wind_stuck_7_days,2018
14004,US-Sne,US-Bi1,2018-02-17,1.47882365,2.5,2.5,-0.618076098159558,0.618076098159558,0.11963332394010145,0.46867006690376767,0.06548826580234478,0.05474451888176381,-0.016152360091975324,0.618076098159558,1.120422376315359,0.3111153346057015,1.881923901840442,True,1.881923901840442,True,1.881923901840442,True,1.881923901840442,True,1.881923901840442,True,1.881923901840442,True,2.5,False,2.0364429263803316,2.1520070464455396,True,True,0.75,0.5630260652218667,1.881923901840442,wind_stuck_7_days,2018
14005,US-Sne,US-Bi1,2018-02-25,2.76221975,3.1,3.1,-0.796651638740728,0.796651638740728,0.36310467074056396,0.5314344681103502,0.028449310397531204,0.03926752544638454,0.0044412119560571705,-0.12109113874072752,1.120422376315359,0.3111153346057015,2.303348361259272,True,3.1,False,2.303348361259272,True,2.303348361259272,True,2.303348361259272,True,2.303348361259272,True,2.303348361259272,True,2.502511270944454,2.59350892812543,True,True,0.75,0.6357748446675933,2.303348361259272,wind_stuck_7_days,2018
14006,US-Sne,US-Bi1,2018-03-05,2.66009919,2.8,2.8,-0.7356030658088408,0.7356030658088408,0.19206908690775656,0.4770274650482638,0.05379995533600623,0.06196589343670763,0.0044412119560571705,-0.4558014458088411,1.120422376315359,0.3111153346057015,2.064396934191159,True,2.064396934191159,True,2.064396934191159,True,2.064396934191159,True,2.064396934191159,True,2.064396934191159,True,2.064396934191159,True,2.248297700643369,2.3127657310923624,True,True,0.75,0.6623603021174107,2.064396934191159,wind_stuck_7_days,2018
14007,US-Sne,US-Bi1,2018-03-29,4.14889689,4.9,4.9,-1.0154587595803417,1.0154587595803417,0.3339133703140126,0.6914706821926998,0.015591958973120481,0.03955612010062793,-0.1353666645649796,0.48674746041965977,1.120422376315359,0.3111153346057015,3.884541240419659,True,4.9,False,3.884541240419659,True,3.884541240419659,True,3.884541240419659,True,3.884541240419659,True,4.9,False,4.138405930314744,4.063544248783518,True,True,0.75,0.8237220303876883,3.884541240419659,wind_stuck_7_days,2018
14008,US-Sne,US-Bi1,2018-04-14,5.39878894,5.4,5.4,-1.0837967267499746,1.0837967267499746,0.1254511274555493,0.5455875948165321,0.024778012328976303,0.01838981959266909,-0.03663582323488964,-1.0813746067499743,1.120422376315359,0.3111153346057015,4.316203273250026,True,4.316203273250026,True,4.316203273250026,True,4.316203273250026,True,4.316203273250026,True,4.316203273250026,True,5.4,False,4.587152454937519,5.008254201756934,True,True,0.75,0.3614568936905821,4.316203273250026,wind_stuck_7_days,2018
14009,US-Sne,US-Bi1,2018-04-22,4.33963624,6.0,6.0,-1.1810496244895456,1.1810496244895456,0.22734757399262578,0.5856516747914681,-0.08035244573219141,-0.13395164023280445,-0.1485787313394061,1.1810496244895456,1.120422376315359,0.3111153346057015,4.818950375510454,True,4.818950375510454,True,4.818950375510454,True,6.0,False,6.0,False,6.0,False,6.0,False,5.11421278163284,5.369426668537516,True,True,0.75,0.5339092603623836,4.818950375510454,wind_stuck_7_days,2018
14010,US-Sne,US-Bi1,2018-04-30,4.61660632,5.8,5.8,-0.9423999915357222,0.9423999915357222,0.1974739151539455,0.4787320233622161,-0.046188619698762,-0.09174021705236446,0.02434272712862545,0.9423999915357222,1.120422376315359,0.3111153346057015,4.857600008464278,True,4.857600008464278,True,4.857600008464278,True,5.8,False,5.8,False,5.8,False,4.857600008464278,True,5.093200006348209,5.381975153647529,True,True,0.75,0.4435747560558266,4.857600008464278,wind_stuck_7_days,2018
14011,US-Sne,US-Bi1,2018-05-08,7.01597213,6.6,6.6,-1.1544729041460229,1.1544729041460229,0.22947125317105369,0.6580798950300888,0.14018838541546158,0.2458543719349774,-0.1288548623019327,-1.1544729041460229,1.120422376315359,0.3111153346057015,5.4455270958539765,True,5.4455270958539765,True,5.4455270958539765,True,5.4455270958539765,True,5.4455270958539765,True,5.4455270958539765,True,6.6,False,5.734145321890482,5.770005653779145,True,True,0.75,0.7189379181097468,5.4455270958539765,wind_stuck_7_days,2018
14012,US-Sne,US-Bi1,2018-05-24,5.23839957,5.2,5.2,-0.5503939847910081,0.5503939847910081,0.28222965658066335,0.428348760829038,0.014043976329339607,0.014449866308649249,0.0026807679526438767,-0.5503939847910081,1.120422376315359,0.3111153346057015,4.649606015208992,True,4.649606015208992,True,4.649606015208992,True,4.649606015208992,True,4.649606015208992,True,4.649606015208992,True,4.649606015208992,True,4.787204511406744,4.963617752090347,True,True,0.75,0.4294782545623409,4.649606015208992,wind_stuck_7_days,2018
14013,US-Sne,US-Bi1,2018-06-01,5.91451205,6.7,6.7,-0.7458261921026952,0.7458261921026952,0.12167068070824469,0.512592515699571,0.13716036171062065,0.2852683649442231,0.030854529391672332,0.7458261921026952,1.120422376315359,0.3111153346057015,5.954173807897305,True,5.954173807897305,True,5.954173807897305,True,5.954173807897305,True,5.954173807897305,True,5.954173807897305,True,5.954173807897305,True,6.140630355922979,6.063126565297924,True,True,0.75,0.8539166919125617,5.954173807897305,wind_stuck_7_days,2018
14014,US-Sne,US-Bi1,2018-06-17,4.70681965,5.2,5.2,-0.8687231943246878,0.8687231943246878,0.14709402445547337,0.40225809366857346,-0.03305304044242538,-0.03993154543975063,0.02434272712862545,0.11763750567531273,1.120422376315359,0.3111153346057015,4.331276805675312,True,4.331276805675312,True,4.331276805675312,True,5.2,False,5.2,False,5.2,False,4.331276805675312,True,4.548457604256484,4.960723777264611,True,True,0.75,0.27543436654916764,4.331276805675312,wind_stuck_7_days,2018
14015,US-Sne,US-Bi1,2018-06-25,5.86440862,6.8,6.8,-0.6175663103672762,0.6175663103672762,0.16981036974220526,0.42994305908271235,0.10077759347342959,0.22270238796163344,0.004835020588865049,0.6175663103672762,1.120422376315359,0.3111153346057015,6.182433689632724,True,6.182433689632724,True,6.182433689632724,True,6.182433689632724,True,6.182433689632724,True,6.182433689632724,True,6.182433689632724,True,6.336825267224543,6.230263082830864,True,True,0.75,0.9225518095867391,6.182433689632724,wind_stuck_7_days,2018
14016,US-Sne,US-Bi1,2018-07-11,6.61252572,7.6,7.6,0.21670325181687905,0.21670325181687905,0.1436144051929932,0.38086978104029184,0.02567949809554882,0.023672905002544434,-0.004573406242571226,-0.216703251816879,1.120422376315359,0.3111153346057015,7.816703251816879,True,7.816703251816879,True,7.816703251816879,True,7.816703251816879,True,7.816703251816879,True,7.816703251816879,True,7.6,False,7.762527438862659,7.816703251816879,True,True,0.75,1.0,7.816703251816879,wind_stuck_7_days,2018
14017,US-Sne,US-Bi1,2018-07-19,6.81562681,8.4,8.4,0.6869361522071846,0.6869361522071846,0.22121863979010542,0.42083935214049956,0.13669911635163828,0.1847094752870103,0.0015102141305870856,-0.6869361522071848,1.120422376315359,0.3111153346057015,9.086936152207185,True,9.086936152207185,True,9.086936152207185,True,9.086936152207185,True,9.086936152207185,True,9.086936152207185,True,9.086936152207185,True,8.915202114155388,9.086936152207185,True,True,0.75,1.0,9.086936152207185,wind_stuck_7_days,2018
14018,US-Sne,US-Bi1,2018-07-27,6.67650437,8.0,8.0,0.6402511605995497,0.6402511605995497,0.19832902348793396,0.3686948799120716,0.11939464058983673,0.1847094752870103,-0.0506415329339341,-0.6402511605995498,1.120422376315359,0.3111153346057015,8.640251160599549,True,8.640251160599549,True,8.640251160599549,True,8.640251160599549,True,8.640251160599549,True,8.640251160599549,True,8.0,False,8.480188370449662,8.640251160599549,True,True,0.75,1.0,8.640251160599549,wind_stuck_7_days,2018
14019,US-Sne,US-Bi1,2018-08-04,6.80185729,7.5,7.5,0.8262319507104576,0.8262319507104576,0.23573990306475057,0.726222681395645,0.1270686187177073,0.17027850786837959,-0.12463350975060547,-0.8262319507104576,1.120422376315359,0.3111153346057015,8.326231950710458,True,8.326231950710458,True,8.326231950710458,True,8.326231950710458,True,8.326231950710458,True,8.326231950710458,True,7.5,False,8.119673963032843,8.20874711137152,True,True,0.75,0.8578064679804319,8.326231950710458,wind_stuck_7_days,2018
14020,US-Sne,US-Bi1,2018-08-12,5.50084759,6.9,6.9,0.39950847371475007,0.39950847371475007,0.22514694520907788,0.45097658482873176,0.05015659823747439,0.04476268712126821,-0.004573406242571226,-0.39950847371475007,1.120422376315359,0.3111153346057015,7.29950847371475,True,7.29950847371475,True,7.29950847371475,True,7.29950847371475,True,7.29950847371475,True,7.29950847371475,True,6.9,False,7.199631355286063,7.29950847371475,True,True,0.75,1.0,7.29950847371475,wind_stuck_7_days,2018
14021,US-Sne,US-Bi1,2018-08-20,4.99382066,6.4,6.4,0.14311233477388988,0.14311233477388988,0.11294318283149316,0.306956257175202,0.011816495635037482,-0.004280324574662319,0.009192570215690763,-0.14311233477388985,1.120422376315359,0.3111153346057015,6.54311233477389,True,6.54311233477389,True,6.54311233477389,True,6.54311233477389,True,6.54311233477389,True,6.4,False,6.54311233477389,True,6.507334251080418,6.54311233477389,True,True,0.75,1.0,6.54311233477389,wind_stuck_7_days,2018
14022,US-Sne,US-Bi1,2018-08-28,4.62587935,5.4,5.4,0.39643197777015116,0.39643197777015116,0.1604436530287062,0.4655722018653997,0.015997056634763522,0.022049803215815574,-0.013222997264548578,-0.39643197777015127,1.120422376315359,0.3111153346057015,5.796431977770151,True,5.796431977770151,True,5.796431977770151,True,5.796431977770151,True,5.796431977770151,True,5.796431977770151,True,5.4,False,5.697323983327614,5.657487794266097,True,True,0.75,0.6495131793212363,5.796431977770151,wind_stuck_7_days,2018
14023,US-Sne,US-Bi1,2018-09-05,4.55657712,5.6,5.6,0.08116975185241918,0.08116975185241918,0.24060255124086877,0.47934209791007554,0.007078839998533955,0.011677480117785093,0.0026807679526438767,-0.08116975185241926,1.120422376315359,0.3111153346057015,5.681169751852419,True,5.681169751852419,True,5.681169751852419,True,5.681169751852419,True,5.681169751852419,True,5.681169751852419,True,5.681169751852419,True,5.660877313889314,5.681169751852419,True,True,0.75,1.0,5.681169751852419,wind_stuck_7_days,2018
14024,US-Sne,US-Bi1,2018-09-13,5.02230175,5.1,5.1,-0.053576397931103005,0.053576397931103005,0.1162746609129384,0.49441874973631145,0.006983924016791495,0.011677480117785093,0.0026807679526438767,0.053576397931103005,1.120422376315359,0.3111153346057015,5.046423602068897,True,5.046423602068897,True,5.046423602068897,True,5.046423602068897,True,5.046423602068897,True,5.046423602068897,True,5.046423602068897,True,5.0598177015516725,5.046423602068897,True,True,0.75,1.0,5.046423602068897,wind_stuck_7_days,2018
14025,US-Sne,US-Bi1,2018-09-21,4.56183317,4.7,4.7,0.006374247179216859,0.006374247179216859,0.1157900048831351,0.5348019619139555,-0.014581393970908407,-0.015047922186615085,-0.00046356849922204985,-0.006374247179216863,1.120422376315359,0.3111153346057015,4.706374247179217,True,4.706374247179217,True,4.706374247179217,True,4.7,False,4.7,False,4.7,False,4.7,False,4.704780685384413,4.706374247179217,True,True,0.75,1.0,4.706374247179217,wind_stuck_7_days,2018
14026,US-Sne,US-Bi1,2018-09-29,2.69076785,3.8,3.8,-0.12541589125754146,0.12541589125754146,0.16409382768875946,0.37664113515898656,0.011864886844253374,0.015046666707098968,0.0026807679526438767,0.1254158912575415,1.120422376315359,0.3111153346057015,3.6745841087424584,True,3.6745841087424584,True,3.6745841087424584,True,3.6745841087424584,True,3.6745841087424584,True,3.6745841087424584,True,3.6745841087424584,True,3.7059380815568437,3.6745841087424584,True,True,0.75,1.0,3.6745841087424584,wind_stuck_7_days,2018
14027,US-Sne,US-Bi1,2018-10-07,7.8821544,5.3,5.3,0.07462104741068487,0.07462104741068487,0.3097119914216827,0.6717089687510216,-0.0014352272707965727,-0.004337231814786204,-0.011278729379250153,0.07462104741068476,1.120422376315359,0.3111153346057015,5.374621047410685,True,5.374621047410685,True,5.374621047410685,True,5.3,False,5.3,False,5.3,False,5.3,False,5.355965785558014,5.3,True,False,0.75,0.0,5.374621047410685,wind_stuck_7_days,2018
14028,US-Sne,US-Bi1,2018-10-15,4.55841504,4.4,4.4,-0.08762013520272674,0.08762013520272674,0.21791309087767466,0.7545372354337458,0.014950034474469489,0.010468198171924403,-0.011278729379250153,-0.08762013520272674,1.120422376315359,0.3111153346057015,4.312379864797274,True,4.312379864797274,True,4.312379864797274,True,4.312379864797274,True,4.312379864797274,True,4.312379864797274,True,4.4,False,4.334284898597955,4.312379864797274,True,True,0.75,1.0,4.312379864797274,wind_stuck_7_days,2018
14029,US-Sne,US-Bi1,2018-10-31,3.60589204,2.5,2.5,-0.3732498487183251,0.3732498487183251,0.05506119690900608,0.4149347149938502,0.02194303264347979,0.030414010167558795,-0.0014205266441136755,-0.3732498487183251,1.120422376315359,0.3111153346057015,2.1267501512816747,True,2.1267501512816747,True,2.1267501512816747,True,2.1267501512816747,True,2.1267501512816747,True,2.1267501512816747,True,2.5,False,2.220062613461256,2.2691828715615205,True,True,0.75,0.6183984514154939,2.1267501512816747,wind_stuck_7_days,2018
14030,US-Sne,US-Bi1,2018-11-08,6.58820112,3.0,3.0,-0.5462311050468596,0.5462311050468596,0.16759410867906574,0.6376665075983501,0.0542074269259784,0.051513810361834646,-0.015278427735727362,-0.5462311050468598,1.120422376315359,0.3111153346057015,2.45376889495314,True,2.45376889495314,True,2.45376889495314,True,2.45376889495314,True,2.45376889495314,True,2.45376889495314,True,3.0,False,2.5903266712148554,2.71982556687879,True,True,0.75,0.5129228828833812,2.45376889495314,wind_stuck_7_days,2018
14322,US-Tw3,US-Bi1,2018-02-01,1.86030609,1.3,1.3,-0.1479433366909761,0.1479433366909761,0.15070375562686347,0.38610438765907534,0.02667724533781374,0.025981294620656837,-0.007796061083258941,-0.14794333669097615,1.120422376315359,0.3111153346057015,1.152056663309024,True,1.152056663309024,True,1.152056663309024,True,1.152056663309024,True,1.152056663309024,True,1.152056663309024,True,1.3,False,1.189042497481768,1.152056663309024,True,True,0.75,1.0,1.152056663309024,wind_stuck_7_days,2018
14323,US-Tw3,US-Bi1,2018-02-09,2.05991402,1.0,1.0,0.061764956725049426,0.061764956725049426,0.15071011890949454,0.42257551641734414,0.02667724533781374,0.025981294620656837,-0.007796061083258941,0.06176495672504945,1.120422376315359,0.3111153346057015,1.0617649567250493,True,1.0617649567250493,True,1.0617649567250493,True,1.0617649567250493,True,1.0617649567250493,True,1.0617649567250493,True,1.0,False,1.0463237175437872,1.0617649567250493,True,True,0.75,1.0,1.0617649567250493,wind_stuck_7_days,2018
14324,US-Tw3,US-Bi1,2018-02-17,1.58102853,1.2,1.2,-0.16639068768140935,0.16639068768140935,0.13750044765403374,0.2821949351642778,0.02667724533781374,0.025981294620656837,-0.007796061083258941,-0.1663906876814094,1.120422376315359,0.3111153346057015,1.0336093123185905,True,1.0336093123185905,True,1.0336093123185905,True,1.0336093123185905,True,1.0336093123185905,True,1.0336093123185905,True,1.2,False,1.075206984238943,1.0336093123185905,True,True,0.75,1.0,1.0336093123185905,wind_stuck_7_days,2018
14325,US-Tw3,US-Bi1,2018-02-25,2.07630417,1.4,1.4,-0.11992234533774096,0.11992234533774096,0.11740045070788922,0.34781912835740497,0.02667724533781374,0.025981294620656837,-0.007796061083258941,-0.11992234533774093,1.120422376315359,0.3111153346057015,1.280077654662259,True,1.280077654662259,True,1.280077654662259,True,1.280077654662259,True,1.280077654662259,True,1.280077654662259,True,1.4,False,1.310058240996694,1.280077654662259,True,True,0.75,1.0,1.280077654662259,wind_stuck_7_days,2018
14326,US-Tw3,US-Bi1,2018-03-05,2.16448124,1.4,1.4,-0.07265562271562427,0.07265562271562427,0.10813093982657655,0.33857685956231914,0.02667724533781374,0.025981294620656837,-0.007796061083258941,-0.07265562271562431,1.120422376315359,0.3111153346057015,1.3273443772843756,True,1.3273443772843756,True,1.3273443772843756,True,1.3273443772843756,True,1.3273443772843756,True,1.3273443772843756,True,1.4,False,1.3455082829632816,1.3273443772843756,True,True,0.75,1.0,1.3273443772843756,wind_stuck_7_days,2018
14327,US-Tw3,US-Bi1,2018-03-29,4.56512716,3.8,3.8,-0.7289097816827343,0.7289097816827343,0.12473209883724687,0.43041395561833323,0.025580222901771563,0.039525736055777395,0.02434272712862545,-0.7289097816827343,1.120422376315359,0.3111153346057015,3.0710902183172655,True,3.0710902183172655,True,3.0710902183172655,True,3.0710902183172655,True,3.0710902183172655,True,3.0710902183172655,True,3.0710902183172655,True,3.253317663737949,3.317199096788288,True,True,0.75,0.6623603021174107,3.0710902183172655,wind_stuck_7_days,2018
14328,US-Tw3,US-Bi1,2018-04-14,2.59413986,3.0,3.0,-0.465070176931823,0.465070176931823,0.10917521498759963,0.33698031812799195,0.016798280725710223,0.04975024723451755,0.0026807679526438767,0.3466501030681773,1.120422376315359,0.3111153346057015,2.534929823068177,True,2.534929823068177,True,2.534929823068177,True,2.534929823068177,True,2.534929823068177,True,2.534929823068177,True,2.534929823068177,True,2.651197367301133,2.6708458654756853,True,True,0.75,0.7077515412745273,2.534929823068177,wind_stuck_7_days,2018
14329,US-Tw3,US-Bi1,2018-04-22,3.51875,4.1,4.1,-0.594339598861843,0.594339598861843,0.1596559990437174,0.38000478935146464,0.015593786093915332,0.01342476753529275,0.0014062346330155086,0.5681604011381567,1.120422376315359,0.3111153346057015,3.5056604011381567,True,3.5056604011381567,True,3.5056604011381567,True,3.5056604011381567,True,3.5056604011381567,True,3.5056604011381567,True,3.5056604011381567,True,3.6542453008536175,3.760037660813936,True,True,0.75,0.5720001491354264,3.5056604011381567,wind_stuck_7_days,2018
14330,US-Tw3,US-Bi1,2018-05-08,5.7733654,4.7,4.7,-0.575977092911822,0.575977092911822,0.18993316220463968,0.37666611763105473,0.008793075314225223,0.008345632273790494,0.0026807679526438767,-0.575977092911822,1.120422376315359,0.3111153346057015,4.124022907088178,True,4.124022907088178,True,4.124022907088178,True,4.124022907088178,True,4.124022907088178,True,4.124022907088178,True,4.124022907088178,True,4.268017180316134,4.498327413112007,True,True,0.75,0.3501399437058316,4.124022907088178,wind_stuck_7_days,2018
14331,US-Tw3,US-Bi1,2018-05-24,1.39003124,2.8,2.8,0.10020854751179846,0.10020854751179846,0.1311873152956651,0.37767694321682216,0.016834931397675754,0.017534515590662877,0.0026807679526438767,-0.10020854751179842,1.120422376315359,0.3111153346057015,2.9002085475117982,True,2.9002085475117982,True,2.9002085475117982,True,2.9002085475117982,True,2.9002085475117982,True,2.9002085475117982,True,2.9002085475117982,True,2.8751564106338487,2.9002085475117982,True,True,0.75,1.0,2.9002085475117982,wind_stuck_7_days,2018
14332,US-Tw3,US-Bi1,2018-06-01,3.09191084,2.7,2.7,-0.4841591865110978,0.4841591865110978,0.1382226274389554,0.45517362076083867,-0.01572705927840595,-0.014214137568700458,0.0026807679526438767,-0.4841591865110978,1.120422376315359,0.3111153346057015,2.2158408134889025,True,2.2158408134889025,True,2.2158408134889025,True,2.7,False,2.7,False,2.7,False,2.2158408134889025,True,2.336880610116677,2.625361318467843,True,True,0.75,0.15416144857234154,2.2158408134889025,wind_stuck_7_days,2018
15385,US-Var,SLM001,2018-02-01,0.79775411,1.0,1.0,0.013635459879798995,0.013635459879798995,0.13870850569865145,0.3607717042306151,0.02667724533781374,0.025981294620656837,-0.007796061083258941,-0.013635459879799,1.120422376315359,0.3111153346057015,1.013635459879799,True,1.013635459879799,True,1.013635459879799,True,1.013635459879799,True,1.013635459879799,True,1.013635459879799,True,1.0,False,1.0102265949098492,1.013635459879799,True,True,0.75,1.0,1.013635459879799,wind_stuck_7_days,2018
15386,US-Var,SLM001,2018-02-02,0.80804518,1.1,1.1,-0.0431354644803014,0.0431354644803014,0.16509913811404625,0.415455478893015,0.02667724533781374,0.025981294620656837,-0.007796061083258941,0.043135464480301394,1.120422376315359,0.3111153346057015,1.0568645355196986,True,1.0568645355196986,True,1.0568645355196986,True,1.0568645355196986,True,1.0568645355196986,True,1.0568645355196986,True,1.1,False,1.067648401639774,1.0568645355196986,True,True,0.75,1.0,1.0568645355196986,wind_stuck_7_days,2018
15387,US-Var,SLM001,2018-02-09,1.24422431,1.4,1.4,-0.09695592094126373,0.09695592094126373,0.10290270276136919,0.3792233579953828,0.02667724533781374,0.025981294620656837,-0.007796061083258941,0.09695592094126373,1.120422376315359,0.3111153346057015,1.303044079058736,True,1.303044079058736,True,1.303044079058736,True,1.303044079058736,True,1.303044079058736,True,1.303044079058736,True,1.4,False,1.327283059294052,1.303044079058736,True,True,0.75,1.0,1.303044079058736,wind_stuck_7_days,2018
15388,US-Var,SLM001,2018-02-10,1.4544812,1.5,1.5,0.056160764117072916,0.056160764117072916,0.1347876569539992,0.37946428479614036,0.02667724533781374,0.025981294620656837,-0.007796061083258941,-0.05616076411707291,1.120422376315359,0.3111153346057015,1.556160764117073,True,1.556160764117073,True,1.556160764117073,True,1.556160764117073,True,1.556160764117073,True,1.556160764117073,True,1.5,False,1.5421205730878047,1.556160764117073,True,True,0.75,1.0,1.556160764117073,wind_stuck_7_days,2018
15389,US-Var,SLM001,2018-02-17,1.43108293,1.3,1.3,-0.15066727566209734,0.15066727566209734,0.12830466519735273,0.30438965422979775,0.02667724533781374,0.025981294620656837,-0.007796061083258941,-0.15066727566209737,1.120422376315359,0.3111153346057015,1.1493327243379028,True,1.1493327243379028,True,1.1493327243379028,True,1.1493327243379028,True,1.1493327243379028,True,1.1493327243379028,True,1.3,False,1.186999543253427,1.1493327243379028,True,True,0.75,1.0,1.1493327243379028,wind_stuck_7_days,2018
15390,US-Var,SLM001,2018-02-25,1.3110689,1.2,1.2,-0.04081404607345012,0.04081404607345012,0.13815604952292262,0.3868944677756573,0.02667724533781374,0.025981294620656837,-0.007796061083258941,-0.04081404607345013,1.120422376315359,0.3111153346057015,1.1591859539265499,True,1.1591859539265499,True,1.1591859539265499,True,1.1591859539265499,True,1.1591859539265499,True,1.1591859539265499,True,1.2,False,1.1693894654449124,1.1591859539265499,True,True,0.75,1.0,1.1591859539265499,wind_stuck_7_days,2018
15391,US-Var,SLM001,2018-03-05,1.78480943,0.9,0.9,0.1585716312570627,0.1585716312570627,0.113479885115043,0.42647638426789863,0.02667724533781374,0.025981294620656837,-0.007796061083258941,0.15857163125706275,1.120422376315359,0.3111153346057015,1.0585716312570628,True,1.0585716312570628,True,1.0585716312570628,True,1.0585716312570628,True,1.0585716312570628,True,1.0585716312570628,True,0.9,False,1.018928723442797,1.0585716312570628,True,True,0.75,1.0,1.0585716312570628,wind_stuck_7_days,2018
15392,US-Var,SLM001,2018-03-06,1.83544462,1.1,1.1,0.020340952389922406,0.020340952389922406,0.08791194867625805,0.30176504077849436,0.02667724533781374,0.025981294620656837,-0.007796061083258941,0.020340952389922395,1.120422376315359,0.3111153346057015,1.1203409523899226,True,1.1203409523899226,True,1.1203409523899226,True,1.1203409523899226,True,1.1203409523899226,True,1.1203409523899226,True,1.1,False,1.115255714292442,1.1203409523899226,True,True,0.75,1.0,1.1203409523899226,wind_stuck_7_days,2018
15393,US-Var,SLM001,2018-03-30,2.85803188,2.5,2.5,-0.12275793215468425,0.12275793215468425,0.11868710514521921,0.5101771297457655,0.019603191732382688,0.020650199413973298,-0.0014205266441136755,-0.12275793215468422,1.120422376315359,0.3111153346057015,2.377242067845316,True,2.377242067845316,True,2.377242067845316,True,2.377242067845316,True,2.377242067845316,True,2.377242067845316,True,2.5,False,2.407931550883987,2.377242067845316,True,True,0.75,1.0,2.3656785050713918,wind_stuck_7_days,2018
15394,US-Var,SLM001,2018-04-14,3.65374622,3.6,3.6,-0.6820235345897231,0.6820235345897231,0.1745140076544155,0.3801051862850848,0.025580222901771563,0.039525736055777395,0.003992274458543315,-0.6820235345897231,1.120422376315359,0.3111153346057015,2.917976465410277,True,2.917976465410277,True,2.917976465410277,True,2.917976465410277,True,2.917976465410277,True,2.917976465410277,True,2.917976465410277,True,3.088482349057708,3.085982315960507,True,True,0.75,0.7536656111855508,2.917976465410277,wind_stuck_7_days,2018
15395,US-Var,SLM001,2018-04-15,3.5113533,1.7,1.7,0.7642890662313595,0.7642890662313595,0.237481304768544,0.5843641664036519,0.10055182389571646,0.13513633546282622,-0.06899026576418363,0.7642890662313595,1.120422376315359,0.3111153346057015,2.4642890662313595,True,2.4642890662313595,True,2.4642890662313595,True,2.4642890662313595,True,2.4642890662313595,True,2.4642890662313595,True,1.7,False,2.2732167996735195,2.329630576560771,True,True,0.75,0.8238120946377299,2.4642890662313595,wind_stuck_7_days,2018
15396,US-Var,SLM001,2018-04-22,4.12776042,3.6,3.6,-0.5935053670277941,0.5935053670277941,0.1952466604269408,0.4160468651036676,0.025675138883514026,0.03054079837351649,0.0014062346330155086,-0.5935053670277941,1.120422376315359,0.3111153346057015,3.006494632972206,True,3.006494632972206,True,3.006494632972206,True,3.006494632972206,True,3.006494632972206,True,3.006494632972206,True,3.006494632972206,True,3.1548709747291546,3.2387804486819833,True,True,0.75,0.6086205304712955,3.006494632972206,wind_stuck_7_days,2018
15397,US-Var,SLM001,2018-04-23,4.59230371,4.4,4.4,-0.6391207356588197,0.6391207356588197,0.12799292167799461,0.47266724364272295,0.02393549715545337,0.03156589714687298,-0.0016767816741818356,-0.6391207356588197,1.120422376315359,0.3111153346057015,3.7608792643411806,True,3.7608792643411806,True,3.7608792643411806,True,3.7608792643411806,True,3.7608792643411806,True,3.7608792643411806,True,4.4,False,3.9206594482558854,4.06546197161161,True,True,0.75,0.5234347905228606,3.7608792643411806,wind_stuck_7_days,2018
15398,US-Var,SLM001,2018-05-01,3.66188542,4.1,4.1,-0.7135542186411474,0.7135542186411474,0.10336722354389714,0.2953977994144158,0.002568506352205789,0.027425114550206055,0.02434272712862545,0.16267494135885197,1.120422376315359,0.3111153346057015,3.3864457813588524,True,3.3864457813588524,True,3.3864457813588524,True,3.3864457813588524,True,3.3864457813588524,True,3.3864457813588524,True,3.3864457813588524,True,3.564834336019139,3.6741215966652474,True,True,0.75,0.5968409858829946,3.3864457813588524,wind_stuck_7_days,2018
15399,US-Var,SLM001,2018-05-08,3.34104427,4.3,4.3,-0.5816576261059376,0.5816576261059376,0.16016390856112386,0.380689951270256,0.013949060347597148,0.014449866308649249,0.0014062346330155086,0.5816576261059376,1.120422376315359,0.3111153346057015,3.718342373894062,True,3.718342373894062,True,3.718342373894062,True,3.718342373894062,True,3.718342373894062,True,3.718342373894062,True,3.718342373894062,True,3.8637567804205464,3.9509735545678244,True,True,0.75,0.6000547912847395,3.718342373894062,wind_stuck_7_days,2018
15400,US-Var,SLM001,2018-05-09,2.74393227,4.6,4.6,-1.0992623395706373,1.0992623395706373,0.1341472386084932,0.24338183669828348,-0.0035083440760787683,-0.012848797516986655,-0.031152208481817607,1.0992623395706373,1.120422376315359,0.3111153346057015,3.5007376604293623,True,3.5007376604293623,True,3.5007376604293623,True,4.6,False,4.6,False,4.6,False,4.6,False,3.7755532453220217,4.245734393476282,True,True,0.75,0.3222757605451039,3.5007376604293623,wind_stuck_7_days,2018
15401,US-Var,SLM001,2018-05-17,2.38740303,3.4,3.4,-0.7497123995232511,0.7497123995232511,0.20747366728249314,0.30802333640645924,0.0010619788449072595,0.01342476753529275,0.02434272712862545,0.7497123995232511,1.120422376315359,0.3111153346057015,2.650287600476749,True,2.650287600476749,True,2.650287600476749,True,2.650287600476749,True,2.650287600476749,True,2.650287600476749,True,2.650287600476749,True,2.8377157003575615,3.0055774298352467,True,True,0.75,0.5260985017929146,2.650287600476749,wind_stuck_7_days,2018
15402,US-Var,SLM001,2018-05-24,1.41659531,2.4,2.4,-0.6378946097927398,0.6378946097927398,0.15428125438182472,0.39390939721343765,0.04584084438843248,0.035864924916222986,-0.005778076270939389,0.6378946097927398,1.120422376315359,0.3111153346057015,1.76210539020726,True,1.76210539020726,True,1.76210539020726,True,1.76210539020726,True,1.76210539020726,True,1.76210539020726,True,2.4,False,1.921579042655445,2.084392498888044,True,True,0.75,0.4947643329585448,1.76210539020726,wind_stuck_7_days,2018
15403,US-Var,SLM001,2018-06-01,1.24796548,2.2,2.2,-0.4358688794777851,0.4358688794777851,0.2411689468066426,0.35002866263647514,0.013449915100221895,0.021323886249551775,-0.0014205266441136755,0.4358688794777851,1.120422376315359,0.3111153346057015,1.7641311205222152,True,1.7641311205222152,True,1.7641311205222152,True,1.7641311205222152,True,1.7641311205222152,True,1.7641311205222152,True,2.2,False,1.8730983403916612,2.021856997194306,True,True,0.75,0.40870778161342347,1.7641311205222152,wind_stuck_7_days,2018
15404,US-Var,SLM001,2018-06-02,1.4361503,2.6,2.6,-0.6955274049744968,0.6955274049744968,0.14842477560575362,0.653669434232867,0.004563141188455846,-0.010983429048771297,-0.04961773895668802,0.6955274049744968,1.120422376315359,0.3111153346057015,1.9044725950255033,True,1.9044725950255033,True,1.9044725950255033,True,1.9044725950255033,True,1.9044725950255033,True,2.6,False,2.6,False,2.0783544462691275,2.3878615979360625,True,True,0.75,0.30500365700430776,1.9044725950255033,wind_stuck_7_days,2018
15405,US-Var,SLM001,2018-06-10,0.67299465,3.0,3.0,-0.4996899082394891,0.4996899082394891,0.19111263494649827,0.3374061345942634,-0.023557576165539554,-0.014214137568700458,0.0026807679526438767,0.499689908239489,1.120422376315359,0.3111153346057015,2.500310091760511,True,2.500310091760511,True,2.500310091760511,True,3.0,False,3.0,False,3.0,False,2.500310091760511,True,2.6252325688203832,2.927336690625313,True,True,0.75,0.1454168038548046,2.500310091760511,wind_stuck_7_days,2018
15406,US-Var,SLM001,2018-06-17,0.14109549,1.9,1.9,0.09330061642038087,0.09330061642038087,0.22321449909895374,0.5595158968468639,0.020483238958722012,0.022385778490565843,-0.010940397535124869,-0.0933006164203809,1.120422376315359,0.3111153346057015,1.9933006164203808,True,1.9933006164203808,True,1.9933006164203808,True,1.9933006164203808,True,1.9933006164203808,True,1.9933006164203808,True,1.9,False,1.9699754623152856,1.9933006164203808,True,True,0.75,1.0,1.9933006164203808,wind_stuck_7_days,2018
15407,US-Var,SLM001,2018-06-18,0.27131184,2.0,2.0,-0.7125662958185877,0.7125662958185877,0.14572996423649867,0.32707571420392545,-0.003971320064595897,0.0015976027692401085,0.007625812396036526,0.7125662958185877,1.120422376315359,0.3111153346057015,1.2874337041814123,True,1.2874337041814123,True,1.2874337041814123,True,2.0,False,2.0,False,1.2874337041814123,True,1.2874337041814123,True,1.4655752781360594,1.7902350875890367,True,True,0.75,0.29437950355199993,1.2874337041814123,wind_stuck_7_days,2018
15408,US-Var,SLM001,2018-06-25,0.09054177,1.9,1.9,-0.8797821590444108,0.8797821590444108,0.14019768641249397,0.28347892141450665,-0.025748126019758063,-0.007260796040860633,0.007625812396036526,0.8797821590444108,1.120422376315359,0.3111153346057015,1.020217840955589,True,1.020217840955589,True,1.020217840955589,True,1.9,False,1.9,False,1.9,False,1.020217840955589,True,1.2401633807166919,1.6458243708739473,True,True,0.75,0.28890746023098446,1.020217840955589,wind_stuck_7_days,2018
15409,US-Var,SLM001,2018-06-26,0.22276972,2.3,2.3,-0.6176707949375848,0.6176707949375848,0.21406199698681935,0.3496043746157538,-0.01918655468352955,-0.010983429048771297,-0.08867058742920496,0.6176707949375848,1.120422376315359,0.3111153346057015,1.682329205062415,True,1.682329205062415,True,1.682329205062415,True,2.3,False,2.3,False,2.3,False,2.3,False,1.8367469037968112,2.203935516645912,True,True,0.75,0.15552699616272989,1.682329205062415,wind_stuck_7_days,2018
15410,US-Var,SLM001,2018-07-03,0.16679399,2.0,2.0,-1.0350996637038428,1.0350996637038428,0.15624004970101926,0.24922214898813655,-0.04924170648051259,-0.059515227372848735,-0.11252864775503346,1.0350996637038428,1.120422376315359,0.3111153346057015,0.9649003362961572,True,0.9649003362961572,True,0.9649003362961572,True,2.0,False,2.0,False,2.0,False,2.0,False,1.223675252222118,1.7758493729657523,True,True,0.75,0.21654980181539357,0.9649003362961572,wind_stuck_7_days,2018
15411,US-Var,SLM001,2018-07-04,0.1324212,1.8,1.8,-0.32506769273652,0.32506769273652,0.23270576796311276,0.43401850886510723,-0.008307285732621699,-0.008594530685984208,-0.007796061083258941,0.3250676927365199,1.120422376315359,0.3111153346057015,1.4749323072634801,True,1.4749323072634801,True,1.4749323072634801,True,1.8,False,1.8,False,1.8,False,1.8,False,1.55619923044761,1.684165291699516,True,True,0.75,0.3563402666237045,1.4749323072634801,wind_stuck_7_days,2018
15412,US-Var,SLM001,2018-07-11,0.11406892,1.3,1.3,-0.8645652477141461,0.8645652477141461,0.19389700503208154,0.3608182889438272,0.06691593361799267,0.14764464856189505,0.007625812396036526,0.8645652477141461,1.120422376315359,0.3111153346057015,0.43543475228585393,True,0.43543475228585393,True,0.43543475228585393,True,0.43543475228585393,True,0.43543475228585393,True,0.43543475228585393,True,0.43543475228585393,True,0.6515760642143904,0.958934965025108,True,True,0.75,0.3944931118578334,0.43543475228585393,wind_stuck_7_days,2018
15413,US-Var,SLM001,2018-07-12,0.06882389,2.0,2.0,-0.816838622665831,0.816838622665831,0.14542973107630885,0.3699713124309125,0.005811004760360765,0.025153339659799285,-0.08219514312579164,0.8168386226658311,1.120422376315359,0.3111153346057015,1.183161377334169,True,1.183161377334169,True,1.183161377334169,True,1.183161377334169,True,1.183161377334169,True,1.183161377334169,True,2.0,False,1.3873710330006268,1.7511626537753806,True,True,0.75,0.30463464792166045,1.183161377334169,wind_stuck_7_days,2018
15414,US-Var,SLM001,2018-07-19,0.16528768,2.2,2.2,-0.9860213441098677,0.9860213441098677,0.14685156479053743,0.3151269643387363,-0.06455185708118871,-0.07209625919086014,-0.13882879109979002,0.9860213441098677,1.120422376315359,0.3111153346057015,1.2139786558901324,True,1.2139786558901324,True,1.2139786558901324,True,2.2,False,2.2,False,2.2,False,2.2,False,1.4604839919175994,1.9738677781261156,True,True,0.75,0.22933805969284138,1.2139786558901324,wind_stuck_7_days,2018
15415,US-Var,SLM001,2018-07-20,0.178973,1.1,1.1,-0.596598563503306,0.596598563503306,0.11098409662219824,0.2659973025373919,0.047835882285005744,0.05230790610424262,-0.05582370140991489,0.596598563503306,1.120422376315359,0.3111153346057015,0.5034014364966941,True,0.5034014364966941,True,0.5034014364966941,True,0.5034014364966941,True,0.5034014364966941,True,0.5034014364966941,True,1.1,False,0.6525510773725206,0.8742786272968524,True,True,0.75,0.37834716090780024,0.5034014364966941,wind_stuck_7_days,2018
15416,US-Var,SLM001,2018-07-27,0.09906607,0.9,0.9,-0.7415776048147565,0.7415776048147565,0.1542913910645769,0.32954179775589587,0.10620057916444993,0.16130154854513926,-0.08219514312579164,0.7415776048147565,1.120422376315359,0.3111153346057015,0.15842239518524348,True,0.15842239518524348,True,0.15842239518524348,True,0.15842239518524348,True,0.15842239518524348,True,0.15842239518524348,True,0.9,False,0.3438167963889326,0.5190819451243218,True,True,0.75,0.5136590592846046,0.15842239518524348,wind_stuck_7_days,2018
15417,US-Var,SLM001,2018-07-28,0.09266577,1.9,1.9,-0.9401766429583281,0.9401766429583281,0.1469888683314825,0.36977313220309094,-0.03603910539669348,-0.05471672619970528,-0.1468546676664186,0.9401766429583281,1.120422376315359,0.3111153346057015,0.9598233570416718,True,0.9598233570416718,True,0.9598233570416718,True,1.9,False,1.9,False,1.9,False,1.9,False,1.1948675177812538,1.64132954002869,True,True,0.75,0.2751296385723708,0.9598233570416718,wind_stuck_7_days,2018
15418,US-Var,SLM001,2018-08-04,0.11517395,1.1,1.1,-0.1727200281360298,0.1727200281360298,0.1451203374298428,0.4432174831541381,0.011774989816670165,0.007457026591782011,-0.0012959027790873535,0.17272002813602982,1.120422376315359,0.3111153346057015,0.9272799718639703,True,0.9272799718639703,True,0.9272799718639703,True,0.9272799718639703,True,0.9272799718639703,True,0.9272799718639703,True,1.1,False,0.9704599788979777,0.9272799718639703,True,True,0.75,1.0,0.9272799718639703,wind_stuck_7_days,2018
15419,US-Var,SLM001,2018-08-05,0.05039478,1.5,1.5,-0.7643693614517865,0.7643693614517865,0.15823149768477957,0.30209744955405127,0.10620057916444993,0.16130154854513926,0.007625812396036526,0.7643693614517865,1.120422376315359,0.3111153346057015,0.7356306385482135,True,0.7356306385482135,True,0.7356306385482135,True,0.7356306385482135,True,0.7356306385482135,True,0.7356306385482135,True,0.7356306385482135,True,0.9267229789111602,1.205438043970642,True,True,0.75,0.3853659904288796,0.7356306385482135,wind_stuck_7_days,2018
15420,US-Var,SLM001,2018-08-12,0.19482078,0.9,0.9,-0.4529470712767232,0.4529470712767232,0.16733869030781198,0.3534118111173648,0.02586978820004074,0.03376239357740582,-0.007796061083258941,0.4529470712767232,1.120422376315359,0.3111153346057015,0.44705292872327684,True,0.44705292872327684,True,0.44705292872327684,True,0.44705292872327684,True,0.44705292872327684,True,0.44705292872327684,True,0.9,False,0.5602896965424576,0.6979590957408153,True,True,0.75,0.44605852884685077,0.44705292872327684,wind_stuck_7_days,2018
15421,US-Var,SLM001,2018-08-13,0.07187703,1.8,1.8,-0.6001472680447643,0.6001472680447643,0.09326512389552238,0.33380365775525933,-0.01809378891811053,-0.004853564609508386,-0.009070594402887308,0.6001472680447641,1.120422376315359,0.3111153346057015,1.199852731955236,True,1.199852731955236,True,1.199852731955236,True,1.8,False,1.8,False,1.8,False,1.8,False,1.3498895489664269,1.6746816545055616,True,True,0.75,0.20881265677125618,1.199852731955236,wind_stuck_7_days,2018
15422,US-Var,SLM001,2018-08-20,0.03298553,1.6,1.6,-0.6406373482603009,0.6406373482603009,0.09856363198444508,0.3608710331274011,-0.00161737156797389,0.0016827081891491152,-0.018393696406770767,0.6406373482603009,1.120422376315359,0.3111153346057015,0.9593626517396991,True,0.9593626517396991,True,0.9593626517396991,True,1.6,False,1.6,False,0.9593626517396991,True,1.6,False,1.1195219888047743,1.4169262376924376,True,True,0.75,0.285768169471719,0.9593626517396991,wind_stuck_7_days,2018
15423,US-Var,SLM001,2018-08-21,0.01900604,2.0,2.0,-0.8901544713606417,0.8901544713606417,0.0976267247550784,0.35787384666845334,-0.012015295609328434,0.028684822716131438,0.007625812396036526,0.8901544713606417,1.120422376315359,0.3111153346057015,1.1098455286393583,True,1.1098455286393583,True,1.1098455286393583,True,2.0,False,2.0,False,1.1098455286393583,True,1.1098455286393583,True,1.3323841464795187,1.7027504717586355,True,True,0.75,0.33393027592953056,1.1098455286393583,wind_stuck_7_days,2018
15424,US-Var,SLM001,2018-08-28,0.01675295,1.0,1.0,0.023025210497655928,0.023025210497655928,0.16870169446638428,0.5047181348053991,0.02667724533781374,0.025981294620656837,-0.007796061083258941,-0.023025210497655935,1.120422376315359,0.3111153346057015,1.0230252104976558,True,1.0230252104976558,True,1.0230252104976558,True,1.0230252104976558,True,1.0230252104976558,True,1.0230252104976558,True,1.0,False,1.017268907873242,1.0230252104976558,True,True,0.75,1.0,1.0230252104976558,wind_stuck_7_days,2018
15425,US-Var,SLM001,2018-08-29,0.0523474,1.6,1.6,-0.40002524814034934,0.40002524814034934,0.14294790622725617,0.358553603732966,0.026863462664774924,0.03342819078351128,-0.007796061083258941,0.40002524814034945,1.120422376315359,0.3111153346057015,1.1999747518596506,True,1.1999747518596506,True,1.1999747518596506,True,1.1999747518596506,True,1.1999747518596506,True,1.1999747518596506,True,1.6,False,1.2999810638947382,1.3851277437055904,True,True,0.75,0.5371467358455873,1.1999747518596506,wind_stuck_7_days,2018
15426,US-Var,SLM001,2018-09-05,0.06439672,1.2,1.2,-0.46930958317460963,0.46930958317460963,0.11333101914327366,0.30883767081633423,0.06704358944819139,0.07424732367969529,-0.007796061083258941,0.4693095831746097,1.120422376315359,0.3111153346057015,0.7306904168253903,True,0.7306904168253903,True,0.7306904168253903,True,0.7306904168253903,True,0.7306904168253903,True,0.7306904168253903,True,1.2,False,0.8480178126190427,0.9626458333360701,True,True,0.75,0.5057518004605092,0.7306904168253903,wind_stuck_7_days,2018
15427,US-Var,SLM001,2018-09-06,0.05629322,0.8,0.8,-0.18430810273437911,0.18430810273437911,0.1705029411229105,0.33666746458745755,0.026209268591376986,0.02722500087232138,-0.007796061083258941,0.18430810273437914,1.120422376315359,0.3111153346057015,0.6156918972656209,True,0.6156918972656209,True,0.6156918972656209,True,0.6156918972656209,True,0.6156918972656209,True,0.6156918972656209,True,0.8,False,0.6617689229492157,0.624341624781797,True,True,0.75,0.9530691956140318,0.6156918972656209,wind_stuck_7_days,2018
15428,US-Var,SLM001,2018-09-13,0.05525052,1.0,1.0,0.010425110390746067,0.010425110390746067,0.11874947496836549,0.4199029890641068,0.02667724533781374,0.025981294620656837,-0.007796061083258941,-0.010425110390746117,1.120422376315359,0.3111153346057015,1.010425110390746,True,1.010425110390746,True,1.010425110390746,True,1.010425110390746,True,1.010425110390746,True,1.010425110390746,True,1.0,False,1.0078188327930595,1.010425110390746,True,True,0.75,1.0,1.010425110390746,wind_stuck_7_days,2018
15429,US-Var,SLM001,2018-09-14,0.0310091,0.6,0.6,0.04434307798307421,0.04434307798307421,0.11649242966277583,0.33300715255421326,0.02667724533781374,0.025981294620656837,-0.007796061083258941,-0.04434307798307424,1.120422376315359,0.3111153346057015,0.6443430779830742,True,0.6443430779830742,True,0.6443430779830742,True,0.6443430779830742,True,0.6443430779830742,True,0.6443430779830742,True,0.6,False,0.6332573084873057,0.6443430779830742,True,True,0.75,1.0,0.6443430779830742,wind_stuck_7_days,2018
15430,US-Var,SLM001,2018-09-21,0.1069269,0.8,0.8,-0.28813501219548404,0.28813501219548404,0.08966107336396122,0.32660084568440534,0.0408230802032182,0.047046385504193766,-0.007796061083258941,0.28813501219548404,1.120422376315359,0.3111153346057015,0.5118649878045161,True,0.5118649878045161,True,0.5118649878045161,True,0.5118649878045161,True,0.5118649878045161,True,0.5118649878045161,True,0.8,False,0.583898740853387,0.6821261587887966,True,True,0.75,0.4090923914905295,0.5118649878045161,wind_stuck_7_days,2018
15431,US-Var,SLM001,2018-09-22,0.09291184,0.4,0.4,0.01839005892660081,0.01839005892660081,0.12667181995740553,0.29786932441503,0.02784452930399476,0.021776565923773958,-0.006332586970748549,-0.01839005892660084,1.120422376315359,0.3111153346057015,0.41839005892660086,True,0.41839005892660086,True,0.41839005892660086,True,0.41839005892660086,True,0.41839005892660086,True,0.41839005892660086,True,0.4,False,0.41379254419495065,0.41839005892660086,True,True,0.75,1.0,0.41839005892660086,wind_stuck_7_days,2018
15432,US-Var,SLM001,2018-09-29,-0.03298183,0.9,0.9,0.2851711091261849,0.2851711091261849,0.16950491369848972,0.4121393223495377,0.04749637191009313,0.05741870860222423,-0.007796061083258941,-0.28517110912618493,1.120422376315359,0.3111153346057015,1.185171109126185,True,1.185171109126185,True,1.185171109126185,True,1.185171109126185,True,1.185171109126185,True,1.185171109126185,True,0.9,False,1.1138783318446386,1.0799243684450566,True,True,0.75,0.6309347710445737,1.185171109126185,wind_stuck_7_days,2018
15433,US-Var,SLM001,2018-09-30,0.02851959,0.8,0.8,-0.2804441235122125,0.2804441235122125,0.08773328599628633,0.3170616608434858,0.04129105694965495,0.048324987043553716,-0.007796061083258941,0.2804441235122125,1.120422376315359,0.3111153346057015,0.5195558764877876,True,0.5195558764877876,True,0.5195558764877876,True,0.5195558764877876,True,0.5195558764877876,True,0.5195558764877876,True,0.8,False,0.5896669073658407,0.6740935779812604,True,True,0.75,0.4489536826156989,0.5195558764877876,wind_stuck_7_days,2018
15434,US-Var,SLM001,2018-10-07,0.2118318,0.6,0.6,0.1356802206211844,0.1356802206211844,0.11313245912624834,0.4915196327515233,0.026209268591376986,0.024702693081296887,-0.007796061083258941,-0.13568022062118446,1.120422376315359,0.3111153346057015,0.7356802206211843,True,0.7356802206211843,True,0.7356802206211843,True,0.7356802206211843,True,0.7356802206211843,True,0.7356802206211843,True,0.6,False,0.7017601654658883,0.7356802206211843,True,True,0.75,1.0,0.7356802206211843,wind_stuck_7_days,2018
15435,US-Var,SLM001,2018-10-08,0.17363897,0.4,0.4,0.08556033960235002,0.08556033960235002,0.11174428945613354,0.39391159141665666,0.028312506050431514,0.023055167463133908,-0.006332586970748549,-0.08556033960235004,1.120422376315359,0.3111153346057015,0.48556033960235,True,0.48556033960235,True,0.48556033960235,True,0.48556033960235,True,0.48556033960235,True,0.48556033960235,True,0.4,False,0.46417025470176254,0.48556033960235,True,True,0.75,1.0,0.48556033960235,wind_stuck_7_days,2018
15436,US-Var,SLM001,2018-10-15,0.17318735,0.5,0.5,-0.13068088718201495,0.13068088718201495,0.11437370606722251,0.2732093578251772,0.02667724533781374,0.025981294620656837,-0.007796061083258941,0.13068088718201495,1.120422376315359,0.3111153346057015,0.369319112817985,True,0.369319112817985,True,0.369319112817985,True,0.369319112817985,True,0.369319112817985,True,0.369319112817985,True,0.5,False,0.4019893346134888,0.369319112817985,True,True,0.75,1.0,0.369319112817985,wind_stuck_7_days,2018
15437,US-Var,SLM001,2018-10-16,0.16999423,0.4,0.4,-0.17136183881468103,0.17136183881468103,0.07050924179852262,0.3119402870371215,0.028312506050431514,0.023055167463133908,-0.006332586970748549,0.17136183881468103,1.120422376315359,0.3111153346057015,0.228638161185319,True,0.228638161185319,True,0.228638161185319,True,0.228638161185319,True,0.228638161185319,True,0.228638161185319,True,0.4,False,0.2714786208889892,0.228638161185319,True,True,0.75,1.0,0.228638161185319,wind_stuck_7_days,2018
15438,US-Var,SLM001,2018-10-24,0.08136159,0.4,0.4,-0.14505370940881496,0.14505370940881496,0.07567316396611008,0.30171570395014297,0.028312506050431514,0.023055167463133908,-0.006332586970748549,0.14505370940881496,1.120422376315359,0.3111153346057015,0.25494629059118507,True,0.25494629059118507,True,0.25494629059118507,True,0.25494629059118507,True,0.25494629059118507,True,0.25494629059118507,True,0.4,False,0.2912097179433888,0.25494629059118507,True,True,0.75,1.0,0.25494629059118507,wind_stuck_7_days,2018
15439,US-Var,SLM001,2018-10-31,0.08823375,0.2,0.2,-0.07573130329489097,0.07573130329489097,0.07199821161034392,0.3657394837937095,0.02907865355923246,0.02391473539450161,-0.006332586970748549,0.07573130329489097,1.120422376315359,0.3111153346057015,0.12426869670510904,True,0.12426869670510904,True,0.12426869670510904,True,0.12426869670510904,True,0.12426869670510904,True,0.12426869670510904,True,0.2,False,0.14320152252883178,0.12426869670510904,True,True,0.75,1.0,0.12426869670510904,wind_stuck_7_days,2018
15440,US-Var,SLM001,2018-11-01,0.06311032,0.4,0.4,-0.10172966337695419,0.10172966337695419,0.06284058730377728,0.3335093400935354,0.028312506050431514,0.023055167463133908,-0.006332586970748549,0.10172966337695419,1.120422376315359,0.3111153346057015,0.2982703366230458,True,0.2982703366230458,True,0.2982703366230458,True,0.2982703366230458,True,0.2982703366230458,True,0.2982703366230458,True,0.4,False,0.3237027524672844,0.2982703366230458,True,True,0.75,1.0,0.2982703366230458,wind_stuck_7_days,2018
15441,US-Var,SLM001,2018-11-08,0.07007264,0.3,0.3,-0.17479808918943246,0.17479808918943246,0.06715790649869996,0.30404896283466815,0.028312506050431514,0.023055167463133908,-0.006332586970748549,0.17479808918943246,1.120422376315359,0.3111153346057015,0.12520191081056753,True,0.12520191081056753,True,0.12520191081056753,True,0.12520191081056753,True,0.12520191081056753,True,0.12520191081056753,True,0.3,False,0.16890143310792566,0.12520191081056753,True,True,0.75,1.0,0.12520191081056753,wind_stuck_7_days,2018
15442,US-Var,SLM001,2018-11-09,0.04822728,0.3,0.3,-0.22987268048794282,0.22987268048794282,0.13639706702230248,0.4273014162320502,0.028312506050431514,0.025678688887909508,-0.006332586970748549,0.22987268048794282,1.120422376315359,0.3111153346057015,0.07012731951205717,True,0.07012731951205717,True,0.07012731951205717,True,0.07012731951205717,True,0.07012731951205717,True,0.07012731951205717,True,0.3,False,0.12759548963404288,0.1532739975517915,True,True,0.75,0.638292476238404,0.06779912840397134,wind_stuck_7_days,2018
15443,US-Var,SLM001,2018-11-16,0.05685124,0.1,0.1,-0.16378403161126626,0.16378403161126626,0.17894217054760256,0.4100197558768075,0.025914131439462973,0.01926637569996872,-0.006332586970748549,-0.07748651161126624,1.120422376315359,0.3111153346057015,-0.06378403161126625,True,-0.06378403161126625,True,-0.06378403161126625,True,-0.06378403161126625,True,-0.06378403161126625,True,-0.06378403161126625,True,0.1,False,-0.022838023708449687,-0.06378403161126625,True,True,0.75,1.0,-0.06255705091680244,wind_stuck_7_days,2018
15444,US-Var,SLM001,2018-11-17,0.0331054,0.3,0.3,-0.18580227464473734,0.18580227464473734,0.16340265504348686,0.3957044383638542,0.025147983930662032,0.018406807768601017,-0.006332586970748549,0.18580227464473734,1.120422376315359,0.3111153346057015,0.11419772535526265,True,0.11419772535526265,True,0.11419772535526265,True,0.11419772535526265,True,0.11419772535526265,True,0.11419772535526265,True,0.3,False,0.16064829401644698,0.12291757556108276,True,True,0.75,0.9530691956140318,0.10413862004300342,wind_stuck_7_days,2018
15445,US-Var,SLM001,2018-11-25,0.59955853,0.7,0.7,0.09795540432671866,0.09795540432671866,0.14431907811048095,0.35672248448145477,0.024004449167574514,0.019617780455122972,-0.007796061083258941,-0.09795540432671868,1.120422376315359,0.3111153346057015,0.7979554043267186,True,0.7979554043267186,True,0.7979554043267186,True,0.7979554043267186,True,0.7979554043267186,True,0.7979554043267186,True,0.7,False,0.773466553245039,0.7979554043267186,True,True,0.75,1.0,0.7958076986046311,wind_stuck_7_days,2018
15446,US-Var,SLM001,2018-12-02,0.39441212,0.2,0.2,0.2951893313437191,0.2951893313437191,0.12690832554492892,0.3582636739953952,0.12855160191507514,0.134088354940332,-0.006332586970748549,0.09363490865628082,1.120422376315359,0.3111153346057015,0.4951893313437191,True,0.4951893313437191,True,0.4951893313437191,True,0.4951893313437191,True,0.4951893313437191,True,0.4951893313437191,True,0.2,False,0.42139199850778936,0.37236083946165255,True,True,0.75,0.5838992848320633,0.4951893313437191,wind_stuck_7_days,2018
15447,US-Var,SLM001,2018-12-03,0.50673259,0.2,0.2,0.2612764511503679,0.2612764511503679,0.11048923171316001,0.27964883694364484,0.09390427051725606,0.09110652426092274,-0.006332586970748549,0.2612764511503679,1.120422376315359,0.3111153346057015,0.4612764511503679,True,0.4612764511503679,True,0.4612764511503679,True,0.4612764511503679,True,0.4612764511503679,True,0.4612764511503679,True,0.2,False,0.3959573383627759,0.3962851054860428,True,True,0.75,0.7512544839836263,0.4612764511503679,wind_stuck_7_days,2018
15448,US-Var,SLM001,2018-12-11,0.33115946,1.0,1.0,-0.12269629296901455,0.12269629296901455,0.13949162147490055,0.3923509793475431,0.024004449167574514,0.019617780455122972,-0.007796061083258941,0.12269629296901452,1.120422376315359,0.3111153346057015,0.8773037070309855,True,0.8773037070309855,True,0.8773037070309855,True,0.8773037070309855,True,0.8773037070309855,True,0.8773037070309855,True,1.0,False,0.907977780273239,0.8773037070309855,True,True,0.75,1.0,0.891987732469833,wind_stuck_7_days,2018
15449,US-Var,SLM001,2018-12-19,0.35857079,0.5,0.5,0.1402601257739306,0.1402601257739306,0.1554053127525604,0.41800122102763043,0.024004449167574514,0.019617780455122972,-0.007796061083258941,-0.1402601257739306,1.120422376315359,0.3111153346057015,0.6402601257739307,True,0.6402601257739307,True,0.6402601257739307,True,0.6402601257739307,True,0.6402601257739307,True,0.6402601257739307,True,0.5,False,0.6051950943304479,0.6402601257739307,True,True,0.75,1.0,0.6402601257739307,wind_stuck_7_days,2018
15450,US-Var,SLM001,2018-12-26,0.45339143,0.3,0.3,0.08561235121571113,0.08561235121571113,0.09099592602794856,0.20158472921546045,0.025147983930662032,0.018406807768601017,-0.006332586970748549,0.08561235121571113,1.120422376315359,0.3111153346057015,0.38561235121571114,True,0.38561235121571114,True,0.38561235121571114,True,0.38561235121571114,True,0.38561235121571114,True,0.38561235121571114,True,0.3,False,0.36420926341178333,0.38561235121571114,True,True,0.75,1.0,0.38561235121571114,wind_stuck_7_days,2018
15451,US-Var,SLM001,2018-12-27,0.69454151,0.5,0.5,0.22613896707581488,0.22613896707581488,0.1286180394411376,0.2957356866510351,0.02667724533781374,0.028604816045432437,-0.007796061083258941,0.16294405292418507,1.120422376315359,0.3111153346057015,0.7261389670758149,True,0.7261389670758149,True,0.7261389670758149,True,0.7261389670758149,True,0.7261389670758149,True,0.7261389670758149,True,0.5,False,0.6696042253068611,0.6675614440967295,True,True,0.75,0.7409666996513392,0.7261389670758149,wind_stuck_7_days,2018
15685,US-WCr,US-WCr,2018-06-20,3.7089095,4.3,4.3,0.35277242401755504,0.35277242401755504,0.2681081794707774,0.5035816514609206,0.018860232951212915,0.025165487039125994,-0.013222997264548578,-0.35277242401755504,1.120422376315359,0.3111153346057015,4.652772424017555,True,4.652772424017555,True,4.652772424017555,True,4.652772424017555,True,4.652772424017555,True,4.652772424017555,True,4.3,False,4.564579318013166,4.616432930712619,True,True,0.75,0.8969888493803353,4.652772424017555,wind_stuck_7_days,2018
15686,US-WCr,US-WCr,2018-06-28,4.28596402,5.7,5.7,0.06569635125299414,0.06569635125299414,0.11774592138533768,0.27900495474395925,0.006983924016791495,0.011677480117785093,0.0026807679526438767,-0.06569635125299422,1.120422376315359,0.3111153346057015,5.765696351252994,True,5.765696351252994,True,5.765696351252994,True,5.765696351252994,True,5.765696351252994,True,5.765696351252994,True,5.765696351252994,True,5.749272263439746,5.765696351252994,True,True,0.75,1.0,5.765696351252994,wind_stuck_7_days,2018
15687,US-WCr,US-WCr,2018-07-06,5.15153727,5.2,5.2,-0.48941185712414015,0.48941185712414015,0.25314865302153533,0.44955226776727,0.021262152802488905,0.022789806971869653,0.0026807679526438767,-0.3924863971241406,1.120422376315359,0.3111153346057015,4.71058814287586,True,4.71058814287586,True,4.71058814287586,True,4.71058814287586,True,4.71058814287586,True,4.71058814287586,True,4.71058814287586,True,4.832941107156895,4.919958889555162,True,True,0.75,0.5721992762709165,4.71058814287586,wind_stuck_7_days,2018
15688,US-WCr,US-WCr,2018-07-14,4.92331409,5.4,5.4,0.28113072053709115,0.28113072053709115,0.25315213049395363,0.5104294540645979,0.013752131705408885,0.019187738847851847,0.0026807679526438767,-0.2811307205370912,1.120422376315359,0.3111153346057015,5.681130720537092,True,5.681130720537092,True,5.681130720537092,True,5.681130720537092,True,5.681130720537092,True,5.681130720537092,True,5.681130720537092,True,5.610848040402819,5.430738413447324,True,True,0.75,0.10933850768282896,5.681130720537092,wind_stuck_7_days,2018
15689,US-WCr,US-WCr,2018-07-30,5.46499936,4.6,4.6,0.3752130992756296,0.3752130992756296,0.20328459732044615,0.5743792532014792,0.018860232951212915,0.022303422671162268,-0.01636733371641451,0.3752130992756296,1.120422376315359,0.3111153346057015,4.97521309927563,True,4.97521309927563,True,4.97521309927563,True,4.97521309927563,True,4.97521309927563,True,4.97521309927563,True,4.6,False,4.881409824456722,4.904356501845879,True,True,0.75,0.8111563866865428,4.97521309927563,wind_stuck_7_days,2018
15690,US-WCr,US-WCr,2018-08-07,6.15397386,4.1,4.1,0.8594085716206058,0.8594085716206058,0.2794409868532883,0.4579297428747805,0.11966451708172482,0.10563744524774088,-0.011462553261135284,0.8594085716206057,1.120422376315359,0.3111153346057015,4.959408571620606,True,4.959408571620606,True,4.959408571620606,True,4.959408571620606,True,4.959408571620606,True,4.959408571620606,True,4.1,False,4.744556428715454,4.921115776290762,True,True,0.75,0.9554428515209783,4.959408571620606,wind_stuck_7_days,2018
15691,US-WCr,US-WCr,2018-10-18,0.38633985,0.9,0.9,0.3908440903231917,0.3908440903231917,0.1335015221327239,0.5529051821533508,0.04983621282119023,0.05741870860222423,-0.03520540607154476,-0.3908440903231917,1.120422376315359,0.3111153346057015,1.2908440903231917,True,1.2908440903231917,True,1.2908440903231917,True,1.2908440903231917,True,1.2908440903231917,True,1.2908440903231917,True,0.9,False,1.193133067742394,1.2734562251003139,True,True,0.75,0.955512017059028,1.2875338780195091,wind_stuck_7_days,2018
16031,US-Wkg,US-CMW,2018-01-01,0.08502504,0.4,0.4,0.05748291255595087,0.05748291255595087,0.11730192825590212,0.38675946573997505,0.028312506050431514,0.023055167463133908,-0.006332586970748549,-0.057482912555950894,1.120422376315359,0.3111153346057015,0.4574829125559509,True,0.4574829125559509,True,0.4574829125559509,True,0.4574829125559509,True,0.4574829125559509,True,0.4574829125559509,True,0.4,False,0.4431121844169632,0.4574829125559509,True,True,0.75,1.0,0.4574829125559509,wind_stuck_7_days,2018
16032,US-Wkg,US-CMW,2018-01-25,0.17650665,0.9,0.9,-0.4824151592946861,0.4824151592946861,0.12627622561742718,0.2777714999238454,0.061219337160348844,0.08957919505812692,-0.007796061083258941,0.4824151592946861,1.120422376315359,0.3111153346057015,0.41758484070531393,True,0.41758484070531393,True,0.41758484070531393,True,0.41758484070531393,True,0.41758484070531393,True,0.41758484070531393,True,0.9,False,0.5381886305289855,0.5637008751492969,True,True,0.75,0.697115582649576,0.41758484070531393,wind_stuck_7_days,2018
16033,US-Wkg,US-CMW,2018-02-02,0.08664799,0.4,0.4,0.07359406070062136,0.07359406070062136,0.08217227521092303,0.3876728802299995,0.028312506050431514,0.023055167463133908,-0.006332586970748549,-0.07359406070062136,1.120422376315359,0.3111153346057015,0.4735940607006214,True,0.4735940607006214,True,0.4735940607006214,True,0.4735940607006214,True,0.4735940607006214,True,0.4735940607006214,True,0.4,False,0.45519554552546604,0.4735940607006214,True,True,0.75,1.0,0.4735940607006214,wind_stuck_7_days,2018
16034,US-Wkg,US-CMW,2018-02-26,0.36161953,1.1,1.1,-0.7306818751783256,0.7306818751783256,0.10709072124509868,0.3568859727170176,0.12386013954006064,0.2000399828916356,0.007625812396036526,0.7306818751783256,1.120422376315359,0.3111153346057015,0.3693181248216745,True,0.3693181248216745,True,0.3693181248216745,True,0.3693181248216745,True,0.3693181248216745,True,0.3693181248216745,True,0.3693181248216745,True,0.5519885936162559,0.6318352561029318,True,True,0.75,0.6407230831924098,0.3693181248216745,wind_stuck_7_days,2018
16035,US-Wkg,US-CMW,2018-03-22,0.62530274,1.4,1.4,-0.7413912324800018,0.7413912324800018,0.1141869055771034,0.5131727536528683,0.12071001791990206,0.16130154854513926,0.007625812396036526,0.7413912324800018,1.120422376315359,0.3111153346057015,0.6586087675199981,True,0.6586087675199981,True,0.6586087675199981,True,0.6586087675199981,True,0.6586087675199981,True,0.6586087675199981,True,0.6586087675199981,True,0.8439565756399985,1.094556011745401,True,True,0.75,0.4119875915349969,0.6586087675199981,wind_stuck_7_days,2018
16036,US-Wkg,US-CMW,2018-03-30,0.66583948,1.7,1.7,-0.9166348850905044,0.9166348850905044,0.087311955161355,0.3541930367192735,0.012844299116703218,0.019821951881903374,0.007625812396036526,0.9166348850905044,1.120422376315359,0.3111153346057015,0.7833651149094956,True,0.7833651149094956,True,0.7833651149094956,True,0.7833651149094956,True,0.7833651149094956,True,0.7833651149094956,True,0.7833651149094956,True,1.0125238361821216,1.3222014835773428,True,True,0.75,0.4121581259536671,0.7833651149094956,wind_stuck_7_days,2018
16037,US-Wkg,US-CMW,2018-05-09,0.55773386,1.9,1.9,-1.091072771446048,1.091072771446048,0.15794311242702824,0.3945410129823656,0.004294456276071957,-0.05471672619970528,-0.2023496032768617,1.091072771446048,1.120422376315359,0.3111153346057015,0.8089272285539519,True,0.8089272285539519,True,0.8089272285539519,True,0.8089272285539519,True,0.8089272285539519,True,1.9,False,1.9,False,1.081695421415464,1.665860020559566,True,True,0.75,0.2145961163801363,0.8089272285539519,wind_stuck_7_days,2018
16038,US-Wkg,US-CMW,2018-05-17,0.41371729,1.5,1.5,-0.4251664099296975,0.4251664099296975,0.19839551678791315,0.417846024055393,0.033194070888988056,0.029920288176864568,-0.019390399080665588,0.42516640992969745,1.120422376315359,0.3111153346057015,1.0748335900703025,True,1.0748335900703025,True,1.0748335900703025,True,1.0748335900703025,True,1.0748335900703025,True,1.0748335900703025,True,1.5,False,1.1811251925527269,1.3729777738481939,True,True,0.75,0.29875884638395955,1.0748335900703025,wind_stuck_7_days,2018
16039,US-Wkg,US-CMW,2018-05-25,0.34966995,1.4,1.4,-0.5125291903238964,0.5125291903238964,0.12700967189678758,0.295036627247608,0.04355977678473822,0.04907719758431347,-0.007796061083258941,0.5125291903238964,1.120422376315359,0.3111153346057015,0.8874708096761035,True,0.8874708096761035,True,0.8874708096761035,True,0.8874708096761035,True,0.8874708096761035,True,0.8874708096761035,True,1.4,False,1.0156031072570775,1.2972815723971454,True,True,0.75,0.20041478522997083,0.8874708096761035,wind_stuck_7_days,2018
16040,US-Wkg,US-CMW,2018-06-02,0.35284575,1.2,1.2,-0.4828693669292091,0.4828693669292091,0.15236079579866826,0.26930688592026597,0.04355977678473822,0.04907719758431347,-0.03871590449335144,0.4828693669292091,1.120422376315359,0.3111153346057015,0.7171306330707908,True,0.7171306330707908,True,0.7171306330707908,True,0.7171306330707908,True,0.7171306330707908,True,0.7171306330707908,True,1.2,False,0.8378479748030931,1.0914290940102842,True,True,0.75,0.22484529652433483,0.7171306330707908,wind_stuck_7_days,2018
16041,US-Wkg,US-CMW,2018-06-10,0.38274856,1.5,1.5,0.08896220401439643,0.08896220401439643,0.15148218625014295,0.46535385941017643,0.011774989816670165,0.007457026591782011,-0.020621408191773202,-0.08896220401439647,1.120422376315359,0.3111153346057015,1.5889622040143965,True,1.5889622040143965,True,1.5889622040143965,True,1.5889622040143965,True,1.5889622040143965,True,1.5889622040143965,True,1.5,False,1.5667216530107972,1.5889622040143965,True,True,0.75,1.0,1.5889622040143965,wind_stuck_7_days,2018
16042,US-Wkg,US-CMW,2018-06-18,2.56084001,1.4,1.4,-0.28876385248283837,0.28876385248283837,0.09769097031552026,0.3560265426435163,0.021134005043523942,0.024398567199836442,-0.0012959027790873535,-0.2887638524828384,1.120422376315359,0.3111153346057015,1.1112361475171615,True,1.1112361475171615,True,1.1112361475171615,True,1.1112361475171615,True,1.1112361475171615,True,1.1112361475171615,True,1.4,False,1.183427110637871,1.281868905011777,True,True,0.75,0.4090923914905295,1.1112361475171615,wind_stuck_7_days,2018
16043,US-Wkg,US-CMW,2018-06-26,1.28927332,2.0,2.0,0.13600314343923792,0.13600314343923792,0.12877352257138586,0.5275001917107754,-6.476619541064972e-05,-0.0062760606190140735,-0.020621408191773202,-0.13600314343923792,1.120422376315359,0.3111153346057015,2.136003143439238,True,2.136003143439238,True,2.136003143439238,True,2.0,False,2.0,False,2.0,False,2.0,False,2.1020023575794284,2.136003143439238,True,True,0.75,1.0,2.136003143439238,wind_stuck_7_days,2018
16044,US-Wkg,US-CMW,2018-08-13,3.06964487,3.4,3.4,-0.5686671795935998,0.5686671795935998,0.19096064043463012,0.4578307730791808,-0.02911302175672758,-0.03342358642970153,0.0026807679526438767,0.0920430804064003,1.120422376315359,0.3111153346057015,2.8313328204064003,True,2.8313328204064003,True,2.8313328204064003,True,3.4,False,3.4,False,3.4,False,2.8313328204064003,True,2.9734996153048,3.335899910315344,True,True,0.75,0.11271986846588443,2.8313328204064003,wind_stuck_7_days,2018
16045,US-Wkg,US-CMW,2018-08-29,3.66662286,2.7,2.7,-0.7883215164583962,0.7883215164583962,0.15451253891217565,0.3485543240308604,-0.019281470665272013,-0.010983429048771297,0.02434272712862545,-0.7883215164583963,1.120422376315359,0.3111153346057015,1.9116784835416039,True,1.9116784835416039,True,1.9116784835416039,True,2.7,False,2.7,False,2.7,False,1.9116784835416039,True,2.1087588626562033,2.5077953700438598,True,True,0.75,0.24381502463567994,1.9116784835416039,wind_stuck_7_days,2018
16046,US-Wkg,US-CMW,2018-09-06,2.61435637,2.7,2.7,-0.9185493407910554,0.9185493407910554,0.2083201805822788,0.39349267730536513,0.024997249800425985,0.0024424188907484845,0.02434272712862545,-0.7472620807910548,1.120422376315359,0.3111153346057015,1.7814506592089447,True,1.7814506592089447,True,1.7814506592089447,True,1.7814506592089447,True,1.7814506592089447,True,1.7814506592089447,True,1.7814506592089447,True,2.011087994406709,2.3214124251035826,True,True,0.75,0.4121581259536671,1.7814506592089447,wind_stuck_7_days,2018
16047,US-Wkg,US-CMW,2018-09-14,2.47152711,2.3,2.3,-0.4547427119324154,0.4547427119324154,0.17194507879479512,0.42624142892970945,-0.01572705927840595,-0.014214137568700458,-0.0014205266441136755,-0.45474271193241544,1.120422376315359,0.3111153346057015,1.8452572880675844,True,1.8452572880675844,True,1.8452572880675844,True,2.3,False,2.3,False,2.3,False,2.3,False,1.9589429660506883,2.221007851464415,True,True,0.75,0.17370734365353482,1.8452572880675844,wind_stuck_7_days,2018
16048,US-Wkg,US-CMW,2018-09-22,2.05526699,2.3,2.3,-0.5141204746880559,0.5141204746880559,0.14468301960734914,0.4329093542160708,0.03488581701984643,0.032634216396293846,-0.0014205266441136755,-0.024654454688055827,1.120422376315359,0.3111153346057015,1.785879525311944,True,1.785879525311944,True,1.785879525311944,True,1.785879525311944,True,1.785879525311944,True,1.785879525311944,True,2.3,False,1.914409643983958,2.0219491423304703,True,True,0.75,0.5408282131503083,1.785879525311944,wind_stuck_7_days,2018
16049,US-Wkg,US-CMW,2018-09-30,1.08160076,1.7,1.7,-0.5342364926374094,0.5342364926374094,0.14540970506015818,0.3096730676927161,0.026441870186706937,0.03876408083555674,-0.007796061083258941,0.5342364926374094,1.120422376315359,0.3111153346057015,1.1657635073625907,True,1.1657635073625907,True,1.1657635073625907,True,1.1657635073625907,True,1.1657635073625907,True,1.1657635073625907,True,1.7,False,1.299322630521943,1.4365319022556253,True,True,0.75,0.49316754166996324,1.1657635073625907,wind_stuck_7_days,2018
16050,US-Wkg,US-CMW,2018-10-24,1.77592545,1.0,1.0,-0.03328922484222006,0.03328922484222006,0.08539545193036527,0.355673371736897,0.02667724533781374,0.025981294620656837,-0.007796061083258941,-0.03328922484222008,1.120422376315359,0.3111153346057015,0.9667107751577799,True,0.9667107751577799,True,0.9667107751577799,True,0.9667107751577799,True,0.9667107751577799,True,0.9667107751577799,True,1.0,False,0.975033081368335,0.9667107751577799,True,True,0.75,1.0,0.9667107751577799,wind_stuck_7_days,2018
16051,US-Wkg,US-CMW,2018-11-09,0.60316651,1.1,1.1,-0.2583963209018727,0.2583963209018727,0.08269451586537338,0.3020929386769836,0.04129105694965495,0.040863539261476824,-0.007796061083258941,0.2583963209018727,1.120422376315359,0.3111153346057015,0.8416036790981274,True,0.8416036790981274,True,0.8416036790981274,True,0.8416036790981274,True,0.8416036790981274,True,0.8416036790981274,True,1.1,False,0.9062027593235955,0.965737772317831,True,True,0.75,0.5195980624397352,0.8416036790981274,wind_stuck_7_days,2018
16052,US-Wkg,US-CMW,2018-11-17,0.28926211,0.8,0.8,-0.24473679751307165,0.24473679751307165,0.05696783622053319,0.25226052610549204,0.02667724533781374,0.028604816045432437,-0.007796061083258941,0.24473679751307165,1.120422376315359,0.3111153346057015,0.5552632024869284,True,0.5552632024869284,True,0.5552632024869284,True,0.5552632024869284,True,0.5552632024869284,True,0.5552632024869284,True,0.8,False,0.6164474018651963,0.6601795539679566,True,True,0.75,0.5713094534734832,0.5552632024869284,wind_stuck_7_days,2018
16053,US-Wkg,US-CMW,2018-11-25,0.22191328,0.6,0.6,-0.03825480526343654,0.03825480526343654,0.05536120482786691,0.31937405212732023,0.02667724533781374,0.025981294620656837,-0.007796061083258941,0.03825480526343655,1.120422376315359,0.3111153346057015,0.5617451947365635,True,0.5617451947365635,True,0.5617451947365635,True,0.5617451947365635,True,0.5617451947365635,True,0.5617451947365635,True,0.6,False,0.5713088960524225,0.5617451947365635,True,True,0.75,1.0,0.5617451947365635,wind_stuck_7_days,2018
16054,US-Wkg,US-CMW,2018-12-03,0.43838688,0.5,0.5,0.05360833293364986,0.05360833293364986,0.092759145053834,0.36914692056834064,0.024004449167574514,0.019617780455122972,-0.007796061083258941,-0.05360833293364986,1.120422376315359,0.3111153346057015,0.5536083329336499,True,0.5536083329336499,True,0.5536083329336499,True,0.5536083329336499,True,0.5536083329336499,True,0.5536083329336499,True,0.5,False,0.5402062497002373,0.5536083329336499,True,True,0.75,1.0,0.5536083329336499,wind_stuck_7_days,2018
16055,US-Wkg,US-CMW,2018-12-19,0.33597782,0.8,0.8,-0.1084123889387862,0.1084123889387862,0.09143558182141426,0.2503203189112292,0.02667724533781374,0.025981294620656837,-0.007796061083258941,0.10841238893878619,1.120422376315359,0.3111153346057015,0.6915876110612138,True,0.6915876110612138,True,0.6915876110612138,True,0.6915876110612138,True,0.6915876110612138,True,0.6915876110612138,True,0.8,False,0.7186907082959104,0.6915876110612138,True,True,0.75,1.0,0.6915876110612138,wind_stuck_7_days,2018
16102,US-xDC,US-xDC,2018-09-02,2.56493662,2.2,2.2,-0.17632120786590036,0.17632120786590036,0.18062949241699292,0.39122825439601006,0.019603191732382688,0.020650199413973298,-0.0014205266441136755,-0.17632120786590033,1.120422376315359,0.3111153346057015,2.0236787921341,True,2.0236787921341,True,2.0236787921341,True,2.0236787921341,True,2.0236787921341,True,2.0236787921341,True,2.2,False,2.067759094100575,2.02546090812184,True,True,0.75,0.9898927870940196,2.0236787921341,wind_stuck_7_days,2018
16103,US-xDC,US-xDC,2018-10-19,0.99494809,0.6,0.6,0.235532475214617,0.235532475214617,0.08624801737712959,0.3190866960538171,0.02667724533781374,0.028604816045432437,-0.007796061083258941,0.235532475214617,1.120422376315359,0.3111153346057015,0.8355324752146169,True,0.8355324752146169,True,0.8355324752146169,True,0.8355324752146169,True,0.8355324752146169,True,0.8355324752146169,True,0.6,False,0.7766493564109627,0.7686993001832789,True,True,0.75,0.7162464540380696,0.8355324752146169,wind_stuck_7_days,2018
16104,US-xDC,US-xDC,2018-10-20,0.77122201,0.6,0.6,0.3570047523469,0.3570047523469,0.10906926522286656,0.4928621247234979,0.047163416650951,0.04843167301191477,-0.03206106961967883,-0.014560732346899918,1.120422376315359,0.3111153346057015,0.9570047523469,True,0.9570047523469,True,0.9570047523469,True,0.9570047523469,True,0.9570047523469,True,0.9570047523469,True,0.6,False,0.867753564260175,0.9570047523469,True,True,0.75,1.0,0.9570047523469,wind_stuck_7_days,2018
16134,US-xSB,US-SP2,2018-07-06,3.21531117,4.3,4.3,0.5778422381346212,0.5778422381346212,0.197350800762665,0.5202541321725149,0.0408221085102518,0.06672473741340713,-0.013222997264548578,-0.5778422381346213,1.120422376315359,0.3111153346057015,4.877842238134621,True,4.877842238134621,True,4.877842238134621,True,4.877842238134621,True,4.877842238134621,True,4.877842238134621,True,4.3,False,4.733381678600965,4.804002063170184,True,True,0.75,0.8722139537552566,4.877842238134621,wind_stuck_7_days,2018
16144,US-xSL,US-xSL,2018-05-04,5.37660912,3.0,3.0,-0.38586208707370545,0.38586208707370545,0.08230840626443407,0.3852883578450296,0.019174772308772858,0.027298326344248374,0.0026807679526438767,-0.3858620870737055,1.120422376315359,0.3111153346057015,2.6141379129262945,True,2.6141379129262945,True,2.6141379129262945,True,2.6141379129262945,True,2.6141379129262945,True,2.6141379129262945,True,2.6141379129262945,True,2.710603434694721,2.7680182324768885,True,True,0.75,0.6012038375742252,2.6141379129262945,wind_stuck_7_days,2018
16145,US-xSL,US-xSL,2018-05-20,2.98324406,3.0,3.0,-0.13454527010889647,0.13454527010889647,0.2073084049542617,0.7390102900599385,0.034136549586776484,0.020650199413973298,-0.011278729379250153,-0.10103339010889664,1.120422376315359,0.3111153346057015,2.8654547298911037,True,2.8654547298911037,True,2.8654547298911037,True,2.8654547298911037,True,2.8654547298911037,True,2.8654547298911037,True,3.0,False,2.899091047418328,2.8654547298911037,True,True,0.75,1.0,2.8654547298911037,wind_stuck_7_days,2018
16146,US-xSL,US-xSL,2018-07-07,3.74619377,2.4,2.4,0.6294176749223416,0.6294176749223416,0.2014757185522896,0.2992241473273881,0.10122270056903024,0.11969903785007713,-0.035417322118005815,0.6294176749223416,1.120422376315359,0.3111153346057015,3.0294176749223416,True,3.0294176749223416,True,3.0294176749223416,True,3.0294176749223416,True,3.0294176749223416,True,3.0294176749223416,True,2.4,False,2.872063256191756,2.7211318414707066,True,True,0.75,0.5102046769028666,3.0294176749223416,wind_stuck_7_days,2018
16147,US-xSL,US-xSL,2018-10-27,0.83365198,0.8,0.8,-0.33424229792316656,0.33424229792316656,0.12468047549767207,0.4103773397468011,0.043630897860752055,0.048324987043553716,-0.007796061083258941,-0.33424229792316656,1.120422376315359,0.3111153346057015,0.4657577020768335,True,0.4657577020768335,True,0.4657577020768335,True,0.4657577020768335,True,0.4657577020768335,True,0.4657577020768335,True,0.8,False,0.5493182765576251,0.599215999687702,True,True,0.75,0.6007139178969291,0.4657577020768335,wind_stuck_7_days,2018
16148,US-xSL,US-xSL,2018-11-04,0.37521602,0.7,0.7,-0.07617474618837866,0.07617474618837866,0.1036898369278335,0.27076617167038003,0.02667724533781374,0.025981294620656837,-0.007796061083258941,0.07617474618837866,1.120422376315359,0.3111153346057015,0.6238252538116213,True,0.6238252538116213,True,0.6238252538116213,True,0.6238252538116213,True,0.6238252538116213,True,0.6238252538116213,True,0.7,False,0.642868940358716,0.6238252538116213,True,True,0.75,1.0,0.6238252538116213,wind_stuck_7_days,2018
16154,US-xST,US-xST,2018-09-16,3.54327625,3.2,3.2,0.5148818424262329,0.5148818424262329,0.14010161571985852,0.47653238621658545,0.031714214179852505,0.04169169285838459,-0.013222997264548578,0.17167065757376654,1.120422376315359,0.3111153346057015,3.714881842426233,True,3.714881842426233,True,3.714881842426233,True,3.714881842426233,True,3.714881842426233,True,3.714881842426233,True,3.2,False,3.5861613818196747,3.6556419916610414,True,True,0.75,0.8849447661893827,3.714881842426233,wind_stuck_7_days,2018
16155,US-xST,US-xST,2018-10-18,0.6935073,1.0,1.0,0.2691523642558131,0.2691523642558131,0.12439821242671412,0.5424604771880616,0.04749637191009313,0.049957260820147335,-0.010940397535124869,-0.2691523642558131,1.120422376315359,0.3111153346057015,1.2691523642558131,True,1.2691523642558131,True,1.2691523642558131,True,1.2691523642558131,True,1.2691523642558131,True,1.2691523642558131,True,1.0,False,1.2018642731918598,1.1895978656379866,True,True,0.75,0.7044257856036711,1.2691523642558131,wind_stuck_7_days,2018
16159,US-xUN,US-xUN,2018-05-03,0.69953938,1.5,1.5,0.5624116534677679,0.5624116534677679,0.10894363792519572,0.3352585114226826,0.06400072762098169,0.08249340532908786,-0.03206106961967883,-0.5624116534677679,1.120422376315359,0.3111153346057015,2.062411653467768,True,2.062411653467768,True,2.062411653467768,True,2.062411653467768,True,2.062411653467768,True,2.062411653467768,True,1.5,False,1.921808740100826,1.9413946193555505,True,True,0.75,0.7848248104994983,2.062411653467768,wind_stuck_7_days,2018
16160,US-xUN,US-xUN,2018-05-12,1.04733424,2.4,2.4,-0.1716592481770615,0.1716592481770615,0.1310618738434881,0.4387424206844823,0.019603191732382688,0.020650199413973298,-0.0014205266441136755,0.17165924817706157,1.120422376315359,0.3111153346057015,2.2283407518229383,True,2.2283407518229383,True,2.2283407518229383,True,2.2283407518229383,True,2.2283407518229383,True,2.2283407518229383,True,2.4,False,2.2712555638672036,2.2283407518229383,True,True,0.75,1.0,2.2283407518229383,wind_stuck_7_days,2018
16161,US-xUN,US-xUN,2018-05-20,2.35942491,4.3,4.3,-1.6159899822037667,1.6159899822037667,0.2515871718601272,0.46360325369132055,0.7857922362973302,0.7181170219008035,-0.16836014588286335,1.6159899822037667,1.120422376315359,0.3111153346057015,2.684010017796233,True,2.684010017796233,True,2.684010017796233,True,2.684010017796233,True,2.684010017796233,True,2.684010017796233,True,4.3,False,3.0880075133471747,2.715490537604837,True,True,0.75,0.9805193595534093,2.684010017796233,wind_stuck_7_days,2018
16162,US-xUN,US-xUN,2018-06-13,8.08909825,5.3,5.3,-0.15853280039568377,0.15853280039568377,0.20723654594110671,0.5599279911444415,0.007546816744970707,0.01009401728918132,-0.00046356849922204985,-0.15853280039568363,1.120422376315359,0.3111153346057015,5.141467199604316,True,5.141467199604316,True,5.141467199604316,True,5.141467199604316,True,5.141467199604316,True,5.141467199604316,True,5.3,False,5.1811003997032365,5.160634128476675,True,True,0.75,0.8790980237243068,5.141467199604316,wind_stuck_7_days,2018
16163,US-xUN,US-xUN,2018-07-06,5.55297749,5.2,5.2,-0.45520401819969275,0.45520401819969275,0.276980987560625,0.43864181082050974,0.021262152802488905,0.022789806971869653,0.0026807679526438767,-0.4552040181996928,1.120422376315359,0.3111153346057015,4.744795981800308,True,4.744795981800308,True,4.744795981800308,True,4.744795981800308,True,4.744795981800308,True,4.744795981800308,True,4.744795981800308,True,4.85859698635023,4.891671051364099,True,True,0.75,0.6773423263162859,4.744795981800308,wind_stuck_7_days,2018
16164,US-xUN,US-xUN,2018-07-14,5.18680616,5.1,5.1,0.43507520093040714,0.43507520093040714,0.2726535670155216,0.40474675287338957,0.01908637911813254,0.02640835098683608,-0.013222997264548578,-0.261462880930407,1.120422376315359,0.3111153346057015,5.5350752009304065,True,5.5350752009304065,True,5.5350752009304065,True,5.5350752009304065,True,5.5350752009304065,True,5.5350752009304065,True,5.1,False,5.426306400697805,5.44163063034569,True,True,0.75,0.7852220251007513,5.5350752009304065,wind_stuck_7_days,2018
16165,US-xUN,US-xUN,2018-07-30,4.20099539,4.5,4.5,0.4986813999829952,0.4986813999829952,0.21715432808073942,0.6002144539692184,0.024258335967667296,0.03985472726377736,-0.018706612017620618,-0.4986813999829952,1.120422376315359,0.3111153346057015,4.9986813999829955,True,4.9986813999829955,True,4.9986813999829955,True,4.9986813999829955,True,4.9986813999829955,True,4.9986813999829955,True,4.5,False,4.874011049987247,4.90614278246839,True,True,0.75,0.8144333886971491,4.9986813999829955,wind_stuck_7_days,2018
16166,US-xUN,US-xUN,2018-08-23,5.9862616,4.6,4.6,0.08023923824929911,0.08023923824929911,0.20164951320293892,0.5122642397600019,0.007546816744970707,0.01009401728918132,0.0026807679526438767,0.08023923824929913,1.120422376315359,0.3111153346057015,4.680239238249299,True,4.680239238249299,True,4.680239238249299,True,4.680239238249299,True,4.680239238249299,True,4.680239238249299,True,4.680239238249299,True,4.660179428686974,4.680239238249299,True,True,0.75,1.0,4.680239238249299,wind_stuck_7_days,2018
16167,US-xUN,US-xUN,2018-09-08,3.6097414,3.0,3.0,-0.11571571947993395,0.11571571947993395,0.18386947747737833,0.4162441563855154,0.019603191732382688,0.020650199413973298,0.0026807679526438767,-0.11571571947993398,1.120422376315359,0.3111153346057015,2.884284280520066,True,2.884284280520066,True,2.884284280520066,True,2.884284280520066,True,2.884284280520066,True,2.884284280520066,True,2.884284280520066,True,2.9132132103900497,2.884284280520066,True,True,0.75,1.0,2.884284280520066,wind_stuck_7_days,2018
16168,US-xUN,US-xUN,2018-09-16,3.43348717,3.1,3.1,0.5980896817060148,0.5980896817060148,0.19862946349293453,0.500140097133065,0.08605549450650593,0.08662504590071562,-0.014497530584176944,0.0688846582939846,1.120422376315359,0.3111153346057015,3.6980896817060147,True,3.6980896817060147,True,3.6980896817060147,True,3.6980896817060147,True,3.6980896817060147,True,3.6980896817060147,True,3.1,False,3.548567261279511,3.6980896817060147,True,True,0.75,1.0,3.6980896817060147,wind_stuck_7_days,2018
16169,US-xUN,US-xUN,2018-10-18,0.40363557,1.5,1.5,-0.07335329663333204,0.07335329663333204,0.09886159414589175,0.44913767208722744,0.02667724533781374,0.025981294620656837,-0.007796061083258941,0.07335329663333212,1.120422376315359,0.3111153346057015,1.4266467033666679,True,1.4266467033666679,True,1.4266467033666679,True,1.4266467033666679,True,1.4266467033666679,True,1.4266467033666679,True,1.5,False,1.444985027525001,1.4266467033666679,True,True,0.75,1.0,1.4226313694777442,wind_stuck_7_days,2018
16360,stonevillesoy,stonevillesoy,2018-05-21,3.36344101,1.4,1.4,1.352161564493435,1.352161564493435,0.27608502224491044,0.8755773686039031,0.11002882653653862,0.22198297396065722,-0.4162305950079075,1.352161564493435,1.120422376315359,0.3111153346057015,2.752161564493435,True,2.752161564493435,True,1.4,False,2.752161564493435,True,1.4,False,2.752161564493435,True,1.4,False,2.4141211733700763,2.259122403828597,True,True,0.75,0.6353696380583431,2.752161564493435,wind_stuck_7_days,2018
16361,stonevillesoy,stonevillesoy,2018-07-16,5.33730526,3.9,3.9,0.5995636870685076,0.5995636870685076,0.23435183358065176,0.5217741123448689,0.04161739351594225,0.03776393097116373,-0.014497530584176944,0.5995636870685076,1.120422376315359,0.3111153346057015,4.499563687068507,True,4.499563687068507,True,4.499563687068507,True,4.499563687068507,True,4.499563687068507,True,4.499563687068507,True,3.9,False,4.3496727653013805,4.4777257043112435,True,True,0.75,0.9635768756042612,4.499563687068507,wind_stuck_7_days,2018
16362,stonevillesoy,stonevillesoy,2018-09-02,4.70846906,4.0,4.0,-0.13441671538018257,0.13441671538018257,0.19652105458559246,0.4078006302203083,0.008723565744852144,0.010652381344428594,0.0026807679526438767,-0.13441671538018252,1.120422376315359,0.3111153346057015,3.8655832846198175,True,3.8655832846198175,True,3.8655832846198175,True,3.8655832846198175,True,3.8655832846198175,True,3.8655832846198175,True,3.8655832846198175,True,3.899187463464863,3.8655832846198175,True,True,0.75,1.0,3.8655832846198175,wind_stuck_7_days,2018
16363,stonevillesoy,stonevillesoy,2018-09-18,1.9726961,3.0,3.0,-0.17416821782289962,0.17416821782289962,0.18263782197060938,0.4763623447606246,0.016366954651239,0.016255914051302927,0.0026807679526438767,0.1741682178228996,1.120422376315359,0.3111153346057015,2.8258317821771004,True,2.8258317821771004,True,2.8258317821771004,True,2.8258317821771004,True,2.8258317821771004,True,2.8258317821771004,True,2.8258317821771004,True,2.869373836632825,2.8258317821771004,True,True,0.75,1.0,2.8258317821771004,wind_stuck_7_days,2018
247,Almond_High,Almond_High,2019-01-04,0.5657079,1.6,1.6,-0.7308239643314434,0.7308239643314434,0.16992018400375622,0.618253161342204,0.12175409336602905,0.12009413597969265,-0.14133758359341891,0.7308239643314434,1.0856841945296203,0.31946438429784235,0.8691760356685567,True,0.8691760356685567,True,0.8691760356685567,True,0.8691760356685567,True,0.8691760356685567,True,0.8691760356685567,True,1.6,False,1.2345880178342785,1.304847480578133,True,True,0.5,0.4038626725819974,0.8691760356685567,wind_stuck_7_days,2019
248,Almond_High,Almond_High,2019-01-12,1.36461371,1.2,1.2,-0.19737446826470945,0.19737446826470945,0.16697359969157513,0.4407165465591462,0.0070243713816480315,0.007717923769237176,-0.014311646000022736,-0.19737446826470945,1.0856841945296203,0.31946438429784235,1.0026255317352906,True,1.0026255317352906,True,1.0026255317352906,True,1.0026255317352906,True,1.0026255317352906,True,1.0026255317352906,True,1.2,False,1.1013127658676451,1.0315546488048284,True,True,0.5,0.8534302976272516,1.0150688297644876,wind_stuck_7_days,2019
249,Almond_High,Almond_High,2019-01-13,0.61759135,0.9,0.9,-0.13101482137503095,0.13101482137503095,0.14433009181651513,0.36482339121327484,0.0070243713816480315,0.007717923769237176,-0.014311646000022736,0.13101482137503095,1.0856841945296203,0.31946438429784235,0.7689851786249691,True,0.7689851786249691,True,0.7689851786249691,True,0.7689851786249691,True,0.7689851786249691,True,0.7689851786249691,True,0.9,False,0.8344925893124846,0.7689851786249691,True,True,0.5,1.0,0.7758025264681,wind_stuck_7_days,2019
250,Almond_High,Almond_High,2019-01-21,1.45540854,1.0,1.0,0.1114714958628521,0.1114714958628521,0.18314650205890634,0.5476534682023007,0.0070243713816480315,0.007717923769237176,-0.014311646000022736,0.1114714958628521,1.0856841945296203,0.31946438429784235,1.111471495862852,True,1.111471495862852,True,1.111471495862852,True,1.111471495862852,True,1.111471495862852,True,1.111471495862852,True,1.0,False,1.055735747931426,1.111471495862852,True,True,0.5,1.0,1.111471495862852,wind_stuck_7_days,2019
251,Almond_High,Almond_High,2019-02-05,1.741929,1.1,1.1,-0.06962168678696186,0.06962168678696186,0.19134083295014637,0.521949552259531,0.03267807199930608,0.007717923769237176,-0.014311646000022736,-0.0696216867869619,1.0856841945296203,0.31946438429784235,1.0303783132130382,True,1.0303783132130382,True,1.0303783132130382,True,1.0303783132130382,True,1.0303783132130382,True,1.0303783132130382,True,1.1,False,1.0651891566065192,1.0303783132130382,True,True,0.5,1.0,1.0717291075398612,wind_stuck_7_days,2019
252,Almond_High,Almond_High,2019-02-06,1.08338083,1.5,1.5,-0.48204638975323333,0.48204638975323333,0.24881068589769145,0.6769169182948952,-0.006998268642185515,-0.0047368507019783755,-0.022501481924018206,0.3511919502467665,1.0856841945296203,0.31946438429784235,1.0179536102467668,True,1.0179536102467668,True,1.0179536102467668,True,1.5,False,1.5,False,1.5,False,1.5,False,1.2589768051233834,1.2493197689732227,True,True,0.5,0.5200334166076925,1.0324165706262551,wind_stuck_7_days,2019
253,Almond_High,Almond_High,2019-02-22,1.62682138,1.9,1.9,-0.4979348079659984,0.4979348079659984,0.1465981609534713,0.5390060861628971,0.003962038832926644,0.00339012225236169,-0.016826435251916006,0.04842243203400143,1.0856841945296203,0.31946438429784235,1.4020651920340015,True,1.4020651920340015,True,1.4020651920340015,True,1.4020651920340015,True,1.4020651920340015,True,1.4020651920340015,True,1.9,False,1.6510325960170007,1.6344209437605919,True,True,0.5,0.5333610986632275,1.4020651920340015,wind_stuck_7_days,2019
254,Almond_High,Almond_High,2019-03-09,1.91257193,2.0,2.0,-0.22316117713217345,0.22316117713217345,0.20052220453461722,0.7432167793411718,-0.0007708387714624376,-0.0047368507019783755,-0.010390994209762274,-0.048305037132173295,1.0856841945296203,0.31946438429784235,1.7768388228678265,True,1.7768388228678265,True,1.7768388228678265,True,2.0,False,2.0,False,2.0,False,2.0,False,1.8884194114339132,1.8388606704434265,True,True,0.5,0.7220759973905951,1.7768388228678265,wind_stuck_7_days,2019
255,Almond_High,Almond_High,2019-03-10,1.29063663,2.5,2.5,-0.3636923647957321,0.3636923647957321,0.17923186261853788,0.4307299684316218,0.0005612132514767025,0.00339012225236169,-0.014311646000022736,0.3636923647957321,1.0856841945296203,0.31946438429784235,2.136307635204268,True,2.136307635204268,True,2.136307635204268,True,2.136307635204268,True,2.136307635204268,True,2.136307635204268,True,2.5,False,2.318153817602134,2.3341926188600826,True,True,0.5,0.45590008806768073,2.136307635204268,wind_stuck_7_days,2019
256,Almond_High,Almond_High,2019-03-17,2.37538794,3.3,3.3,-0.41636899830370544,0.41636899830370544,0.17221279468123524,0.555290136394291,0.0005612132514767025,0.00339012225236169,-0.010390994209762274,0.41636899830370544,1.0856841945296203,0.31946438429784235,2.8836310016962945,True,2.8836310016962945,True,2.8836310016962945,True,2.8836310016962945,True,2.8836310016962945,True,2.8836310016962945,True,3.3,False,3.091815500848147,3.1450889047961867,True,True,0.5,0.37205242425570445,2.8836310016962945,wind_stuck_7_days,2019
257,Almond_High,Almond_High,2019-03-18,3.42356314,3.6,3.6,-0.2377272982456252,0.2377272982456252,0.19881777454158678,0.5532133293659509,0.018195649606516907,0.00339012225236169,-0.010390994209762274,0.11514642175437464,1.0856841945296203,0.31946438429784235,3.362272701754375,True,3.362272701754375,True,3.362272701754375,True,3.362272701754375,True,3.362272701754375,True,3.362272701754375,True,3.6,False,3.4811363508771875,3.4468282269785755,True,True,0.5,0.6443171404874334,3.362272701754375,wind_stuck_7_days,2019
258,Almond_High,Almond_High,2019-03-26,3.07729937,3.8,3.8,-0.661778197287326,0.661778197287326,0.2384830415149978,0.5254719987487313,0.009813115204729076,-0.02415178266133278,-0.014995402757638391,0.661778197287326,1.0856841945296203,0.31946438429784235,3.138221802712674,True,3.138221802712674,True,3.138221802712674,True,3.138221802712674,True,3.138221802712674,True,3.8,False,3.8,False,3.469110901356337,3.4781466887305217,True,True,0.5,0.4863461996614226,3.138221802712674,wind_stuck_7_days,2019
259,Almond_High,Almond_High,2019-04-02,5.36525867,4.2,4.2,-0.7458627183673505,0.7458627183673505,0.23179004217363633,0.44594037346608434,-0.043877509189597604,-0.007088697806726195,-0.07243153519151346,-0.7458627183673505,1.0856841945296203,0.31946438429784235,3.45413728163265,True,3.45413728163265,True,3.45413728163265,True,4.2,False,4.2,False,4.2,False,4.2,False,3.827068640816325,3.914783140799415,True,True,0.5,0.3823985998722497,3.45413728163265,wind_stuck_7_days,2019
260,Almond_High,Almond_High,2019-04-10,5.6611488,5.3,5.3,0.3410692370144823,0.3410692370144823,0.30170538526991686,0.9672060816820022,-0.013774498096979278,-0.018728400352873965,-0.01402216989927223,0.3410692370144823,1.0856841945296203,0.31946438429784235,5.641069237014482,True,5.641069237014482,True,5.3,False,5.3,False,5.3,False,5.3,False,5.3,False,5.470534618507241,5.456321250935911,True,True,0.5,0.4583270314973436,5.641069237014482,wind_stuck_7_days,2019
261,Almond_High,Almond_High,2019-04-18,5.33647781,5.4,5.4,-0.6354159471483427,0.6354159471483427,0.384176633257124,0.6670106102189924,-0.02009771249274677,-0.03299187057495994,-0.03770209406422532,-0.5083715671483418,1.0856841945296203,0.31946438429784235,4.764584052851657,True,5.4,False,4.764584052851657,True,5.4,False,5.4,False,5.4,False,5.4,False,5.082292026425829,5.4,True,False,0.5,0.0,4.764584052851657,wind_stuck_7_days,2019
262,Almond_High,Almond_High,2019-04-19,6.92378269,5.2,5.2,-0.22443575541528032,0.22443575541528032,0.3323787452755935,0.7088763554496966,-0.010103098991464285,-0.0013148613419834772,-0.010390994209762274,-0.22443575541528027,1.0856841945296203,0.31946438429784235,4.97556424458472,True,4.97556424458472,True,4.97556424458472,True,5.2,False,5.2,False,5.2,False,5.2,False,5.08778212229236,5.052154533807979,True,True,0.5,0.6587429258696254,4.97556424458472,wind_stuck_7_days,2019
263,Almond_High,Almond_High,2019-04-26,7.56737462,5.9,5.9,0.03714622093905368,0.03714622093905368,0.16799552817085134,0.6871663378929307,-0.010098211615360534,0.002439649659661146,-0.010390994209762274,0.03714622093905362,1.0856841945296203,0.31946438429784235,5.937146220939054,True,5.937146220939054,True,5.937146220939054,True,5.9,False,5.9,False,5.937146220939054,True,5.9,False,5.918573110469527,5.937146220939054,True,True,0.5,1.0,5.937146220939054,wind_stuck_7_days,2019
264,Almond_High,Almond_High,2019-04-27,6.48281506,5.8,5.8,-0.20072526375930372,0.20072526375930372,0.23267753539442357,0.5290897260690837,0.015405409738398646,0.013686743371695795,-0.010390994209762274,-0.20072526375930377,1.0856841945296203,0.31946438429784235,5.599274736240696,True,5.599274736240696,True,5.599274736240696,True,5.599274736240696,True,5.599274736240696,True,5.599274736240696,True,5.8,False,5.699637368120348,5.622277608719151,True,True,0.5,0.8854012093562929,5.599274736240696,wind_stuck_7_days,2019
265,Almond_High,Almond_High,2019-05-04,6.5599377,6.2,6.2,0.31582706434735586,0.31582706434735586,0.30963828917237357,0.568153083914578,0.05973783369625427,-0.008927283368624986,-0.010390994209762274,0.31582706434735586,1.0856841945296203,0.31946438429784235,6.515827064347356,True,6.515827064347356,True,6.515827064347356,True,6.515827064347356,True,6.515827064347356,True,6.2,False,6.2,False,6.357913532173678,6.261596256421914,True,True,0.5,0.1950315960071384,6.515827064347356,wind_stuck_7_days,2019
266,Almond_High,Almond_High,2019-05-05,4.93597772,5.6,5.6,-0.24764313088434933,0.24764313088434933,0.320845937797068,0.7195720445498865,-0.015029321989948639,-0.012872609553159713,-0.010390994209762274,0.2476431308843493,1.0856841945296203,0.31946438429784235,5.35235686911565,True,5.35235686911565,True,5.35235686911565,True,5.6,False,5.6,False,5.6,False,5.6,False,5.476178434557825,5.466573967538954,True,True,0.5,0.5387834985956291,5.35235686911565,wind_stuck_7_days,2019
267,Almond_High,Almond_High,2019-05-12,7.13280409,6.7,6.7,0.08930026059877824,0.08930026059877824,0.3512631085239571,0.8171466890330172,0.006717655304928287,-0.030248859614008337,-0.010390994209762274,0.08930026059877827,1.0856841945296203,0.31946438429784235,6.789300260598778,True,6.789300260598778,True,6.789300260598778,True,6.789300260598778,True,6.789300260598778,True,6.7,False,6.7,False,6.744650130299389,6.789300260598778,True,True,0.5,1.0,6.789300260598778,wind_stuck_7_days,2019
268,Almond_High,Almond_High,2019-05-13,7.94173797,6.3,6.3,-0.07945251506428949,0.07945251506428949,0.27786607521495393,0.7657984023617217,0.01054535647948007,-0.027426096160898156,-0.010390994209762274,-0.07945251506428952,1.0856841945296203,0.31946438429784235,6.22054748493571,True,6.22054748493571,True,6.22054748493571,True,6.22054748493571,True,6.22054748493571,True,6.3,False,6.3,False,6.260273742467855,6.22054748493571,True,True,0.5,1.0,6.22054748493571,wind_stuck_7_days,2019
269,Almond_High,Almond_High,2019-06-05,9.08666714,7.0,7.0,0.9504817114904945,0.9504817114904945,0.4243731163501562,0.7882648600243886,-0.25134906085626574,-0.22489904617868622,-0.0769518164012287,0.9504817114904944,1.0856841945296203,0.31946438429784235,7.950481711490495,True,7.0,False,7.950481711490495,True,7.0,False,7.0,False,7.0,False,7.0,False,7.475240855745247,7.423635754700487,True,True,0.5,0.44570637138947555,7.950481711490495,wind_stuck_7_days,2019
270,Almond_High,Almond_High,2019-06-06,10.07536162,7.6,7.6,0.428465544577534,0.428465544577534,0.5466723446355614,1.0599461936365935,0.16013397059813117,0.07662623748935161,0.045155247908192496,0.42846554457753383,1.0856841945296203,0.31946438429784235,8.028465544577534,True,7.6,False,7.6,False,8.028465544577534,True,7.6,False,8.028465544577534,True,8.028465544577534,True,7.814232772288767,8.028465544577534,True,True,0.5,1.0,8.028465544577534,wind_stuck_7_days,2019
271,Almond_High,Almond_High,2019-06-13,10.46281269,7.2,7.2,1.1493654549078856,1.1493654549078856,0.27060109846475927,0.5861909419900598,0.07392909936980731,0.1405568247407459,-0.11747194021255508,1.1493654549078856,1.0856841945296203,0.31946438429784235,8.349365454907886,True,8.349365454907886,True,8.349365454907886,True,8.349365454907886,True,8.349365454907886,True,8.349365454907886,True,7.2,False,7.774682727453943,7.951495439065582,True,True,0.5,0.6538350668681002,8.349365454907886,wind_stuck_7_days,2019
272,Almond_High,Almond_High,2019-06-14,8.57631139,7.1,7.1,0.8272555779640042,0.8272555779640042,0.119420076732268,0.45631559021851925,0.10640043210846017,0.13838135950143102,-0.04282151560913794,0.8272555779640042,1.0856841945296203,0.31946438429784235,7.9272555779640035,True,7.9272555779640035,True,7.9272555779640035,True,7.9272555779640035,True,7.9272555779640035,True,7.9272555779640035,True,7.1,False,7.513627788982002,7.519424229187757,True,True,0.5,0.5070068312141464,7.9272555779640035,wind_stuck_7_days,2019
273,Almond_High,Almond_High,2019-06-21,8.82592493,7.0,7.0,1.010325137415912,1.010325137415912,0.5164015418272125,0.9155616825673372,-0.2991838731401654,-0.36249191394352265,-0.11227223950360096,1.010325137415912,1.0856841945296203,0.31946438429784235,8.010325137415911,True,7.0,False,7.0,False,7.0,False,7.0,False,7.0,False,7.0,False,7.505162568707956,7.175132470940271,True,True,0.5,0.17334268390886898,7.843235673437499,wind_stuck_7_days,2019
274,Almond_High,Almond_High,2019-06-22,8.76923443,7.0,7.0,1.3191830799425743,1.3191830799425743,0.36000441917428716,0.5644456782374515,-0.08896692275765747,0.022425299375269197,-0.23254982836020083,1.3191830799425743,1.0856841945296203,0.31946438429784235,8.319183079942574,True,7.0,False,8.319183079942574,True,7.0,False,7.0,False,8.319183079942574,True,7.0,False,7.659591539971287,7.847130191114874,True,True,0.5,0.6421627172111324,8.319183079942574,wind_stuck_7_days,2019
275,Almond_High,Almond_High,2019-06-29,7.34074789,7.0,7.0,0.7530223626785005,0.7530223626785005,0.2129682501768752,0.462019913192795,0.04016340547150258,0.01158545628834901,-0.07413379920753986,-0.07152658267849998,1.0856841945296203,0.31946438429784235,7.7530223626785,True,7.7530223626785,True,7.7530223626785,True,7.7530223626785,True,7.7530223626785,True,7.7530223626785,True,7.0,False,7.37651118133925,7.478904288665682,True,True,0.5,0.6359761839770852,7.7530223626785,wind_stuck_7_days,2019
276,Almond_High,Almond_High,2019-06-30,7.63837545,7.1,7.1,1.2035142781395742,1.2035142781395742,0.223064668207105,0.34181494574935417,0.03676078075894069,0.1006298253525582,-0.13242212596099096,-0.12676337813957383,1.0856841945296203,0.31946438429784235,8.303514278139573,True,8.303514278139573,True,8.303514278139573,True,8.303514278139573,True,8.303514278139573,True,8.303514278139573,True,7.1,False,7.7017571390697865,7.404007032834597,True,True,0.5,0.2525994401200956,8.303514278139573,wind_stuck_7_days,2019
277,Almond_High,Almond_High,2019-07-08,8.324281,7.1,7.1,0.9972284646845484,0.9972284646845484,0.17229123843423844,0.6440024734765358,0.2273329316125306,0.3423641486941984,-0.06456324315688647,0.9972284646845484,1.0856841945296203,0.31946438429784235,8.097228464684548,True,8.097228464684548,True,8.097228464684548,True,8.097228464684548,True,8.097228464684548,True,8.097228464684548,True,7.1,False,7.598614232342274,7.828385940267868,True,True,0.5,0.7304102982041102,8.097228464684548,wind_stuck_7_days,2019
278,Almond_High,Almond_High,2019-07-15,8.75581318,7.2,7.2,1.026442831996958,1.026442831996958,0.18985508638594664,0.7445269410250704,0.09397248830312982,0.06677812201401684,-0.14641209870087918,1.026442831996958,1.0856841945296203,0.31946438429784235,8.226442831996959,True,8.226442831996959,True,8.226442831996959,True,8.226442831996959,True,8.226442831996959,True,8.226442831996959,True,7.2,False,7.713221415998479,7.85226128901234,True,True,0.5,0.635457980395612,8.226442831996959,wind_stuck_7_days,2019
279,Almond_High,Almond_High,2019-07-16,8.11910211,8.0,8.0,0.7617353063660384,0.7617353063660384,0.22761322443119106,0.5083251329826641,0.06670191461322778,0.042706642231523484,-0.07910378771385868,-0.5235310863660383,1.0856841945296203,0.31946438429784235,8.761735306366038,True,8.761735306366038,True,8.761735306366038,True,8.761735306366038,True,8.761735306366038,True,8.761735306366038,True,8.0,False,8.380867653183019,8.690881765102185,True,True,0.5,0.9069840393746883,8.761735306366038,wind_stuck_7_days,2019
280,Almond_High,Almond_High,2019-07-23,8.37374279,6.9,6.9,0.69770447599061,0.69770447599061,0.24542853560194602,0.6371071146663332,0.04189646626863054,0.026832388691629686,-0.05869215037947766,0.69770447599061,1.0856841945296203,0.31946438429784235,7.597704475990611,True,7.597704475990611,True,7.597704475990611,True,7.597704475990611,True,7.597704475990611,True,7.597704475990611,True,6.9,False,7.2488522379953055,7.597704475990611,True,True,0.5,1.0,7.597704475990611,wind_stuck_7_days,2019
281,Almond_High,Almond_High,2019-07-24,8.5787037,6.8,6.8,0.7184737344528503,0.7184737344528503,0.261076286497933,0.599851917297192,0.05580338882701885,0.052284190767220566,-0.08383577330270799,0.7184737344528505,1.0856841945296203,0.31946438429784235,7.51847373445285,True,7.51847373445285,True,7.51847373445285,True,7.51847373445285,True,7.51847373445285,True,7.51847373445285,True,6.8,False,7.159236867226425,7.335163358073409,True,True,0.5,0.7448614088599349,7.553804115021425,wind_stuck_7_days,2019
282,Almond_High,Almond_High,2019-07-31,5.85124929,7.0,7.0,1.1730286886965213,1.1730286886965213,0.3642655263962156,0.8644313561018269,-0.27740069135063483,-0.31822796246004315,-0.1424184411302875,-1.1730286886965215,1.0856841945296203,0.31946438429784235,8.17302868869652,True,7.0,False,8.17302868869652,True,7.0,False,7.0,False,7.0,False,7.0,False,7.58651434434826,7.447499791065657,True,True,0.5,0.3814909178077498,8.17302868869652,wind_stuck_7_days,2019
283,Almond_High,Almond_High,2019-08-01,7.14571726,6.9,6.9,1.0101494923967214,1.0101494923967214,0.35845309372254147,0.7656571944572083,-0.2627823729598551,-0.3067297637843034,-0.09758633117326229,-0.5187149723967228,1.0856841945296203,0.31946438429784235,7.910149492396721,True,7.910149492396721,True,7.910149492396721,True,6.9,False,6.9,False,6.9,False,6.9,False,7.405074746198361,7.031381758261584,True,True,0.5,0.13006169804615955,7.910149492396721,wind_stuck_7_days,2019
284,Almond_High,Almond_High,2019-08-08,3.40224668,6.5,6.5,0.6471555016390377,0.6471555016390377,0.2353227712158198,0.634627738876951,0.0441197527407466,-0.032771206710143,-0.0202549851620656,-0.6471555016390376,1.0856841945296203,0.31946438429784235,7.147155501639038,True,7.147155501639038,True,7.147155501639038,True,7.147155501639038,True,7.147155501639038,True,6.5,False,6.5,False,6.823577750819519,7.147155501639038,True,True,0.5,1.0,7.147155501639038,wind_stuck_7_days,2019
285,Almond_High,Almond_High,2019-08-09,3.44016152,6.1,6.1,0.43077201751436434,0.43077201751436434,0.16181056873509495,0.6765170275676539,0.06083433215320235,0.06787725659722409,-0.010390994209762274,-0.43077201751436434,1.0856841945296203,0.31946438429784235,6.530772017514364,True,6.530772017514364,True,6.530772017514364,True,6.530772017514364,True,6.530772017514364,True,6.530772017514364,True,6.1,False,6.315386008757182,6.530772017514364,True,True,0.5,1.0,6.530772017514364,wind_stuck_7_days,2019
286,Almond_High,Almond_High,2019-08-16,5.88803495,6.6,6.6,0.6955185252880224,0.6955185252880224,0.44091486603001695,1.1822751847793795,-0.06889555239465664,-0.16204512358460396,-0.09143089543036764,-0.6955185252880223,1.0856841945296203,0.31946438429784235,7.295518525288022,True,6.6,False,6.6,False,6.6,False,6.6,False,6.6,False,6.6,False,6.947759262644011,6.620328077293177,True,True,0.5,0.02922722624068066,7.2146039519864384,wind_stuck_7_days,2019
287,Almond_High,Almond_High,2019-08-17,4.32837037,6.5,6.5,0.21610083665194266,0.21610083665194266,0.380220911529962,0.7003653070833046,-0.04882629505838336,-0.05786663426685309,-0.010390994209762274,-0.2161008366519428,1.0856841945296203,0.31946438429784235,6.716100836651942,True,6.5,False,6.716100836651942,True,6.5,False,6.5,False,6.5,False,6.5,False,6.608050418325972,6.5,True,False,0.5,0.0,6.716100836651942,wind_stuck_7_days,2019
288,Almond_High,Almond_High,2019-08-24,3.12265174,6.1,6.1,-0.2839822699749239,0.2839822699749239,0.3718822988046224,0.5397724491190751,0.05419361448143824,-0.026312626673580867,-0.010390994209762274,0.2839822699749237,1.0856841945296203,0.31946438429784235,5.8160177300250755,True,6.1,False,5.8160177300250755,True,5.8160177300250755,True,5.8160177300250755,True,6.1,False,6.1,False,5.958008865012538,6.00108900264379,True,True,0.5,0.34829990395155114,5.8160177300250755,wind_stuck_7_days,2019
289,Almond_High,Almond_High,2019-08-25,4.46099751,6.2,6.2,-0.2567004126855038,0.2567004126855038,0.3261169102370993,0.5761679599164651,0.04864086086402654,-0.006193365651780643,-0.010390994209762274,0.2567004126855039,1.0856841945296203,0.31946438429784235,5.943299587314496,True,5.943299587314496,True,5.943299587314496,True,5.943299587314496,True,5.943299587314496,True,6.2,False,6.2,False,6.071649793657248,6.068502704922365,True,True,0.5,0.5122597727910115,5.943299587314496,wind_stuck_7_days,2019
290,Almond_High,Almond_High,2019-09-01,5.27136658,5.5,5.5,-0.18288183377797107,0.18288183377797107,0.2784284105934902,0.5932669130271355,0.007142438871436662,0.012754995823161355,-0.010390994209762274,0.18288183377797107,1.0856841945296203,0.31946438429784235,5.317118166222029,True,5.317118166222029,True,5.317118166222029,True,5.317118166222029,True,5.317118166222029,True,5.317118166222029,True,5.5,False,5.408559083111014,5.338315801521784,True,True,0.5,0.8840910829585735,5.317118166222029,wind_stuck_7_days,2019
291,Almond_High,Almond_High,2019-09-02,4.52236441,5.2,5.2,-0.0434070842999244,0.0434070842999244,0.09144064342198638,0.5151801154926338,-0.02023458053272472,-0.013600666732507436,-0.010390994209762274,0.04340708429992435,1.0856841945296203,0.31946438429784235,5.156592915700076,True,5.156592915700076,True,5.156592915700076,True,5.2,False,5.2,False,5.2,False,5.2,False,5.178296457850038,5.156592915700076,True,True,0.5,1.0,5.156592915700076,wind_stuck_7_days,2019
292,Almond_High,Almond_High,2019-09-09,2.29936147,4.6,4.6,-0.47119826666486286,0.47119826666486286,0.4282886143746956,0.7349815989640087,-0.038816747168669466,-0.05589803282962642,-0.010390994209762274,0.47119826666486286,1.0856841945296203,0.31946438429784235,4.128801733335137,True,4.6,False,4.128801733335137,True,4.6,False,4.6,False,4.6,False,4.6,False,4.364400866667568,4.55308272542931,True,True,0.5,0.09957013403883938,4.128801733335137,wind_stuck_7_days,2019
293,Almond_High,Almond_High,2019-09-10,2.67277212,4.3,4.3,-0.601819294698221,0.601819294698221,0.42525126469304947,0.7178188452428066,-0.06129404787888931,-0.08539350893268387,-0.060109049950432716,0.601819294698221,1.0856841945296203,0.31946438429784235,3.6981807053017786,True,4.3,False,3.6981807053017786,True,4.3,False,4.3,False,4.3,False,4.3,False,3.999090352650889,4.3,True,False,0.5,0.0,3.6981807053017786,wind_stuck_7_days,2019
294,Almond_High,Almond_High,2019-09-18,3.656635,4.3,4.3,-0.4225118355315966,0.4225118355315966,0.31549160681363647,0.6882464974169948,-0.05062304667433602,-0.03577877180782622,-0.010390994209762274,0.4225118355315966,1.0856841945296203,0.31946438429784235,3.8774881644684034,True,3.8774881644684034,True,3.8774881644684034,True,4.3,False,4.3,False,4.3,False,4.3,False,4.088744082234202,4.249407752854149,True,True,0.5,0.11974160932603586,3.8774881644684034,wind_stuck_7_days,2019
295,Almond_High,Almond_High,2019-09-25,5.468041,4.0,4.0,0.006304216012793423,0.006304216012793423,0.3398266385556777,0.7888805314679205,-0.012861510812976207,-0.008491361703622998,-0.010390994209762274,0.006304216012793518,1.0856841945296203,0.31946438429784235,4.0063042160127935,True,4.0063042160127935,True,4.0063042160127935,True,4.0,False,4.0,False,4.0,False,4.0,False,4.003152108006397,4.0063042160127935,True,True,0.5,1.0,4.0063042160127935,wind_stuck_7_days,2019
296,Almond_High,Almond_High,2019-10-04,3.30341927,3.1,3.1,0.0036395743817249555,0.0036395743817249555,0.11477853871053574,0.6931935113486662,-0.012856623436872458,-0.0047368507019783755,-0.014311646000022736,0.0036395743817249637,1.0856841945296203,0.31946438429784235,3.103639574381725,True,3.103639574381725,True,3.103639574381725,True,3.1,False,3.1,False,3.1,False,3.1,False,3.1018197871908626,3.103639574381725,True,True,0.5,1.0,3.103639574381725,wind_stuck_7_days,2019
434,Almond_Low,Almond_Low,2019-01-12,1.1067733,1.0,1.0,0.010171825465932361,0.010171825465932361,0.12732814147632135,0.4719357768946977,0.0070243713816480315,0.007717923769237176,-0.014311646000022736,0.010171825465932358,1.0856841945296203,0.31946438429784235,1.0101718254659324,True,1.0101718254659324,True,1.0101718254659324,True,1.0101718254659324,True,1.0101718254659324,True,1.0101718254659324,True,1.0,False,1.005085912732966,1.0101718254659324,True,True,0.5,1.0,1.0179446736839992,wind_stuck_7_days,2019
435,Almond_Low,Almond_Low,2019-02-06,1.89161044,1.3,1.3,-0.2813330628301262,0.2813330628301262,0.2388007403429719,0.5890877174648889,0.02465880773668824,0.007717923769237176,-0.014311646000022736,-0.28133306283012627,1.0856841945296203,0.31946438429784235,1.0186669371698738,True,1.0186669371698738,True,1.0186669371698738,True,1.0186669371698738,True,1.0186669371698738,True,1.0186669371698738,True,1.3,False,1.159333468584937,1.1644451430689506,True,True,0.5,0.4818305234635713,1.037507714370134,wind_stuck_7_days,2019
436,Almond_Low,Almond_Low,2019-02-22,1.655763,1.5,1.5,-0.23882072863500564,0.23882072863500564,0.1063618162625707,0.36723850170885736,0.0005612132514767025,0.00339012225236169,-0.014311646000022736,-0.23882072863500564,1.0856841945296203,0.31946438429784235,1.2611792713649943,True,1.2611792713649943,True,1.2611792713649943,True,1.2611792713649943,True,1.2611792713649943,True,1.2611792713649943,True,1.5,False,1.3805896356824972,1.350269872958708,True,True,0.5,0.6269561603680035,1.2611792713649943,wind_stuck_7_days,2019
437,Almond_Low,Almond_Low,2019-03-10,2.29361172,2.0,2.0,0.01968628832757407,0.01968628832757407,0.10414408295305552,0.3771968483597975,0.0005612132514767025,0.00339012225236169,-0.014311646000022736,0.019686288327574075,1.0856841945296203,0.31946438429784235,2.019686288327574,True,2.019686288327574,True,2.019686288327574,True,2.019686288327574,True,2.019686288327574,True,2.019686288327574,True,2.0,False,2.009843144163787,2.019686288327574,True,True,0.5,1.0,2.019686288327574,wind_stuck_7_days,2019
438,Almond_Low,Almond_Low,2019-03-17,2.52404163,2.9,2.9,-0.28702824686061723,0.28702824686061723,0.18883612292975158,0.560591153282045,0.0005612132514767025,0.00339012225236169,-0.010390994209762274,0.28702824686061723,1.0856841945296203,0.31946438429784235,2.612971753139383,True,2.612971753139383,True,2.612971753139383,True,2.612971753139383,True,2.612971753139383,True,2.612971753139383,True,2.9,False,2.756485876569691,2.769119460498553,True,True,0.5,0.4559848758195683,2.6043080641362435,wind_stuck_7_days,2019
439,Almond_Low,Almond_Low,2019-03-18,2.88386459,3.0,3.0,-0.18251477453136167,0.18251477453136167,0.11532621039103437,0.4134280475541813,0.0005612132514767025,0.00339012225236169,-0.010390994209762274,0.04975604546863843,1.0856841945296203,0.31946438429784235,2.8174852254686384,True,2.8174852254686384,True,2.8174852254686384,True,2.8174852254686384,True,2.8174852254686384,True,2.8174852254686384,True,3.0,False,2.908742612734319,2.822261016886008,True,True,0.5,0.9738333982570325,2.8174852254686384,wind_stuck_7_days,2019
440,Almond_Low,Almond_Low,2019-03-26,3.03265002,2.8,2.8,-0.49589512944622066,0.49589512944622066,0.14120294114862492,0.2870936937558771,0.003962038832926644,0.00339012225236169,-0.007243750527162707,-0.4958951294462206,1.0856841945296203,0.31946438429784235,2.304104870553779,True,2.304104870553779,True,2.304104870553779,True,2.304104870553779,True,2.304104870553779,True,2.304104870553779,True,2.8,False,2.5520524352768894,2.535066777657451,True,True,0.5,0.5342525195567197,2.304104870553779,wind_stuck_7_days,2019
441,Almond_Low,Almond_Low,2019-04-10,5.70480656,4.9,4.9,-0.5180617659682061,0.5180617659682061,0.505307066335835,1.0350657579668485,-0.05427114623586794,-0.09850768057964339,-0.04878364002854458,-0.5180617659682061,1.0856841945296203,0.31946438429784235,4.381938234031795,True,4.9,False,4.9,False,4.9,False,4.9,False,4.9,False,4.9,False,4.6409691170158975,4.85712042042809,True,True,0.5,0.0827692417945053,4.381938234031795,wind_stuck_7_days,2019
442,Almond_Low,Almond_Low,2019-04-18,5.34671521,4.9,4.9,-0.44157390227107945,0.44157390227107945,0.30124302548808407,0.5266764515270465,0.0014570180114094958,0.0011972476119851245,-0.010390994209762274,-0.4415739022710794,1.0856841945296203,0.31946438429784235,4.458426097728921,True,4.458426097728921,True,4.458426097728921,True,4.458426097728921,True,4.458426097728921,True,4.458426097728921,True,4.9,False,4.679213048864461,4.758909513751805,True,True,0.5,0.31951726658334284,4.458426097728921,wind_stuck_7_days,2019
443,Almond_Low,Almond_Low,2019-04-19,6.3199115,4.6,4.6,-0.24498565967837624,0.24498565967837624,0.18390273258051823,0.5910449686176582,0.0005612132514767025,0.00339012225236169,-0.010390994209762274,-0.24498565967837616,1.0856841945296203,0.31946438429784235,4.355014340321623,True,4.355014340321623,True,4.355014340321623,True,4.355014340321623,True,4.355014340321623,True,4.355014340321623,True,4.6,False,4.477507170160812,4.433321995951477,True,True,0.5,0.6803582065470352,4.355014340321623,wind_stuck_7_days,2019
444,Almond_Low,Almond_Low,2019-04-26,8.02980202,5.6,5.6,0.006770969434155149,0.006770969434155149,0.2738947359025267,0.8608332071941411,-0.0062753978169125015,0.0015079021111267063,-0.01402216989927223,0.006770969434155116,1.0856841945296203,0.31946438429784235,5.606770969434155,True,5.606770969434155,True,5.606770969434155,True,5.6,False,5.6,False,5.606770969434155,True,5.6,False,5.603385484717077,5.606770969434155,True,True,0.5,1.0,5.606770969434155,wind_stuck_7_days,2019
445,Almond_Low,Almond_Low,2019-05-04,6.96122606,5.2,5.2,0.476870388664115,0.476870388664115,0.2525644664535107,0.804096829972657,0.047770540191933525,0.020545609613348354,-0.012918797199264902,0.476870388664115,1.0856841945296203,0.31946438429784235,5.676870388664115,True,5.676870388664115,True,5.676870388664115,True,5.676870388664115,True,5.676870388664115,True,5.676870388664115,True,5.2,False,5.438435194332058,5.471698457677649,True,True,0.5,0.5697532581940619,5.676870388664115,wind_stuck_7_days,2019
446,Almond_Low,Almond_Low,2019-05-05,7.12794088,5.7,5.7,-0.22124700613744275,0.22124700613744275,0.3555317641718472,0.670842311283027,-0.008948161551320851,-0.006027201847203257,-0.010390994209762274,-0.22124700613744275,1.0856841945296203,0.31946438429784235,5.478752993862558,True,5.478752993862558,True,5.478752993862558,True,5.7,False,5.7,False,5.7,False,5.7,False,5.589376496931279,5.553131497098546,True,True,0.5,0.6638214250466142,5.478752993862558,wind_stuck_7_days,2019
447,Almond_Low,Almond_Low,2019-05-12,7.52220908,6.2,6.2,-0.11309640944428292,0.11309640944428292,0.30981871008346545,0.8784444027865325,0.040149247174161726,-0.0013148613419834772,-0.01402216989927223,-0.11309640944428301,1.0856841945296203,0.31946438429784235,6.086903590555718,True,6.086903590555718,True,6.086903590555718,True,6.086903590555718,True,6.086903590555718,True,6.2,False,6.2,False,6.1434517952778585,6.086903590555718,True,True,0.5,1.0,6.086903590555718,wind_stuck_7_days,2019
448,Almond_Low,Almond_Low,2019-05-13,7.97321884,5.5,5.5,0.4056971806208952,0.4056971806208952,0.4023249265436868,0.8498750347369739,0.06625050718585317,0.040731855364646845,-0.010390994209762274,0.4056971806208951,1.0856841945296203,0.31946438429784235,5.905697180620895,True,5.5,False,5.905697180620895,True,5.905697180620895,True,5.905697180620895,True,5.905697180620895,True,5.5,False,5.702848590310448,5.600955722862953,True,True,0.5,0.2488450195992152,5.905697180620895,wind_stuck_7_days,2019
449,Almond_Low,Almond_Low,2019-05-29,7.39240729,5.3,5.3,-0.2236260114219409,0.2236260114219409,0.21583362456495314,0.6187992653522695,0.035876278867744346,0.013686743371695795,-0.010390994209762274,-0.22362601142194105,1.0856841945296203,0.31946438429784235,5.076373988578059,True,5.076373988578059,True,5.076373988578059,True,5.076373988578059,True,5.076373988578059,True,5.076373988578059,True,5.3,False,5.18818699428903,5.124771121968059,True,True,0.5,0.7835800357826722,5.076373988578059,wind_stuck_7_days,2019
450,Almond_Low,Almond_Low,2019-06-05,8.41652236,7.0,7.0,0.5009882718677149,0.5009882718677149,0.4505860897554771,0.8323461033982721,0.10665882689482653,0.025547464046356334,-0.011690775811998566,0.5009882718677149,1.0856841945296203,0.31946438429784235,7.5009882718677146,True,7.0,False,7.5009882718677146,True,7.5009882718677146,True,7.5009882718677146,True,7.5009882718677146,True,7.0,False,7.250494135933858,7.260406842088702,True,True,0.5,0.519786303814835,7.5009882718677146,wind_stuck_7_days,2019
451,Almond_Low,Almond_Low,2019-06-06,10.50998041,7.9,7.9,0.15961169687733245,0.15961169687733245,0.5935205186700517,1.3677745604982205,0.1175231605608037,0.0743881401656301,0.04300566980458681,0.15961169687733268,1.0856841945296203,0.31946438429784235,8.059611696877333,True,7.9,False,7.9,False,8.059611696877333,True,7.9,False,8.059611696877333,True,8.059611696877333,True,7.979805848438667,8.059611696877333,True,True,0.5,1.0,8.059611696877333,wind_stuck_7_days,2019
452,Almond_Low,Almond_Low,2019-06-13,9.9476691,7.5,7.5,-0.010136833676939567,0.010136833676939567,0.2560933212446412,0.7181374724674686,0.05237167651358976,0.07978681626513148,0.020921289388639647,-0.010136833676939627,1.0856841945296203,0.31946438429784235,7.489863166323061,True,7.489863166323061,True,7.489863166323061,True,7.489863166323061,True,7.489863166323061,True,7.489863166323061,True,7.489863166323061,True,7.49493158316153,7.489863166323061,True,True,0.5,1.0,7.489863166323061,wind_stuck_7_days,2019
453,Almond_Low,Almond_Low,2019-06-14,8.67331916,7.6,7.6,-0.6565587491960689,0.6565587491960689,0.25728510712875424,0.48169325971119353,0.03671056930489609,0.1060078164580668,0.016316880840763534,-0.6565587491960689,1.0856841945296203,0.31946438429784235,6.9434412508039305,True,6.9434412508039305,True,6.9434412508039305,True,6.9434412508039305,True,6.9434412508039305,True,6.9434412508039305,True,6.9434412508039305,True,7.271720625401965,7.019295257880482,True,True,0.5,0.8844672968421612,6.9434412508039305,wind_stuck_7_days,2019
454,Almond_Low,Almond_Low,2019-06-21,9.77688541,7.4,7.4,0.80181986909776,0.80181986909776,0.43864712919242593,0.9247973800283835,-0.3740135679866987,-0.334898416583604,-0.10218021042454957,0.80181986909776,1.0856841945296203,0.31946438429784235,8.201819869097761,True,7.4,False,7.4,False,7.4,False,7.4,False,7.4,False,7.4,False,7.80090993454888,7.4,True,False,0.5,0.0,7.961508670046303,wind_stuck_7_days,2019
455,Almond_Low,Almond_Low,2019-06-22,8.86467993,7.6,7.6,0.7815467747120577,0.7815467747120577,0.4517864035920455,0.7586287037659863,-0.27456026142527945,-0.18395073253012972,-0.045639532802826774,0.7815467747120577,1.0856841945296203,0.31946438429784235,8.381546774712056,True,7.6,False,8.381546774712056,True,7.6,False,7.6,False,7.6,False,7.6,False,7.990773387356029,8.136826022102062,True,True,0.5,0.6868763834382683,8.381546774712056,wind_stuck_7_days,2019
456,Almond_Low,Almond_Low,2019-06-29,9.28485904,6.9,6.9,0.02804304956324697,0.02804304956324697,0.23069034571959804,0.5461983696250453,-0.014262127418506673,-0.012972751252093656,-0.010390994209762274,0.028043049563247102,1.0856841945296203,0.31946438429784235,6.9280430495632475,True,6.9280430495632475,True,6.9280430495632475,True,6.9,False,6.9,False,6.9,False,6.9,False,6.9140215247816235,6.9280430495632475,True,True,0.5,1.0,6.9280430495632475,wind_stuck_7_days,2019
457,Almond_Low,Almond_Low,2019-06-30,9.67827761,7.3,7.3,0.5501589990708509,0.5501589990708509,0.2142498301854369,0.5889061399929203,0.09351870760717525,0.1332263664532479,0.003283634638421935,0.5501589990708509,1.0856841945296203,0.31946438429784235,7.8501589990708505,True,7.8501589990708505,True,7.8501589990708505,True,7.8501589990708505,True,7.8501589990708505,True,7.8501589990708505,True,7.8501589990708505,True,7.575079499535425,7.8501589990708505,True,True,0.5,1.0,7.8501589990708505,wind_stuck_7_days,2019
458,Almond_Low,Almond_Low,2019-07-08,8.96537513,7.0,7.0,0.42060571255423695,0.42060571255423695,0.35494963554626807,0.7779777538130507,0.02794286737913271,0.05935866117385417,-0.010390994209762274,0.42060571255423707,1.0856841945296203,0.31946438429784235,7.420605712554237,True,7.420605712554237,True,7.420605712554237,True,7.420605712554237,True,7.420605712554237,True,7.420605712554237,True,7.0,False,7.210302856277118,7.420605712554237,True,True,0.5,1.0,7.420605712554237,wind_stuck_7_days,2019
459,Almond_Low,Almond_Low,2019-07-15,9.00307549,8.0,8.0,1.0847278570861565,1.0847278570861565,0.30370601025785277,1.0023562672302169,0.06174059991116843,0.04278558990490231,-0.11079935533392732,0.9214231229138445,1.0856841945296203,0.31946438429784235,9.084727857086156,True,9.084727857086156,True,8.0,False,9.084727857086156,True,8.0,False,9.084727857086156,True,8.0,False,8.542363928543079,8.599090711561866,True,True,0.5,0.5522958663301683,9.084727857086156,wind_stuck_7_days,2019
460,Almond_Low,Almond_Low,2019-07-16,8.87385806,7.8,7.8,0.44001080911593266,0.44001080911593266,0.13671836284189912,0.30764795023705827,0.01767277794613907,0.05163756071874329,-0.015360982716081096,0.4400108091159327,1.0856841945296203,0.31946438429784235,8.240010809115933,True,8.240010809115933,True,8.240010809115933,True,8.240010809115933,True,8.240010809115933,True,8.240010809115933,True,7.8,False,8.020005404557967,8.240010809115933,True,True,0.5,1.0,8.240010809115933,wind_stuck_7_days,2019
461,Almond_Low,Almond_Low,2019-07-23,7.58360335,6.7,6.7,0.6639901772669535,0.6639901772669535,0.2601807437597693,0.6615536498331507,-0.004087613725669879,0.022901466719197662,-0.0012560179456026247,0.6639901772669535,1.0856841945296203,0.31946438429784235,7.363990177266953,True,7.363990177266953,True,7.363990177266953,True,6.7,False,6.7,False,7.363990177266953,True,6.7,False,7.031995088633477,7.363990177266953,True,True,0.5,1.0,7.363990177266953,wind_stuck_7_days,2019
462,Almond_Low,Almond_Low,2019-07-24,7.61256645,7.0,7.0,0.7303153674632696,0.7303153674632696,0.28399598549501914,0.7321304096598524,-0.05565227253581244,-0.0510234178731668,-0.08383577330270799,0.49481753253673055,1.0856841945296203,0.31946438429784235,7.73031536746327,True,7.73031536746327,True,7.73031536746327,True,7.0,False,7.0,False,7.0,False,7.0,False,7.365157683731635,7.438605401050819,True,True,0.5,0.6005698641866225,7.73031536746327,wind_stuck_7_days,2019
463,Almond_Low,Almond_Low,2019-07-31,5.97820425,6.3,6.3,0.6879600901059496,0.6879600901059496,0.3858524918231241,0.46848555051395085,0.027329667900294962,0.029650491952002533,-0.07577238878704974,-0.6879600901059497,1.0856841945296203,0.31946438429784235,6.9879600901059495,True,6.3,False,6.9879600901059495,True,6.9879600901059495,True,6.9879600901059495,True,6.9879600901059495,True,6.3,False,6.643980045052975,6.3,True,False,0.5,0.0,6.9879600901059495,wind_stuck_7_days,2019
464,Almond_Low,Almond_Low,2019-08-01,6.64867268,4.7,4.7,-0.1857852074776175,0.1857852074776175,0.47329519081220217,0.7698573645802685,-0.02363984002686625,-0.05609509940425481,-0.01748178041244121,-0.1857852074776174,1.0856841945296203,0.31946438429784235,4.514214792522383,True,4.7,False,4.514214792522383,True,4.7,False,4.7,False,4.7,False,4.7,False,4.607107396261191,4.647920173067906,True,True,0.5,0.2803227858621017,4.514214792522383,wind_stuck_7_days,2019
465,Almond_Low,Almond_Low,2019-08-08,7.23354997,6.1,6.1,0.9051680625845318,0.9051680625845318,0.2035640593991617,0.7900184399542558,-0.12046487788203723,-0.206529692533764,-0.09431219403818179,0.9051680625845318,1.0856841945296203,0.31946438429784235,7.005168062584532,True,7.005168062584532,True,7.005168062584532,True,6.1,False,6.1,False,6.1,False,6.1,False,6.552584031292265,6.531574005381298,True,True,0.5,0.47678881217817426,7.005168062584532,wind_stuck_7_days,2019
466,Almond_Low,Almond_Low,2019-08-09,6.79955562,5.6,5.6,0.7587912272666217,0.7587912272666217,0.2395560233882035,0.6666484137902787,0.03837441470283822,0.06488031894981007,-0.05869215037947766,0.7587912272666217,1.0856841945296203,0.31946438429784235,6.358791227266622,True,6.358791227266622,True,6.358791227266622,True,6.358791227266622,True,6.358791227266622,True,6.358791227266622,True,5.6,False,5.979395613633311,6.358791227266622,True,True,0.5,1.0,6.358791227266622,wind_stuck_7_days,2019
467,Almond_Low,Almond_Low,2019-08-16,5.6964227,6.0,6.0,0.5696800558995285,0.5696800558995285,0.45530139068794007,0.9958823952290128,0.01660808572760212,-0.03872433859446807,-0.03399476299649262,-0.5696800558995285,1.0856841945296203,0.31946438429784235,6.5696800558995285,True,6.0,False,6.0,False,6.5696800558995285,True,6.0,False,6.0,False,6.0,False,6.284840027949764,6.0,True,False,0.5,0.0,6.523712266233825,wind_stuck_7_days,2019
468,Almond_Low,Almond_Low,2019-08-17,7.08631891,5.7,5.7,0.11374748218581306,0.11374748218581306,0.6134628711417717,0.8181501793320234,-0.014096310578307717,-0.048918599042615286,-0.03557997268975805,0.1137474821858131,1.0856841945296203,0.31946438429784235,5.813747482185813,True,5.7,False,5.813747482185813,True,5.7,False,5.7,False,5.7,False,5.7,False,5.756873741092907,5.785057889807887,True,True,0.5,0.7477782204351592,5.813747482185813,wind_stuck_7_days,2019
469,Almond_Low,Almond_Low,2019-08-24,3.5407425,5.1,5.1,-0.5320193150793859,0.5320193150793859,0.21664117018682155,0.39757540349763787,0.008499557208152403,-0.0024388546501360195,-0.007243750527162707,0.5320193150793859,1.0856841945296203,0.31946438429784235,4.567980684920614,True,4.567980684920614,True,4.567980684920614,True,4.567980684920614,True,4.567980684920614,True,5.1,False,5.1,False,4.833990342460306,4.826396133728063,True,True,0.5,0.5142743101932502,4.567980684920614,wind_stuck_7_days,2019
470,Almond_Low,Almond_Low,2019-08-25,3.14372962,5.3,5.3,-0.3952637250153189,0.3952637250153189,0.2743238363976543,0.6128444475916506,0.025510074672386616,-0.0033706021986704615,-0.010390994209762274,0.3952637250153188,1.0856841945296203,0.31946438429784235,4.904736274984681,True,4.904736274984681,True,4.904736274984681,True,4.904736274984681,True,4.904736274984681,True,5.3,False,5.3,False,5.10236813749234,5.14637562044582,True,True,0.5,0.3886629858285782,4.904736274984681,wind_stuck_7_days,2019
471,Almond_Low,Almond_Low,2019-09-01,4.55006561,4.9,4.9,-0.03580086478582328,0.03580086478582328,0.34668334672507034,0.8664300215448831,-0.010103098991464285,-0.0013148613419834772,-0.01402216989927223,0.03580086478582328,1.0856841945296203,0.31946438429784235,4.864199135214177,True,4.864199135214177,True,4.864199135214177,True,4.9,False,4.9,False,4.9,False,4.9,False,4.882099567607089,4.864199135214177,True,True,0.5,1.0,4.864199135214177,wind_stuck_7_days,2019
472,Almond_Low,Almond_Low,2019-09-02,4.54865505,4.7,4.7,-0.21638569685860715,0.21638569685860715,0.132834016762244,0.46412696293069045,-0.022023415468079913,-0.023897287851841538,-0.010390994209762274,0.08630420314139359,1.0856841945296203,0.31946438429784235,4.483614303141393,True,4.483614303141393,True,4.483614303141393,True,4.7,False,4.7,False,4.7,False,4.7,False,4.591807151570697,4.596168488023682,True,True,0.5,0.4798446176604921,4.483614303141393,wind_stuck_7_days,2019
473,Almond_Low,Almond_Low,2019-09-09,4.46849251,4.4,4.4,-0.44723632055780904,0.44723632055780904,0.3098069260542762,0.7259462306579794,-0.05062304667433602,-0.03577877180782622,-0.010390994209762274,-0.44723632055780904,1.0856841945296203,0.31946438429784235,3.9527636794421914,True,3.9527636794421914,True,3.9527636794421914,True,4.4,False,4.4,False,4.4,False,4.4,False,4.1763818397210954,4.4,True,False,0.5,0.0,3.9527636794421914,wind_stuck_7_days,2019
474,Almond_Low,Almond_Low,2019-09-10,3.79713666,4.2,4.2,-0.5214820692939091,0.5214820692939091,0.43741162896220526,0.6780000407848898,-0.0453966198505909,-0.06252386140537947,-0.03409773169820599,0.2842446107060912,1.0856841945296203,0.31946438429784235,3.678517930706091,True,4.2,False,3.678517930706091,True,4.2,False,4.2,False,4.2,False,4.2,False,3.9392589653530456,4.085151912551518,True,True,0.5,0.2202340103543505,3.678517930706091,wind_stuck_7_days,2019
475,Almond_Low,Almond_Low,2019-09-18,3.72816686,3.9,3.9,-0.5401430557913377,0.5401430557913377,0.2516843132426518,0.6301191754279787,0.021489126271599483,-0.03052311642759458,-0.018574732713477857,-0.19647677579133782,1.0856841945296203,0.31946438429784235,3.359856944208662,True,3.359856944208662,True,3.359856944208662,True,3.359856944208662,True,3.359856944208662,True,3.9,False,3.9,False,3.6299284721043312,3.751696916689961,True,True,0.5,0.27456260285114054,3.359856944208662,wind_stuck_7_days,2019
476,Almond_Low,Almond_Low,2019-09-25,3.4695325,3.3,3.3,-0.32491978113695347,0.32491978113695347,0.14538349291543104,0.44772027209914783,0.0005612132514767025,0.00339012225236169,-0.010390994209762274,-0.32491978113695347,1.0856841945296203,0.31946438429784235,2.9750802188630465,True,2.9750802188630465,True,2.9750802188630465,True,2.9750802188630465,True,2.9750802188630465,True,2.9750802188630465,True,3.3,False,3.137540109431523,3.1817557884472834,True,True,0.5,0.3639181681674115,2.9750802188630465,wind_stuck_7_days,2019
477,Almond_Low,Almond_Low,2019-10-04,2.50486515,3.0,3.0,-0.06238408722906014,0.06238408722906014,0.1914091823283672,0.7385470688701197,0.012797077180785585,-0.0047368507019783755,-0.014311646000022736,0.06238408722906014,1.0856841945296203,0.31946438429784235,2.93761591277094,True,2.93761591277094,True,2.93761591277094,True,2.93761591277094,True,2.93761591277094,True,3.0,False,3.0,False,2.96880795638547,2.93761591277094,True,True,0.5,1.0,2.93761591277094,wind_stuck_7_days,2019
622,Almond_Med,Almond_High,2019-01-04,0.49675796,1.6,1.6,-0.736777950067493,0.736777950067493,0.170179443860962,0.6174973204898937,0.12175409336602905,0.12009413597969265,-0.14133758359341891,0.736777950067493,1.0856841945296203,0.31946438429784235,0.8632220499325071,True,0.8632220499325071,True,0.8632220499325071,True,0.8632220499325071,True,0.8632220499325071,True,0.8632220499325071,True,1.6,False,1.2316110249662535,1.3107096979674893,True,True,0.5,0.3926424535452101,0.8632220499325071,wind_stuck_7_days,2019
623,Almond_Med,Almond_High,2019-01-12,1.3200914,1.2,1.2,-0.20967048435969327,0.20967048435969327,0.16579100714604642,0.43118264399555895,0.0070243713816480315,0.007717923769237176,-0.014311646000022736,-0.20967048435969327,1.0856841945296203,0.31946438429784235,0.9903295156403067,True,0.9903295156403067,True,0.9903295156403067,True,0.9903295156403067,True,0.9903295156403067,True,0.9903295156403067,True,1.2,False,1.0951647578201533,1.0415500883911681,True,True,0.5,0.7557091885999958,1.0014863119431952,wind_stuck_7_days,2019
624,Almond_Med,Almond_High,2019-01-13,0.59279608,0.9,0.9,-0.1402783353721257,0.1402783353721257,0.14215018964350795,0.35634404046760115,0.0070243713816480315,0.007717923769237176,-0.014311646000022736,0.1402783353721257,1.0856841945296203,0.31946438429784235,0.7597216646278744,True,0.7597216646278744,True,0.7597216646278744,True,0.7597216646278744,True,0.7597216646278744,True,0.7597216646278744,True,0.9,False,0.8298608323139371,0.7597216646278744,True,True,0.5,1.0,0.7653102456129551,wind_stuck_7_days,2019
625,Almond_Med,Almond_High,2019-02-05,1.73769993,1.1,1.1,-0.07906727807179914,0.07906727807179914,0.19387007441479587,0.5020558434959755,0.03267807199930608,0.007717923769237176,-0.014311646000022736,-0.07906727807179914,1.0856841945296203,0.31946438429784235,1.020932721928201,True,1.020932721928201,True,1.020932721928201,True,1.020932721928201,True,1.020932721928201,True,1.020932721928201,True,1.1,False,1.0604663609641005,1.020932721928201,True,True,0.5,1.0,1.0609703128693755,wind_stuck_7_days,2019
626,Almond_Med,Almond_High,2019-02-06,1.30357444,1.5,1.5,-0.4726127093323223,0.4726127093323223,0.241471808611512,0.6788918218859346,-0.006998268642185515,-0.0047368507019783755,-0.014311646000022736,-0.0797615893323223,1.0856841945296203,0.31946438429784235,1.0273872906676778,True,1.0273872906676778,True,1.0273872906676778,True,1.5,False,1.5,False,1.5,False,1.5,False,1.2636936453338388,1.243464443173349,True,True,0.5,0.5428029161320445,1.0386320140200689,wind_stuck_7_days,2019
627,Almond_Med,Almond_High,2019-02-22,1.88414735,1.9,1.9,-0.5182353383788465,0.5182353383788465,0.1511466988581412,0.5334691106057254,0.003962038832926644,0.00339012225236169,-0.016826435251916006,-0.4865300383788469,1.0856841945296203,0.31946438429784235,1.3817646616211534,True,1.3817646616211534,True,1.3817646616211534,True,1.3817646616211534,True,1.3817646616211534,True,1.3817646616211534,True,1.9,False,1.6408823308105767,1.6469997887069063,True,True,0.5,0.48819559871106727,1.3817646616211534,wind_stuck_7_days,2019
628,Almond_Med,Almond_High,2019-03-09,1.21002603,2.0,2.0,-0.24418621559844306,0.24418621559844306,0.19956991399882362,0.7173295430971923,-0.0007708387714624376,-0.0047368507019783755,-0.010390994209762274,0.2441862155984431,1.0856841945296203,0.31946438429784235,1.7558137844015569,True,1.7558137844015569,True,1.7558137844015569,True,2.0,False,2.0,False,2.0,False,2.0,False,1.8779068922007784,1.8469059478536067,True,True,0.5,0.6269561603680035,1.7558137844015569,wind_stuck_7_days,2019
629,Almond_Med,Almond_High,2019-03-10,1.08844601,2.5,2.5,-0.3722231608775718,0.3722231608775718,0.17727532946661534,0.41930994341101807,0.0005612132514767025,0.00339012225236169,-0.014311646000022736,0.3722231608775719,1.0856841945296203,0.31946438429784235,2.1277768391224283,True,2.1277768391224283,True,2.1277768391224283,True,2.1277768391224283,True,2.1277768391224283,True,2.1277768391224283,True,2.5,False,2.313888419561214,2.3398809767259894,True,True,0.5,0.4301694255040611,2.1277768391224283,wind_stuck_7_days,2019
630,Almond_Med,Almond_High,2019-03-17,2.21858043,3.3,3.3,-0.4005826959371321,0.4005826959371321,0.151720417928412,0.5521843324520801,0.0005612132514767025,0.00339012225236169,-0.010390994209762274,0.40058269593713214,1.0856841945296203,0.31946438429784235,2.899417304062868,True,2.899417304062868,True,2.899417304062868,True,2.899417304062868,True,2.899417304062868,True,2.899417304062868,True,3.3,False,3.099708652031434,3.139200126414085,True,True,0.5,0.40141492684734115,2.899417304062868,wind_stuck_7_days,2019
631,Almond_Med,Almond_High,2019-03-18,2.6574724,3.6,3.6,-0.20479330790293218,0.20479330790293218,0.1874389772242473,0.5560030676677553,0.0005612132514767025,0.00339012225236169,-0.010390994209762274,0.20479330790293215,1.0856841945296203,0.31946438429784235,3.395206692097068,True,3.395206692097068,True,3.395206692097068,True,3.395206692097068,True,3.395206692097068,True,3.395206692097068,True,3.6,False,3.497603346048534,3.435445989013287,True,True,0.5,0.8035126375550735,3.395206692097068,wind_stuck_7_days,2019
632,Almond_Med,Almond_High,2019-03-26,3.09551703,3.8,3.8,-0.6334451420372457,0.6334451420372457,0.23690370686567402,0.5283853625592991,0.021596475187966854,0.00339012225236169,-0.014995402757638391,0.6334451420372457,1.0856841945296203,0.31946438429784235,3.1665548579627543,True,3.1665548579627543,True,3.1665548579627543,True,3.1665548579627543,True,3.1665548579627543,True,3.1665548579627543,True,3.8,False,3.483277428981377,3.462043899105707,True,True,0.5,0.5335207083716517,3.1665548579627543,wind_stuck_7_days,2019
633,Almond_Med,Almond_High,2019-04-02,4.01429413,4.2,4.2,-0.7382842280527158,0.7382842280527158,0.2341629027400175,0.4420224656578794,-0.043877509189597604,-0.007088697806726195,-0.07243153519151346,-0.3668724880527148,1.0856841945296203,0.31946438429784235,3.4617157719472846,True,3.4617157719472846,True,3.4617157719472846,True,4.2,False,4.2,False,4.2,False,4.2,False,3.8308578859736424,3.9101182692836502,True,True,0.5,0.3926424535452101,3.4617157719472846,wind_stuck_7_days,2019
634,Almond_Med,Almond_High,2019-04-10,6.52297266,5.3,5.3,0.3127878063869763,0.3127878063869763,0.3151452214461653,0.9893800392486927,-0.026079966415681666,-0.028602271446186704,-0.01402216989927223,0.31278780638697623,1.0856841945296203,0.31946438429784235,5.612787806386976,True,5.612787806386976,True,5.3,False,5.3,False,5.3,False,5.3,False,5.3,False,5.456393903193488,5.357687505102403,True,True,0.5,0.18443015975831545,5.612787806386976,wind_stuck_7_days,2019
635,Almond_Med,Almond_High,2019-04-18,5.6846892,5.4,5.4,-0.559487064436109,0.559487064436109,0.38076295536221777,0.6706247514545178,-0.02009771249274677,-0.03299187057495994,-0.03770209406422532,-0.559487064436109,1.0856841945296203,0.31946438429784235,4.840512935563892,True,5.4,False,4.840512935563892,True,5.4,False,5.4,False,5.4,False,5.4,False,5.120256467781946,5.4,True,False,0.5,0.0,4.840512935563892,wind_stuck_7_days,2019
636,Almond_Med,Almond_High,2019-04-19,6.87977645,5.2,5.2,-0.13859120833340327,0.13859120833340327,0.32674267684293234,0.7165052784035583,-0.010103098991464285,-0.0013148613419834772,-0.010390994209762274,-0.13859120833340333,1.0856841945296203,0.31946438429784235,5.061408791666597,True,5.061408791666597,True,5.061408791666597,True,5.2,False,5.2,False,5.2,False,5.2,False,5.130704395833298,5.061408791666597,True,True,0.5,1.0,5.061408791666597,wind_stuck_7_days,2019
637,Almond_Med,Almond_High,2019-04-26,7.53199001,6.1,6.1,0.08502478705445093,0.08502478705445093,0.1889474058920127,0.6832668964793324,0.04015413455026549,0.002439649659661146,-0.010390994209762274,0.08502478705445093,1.0856841945296203,0.31946438429784235,6.18502478705445,True,6.18502478705445,True,6.18502478705445,True,6.18502478705445,True,6.18502478705445,True,6.18502478705445,True,6.1,False,6.142512393527225,6.18502478705445,True,True,0.5,1.0,6.18502478705445,wind_stuck_7_days,2019
638,Almond_Med,Almond_High,2019-04-27,6.69927733,5.8,5.8,-0.11635701704859962,0.11635701704859962,0.2449248849270139,0.5596893064276475,0.015405409738398646,0.013686743371695795,-0.010390994209762274,-0.11635701704859969,1.0856841945296203,0.31946438429784235,5.6836429829514,True,5.6836429829514,True,5.6836429829514,True,5.6836429829514,True,5.6836429829514,True,5.6836429829514,True,5.8,False,5.7418214914757,5.6836429829514,True,True,0.5,1.0,5.6836429829514,wind_stuck_7_days,2019
639,Almond_Med,Almond_High,2019-05-04,7.0838748,6.2,6.2,0.3571527175688896,0.3571527175688896,0.30683204566713335,0.5552419800546788,0.06280633700926323,-0.0061045199155148,-0.010390994209762274,0.35715271756888956,1.0856841945296203,0.31946438429784235,6.55715271756889,True,6.55715271756889,True,6.55715271756889,True,6.55715271756889,True,6.55715271756889,True,6.2,False,6.2,False,6.378576358784445,6.332716435273569,True,True,0.5,0.37159575930699673,6.55715271756889,wind_stuck_7_days,2019
640,Almond_Med,Almond_High,2019-05-05,5.43704076,5.6,5.6,-0.20737794836107065,0.20737794836107065,0.3190175244646806,0.7224784170556445,-0.010103098991464285,-0.0013148613419834772,-0.010390994209762274,0.11854053163892792,1.0856841945296203,0.31946438429784235,5.392622051638929,True,5.392622051638929,True,5.392622051638929,True,5.6,False,5.6,False,5.6,False,5.6,False,5.496311025819464,5.448724836623471,True,True,0.5,0.7294660043272291,5.392622051638929,wind_stuck_7_days,2019
641,Almond_Med,Almond_High,2019-05-12,7.59849785,6.7,6.7,0.209100589372744,0.209100589372744,0.32842334127325096,0.8044017095536491,0.006717655304928287,-0.030248859614008337,-0.010390994209762274,0.209100589372744,1.0856841945296203,0.31946438429784235,6.909100589372744,True,6.909100589372744,True,6.909100589372744,True,6.909100589372744,True,6.909100589372744,True,6.7,False,6.7,False,6.804550294686372,6.852883668909678,True,True,0.5,0.731148914349286,6.909100589372744,wind_stuck_7_days,2019
642,Almond_Med,Almond_High,2019-05-13,7.98541468,6.3,6.3,0.025703809480356533,0.025703809480356533,0.30003586517059627,0.7754624869401604,0.00978615861793726,-0.027426096160898156,-0.010390994209762274,0.025703809480356554,1.0856841945296203,0.31946438429784235,6.325703809480356,True,6.325703809480356,True,6.325703809480356,True,6.325703809480356,True,6.325703809480356,True,6.3,False,6.3,False,6.312851904740178,6.325703809480356,True,True,0.5,1.0,6.325703809480356,wind_stuck_7_days,2019
643,Almond_Med,Almond_High,2019-06-05,8.18884966,7.0,7.0,1.0191934267637304,1.0191934267637304,0.40075546104858006,0.7691673857210503,-0.16583523776508877,-0.16660933182698096,-0.12931543892371616,1.0191934267637304,1.0856841945296203,0.31946438429784235,8.01919342676373,True,7.0,False,8.01919342676373,True,7.0,False,7.0,False,7.0,False,7.0,False,7.509596713381865,7.355862209481284,True,True,0.5,0.34916062067949366,8.01919342676373,wind_stuck_7_days,2019
644,Almond_Med,Almond_High,2019-06-06,9.65108676,7.6,7.6,0.5300920321669013,0.5300920321669013,0.5329131034071627,1.0432529265708672,0.16013397059813117,0.07662623748935161,0.028124096760150128,0.5300920321669014,1.0856841945296203,0.31946438429784235,8.130092032166901,True,7.6,False,7.6,False,8.130092032166901,True,7.6,False,8.130092032166901,True,8.130092032166901,True,7.8650460160834506,8.130092032166901,True,True,0.5,1.0,8.130092032166901,wind_stuck_7_days,2019
645,Almond_Med,Almond_High,2019-06-13,9.67240908,7.2,7.2,1.2038429539298083,1.2038429539298083,0.26470728509525754,0.5783571813356606,0.08138495130084358,0.14755718923903724,-0.11747194021255508,1.2038429539298083,1.0856841945296203,0.31946438429784235,8.403842953929809,True,8.403842953929809,True,8.403842953929809,True,8.403842953929809,True,8.403842953929809,True,8.403842953929809,True,7.2,False,7.801921476964904,7.756947651558374,True,True,0.5,0.4626414514786012,8.403842953929809,wind_stuck_7_days,2019
646,Almond_Med,Almond_High,2019-06-14,9.34042733,7.1,7.1,0.8967964375566041,0.8967964375566041,0.12964409334108637,0.44398098065987474,0.21814959853402704,0.24142289800800593,-0.04282151560913794,0.896796437556604,1.0856841945296203,0.31946438429784235,7.996796437556604,True,7.996796437556604,True,7.996796437556604,True,7.996796437556604,True,7.996796437556604,True,7.996796437556604,True,7.1,False,7.548398218778302,7.491203760567648,True,True,0.5,0.43622358897133284,7.996796437556604,wind_stuck_7_days,2019
647,Almond_Med,Almond_High,2019-06-21,9.26190983,6.9,6.9,1.0099469983730727,1.0099469983730727,0.5219679107752594,0.900168335814632,-0.2991838731401654,-0.36249191394352265,-0.11227223950360096,1.0099469983730727,1.0856841945296203,0.31946438429784235,7.909946998373073,True,6.9,False,6.9,False,6.9,False,6.9,False,6.9,False,6.9,False,7.404973499186537,7.0750669233036945,True,True,0.5,0.17334268390886898,7.739954982725523,wind_stuck_7_days,2019
648,Almond_Med,Almond_High,2019-06-22,9.60585072,7.0,7.0,1.3711045834853768,1.3711045834853768,0.3704501413923111,0.5561609492340192,-0.09056343121716745,-0.033336850783950094,-0.22222461964209533,1.3711045834853768,1.0856841945296203,0.31946438429784235,8.371104583485376,True,7.0,False,8.371104583485376,True,7.0,False,7.0,False,7.0,False,7.0,False,7.685552291742688,7.721735294077877,True,True,0.5,0.5263896735311109,8.371104583485376,wind_stuck_7_days,2019
649,Almond_Med,Almond_High,2019-06-29,8.64183188,7.0,7.0,0.7673656375946867,0.7673656375946867,0.21555159960088693,0.46961487735801555,0.04016340547150258,0.01158545628834901,-0.07413379920753986,0.7673656375946867,1.0856841945296203,0.31946438429784235,7.767365637594686,True,7.767365637594686,True,7.767365637594686,True,7.767365637594686,True,7.767365637594686,True,7.767365637594686,True,7.0,False,7.383682818797343,7.474027614689387,True,True,0.5,0.6177337001631067,7.767365637594686,wind_stuck_7_days,2019
650,Almond_Med,Almond_High,2019-06-30,8.29205132,7.1,7.1,1.200210037056322,1.200210037056322,0.22575866722557283,0.37814810725276937,0.03676078075894069,0.1006298253525582,-0.13242212596099096,1.1838926029436798,1.0856841945296203,0.31946438429784235,8.300210037056322,True,8.300210037056322,True,8.300210037056322,True,8.300210037056322,True,8.300210037056322,True,8.300210037056322,True,7.1,False,7.700105018528161,7.403172383386946,True,True,0.5,0.2525994401200956,8.300210037056322,wind_stuck_7_days,2019
651,Almond_Med,Almond_High,2019-07-08,8.70745879,7.1,7.1,0.9767882591940713,0.9767882591940713,0.17328686809575974,0.6673332773355614,0.2273329316125306,0.3423641486941984,-0.050884900124796184,0.9767882591940713,1.0856841945296203,0.31946438429784235,8.076788259194071,True,8.076788259194071,True,8.076788259194071,True,8.076788259194071,True,8.076788259194071,True,8.076788259194071,True,7.1,False,7.588394129597035,7.841371432026772,True,True,0.5,0.758988885307102,8.076788259194071,wind_stuck_7_days,2019
652,Almond_Med,Almond_High,2019-07-15,8.32181244,7.2,7.2,1.0188484030286964,1.0188484030286964,0.19633696728676447,0.7569342121482641,0.07169265673152461,0.06677812201401684,-0.10324852264728365,1.0188484030286964,1.0856841945296203,0.31946438429784235,8.218848403028696,True,8.218848403028696,True,8.218848403028696,True,8.218848403028696,True,8.218848403028696,True,8.218848403028696,True,7.2,False,7.709424201514349,7.8474353485179105,True,True,0.5,0.635457980395612,8.218848403028696,wind_stuck_7_days,2019
653,Almond_Med,Almond_High,2019-07-16,9.59692461,8.0,8.0,0.754212078437226,0.754212078437226,0.21587047192363906,0.4846930886674684,0.06670191461322778,0.042706642231523484,-0.07910378771385868,0.754212078437226,1.0856841945296203,0.31946438429784235,8.754212078437225,True,8.754212078437225,True,8.754212078437225,True,8.754212078437225,True,8.754212078437225,True,8.754212078437225,True,8.0,False,8.377106039218614,8.684058317446175,True,True,0.5,0.9069840393746883,8.754212078437225,wind_stuck_7_days,2019
654,Almond_Med,Almond_High,2019-07-23,8.14480396,6.9,6.9,0.6957608016104053,0.6957608016104053,0.25041442385072726,0.6402504575584185,0.020918226662898703,0.026832388691629686,-0.05869215037947766,0.6957608016104053,1.0856841945296203,0.31946438429784235,7.595760801610406,True,7.595760801610406,True,7.595760801610406,True,7.595760801610406,True,7.595760801610406,True,7.595760801610406,True,6.9,False,7.247880400805203,7.595760801610406,True,True,0.5,1.0,7.595760801610406,wind_stuck_7_days,2019
655,Almond_Med,Almond_High,2019-07-24,7.46066378,6.8,6.8,0.7184737344528503,0.7184737344528503,0.261076286497933,0.599851917297192,0.05580338882701885,0.052284190767220566,-0.08383577330270799,0.60285382554715,1.0856841945296203,0.31946438429784235,7.51847373445285,True,7.51847373445285,True,7.51847373445285,True,7.51847373445285,True,7.51847373445285,True,7.51847373445285,True,6.8,False,7.159236867226425,7.335163358073409,True,True,0.5,0.7448614088599349,7.553804115021425,wind_stuck_7_days,2019
656,Almond_Med,Almond_High,2019-07-31,8.01370489,7.0,7.0,1.1946436815765813,1.1946436815765813,0.3894206684332732,0.8947333988478728,-0.30693856765336874,-0.3739901126192625,-0.1424184411302875,0.832766098423418,1.0856841945296203,0.31946438429784235,8.194643681576581,True,7.0,False,7.0,False,7.0,False,7.0,False,7.0,False,7.0,False,7.5973218407882905,7.433595496288274,True,True,0.5,0.362949641784448,8.194643681576581,wind_stuck_7_days,2019
657,Almond_Med,Almond_High,2019-08-01,8.1802033,6.9,6.9,1.0339978382874229,1.0339978382874229,0.38819227152550984,0.8024884541854025,-0.3159845246008029,-0.36249191394352265,-0.14074990722685782,1.0339978382874229,1.0856841945296203,0.31946438429784235,7.933997838287423,True,6.9,False,7.933997838287423,True,6.9,False,6.9,False,6.9,False,6.9,False,7.416998919143712,6.9590148352629075,True,True,0.5,0.05707442808647565,7.933997838287423,wind_stuck_7_days,2019
658,Almond_Med,Almond_High,2019-08-08,8.17136946,6.4,6.4,0.6239024035358071,0.6239024035358071,0.23126358160081012,0.6093198906104252,0.12396366239190774,0.06712598795171845,-0.0202549851620656,0.6239024035358072,1.0856841945296203,0.31946438429784235,7.023902403535807,True,7.023902403535807,True,7.023902403535807,True,7.023902403535807,True,7.023902403535807,True,7.023902403535807,True,6.4,False,6.711951201767904,7.023902403535807,True,True,0.5,1.0,7.023902403535807,wind_stuck_7_days,2019
659,Almond_Med,Almond_High,2019-08-09,7.3346807,6.2,6.2,0.4583482578578254,0.4583482578578254,0.15764322845820947,0.6809614341153413,0.06083433215320235,0.06787725659722409,-0.010390994209762274,0.4583482578578254,1.0856841945296203,0.31946438429784235,6.658348257857826,True,6.658348257857826,True,6.658348257857826,True,6.658348257857826,True,6.658348257857826,True,6.658348257857826,True,6.2,False,6.429174128928913,6.658348257857826,True,True,0.5,1.0,6.658348257857826,wind_stuck_7_days,2019
660,Almond_Med,Almond_High,2019-08-16,8.92572259,6.5,6.5,0.7141489578687503,0.7141489578687503,0.4794213113521334,1.1871061601188042,-0.2379407759830034,-0.2574184383698158,-0.09852168163304666,0.7141489578687503,1.0856841945296203,0.31946438429784235,7.21414895786875,True,6.5,False,6.5,False,6.5,False,6.5,False,6.5,False,6.5,False,6.857074478934376,6.5,True,False,0.5,0.0,7.142805906135543,wind_stuck_7_days,2019
661,Almond_Med,Almond_High,2019-08-17,7.50425931,6.5,6.5,0.23392480201157598,0.23392480201157598,0.384020527135461,0.686816936043549,-0.04882629505838336,-0.05786663426685309,-0.010390994209762274,0.23392480201157595,1.0856841945296203,0.31946438429784235,6.733924802011576,True,6.5,False,6.733924802011576,True,6.5,False,6.5,False,6.5,False,6.5,False,6.616962401005788,6.5,True,False,0.5,0.0,6.733924802011576,wind_stuck_7_days,2019
662,Almond_Med,Almond_High,2019-08-24,7.46723378,6.1,6.1,-0.26866089889203604,0.26866089889203604,0.3912787515362823,0.5696172411324665,0.060447160369693095,-0.026312626673580867,-0.010390994209762274,-0.26866089889203604,1.0856841945296203,0.31946438429784235,5.831339101107964,True,6.1,False,5.831339101107964,True,5.831339101107964,True,5.831339101107964,True,6.1,False,6.1,False,5.965669550553981,5.994275785966536,True,True,0.5,0.3935228924993271,5.831339101107964,wind_stuck_7_days,2019
663,Almond_Med,Almond_High,2019-08-25,6.44814627,6.2,6.2,-0.26154464614053996,0.26154464614053996,0.32822601486813857,0.5773863561550421,0.04864086086402654,-0.006193365651780643,-0.010390994209762274,-0.26154464614053996,1.0856841945296203,0.31946438429784235,5.93845535385946,True,5.93845535385946,True,5.93845535385946,True,5.93845535385946,True,5.93845535385946,True,6.2,False,6.2,False,6.06922767692973,6.074441033694069,True,True,0.5,0.4800670484321918,5.93845535385946,wind_stuck_7_days,2019
664,Almond_Med,Almond_High,2019-09-01,6.93761422,5.5,5.5,-0.18740078255806925,0.18740078255806925,0.2813360089294301,0.5939234501468901,0.007142438871436662,0.012754995823161355,-0.010390994209762274,-0.18740078255806925,1.0856841945296203,0.31946438429784235,5.312599217441931,True,5.312599217441931,True,5.312599217441931,True,5.312599217441931,True,5.312599217441931,True,5.312599217441931,True,5.5,False,5.406299608720966,5.34356249448024,True,True,0.5,0.8347750921012579,5.312599217441931,wind_stuck_7_days,2019
665,Almond_Med,Almond_High,2019-09-02,6.3313646,5.2,5.2,-0.046447163475204244,0.046447163475204244,0.09420639515694354,0.499022906191263,-0.02023458053272472,-0.013600666732507436,-0.010390994209762274,-0.04644716347520417,1.0856841945296203,0.31946438429784235,5.153552836524796,True,5.153552836524796,True,5.153552836524796,True,5.2,False,5.2,False,5.2,False,5.2,False,5.176776418262398,5.153552836524796,True,True,0.5,1.0,5.153552836524796,wind_stuck_7_days,2019
666,Almond_Med,Almond_High,2019-09-09,4.28557854,4.6,4.6,-0.47372040832842605,0.47372040832842605,0.4377714733434698,0.7289410077377467,-0.038816747168669466,-0.05589803282962642,-0.010390994209762274,0.15512251167157248,1.0856841945296203,0.31946438429784235,4.126279591671573,True,4.6,False,4.126279591671573,True,4.6,False,4.6,False,4.6,False,4.6,False,4.363139795835787,4.592990808161846,True,True,0.5,0.014796052090907048,4.126279591671573,wind_stuck_7_days,2019
667,Almond_Med,Almond_High,2019-09-10,3.63070533,4.3,4.3,-0.5697145987723016,0.5697145987723016,0.40163974945445713,0.690804407804207,-0.08211589851067631,-0.08539350893268387,-0.060109049950432716,0.5697145987723016,1.0856841945296203,0.31946438429784235,3.7302854012276985,True,4.3,False,3.7302854012276985,True,4.3,False,4.3,False,4.3,False,4.3,False,4.015142700613849,4.3,True,False,0.5,0.0,3.7302854012276985,wind_stuck_7_days,2019
668,Almond_Med,Almond_High,2019-09-18,3.67346425,4.3,4.3,-0.4352959859683863,0.4352959859683863,0.3141952689864137,0.7030204185039588,-0.05062304667433602,-0.03577877180782622,-0.010390994209762274,0.4352959859683863,1.0856841945296203,0.31946438429784235,3.8647040140316133,True,3.8647040140316133,True,3.8647040140316133,True,4.3,False,4.3,False,4.3,False,4.3,False,4.082352007015807,4.3,True,False,0.5,0.0,3.8647040140316133,wind_stuck_7_days,2019
669,Almond_Med,Almond_High,2019-09-25,3.87323384,3.9,3.9,-0.004494976275008522,0.004494976275008522,0.33276843105798537,0.7740368234492957,-0.012861510812976207,-0.008491361703622998,-0.010390994209762274,0.004494976275008521,1.0856841945296203,0.31946438429784235,3.8955050237249913,True,3.8955050237249913,True,3.8955050237249913,True,3.9,False,3.9,False,3.9,False,3.9,False,3.8977525118624956,3.8955050237249913,True,True,0.5,1.0,3.8955050237249913,wind_stuck_7_days,2019
670,Almond_Med,Almond_High,2019-10-04,2.55541424,3.3,3.3,0.006135247067028194,0.006135247067028194,0.14646995495429946,0.6945199703201256,-0.012856623436872458,-0.0047368507019783755,-0.014311646000022736,-0.006135247067028171,1.0856841945296203,0.31946438429784235,3.306135247067028,True,3.306135247067028,True,3.306135247067028,True,3.3,False,3.3,False,3.3,False,3.3,False,3.303067623533514,3.306135247067028,True,True,0.5,1.0,3.306135247067028,wind_stuck_7_days,2019
716,BAR012,BAR012,2019-01-02,0.72133907,0.6,0.6,-0.2401207389071906,0.2401207389071906,0.09490728251641747,0.2529067933971982,0.0070243713816480315,0.007717923769237176,-0.014311646000022736,-0.2401207389071906,1.0856841945296203,0.31946438429784235,0.3598792610928094,True,0.3598792610928094,True,0.3598792610928094,True,0.3598792610928094,True,0.3598792610928094,True,0.3598792610928094,True,0.6,False,0.47993963054640465,0.44945482351001986,True,True,0.5,0.6269561603680035,0.3598792610928094,wind_stuck_7_days,2019
717,BAR012,BAR012,2019-02-19,1.35948787,1.0,1.0,0.11826442012577103,0.11826442012577103,0.09083045603582923,0.2790547085608698,0.0070243713816480315,0.007717923769237176,-0.014311646000022736,0.11826442012577104,1.0856841945296203,0.31946438429784235,1.118264420125771,True,1.118264420125771,True,1.118264420125771,True,1.118264420125771,True,1.118264420125771,True,1.118264420125771,True,1.0,False,1.0591322100628855,1.118264420125771,True,True,0.5,1.0,1.118264420125771,wind_stuck_7_days,2019
718,BAR012,BAR012,2019-03-15,2.31776009,2.1,2.1,-0.28187297752172136,0.28187297752172136,0.1269698906920796,0.3123057455343582,0.0005612132514767025,0.00339012225236169,-0.010390994209762274,-0.28187297752172136,1.0856841945296203,0.31946438429784235,1.8181270224782788,True,1.8181270224782788,True,1.8181270224782788,True,1.8181270224782788,True,1.8181270224782788,True,1.8181270224782788,True,2.1,False,1.9590635112391395,1.971470185347866,True,True,0.5,0.4559848758195683,1.8181270224782788,wind_stuck_7_days,2019
719,BAR012,BAR012,2019-03-31,2.61305411,2.0,2.0,-0.16637426619413256,0.16637426619413256,0.12818164540833202,0.3717213647656248,0.0005612132514767025,0.00339012225236169,-0.010390994209762274,-0.16637426619413254,1.0856841945296203,0.31946438429784235,1.8336257338058675,True,1.8336257338058675,True,1.8336257338058675,True,1.8336257338058675,True,1.8336257338058675,True,1.8336257338058675,True,2.0,False,1.9168128669029336,1.8336257338058675,True,True,0.5,1.0,1.8336257338058675,wind_stuck_7_days,2019
720,BAR012,BAR012,2019-04-16,3.78499058,2.6,2.6,0.37290585858995934,0.37290585858995934,0.13349458865926755,0.38080588015418326,-0.07577136291407138,-0.03018337114181238,-0.010390994209762274,0.3729058585899594,1.0856841945296203,0.31946438429784235,2.9729058585899595,True,2.9729058585899595,True,2.9729058585899595,True,2.6,False,2.6,False,2.6,False,2.6,False,2.78645292929498,2.9729058585899595,True,True,0.5,1.0,2.9729058585899595,wind_stuck_7_days,2019
721,BAR012,BAR012,2019-04-24,3.84167491,3.7,3.7,-0.6786014990119015,0.6786014990119015,0.24552874902851676,0.6990971733973821,-0.1577208666221694,-0.1659040623097046,-0.04184938392868167,-0.6786014990119015,1.0856841945296203,0.31946438429784235,3.0213985009880986,True,3.0213985009880986,True,3.0213985009880986,True,3.7,False,3.7,False,3.7,False,3.7,False,3.3606992504940494,3.7,True,False,0.5,0.0,3.0213985009880986,wind_stuck_7_days,2019
722,BAR012,BAR012,2019-05-02,2.42067538,2.9,2.9,-0.731926370100159,0.731926370100159,0.19345260966574718,0.4934735118573238,-0.1075769649602101,-0.1723880960872726,-0.08905261163375462,0.2267228698998407,1.0856841945296203,0.31946438429784235,2.168073629899841,True,2.168073629899841,True,2.168073629899841,True,2.9,False,2.9,False,2.9,False,2.9,False,2.5340368149499204,2.837700896026193,True,True,0.5,0.08511662718926429,2.168073629899841,wind_stuck_7_days,2019
723,BAR012,BAR012,2019-05-10,2.14524669,3.2,3.2,-1.0427699680662867,1.0427699680662867,0.2393863583534179,0.5731132186748183,-0.1697192297794161,-0.18388629476301238,-0.08681402249131914,1.0427699680662867,1.0856841945296203,0.31946438429784235,2.1572300319337137,True,2.1572300319337137,True,2.1572300319337137,True,3.2,False,3.2,False,3.2,False,3.2,False,2.678615015966857,3.2,True,False,0.5,0.0,2.1572300319337137,wind_stuck_7_days,2019
724,BAR012,BAR012,2019-06-03,3.10043862,3.8,3.8,0.15776905565476804,0.15776905565476804,0.18536263353541907,0.4487469623652913,-0.022023415468079913,-0.023897287851841538,-0.010390994209762274,-0.15776905565476806,1.0856841945296203,0.31946438429784235,3.9577690556547678,True,3.9577690556547678,True,3.9577690556547678,True,3.8,False,3.8,False,3.8,False,3.8,False,3.878884527827384,3.899944586130712,True,True,0.5,0.6334866220497133,3.9577690556547678,wind_stuck_7_days,2019
725,BAR012,BAR012,2019-06-11,5.83772851,5.3,5.3,0.09549098345933035,0.09549098345933035,0.18424329653584315,0.4704813084398872,-0.02023458053272472,-0.013600666732507436,-0.010390994209762274,0.09549098345933038,1.0856841945296203,0.31946438429784235,5.3954909834593305,True,5.3954909834593305,True,5.3954909834593305,True,5.3,False,5.3,False,5.3,False,5.3,False,5.347745491729665,5.3954909834593305,True,True,0.5,1.0,5.3954909834593305,wind_stuck_7_days,2019
726,BAR012,BAR012,2019-06-19,3.59099302,4.7,4.7,-0.7480748620730764,0.7480748620730764,0.16347798807574837,0.4604440895565573,-0.12230155877502613,-0.14140553244832285,-0.08905261163375462,0.7480748620730764,1.0856841945296203,0.31946438429784235,3.951925137926924,True,3.951925137926924,True,3.951925137926924,True,4.7,False,4.7,False,4.7,False,4.7,False,4.325962568963462,4.652702444290026,True,True,0.5,0.06322569853357024,3.951925137926924,wind_stuck_7_days,2019
727,BAR012,BAR012,2019-06-27,4.28377272,3.5,3.5,0.8300705195493936,0.8300705195493936,0.2455261795903238,0.6540859899613708,-0.21777778288158578,-0.1041436440703942,-0.05869215037947766,0.7374749204506064,1.0856841945296203,0.31946438429784235,4.330070519549394,True,4.330070519549394,True,4.330070519549394,True,3.5,False,3.5,False,3.5,False,3.5,False,3.915035259774697,4.034943502521219,True,True,0.5,0.6444554889283552,4.330070519549394,wind_stuck_7_days,2019
728,BAR012,BAR012,2019-07-05,3.81602845,4.5,4.5,0.0777728774965617,0.0777728774965617,0.30374222872193934,0.5515825092680762,-0.018959799531174687,-0.02482903540037598,-0.010390994209762274,-0.0777728774965617,1.0856841945296203,0.31946438429784235,4.577772877496562,True,4.577772877496562,True,4.577772877496562,True,4.5,False,4.5,False,4.5,False,4.5,False,4.538886438748281,4.5,True,False,0.5,0.0,4.577772877496562,wind_stuck_7_days,2019
729,BAR012,BAR012,2019-07-29,3.74197251,4.0,4.0,0.03806527018489243,0.03806527018489243,0.40730375308177175,1.0058823530238041,-0.019550555602808054,-0.05589803282962642,-0.01402216989927223,-0.03806527018489242,1.0856841945296203,0.31946438429784235,4.038065270184893,True,4.0,False,4.0,False,4.0,False,4.0,False,4.0,False,4.0,False,4.019032635092446,4.038065270184893,True,True,0.5,1.0,4.038065270184893,wind_stuck_7_days,2019
730,BAR012,BAR012,2019-08-06,3.81854683,3.9,3.9,0.2719937365928388,0.2719937365928388,0.2684027677613113,0.5665449422208197,-0.014712547912194115,-0.02482903540037598,-0.010390994209762274,-0.2719937365928388,1.0856841945296203,0.31946438429784235,4.171993736592839,True,4.171993736592839,True,4.171993736592839,True,3.9,False,3.9,False,3.9,False,3.9,False,4.03599686829642,3.954476841491756,True,True,0.5,0.2002871175423615,4.171993736592839,wind_stuck_7_days,2019
731,BAR012,BAR012,2019-08-14,4.63477966,3.7,3.7,-0.08620041071597909,0.08620041071597909,0.34960406586708787,0.90412000397936,-0.03135685510847463,-0.03597583838245461,-0.01402216989927223,-0.08620041071597906,1.0856841945296203,0.31946438429784235,3.613799589284021,True,3.613799589284021,True,3.7,False,3.7,False,3.7,False,3.7,False,3.7,False,3.6568997946420105,3.7,True,False,0.5,0.0,3.7243348788537394,wind_stuck_7_days,2019
732,BAR012,BAR012,2019-08-22,3.80090852,3.7,3.7,0.012808171008285376,0.012808171008285376,0.1944017058346873,0.7107679933756132,-0.020716658341613046,-0.03202426080618161,-0.010390994209762274,0.01280817100828538,1.0856841945296203,0.31946438429784235,3.7128081710082856,True,3.7128081710082856,True,3.7128081710082856,True,3.7,False,3.7,False,3.7,False,3.7,False,3.706404085504143,3.7128081710082856,True,True,0.5,1.0,3.7128081710082856,wind_stuck_7_days,2019
733,BAR012,BAR012,2019-08-30,3.11085734,3.1,3.1,-0.09679552019330939,0.09679552019330939,0.2317263254733122,0.5002919169617039,-0.01531808591588172,-0.023897287851841538,-0.010390994209762274,-0.09679552019330939,1.0856841945296203,0.31946438429784235,3.0032044798066906,True,3.0032044798066906,True,3.0032044798066906,True,3.1,False,3.1,False,3.1,False,3.1,False,3.0516022399033456,3.0032044798066906,True,True,0.5,1.0,3.0032044798066906,wind_stuck_7_days,2019
734,BAR012,BAR012,2019-09-15,2.02450128,3.6,3.6,-0.34489318912900235,0.34489318912900235,0.21436780377436476,0.3682623235599508,0.0038144536962457973,0.00339012225236169,-0.010390994209762274,0.34489318912900235,1.0856841945296203,0.31946438429784235,3.2551068108709975,True,3.2551068108709975,True,3.2551068108709975,True,3.2551068108709975,True,3.2551068108709975,True,3.2551068108709975,True,3.6,False,3.427553405435499,3.4258640505285385,True,True,0.5,0.5048981973556118,3.2551068108709975,wind_stuck_7_days,2019
735,BAR012,BAR012,2019-09-23,2.62962811,2.6,2.6,-0.2765765945367663,0.2765765945367663,0.12603686554960458,0.5390035890605225,-0.022023415468079913,-0.023897287851841538,-0.010390994209762274,-0.2765765945367663,1.0856841945296203,0.31946438429784235,2.3234234054632337,True,2.3234234054632337,True,2.3234234054632337,True,2.6,False,2.6,False,2.6,False,2.6,False,2.461711702731617,2.5287525835059887,True,True,0.5,0.25760464877132,2.3234234054632337,wind_stuck_7_days,2019
736,BAR012,BAR012,2019-10-01,1.57845941,2.1,2.1,-0.5153627260012664,0.5153627260012664,0.1062729155049527,0.44981293728215244,0.003962038832926644,0.00339012225236169,-0.007243750527162707,0.5153627260012664,1.0856841945296203,0.31946438429784235,1.5846372739987338,True,1.5846372739987338,True,1.5846372739987338,True,1.5846372739987338,True,1.5846372739987338,True,1.5846372739987338,True,2.1,False,1.842318636999367,1.848402185426444,True,True,0.5,0.48819559871106727,1.5846372739987338,wind_stuck_7_days,2019
737,BAR012,BAR012,2019-10-09,1.0911895,1.9,1.9,-0.44467349533523376,0.44467349533523376,0.2928293838382358,1.071491607899344,-0.05525473982251962,-0.03295600835471604,-0.01402216989927223,0.44467349533523376,1.0856841945296203,0.31946438429784235,1.455326504664766,True,1.455326504664766,True,1.9,False,1.9,False,1.9,False,1.9,False,1.9,False,1.6776632523323831,1.8378503884903987,True,True,0.5,0.1397645961847745,1.4783997180745976,wind_stuck_7_days,2019
738,BAR012,BAR012,2019-10-17,0.5118494,1.3,1.3,0.4615741141115876,0.4615741141115876,0.13030775667594058,0.44321235339621234,0.019306044242052435,0.02828592701413558,-0.014311646000022736,-0.46157411411158766,1.0856841945296203,0.31946438429784235,1.7615741141115877,True,1.7615741141115877,True,1.7615741141115877,True,1.7615741141115877,True,1.7615741141115877,True,1.7615741141115877,True,1.3,False,1.5307870570557938,1.7615741141115877,True,True,0.5,1.0,1.7615741141115877,wind_stuck_7_days,2019
739,BAR012,BAR012,2019-10-25,0.55858886,1.1,1.1,-0.48231365373844853,0.48231365373844853,0.15080220671960043,0.2431752123388288,0.022987861430217138,0.017467153214533713,-0.012918797199264902,0.48231365373844853,1.0856841945296203,0.31946438429784235,0.6176863462615516,True,0.6176863462615516,True,0.6176863462615516,True,0.6176863462615516,True,0.6176863462615516,True,0.6176863462615516,True,1.1,False,0.8588431731307758,0.8286232665310896,True,True,0.5,0.5626561291919676,0.6176863462615516,wind_stuck_7_days,2019
740,BAR012,BAR012,2019-11-02,0.14290194,0.6,0.6,-0.2865542363535346,0.2865542363535346,0.16584042265121807,0.3552418692857855,0.0070243713816480315,0.007717923769237176,-0.014311646000022736,0.2865542363535346,1.0856841945296203,0.31946438429784235,0.31344576364646537,True,0.31344576364646537,True,0.31344576364646537,True,0.31344576364646537,True,0.31344576364646537,True,0.31344576364646537,True,0.6,False,0.4567228818232327,0.4693356021207623,True,True,0.5,0.4559848758195683,0.31344576364646537,wind_stuck_7_days,2019
741,BAR012,BAR012,2019-11-18,0.19929695,0.4,0.4,0.1930640470949529,0.1930640470949529,0.15432629283772564,0.3861234670892959,0.022681716637791855,0.026405198648445823,-0.014311646000022736,-0.19306404709495292,1.0856841945296203,0.31946438429784235,0.5930640470949529,True,0.5930640470949529,True,0.5930640470949529,True,0.5930640470949529,True,0.5930640470949529,True,0.5930640470949529,True,0.4,False,0.4965320235474765,0.5706683329236393,True,True,0.5,0.8839985253168399,0.5930640470949529,wind_stuck_7_days,2019
742,BAR012,BAR012,2019-12-28,0.58720263,0.6,0.6,0.22730785122157987,0.22730785122157987,0.06928887922957508,0.2857294101138933,0.0070243713816480315,0.007717923769237176,-0.014311646000022736,-0.22730785122157987,1.0856841945296203,0.31946438429784235,0.8273078512215799,True,0.8273078512215799,True,0.8273078512215799,True,0.8273078512215799,True,0.8273078512215799,True,0.8273078512215799,True,0.6,False,0.7136539256107899,0.7720390482639076,True,True,0.5,0.7568548439455519,0.8273078512215799,wind_stuck_7_days,2019
1148,Ellendale,Ellendale,2019-01-09,3.12244189,1.1,1.1,0.32974734042830856,0.32974734042830856,0.14449350792867652,0.5690130071210453,0.014552403232995286,0.014991900160053301,-0.014311646000022736,0.32974734042830844,1.0856841945296203,0.31946438429784235,1.4297473404283085,True,1.4297473404283085,True,1.4297473404283085,True,1.4297473404283085,True,1.4297473404283085,True,1.4297473404283085,True,1.1,False,1.2648736702141543,1.3098561899266383,True,True,0.5,0.6364151099871077,1.4297473404283085,wind_stuck_7_days,2019
1149,Ellendale,Ellendale,2019-03-22,2.33136357,1.8,1.8,0.038107446590178146,0.038107446590178146,0.09526197689063154,0.4572632647535131,0.0005612132514767025,0.00339012225236169,-0.010390994209762274,0.03810744659017817,1.0856841945296203,0.31946438429784235,1.838107446590178,True,1.838107446590178,True,1.838107446590178,True,1.838107446590178,True,1.838107446590178,True,1.838107446590178,True,1.8,False,1.8190537232950892,1.838107446590178,True,True,0.5,1.0,1.838107446590178,wind_stuck_7_days,2019
1150,Ellendale,Ellendale,2019-04-15,4.29593677,2.6,2.6,-0.23280621040565724,0.23280621040565724,0.12404816818637568,0.42060613845789885,0.0005612132514767025,0.00339012225236169,-0.010390994209762274,-0.2328062104056572,1.0856841945296203,0.31946438429784235,2.3671937895943427,True,2.3671937895943427,True,2.3671937895943427,True,2.3671937895943427,True,2.3671937895943427,True,2.3671937895943427,True,2.6,False,2.4835968947971714,2.4499989682237113,True,True,0.5,0.6443171404874334,2.3671937895943427,wind_stuck_7_days,2019
1151,Ellendale,Ellendale,2019-05-17,3.5158548,4.0,4.0,-0.8143803600075884,0.8143803600075884,0.2846193642104226,0.5557320972773707,-0.11666708647180257,-0.16308464779405998,-0.0906912012132645,0.15391003999241148,1.0856841945296203,0.31946438429784235,3.1856196399924115,True,3.1856196399924115,True,3.1856196399924115,True,4.0,False,4.0,False,4.0,False,4.0,False,3.592809819996206,3.903930861380021,True,True,0.5,0.11796593255157045,3.1856196399924115,wind_stuck_7_days,2019
1152,Ellendale,Ellendale,2019-05-25,4.67888714,4.3,4.3,-0.5984664258792496,0.5984664258792496,0.313676915667288,0.5822188786804032,-0.05322215417972655,-0.040843462165039694,-0.04458605096570461,-0.5984664258792496,1.0856841945296203,0.31946438429784235,3.7015335741207505,True,3.7015335741207505,True,3.7015335741207505,True,4.3,False,4.3,False,4.3,False,4.3,False,4.000766787060375,4.168268927456689,True,True,0.5,0.22011439046020972,3.7015335741207505,wind_stuck_7_days,2019
1153,Ellendale,Ellendale,2019-06-02,2.80930171,2.7,2.7,0.7113757931476128,0.7113757931476128,0.284689866532353,0.907212920180638,-0.0322431750627364,0.049347394788150645,-0.08454693852888835,-0.4927723731476128,1.0856841945296203,0.31946438429784235,3.411375793147613,True,3.411375793147613,True,2.7,False,2.7,False,2.7,False,3.411375793147613,True,2.7,False,3.0556878965738066,3.1157853643714226,True,True,0.5,0.5844806196338278,3.411375793147613,wind_stuck_7_days,2019
1154,Ellendale,Ellendale,2019-07-04,4.76494227,5.8,5.8,-0.12646892900695272,0.12646892900695272,0.24670629390762858,0.5626086933312292,-0.013529250980526528,-0.013600666732507436,-0.010390994209762274,0.12646892900695272,1.0856841945296203,0.31946438429784235,5.673531070993047,True,5.673531070993047,True,5.673531070993047,True,5.8,False,5.8,False,5.8,False,5.8,False,5.736765535496524,5.673531070993047,True,True,0.5,1.0,5.673531070993047,wind_stuck_7_days,2019
1155,Ellendale,Ellendale,2019-08-29,4.99930894,4.5,4.5,-0.18464348028465138,0.18464348028465138,0.18494160813388855,0.5750140607475672,0.0005612132514767025,0.00339012225236169,-0.010390994209762274,-0.18464348028465138,1.0856841945296203,0.31946438429784235,4.3153565197153485,True,4.3153565197153485,True,4.3153565197153485,True,4.3153565197153485,True,4.3153565197153485,True,4.3153565197153485,True,4.5,False,4.407678259857675,4.3153565197153485,True,True,0.5,1.0,4.3153565197153485,wind_stuck_7_days,2019
1156,Ellendale,Ellendale,2019-09-06,5.34215786,5.1,5.1,-0.9331642621131714,0.9331642621131714,0.3711765010867345,0.7001044642398659,-0.349434500192032,-0.17757455210893958,-0.10202218339957966,-0.9331642621131713,1.0856841945296203,0.31946438429784235,4.166835737886828,True,5.1,False,4.166835737886828,True,5.1,False,5.1,False,5.1,False,5.1,False,4.633417868943414,5.1,True,False,0.5,0.0,4.166835737886828,wind_stuck_7_days,2019
1157,Ellendale,Ellendale,2019-10-08,2.62087063,2.9,2.9,0.06597163366329978,0.06597163366329978,0.17494858868702745,0.49571195119206113,0.0005612132514767025,0.00339012225236169,-0.010390994209762274,-0.06597163366329978,1.0856841945296203,0.31946438429784235,2.9659716336632997,True,2.9659716336632997,True,2.9659716336632997,True,2.9659716336632997,True,2.9659716336632997,True,2.9659716336632997,True,2.9,False,2.93298581683165,2.9659716336632997,True,True,0.5,1.0,2.9659716336632997,wind_stuck_7_days,2019
1158,Ellendale,Ellendale,2019-11-01,2.67186488,1.9,1.9,-0.3770082182291718,0.3770082182291718,0.08749810237467506,0.2731087802524991,0.0005612132514767025,0.00339012225236169,-0.014311646000022736,-0.37700821822917185,1.0856841945296203,0.31946438429784235,1.522991781770828,True,1.522991781770828,True,1.522991781770828,True,1.522991781770828,True,1.522991781770828,True,1.522991781770828,True,1.9,False,1.711495890885414,1.7334491457128027,True,True,0.5,0.44176982419506816,1.522991781770828,wind_stuck_7_days,2019
1159,Ellendale,Ellendale,2019-11-09,2.32085936,1.7,1.7,-0.2380570405563705,0.2380570405563705,0.04897975700239352,0.2934296411613252,0.0005612132514767025,0.00339012225236169,-0.014311646000022736,-0.23805704055637045,1.0856841945296203,0.31946438429784235,1.4619429594436295,True,1.4619429594436295,True,1.4619429594436295,True,1.4619429594436295,True,1.4619429594436295,True,1.4619429594436295,True,1.7,False,1.5809714797218146,1.5507486719042078,True,True,0.5,0.6269561603680035,1.4619429594436295,wind_stuck_7_days,2019
1160,Ellendale,Ellendale,2019-12-03,0.81912556,0.7,0.7,0.03206790407010659,0.03206790407010659,0.07559373019011681,0.2632781258532527,0.0070243713816480315,0.007717923769237176,-0.014311646000022736,0.032067904070106595,1.0856841945296203,0.31946438429784235,0.7320679040701066,True,0.7320679040701066,True,0.7320679040701066,True,0.7320679040701066,True,0.7320679040701066,True,0.7320679040701066,True,0.7,False,0.7160339520350533,0.7320679040701066,True,True,0.5,1.0,0.7320679040701066,wind_stuck_7_days,2019
1845,RIP760,Almond_Low,2019-04-10,2.31625751,3.4,3.4,-0.24147078107301684,0.24147078107301684,0.10309462347373603,0.6456205786993892,-0.028062545743662223,-0.027600389641868228,-0.010390994209762274,0.24147078107301678,1.0856841945296203,0.31946438429784235,3.158529218926983,True,3.158529218926983,True,3.158529218926983,True,3.4,False,3.4,False,3.4,False,3.4,False,3.2792646094634916,3.2486084062573983,True,True,0.5,0.6269561603680035,3.158529218926983,wind_stuck_7_days,2019
1846,RIP760,Almond_Low,2019-04-18,2.27796035,3.5,3.5,1.0124242608313618,1.0124242608313618,0.42333828039630994,0.9783330490592033,-0.2742479406965584,-0.24970435251946696,-0.0894581678746935,-1.012424260831362,1.0856841945296203,0.31946438429784235,4.512424260831362,True,3.5,False,3.5,False,3.5,False,3.5,False,3.5,False,3.5,False,4.006212130415681,3.6292743769096276,True,True,0.5,0.1276879485320438,4.512424260831362,wind_stuck_7_days,2019
1847,RIP760,Almond_Low,2019-04-19,3.1882882,2.9,2.9,-0.26389451352507476,0.26389451352507476,0.23155722743459967,0.5798210601829955,0.012646997916886725,0.00339012225236169,-0.010390994209762274,-0.26389451352507476,1.0856841945296203,0.31946438429784235,2.636105486474925,True,2.636105486474925,True,2.636105486474925,True,2.636105486474925,True,2.636105486474925,True,2.636105486474925,True,2.9,False,2.7680527432374626,2.761132952230861,True,True,0.5,0.5262218070173856,2.636105486474925,wind_stuck_7_days,2019
1848,RIP760,Almond_Low,2019-04-26,5.02905365,4.3,4.3,-0.5857545114949961,0.5857545114949961,0.18682918394901635,0.645661468113077,-0.0927623732000957,-0.061519736909239064,-0.042947461386194714,-0.5857545114949962,1.0856841945296203,0.31946438429784235,3.7142454885050036,True,3.7142454885050036,True,3.7142454885050036,True,4.3,False,4.3,False,4.3,False,4.3,False,4.007122744252502,4.203923681859196,True,True,0.5,0.16402147359581068,3.7142454885050036,wind_stuck_7_days,2019
1849,RIP760,Almond_Low,2019-05-05,3.81511142,4.2,4.2,-0.5102621337629999,0.5102621337629999,0.22055526892736566,0.44923149972167487,-0.021897958597803156,-0.03052311642759458,-0.007243750527162707,0.2595150262370004,1.0856841945296203,0.31946438429784235,3.6897378662370004,True,3.6897378662370004,True,3.6897378662370004,True,4.2,False,4.2,False,4.2,False,4.2,False,3.9448689331185003,4.066192814299932,True,True,0.5,0.2622322466166319,3.6897378662370004,wind_stuck_7_days,2019
1850,RIP760,Almond_Low,2019-05-12,4.91318842,5.3,5.3,-0.2613687457177033,0.2613687457177033,0.11810528633832326,0.6408715707454024,-0.03666286092845928,-0.03640550865571832,-0.010390994209762274,0.2613687457177033,1.0856841945296203,0.31946438429784235,5.038631254282296,True,5.038631254282296,True,5.038631254282296,True,5.3,False,5.3,False,5.3,False,5.3,False,5.169315627141148,5.228169393930255,True,True,0.5,0.27482477245893394,5.038631254282296,wind_stuck_7_days,2019
1851,RIP760,Almond_Low,2019-05-13,4.91476169,5.0,5.0,-0.41693433607750985,0.41693433607750985,0.22697673297656282,0.6338413480456124,-0.045134438518064285,-0.03640550865571832,-0.010390994209762274,-0.24645771607750933,1.0856841945296203,0.31946438429784235,4.58306566392249,True,4.58306566392249,True,4.58306566392249,True,5.0,False,5.0,False,5.0,False,5.0,False,4.791532831961245,4.934558781396307,True,True,0.5,0.15695809373571773,4.58306566392249,wind_stuck_7_days,2019
1852,RIP760,Almond_Low,2019-05-29,4.27761893,4.1,4.1,-1.1708987723389641,1.1708987723389641,0.23410687428826008,0.4459861114965446,-0.2556468946609198,-0.2089322140181137,-0.07848070108350734,-1.1708987723389641,1.0856841945296203,0.31946438429784235,2.9291012276610355,True,2.9291012276610355,True,2.9291012276610355,True,4.1,False,4.1,False,4.1,False,4.1,False,3.514550613830518,4.1,True,False,0.5,0.0,2.9291012276610355,wind_stuck_7_days,2019
1853,RIP760,Almond_Low,2019-06-21,5.09101265,5.1,5.1,-0.29305609661181575,0.29305609661181575,0.3043689285989923,0.5835905294784685,-0.02209718759430385,-0.02609016249221811,-0.010390994209762274,-0.27508139661181585,1.0856841945296203,0.31946438429784235,4.806943903388184,True,4.806943903388184,True,4.806943903388184,True,5.1,False,5.1,False,5.1,False,5.1,False,4.953471951694092,5.055847609154313,True,True,0.5,0.1506619086112084,4.806943903388184,wind_stuck_7_days,2019
1854,RIP760,Almond_Low,2019-06-22,5.50706441,5.6,5.6,-0.014324715855999448,0.014324715855999448,0.11939781696756102,0.5206058277497876,-0.02023458053272472,-0.013600666732507436,-0.010390994209762274,0.014324715855999454,1.0856841945296203,0.31946438429784235,5.585675284144,True,5.585675284144,True,5.585675284144,True,5.6,False,5.6,False,5.6,False,5.6,False,5.592837642072,5.5955135242262815,True,True,0.5,0.31319823854231177,5.585675284144,wind_stuck_7_days,2019
1855,RIP760,Almond_Low,2019-06-29,5.95038658,5.2,5.2,-0.07316678349071387,0.07316678349071387,0.18729711671824847,0.5891293353347744,-0.02023458053272472,-0.013600666732507436,-0.010390994209762274,-0.07316678349071393,1.0856841945296203,0.31946438429784235,5.1268332165092865,True,5.1268332165092865,True,5.1268332165092865,True,5.2,False,5.2,False,5.2,False,5.2,False,5.163416608254643,5.1770842922909015,True,True,0.5,0.31319823854231177,5.1268332165092865,wind_stuck_7_days,2019
1856,RIP760,Almond_Low,2019-06-30,5.79496555,5.5,5.5,-0.004307543044478489,0.004307543044478489,0.1149276710284806,0.49503155086462003,-0.02023458053272472,-0.013600666732507436,-0.010390994209762274,-0.004307543044478501,1.0856841945296203,0.31946438429784235,5.495692456955521,True,5.495692456955521,True,5.495692456955521,True,5.5,False,5.5,False,5.5,False,5.5,False,5.497846228477761,5.5,True,False,0.5,0.0,5.495692456955521,wind_stuck_7_days,2019
1857,RIP760,Almond_Low,2019-07-08,5.54215529,5.4,5.4,-0.14019829221566255,0.14019829221566255,0.24360040285076268,0.5131742443773759,-0.013529250980526528,-0.013600666732507436,-0.010390994209762274,-0.14019829221566255,1.0856841945296203,0.31946438429784235,5.259801707784338,True,5.259801707784338,True,5.259801707784338,True,5.4,False,5.4,False,5.4,False,5.4,False,5.329900853892169,5.377566209450467,True,True,0.5,0.16001472054327623,5.259801707784338,wind_stuck_7_days,2019
1858,RIP760,Almond_Low,2019-07-15,6.29470538,5.8,5.8,-0.004146070041088965,0.004146070041088965,0.21870703076457315,0.6284696285544419,0.006941618148819172,-0.01379773330713583,-0.010390994209762274,-0.004146070041088967,1.0856841945296203,0.31946438429784235,5.795853929958911,True,5.795853929958911,True,5.795853929958911,True,5.795853929958911,True,5.795853929958911,True,5.8,False,5.8,False,5.797926964979455,5.8,True,False,0.5,0.0,5.734739752618041,wind_stuck_7_days,2019
1859,RIP760,Almond_Low,2019-07-16,6.48039353,5.6,5.6,-0.18575426290147107,0.18575426290147107,0.29131667708672665,0.5754592247051723,-0.016411766734276682,-0.014729480855670274,-0.010390994209762274,-0.185754262901471,1.0856841945296203,0.31946438429784235,5.414245737098528,True,5.414245737098528,True,5.414245737098528,True,5.6,False,5.6,False,5.6,False,5.6,False,5.507122868549264,5.6,True,False,0.5,0.0,5.414245737098528,wind_stuck_7_days,2019
1860,RIP760,Almond_Low,2019-07-23,6.21859001,5.3,5.3,-0.12819172880193166,0.12819172880193166,0.13473618138731963,0.4176074256761934,-0.02023458053272472,-0.013600666732507436,-0.010390994209762274,-0.12819172880193164,1.0856841945296203,0.31946438429784235,5.171808271198068,True,5.171808271198068,True,5.171808271198068,True,5.3,False,5.3,False,5.3,False,5.3,False,5.235904135599034,5.276629113098635,True,True,0.5,0.18231197222930706,5.171808271198068,wind_stuck_7_days,2019
1861,RIP760,Almond_Low,2019-07-24,6.20950869,5.6,5.6,0.004740306606219211,0.004740306606219211,0.11567020457932288,0.41540373495139954,-0.02023458053272472,-0.013600666732507436,-0.010390994209762274,0.004740306606219158,1.0856841945296203,0.31946438429784235,5.604740306606219,True,5.604740306606219,True,5.604740306606219,True,5.6,False,5.6,False,5.6,False,5.6,False,5.602370153303109,5.601484655679218,True,True,0.5,0.31319823854231177,5.604740306606219,wind_stuck_7_days,2019
1862,RIP760,Almond_Low,2019-07-31,5.73178342,5.2,5.2,0.22727189564671732,0.22727189564671732,0.19199710960814673,0.39877919851357085,-0.01777832604506096,-0.013600666732507436,-0.010390994209762274,0.22727189564671735,1.0856841945296203,0.31946438429784235,5.427271895646718,True,5.427271895646718,True,5.427271895646718,True,5.2,False,5.2,False,5.2,False,5.2,False,5.313635947823359,5.3009260572613215,True,True,0.5,0.4440762768934949,5.427271895646718,wind_stuck_7_days,2019
1863,RIP760,Almond_Low,2019-08-01,6.12524812,5.2,5.2,-0.05550794682707712,0.05550794682707712,0.12168370793976883,0.4277964756665046,-0.02023458053272472,-0.013600666732507436,-0.010390994209762274,-0.05550794682707716,1.0856841945296203,0.31946438429784235,5.1444920531729235,True,5.1444920531729235,True,5.1444920531729235,True,5.2,False,5.2,False,5.2,False,5.2,False,5.172246026586461,5.1444920531729235,True,True,0.5,1.0,5.1444920531729235,wind_stuck_7_days,2019
1864,RIP760,Almond_Low,2019-08-08,5.7947994,5.0,5.0,-0.35852054380134374,0.35852054380134374,0.1382427997280715,0.4243882454501149,-0.025160803531209076,-0.025158414943683666,-0.010390994209762274,-0.3585205438013437,1.0856841945296203,0.31946438429784235,4.641479456198656,True,4.641479456198656,True,4.641479456198656,True,5.0,False,5.0,False,5.0,False,5.0,False,4.820739728099328,5.0,True,False,0.5,0.0,4.641479456198656,wind_stuck_7_days,2019
1865,RIP760,Almond_Low,2019-08-09,4.9620511,4.7,4.7,-0.4996585242231409,0.4996585242231409,0.16780912732931821,0.5190390958029077,-0.028603288150001346,-0.03052311642759458,-0.007243750527162707,-0.49965852422314083,1.0856841945296203,0.31946438429784235,4.20034147577686,True,4.20034147577686,True,4.20034147577686,True,4.7,False,4.7,False,4.7,False,4.7,False,4.450170737888429,4.563603621122591,True,True,0.5,0.272979189316294,4.20034147577686,wind_stuck_7_days,2019
1866,RIP760,Almond_Low,2019-08-16,5.31612797,5.7,5.7,0.5144758917076121,0.5144758917076121,0.2521183265148628,0.7333792201251672,0.006711337151611988,0.021810701027100487,-0.03409773169820599,-0.5144758917076121,1.0856841945296203,0.31946438429784235,6.214475891707612,True,6.214475891707612,True,6.214475891707612,True,6.214475891707612,True,6.214475891707612,True,6.214475891707612,True,5.7,False,5.957237945853806,5.974320405898015,True,True,0.5,0.5332036161840547,6.084718700876844,wind_stuck_7_days,2019
1867,RIP760,Almond_Low,2019-08-17,5.16079742,5.0,5.0,-0.36133992197571485,0.36133992197571485,0.10378021831489107,0.3977132454161648,-0.025160803531209076,-0.025158414943683666,-0.010390994209762274,-0.36133992197571485,1.0856841945296203,0.31946438429784235,4.6386600780242855,True,4.6386600780242855,True,4.6386600780242855,True,5.0,False,5.0,False,5.0,False,5.0,False,4.819330039012143,4.920705125159329,True,True,0.5,0.21944675918206638,4.6386600780242855,wind_stuck_7_days,2019
1868,RIP760,Almond_Low,2019-08-24,4.0641665,4.2,4.2,-0.7871516663907856,0.7871516663907856,0.31915094009453837,0.5295654953749738,-0.17303541597937933,-0.17061450049441548,-0.0906912012132645,-0.5154846663907848,1.0856841945296203,0.31946438429784235,3.4128483336092144,True,3.4128483336092144,True,3.4128483336092144,True,4.2,False,4.2,False,4.2,False,4.2,False,3.8064241668046073,4.159296551691654,True,True,0.5,0.0517097911956138,3.4128483336092144,wind_stuck_7_days,2019
1869,RIP760,Almond_Low,2019-08-25,4.72233278,4.7,4.7,-0.7342872627001287,0.7342872627001287,0.1591046765517731,0.4581125408943647,-0.12230155877502613,-0.14140553244832285,-0.08905261163375462,-0.7342872627001287,1.0856841945296203,0.31946438429784235,3.9657127372998717,True,3.9657127372998717,True,3.9657127372998717,True,4.7,False,4.7,False,4.7,False,4.7,False,4.332856368649936,4.650968288556981,True,True,0.5,0.06677456348993385,3.9657127372998717,wind_stuck_7_days,2019
1870,RIP760,Almond_Low,2019-09-01,4.75487828,4.4,4.4,-0.046398771507001266,0.046398771507001266,0.13177292119178394,0.6230538949450223,-0.0015525463387342114,-0.023897287851841538,-0.010390994209762274,-0.04639877150700128,1.0856841945296203,0.31946438429784235,4.353601228492999,True,4.353601228492999,True,4.353601228492999,True,4.4,False,4.4,False,4.4,False,4.4,False,4.3768006142465,4.38546798649348,True,True,0.5,0.31319823854231177,4.353601228492999,wind_stuck_7_days,2019
1871,RIP760,Almond_Low,2019-09-09,4.02562168,4.3,4.3,-0.209693116720781,0.209693116720781,0.18366021427740042,0.3135575901966423,-0.021974381123073927,-0.023921466662728583,-0.010390994209762274,0.209693116720781,1.0856841945296203,0.31946438429784235,4.090306883279219,True,4.090306883279219,True,4.090306883279219,True,4.3,False,4.3,False,4.3,False,4.3,False,4.19515344163961,4.1415329849079345,True,True,0.5,0.7557091885999958,4.090306883279219,wind_stuck_7_days,2019
1872,RIP760,Almond_Low,2019-09-10,4.26688908,4.1,4.1,-0.16504211414011896,0.16504211414011896,0.1805541180806241,0.37188383713950685,-0.015799646495456485,-0.01947341668752816,-0.010390994209762274,-0.16504211414011893,1.0856841945296203,0.31946438429784235,3.934957885859881,True,3.934957885859881,True,3.934957885859881,True,4.1,False,4.1,False,4.1,False,4.1,False,4.01747894292994,3.934957885859881,True,True,0.5,1.0,3.934957885859881,wind_stuck_7_days,2019
1873,RIP760,Almond_Low,2019-09-25,2.53041394,4.5,4.5,-0.18358187029010536,0.18358187029010536,0.22526583645363044,0.5696132192853287,0.012646997916886725,0.00339012225236169,-0.010390994209762274,0.1835818702901053,1.0856841945296203,0.31946438429784235,4.316418129709895,True,4.316418129709895,True,4.316418129709895,True,4.316418129709895,True,4.316418129709895,True,4.316418129709895,True,4.5,False,4.4082090648549475,4.316418129709895,True,True,0.5,1.0,4.316418129709895,wind_stuck_7_days,2019
1874,RIP760,Almond_Low,2019-10-04,2.5425186,3.5,3.5,-0.611865826458226,0.611865826458226,0.18738242220606266,0.4419084426996428,0.003962038832926644,0.00339012225236169,-0.03161647919987955,0.611865826458226,1.0856841945296203,0.31946438429784235,2.888134173541774,True,2.888134173541774,True,2.888134173541774,True,2.888134173541774,True,2.888134173541774,True,2.888134173541774,True,3.5,False,3.194067086770887,3.2053890708035366,True,True,0.5,0.4814959693072145,2.888134173541774,wind_stuck_7_days,2019
1940,S2,S2,2019-01-12,0.50011575,0.1,0.1,0.38055564442718437,0.38055564442718437,0.11452419477417494,0.3243462835494775,0.12356750759532416,0.10106920547276653,-0.0122330808839564,0.38055564442718437,1.0856841945296203,0.31946438429784235,0.48055564442718435,True,0.48055564442718435,True,0.48055564442718435,True,0.48055564442718435,True,0.48055564442718435,True,0.48055564442718435,True,0.1,False,0.2902778222135922,0.48055564442718435,True,True,0.5,1.0,0.403831157171039,wind_stuck_7_days,2019
1941,S2,S2,2019-04-10,2.50643804,1.9,1.9,-0.013674332382033121,0.013674332382033121,0.18847704113166866,0.4471370404614364,0.0005612132514767025,0.00339012225236169,-0.014311646000022736,-0.013674332382033083,1.0856841945296203,0.31946438429784235,1.8863256676179667,True,1.8863256676179667,True,1.8863256676179667,True,1.8863256676179667,True,1.8863256676179667,True,1.8863256676179667,True,1.9,False,1.8931628338089834,1.8863256676179667,True,True,0.5,1.0,1.8863256676179667,wind_stuck_7_days,2019
1942,S2,S2,2019-04-18,2.50056716,2.3,2.3,-0.14727197251773477,0.14727197251773477,0.19481842999516258,0.3660010308870392,0.0038144536962457973,0.00339012225236169,-0.010390994209762274,-0.14727197251773477,1.0856841945296203,0.31946438429784235,2.152728027482265,True,2.152728027482265,True,2.152728027482265,True,2.152728027482265,True,2.152728027482265,True,2.152728027482265,True,2.3,False,2.2263640137411325,2.152728027482265,True,True,0.5,1.0,2.152728027482265,wind_stuck_7_days,2019
1943,S2,S2,2019-04-26,3.53742704,3.0,3.0,-0.4606867863532493,0.4606867863532493,0.21504997821070185,0.34055603245459876,0.007215279277695741,0.00339012225236169,-0.010390994209762274,-0.46068678635324933,1.0856841945296203,0.31946438429784235,2.539313213646751,True,2.539313213646751,True,2.539313213646751,True,2.539313213646751,True,2.539313213646751,True,2.539313213646751,True,3.0,False,2.7696566068233754,2.716341374670243,True,True,0.5,0.615729892266219,2.539313213646751,wind_stuck_7_days,2019
1944,S2,S2,2019-05-04,4.21174256,3.2,3.2,-0.6108618764587165,0.6108618764587165,0.23190738015782275,0.5007171778692416,0.01604782349833667,0.00339012225236169,-0.014995402757638391,-0.6108618764587166,1.0856841945296203,0.31946438429784235,2.5891381235412836,True,2.5891381235412836,True,2.5891381235412836,True,2.5891381235412836,True,2.5891381235412836,True,2.5891381235412836,True,3.2,False,2.894569061770642,2.876302658442273,True,True,0.5,0.5299026736359167,2.5891381235412836,wind_stuck_7_days,2019
1945,S2,S2,2019-05-12,7.43309801,6.2,6.2,-0.6038060063113347,0.6038060063113347,0.3391791133907197,0.5513005588050428,-0.06846484224931966,-0.058408402048385745,-0.03325506877938945,-0.6038060063113346,1.0856841945296203,0.31946438429784235,5.596193993688665,True,5.596193993688665,True,5.596193993688665,True,6.2,False,6.2,False,6.2,False,6.2,False,5.898096996844333,5.983431688610923,True,True,0.5,0.3586720057855969,5.596193993688665,wind_stuck_7_days,2019
1946,S2,S2,2019-06-05,6.98142959,6.4,6.4,-0.5757699188062493,0.5757699188062493,0.15333347825609606,0.3952213607644747,-0.058998984638990816,-0.0380669725728163,-0.03161647919987955,-0.5757699188062493,1.0856841945296203,0.31946438429784235,5.824230081193751,True,5.824230081193751,True,5.824230081193751,True,6.4,False,6.4,False,6.4,False,6.4,False,6.112115040596875,6.015379428465364,True,True,0.5,0.6680108824234419,5.824230081193751,wind_stuck_7_days,2019
1947,S2,S2,2019-06-29,5.55246355,5.1,5.1,-1.2882145648456913,1.2882145648456913,0.20099751346721192,0.3897126225498947,-0.01419610360471883,0.006660805304809253,-0.05510053261914583,-1.2882145648456913,1.0856841945296203,0.31946438429784235,3.8117854351543086,True,3.8117854351543086,True,3.8117854351543086,True,5.1,False,5.1,False,3.8117854351543086,True,5.1,False,4.455892717577154,4.961649311196212,True,True,0.5,0.10739724000897295,3.8117854351543086,wind_stuck_7_days,2019
1948,S2,S2,2019-07-07,6.81942078,6.9,6.9,-1.4680941946154715,1.4680941946154715,0.2546823895026585,0.6501019908865455,0.12008044849025412,0.17285512793569396,-0.07107425785337776,-1.3069357546154703,1.0856841945296203,0.31946438429784235,5.431905805384529,True,5.431905805384529,True,5.431905805384529,True,5.431905805384529,True,5.431905805384529,True,5.431905805384529,True,6.9,False,6.165952902692265,5.880594217928845,True,True,0.5,0.694373553011809,5.431905805384529,wind_stuck_7_days,2019
1949,S2,S2,2019-07-15,5.48417638,5.8,5.8,-0.6249224212327132,0.6249224212327132,0.20850683299147396,0.4938894890018532,-0.048679748428397035,-0.03835007825523721,-0.03161647919987955,0.006724818767286256,1.0856841945296203,0.31946438429784235,5.1750775787672865,True,5.1750775787672865,True,5.1750775787672865,True,5.8,False,5.8,False,5.8,False,5.8,False,5.487538789383644,5.6366521114603945,True,True,0.5,0.26138906684990965,5.1750775787672865,wind_stuck_7_days,2019
1950,S2,S2,2019-07-23,6.30475575,7.4,7.4,0.6048891891629321,0.6048891891629321,0.20125658594688584,0.5029078299249783,0.08973558628084062,0.10359992496313238,0.014614616824737098,-0.604889189162932,1.0856841945296203,0.31946438429784235,8.004889189162933,True,8.004889189162933,True,8.004889189162933,True,8.004889189162933,True,8.004889189162933,True,8.004889189162933,True,8.004889189162933,True,7.702444594581467,7.951731622173554,True,True,0.5,0.9121201569779426,8.004889189162933,wind_stuck_7_days,2019
1951,S2,S2,2019-07-31,3.07190468,3.2,3.2,-0.632685202518884,0.632685202518884,0.17969973131185465,0.4449572799508938,-0.06532256681008675,-0.053392763954899,-0.03161647919987955,-0.37649456251888336,1.0856841945296203,0.31946438429784235,2.5673147974811164,True,2.5673147974811164,True,2.5673147974811164,True,3.2,False,3.2,False,3.2,False,3.2,False,2.8836573987405583,3.0946927634144505,True,True,0.5,0.16644491789328106,2.5673147974811164,wind_stuck_7_days,2019
1952,S2,S2,2019-08-16,6.58880904,6.1,6.1,-0.77719954736398,0.77719954736398,0.2519015818569495,0.6384052372160532,-0.02258851588245821,-0.05619868275249129,-0.07687856047634933,-0.7771995473639799,1.0856841945296203,0.31946438429784235,5.322800452636019,True,5.322800452636019,True,5.322800452636019,True,6.1,False,6.1,False,6.1,False,6.1,False,5.71140022631801,5.6900020720141855,True,True,0.5,0.5275323813252342,5.322800452636019,wind_stuck_7_days,2019
1953,S2,S2,2019-08-24,7.55490668,6.1,6.1,0.20390140020052722,0.20390140020052722,0.21676217062145936,0.4305417862412419,-0.013529250980526528,-0.013600666732507436,-0.010390994209762274,0.20390140020052727,1.0856841945296203,0.31946438429784235,6.303901400200527,True,6.303901400200527,True,6.303901400200527,True,6.1,False,6.1,False,6.1,False,6.1,False,6.201950700100263,6.198392749124971,True,True,0.5,0.48255063000159315,6.303901400200527,wind_stuck_7_days,2019
1954,S2,S2,2019-09-01,5.41018681,5.3,5.3,-0.22337401970076876,0.22337401970076876,0.1352661397275133,0.26990136594202857,0.003319625072988626,0.013686743371695795,-0.010390994209762274,-0.22337401970076876,1.0856841945296203,0.31946438429784235,5.076625980299231,True,5.076625980299231,True,5.076625980299231,True,5.076625980299231,True,5.076625980299231,True,5.076625980299231,True,5.3,False,5.1883129901496154,5.124968577649952,True,True,0.5,0.7835800357826722,5.076625980299231,wind_stuck_7_days,2019
1955,S2,S2,2019-09-09,4.52982964,3.4,3.4,-0.927854775626832,0.927854775626832,0.14353375854461603,0.38462963482352,0.05493015528610414,0.12009413597969265,-0.08905261163375462,-0.927854775626832,1.0856841945296203,0.31946438429784235,2.472145224373168,True,2.472145224373168,True,2.472145224373168,True,2.472145224373168,True,2.472145224373168,True,2.472145224373168,True,3.4,False,2.936072612186584,3.1479604096675224,True,True,0.5,0.2716368950757482,2.472145224373168,wind_stuck_7_days,2019
1956,S2,S2,2019-09-25,2.78262131,2.0,2.0,-0.6106783990785221,0.6106783990785221,0.128872370678911,0.3152424393038536,0.003962038832926644,0.00339012225236169,-0.041112030026763995,-0.6106783990785221,1.0856841945296203,0.31946438429784235,1.389321600921478,True,1.389321600921478,True,1.389321600921478,True,1.389321600921478,True,1.389321600921478,True,1.389321600921478,True,2.0,False,1.6946608004607389,1.6523845282335938,True,True,0.5,0.5692283733810426,1.389321600921478,wind_stuck_7_days,2019
1957,S2,S2,2019-10-11,0.64058931,1.8,1.8,-0.8220357322463968,0.8220357322463968,0.1358699055467421,0.3999321009062298,0.05493015528610414,0.12009413597969265,-0.11549715582828415,0.8220357322463968,1.0856841945296203,0.31946438429784235,0.9779642677536032,True,0.9779642677536032,True,0.9779642677536032,True,0.9779642677536032,True,0.9779642677536032,True,0.9779642677536032,True,1.8,False,1.3889821338768016,1.520449854700637,True,True,0.5,0.34007055208589226,0.9779642677536032,wind_stuck_7_days,2019
1958,S2,S2,2019-11-20,0.31429004,0.4,0.4,0.15951852590204701,0.15951852590204701,0.09702822682337994,0.3089943225841169,0.022681716637791855,0.026405198648445823,-0.014311646000022736,-0.15951852590204701,1.0856841945296203,0.31946438429784235,0.559518525902047,True,0.559518525902047,True,0.559518525902047,True,0.559518525902047,True,0.559518525902047,True,0.559518525902047,True,0.4,False,0.47975926295102356,0.559518525902047,True,True,0.5,1.0,0.559518525902047,wind_stuck_7_days,2019
2597,UA1_HartFarm,UA1_HartFarm,2019-01-02,1.30858226,1.0,1.0,-0.5220381946397057,0.5220381946397057,0.06503586817289345,0.28173745298206654,0.038046676137912155,0.017467153214533713,-0.016826435251916006,-0.5220381946397057,1.0856841945296203,0.31946438429784235,0.4779618053602943,True,0.4779618053602943,True,0.4779618053602943,True,0.4779618053602943,True,0.4779618053602943,True,0.4779618053602943,True,1.0,False,0.7389809026801472,0.7460105359557694,True,True,0.5,0.4865342548729142,0.4779618053602943,wind_stuck_7_days,2019
2598,UA1_HartFarm,UA1_HartFarm,2019-01-18,1.14917491,1.2,1.2,0.03212638887208504,0.03212638887208504,0.15015134514789738,0.4497855793329351,0.0070243713816480315,0.007717923769237176,-0.014311646000022736,-0.03212638887208505,1.0856841945296203,0.31946438429784235,1.232126388872085,True,1.232126388872085,True,1.232126388872085,True,1.232126388872085,True,1.232126388872085,True,1.232126388872085,True,1.2,False,1.2160631944360425,1.232126388872085,True,True,0.5,1.0,1.232126388872085,wind_stuck_7_days,2019
2599,UA1_HartFarm,UA1_HartFarm,2019-01-26,1.5223781,1.6,1.6,-0.6273247106964936,0.6273247106964936,0.14051893748118022,0.4216468775784607,0.003962038832926644,0.00339012225236169,-0.04503268181702446,-0.4720809106964936,1.0856841945296203,0.31946438429784235,0.9726752893035064,True,0.9726752893035064,True,0.9726752893035064,True,0.9726752893035064,True,0.9726752893035064,True,0.9726752893035064,True,1.6,False,1.2863376446517534,1.2653092759701654,True,True,0.5,0.5335207083716517,0.9726752893035064,wind_stuck_7_days,2019
2600,UA1_HartFarm,UA1_HartFarm,2019-02-11,3.51426392,2.1,2.1,-0.6112944951795127,0.6112944951795127,0.14872028995646336,0.38430211021625527,0.003962038832926644,0.00339012225236169,-0.04503268181702446,-0.6112944951795125,1.0856841945296203,0.31946438429784235,1.4887055048204874,True,1.4887055048204874,True,1.4887055048204874,True,1.4887055048204874,True,1.4887055048204874,True,1.4887055048204874,True,2.1,False,1.7943527524102438,1.7520338288521804,True,True,0.5,0.5692283733810426,1.4887055048204874,wind_stuck_7_days,2019
2601,UA1_HartFarm,UA1_HartFarm,2019-02-19,2.7959056,2.6,2.6,-0.9914392200646335,0.9914392200646335,0.17961077210957463,0.547162261355818,0.05493015528610414,0.12009413597969265,-0.09297326342401507,-0.9914392200646334,1.0856841945296203,0.31946438429784235,1.6085607799353667,True,1.6085607799353667,True,1.6085607799353667,True,1.6085607799353667,True,1.6085607799353667,True,1.6085607799353667,True,2.6,False,2.104280389967683,1.9630337116890213,True,True,0.5,0.6424663009291219,1.6085607799353667,wind_stuck_7_days,2019
2602,UA1_HartFarm,UA1_HartFarm,2019-03-23,4.47855701,4.7,4.7,-0.46747321912591355,0.46747321912591355,0.2783161903313516,0.5344010677912604,0.00778485263137468,0.0024583747038272484,-0.010390994209762274,-0.024587239125913762,1.0856841945296203,0.31946438429784235,4.232526780874086,True,4.232526780874086,True,4.232526780874086,True,4.232526780874086,True,4.232526780874086,True,4.232526780874086,True,4.7,False,4.466263390437043,4.422752534652376,True,True,0.5,0.5930766811968923,4.232526780874086,wind_stuck_7_days,2019
2603,UA1_HartFarm,UA1_HartFarm,2019-04-08,5.33904579,6.5,6.5,0.519249189294176,0.519249189294176,0.39229191618345244,1.0161531651246545,0.013188802335360796,-0.06557074177371212,-0.01928589793965822,-0.519249189294176,1.0856841945296203,0.31946438429784235,7.019249189294176,True,6.5,False,6.5,False,7.019249189294176,True,6.5,False,6.5,False,6.5,False,6.759624594647088,6.579912893482647,True,True,0.5,0.15390085363691072,7.019249189294176,wind_stuck_7_days,2019
2604,UA1_HartFarm,UA1_HartFarm,2019-04-16,6.05657559,5.1,5.1,-0.4325184123507004,0.4325184123507004,0.19131818066930506,0.657450046280986,-0.008941355387476804,-0.00911809855151509,-0.010390994209762274,-0.43251841235070043,1.0856841945296203,0.31946438429784235,4.667481587649299,True,4.667481587649299,True,4.667481587649299,True,5.1,False,5.1,False,5.1,False,5.1,False,4.883740793824649,4.942328111110064,True,True,0.5,0.3645437613464877,4.667481587649299,wind_stuck_7_days,2019
2605,UA1_HartFarm,UA1_HartFarm,2019-04-17,5.3506186,4.6,4.6,-0.8702772345086975,0.8702772345086975,0.13980248049411345,0.417295188943642,-0.011864143992641291,0.050676974663048505,-0.08905261163375462,-0.8702772345086975,1.0856841945296203,0.31946438429784235,3.729722765491302,True,3.729722765491302,True,3.729722765491302,True,4.6,False,4.6,False,3.729722765491302,True,4.6,False,4.16486138274565,4.317853307833395,True,True,0.5,0.32420323200329,3.729722765491302,wind_stuck_7_days,2019
2606,UA1_HartFarm,UA1_HartFarm,2019-04-24,6.72754395,7.0,7.0,0.4235457159103998,0.4235457159103998,0.2793336296149873,0.780724122998725,0.028029701321934292,0.0622056034378514,-0.010390994209762274,-0.4235457159103998,1.0856841945296203,0.31946438429784235,7.4235457159104,True,7.4235457159104,True,7.4235457159104,True,7.4235457159104,True,7.4235457159104,True,7.4235457159104,True,7.0,False,7.2117728579552,7.4235457159104,True,True,0.5,1.0,7.4235457159104,wind_stuck_7_days,2019
2607,UA1_HartFarm,UA1_HartFarm,2019-05-18,3.80401823,4.8,4.8,-0.22447604190404347,0.22447604190404347,0.153336551072763,0.42780198604398934,-0.019215969301562004,-0.01362484554339448,-0.010390994209762274,0.22447604190404347,1.0856841945296203,0.31946438429784235,4.575523958095957,True,4.575523958095957,True,4.575523958095957,True,4.8,False,4.8,False,4.8,False,4.8,False,4.687761979047978,4.6241050550524765,True,True,0.5,0.7835800357826722,4.575523958095957,wind_stuck_7_days,2019
2625,UA2_JV330,ALARC2_Smith6,2019-01-01,2.02166639,1.6,1.6,-0.3697544237385762,0.3697544237385762,0.13473232299290003,0.4842729152219836,0.0005612132514767025,0.00339012225236169,-0.014311646000022736,-0.36975442373857614,1.0856841945296203,0.31946438429784235,1.230245576261424,True,1.230245576261424,True,1.230245576261424,True,1.230245576261424,True,1.230245576261424,True,1.230245576261424,True,1.6,False,1.415122788130712,1.4409429519627917,True,True,0.5,0.4301694255040611,1.230245576261424,wind_stuck_7_days,2019
2626,UA2_JV330,ALARC2_Smith6,2019-01-09,1.26251502,1.2,1.2,0.008404217848492957,0.008404217848492957,0.216355521076053,0.6065791346109621,0.02465880773668824,0.007717923769237176,-0.014311646000022736,0.008404217848492955,1.0856841945296203,0.31946438429784235,1.2084042178484928,True,1.2084042178484928,True,1.2084042178484928,True,1.2084042178484928,True,1.2084042178484928,True,1.2084042178484928,True,1.2,False,1.2042021089242465,1.2084042178484928,True,True,0.5,1.0,1.2084042178484928,wind_stuck_7_days,2019
2627,UA2_JV330,ALARC2_Smith6,2019-01-25,2.37386791,2.1,2.1,-0.18492470766197192,0.18492470766197192,0.14569520822033824,0.5676522990269511,0.0005612132514767025,0.00339012225236169,-0.010390994209762274,-0.1849247076619719,1.0856841945296203,0.31946438429784235,1.915075292338028,True,1.915075292338028,True,1.915075292338028,True,1.915075292338028,True,1.915075292338028,True,1.915075292338028,True,2.1,False,2.007537646169014,1.929959615778942,True,True,0.5,0.919511439930887,1.915075292338028,wind_stuck_7_days,2019
2628,UA2_KN20,ALARC2_Smith6,2019-02-10,2.48174472,0.5,0.5,0.1981150560278157,0.1981150560278157,0.07939670892417632,0.335635031147704,0.015234236614057683,0.017704285332879113,-0.014311646000022736,0.19811505602781576,1.0856841945296203,0.31946438429784235,0.6981150560278158,True,0.6981150560278158,True,0.6981150560278158,True,0.6981150560278158,True,0.6981150560278158,True,0.6981150560278158,True,0.5,False,0.5990575280139079,0.6690773912302583,True,True,0.5,0.8534302976272516,0.6981150560278158,wind_stuck_7_days,2019
2629,UA2_KN20,ALARC2_Smith6,2019-02-18,1.52269578,1.4,1.4,-0.23133837568880367,0.23133837568880367,0.14713438175378776,0.3423645965916294,0.0070243713816480315,0.007717923769237176,-0.011708511226739469,-0.23133837568880367,1.0856841945296203,0.31946438429784235,1.1686616243111962,True,1.1686616243111962,True,1.1686616243111962,True,1.1686616243111962,True,1.1686616243111962,True,1.1686616243111962,True,1.4,False,1.284330812155598,1.2411756323025651,True,True,0.5,0.6865457026943308,1.1686616243111962,wind_stuck_7_days,2019
2630,UA2_KN20,ALARC2_Smith6,2019-03-06,2.82059452,3.2,3.2,0.1404545133854837,0.1404545133854837,0.4107641461569006,0.8796097532045135,-0.0010552113073096412,-0.028610622725423224,-0.01402216989927223,-0.14045451338548376,1.0856841945296203,0.31946438429784235,3.3404545133854837,True,3.2,False,3.3404545133854837,True,3.2,False,3.2,False,3.2,False,3.2,False,3.270227256692742,3.338423364127118,True,True,0.5,0.9855387398424754,3.3404545133854837,wind_stuck_7_days,2019
2631,UA2_KN20,ALARC2_Smith6,2019-03-14,2.21357215,2.1,2.1,-0.7003538297149386,0.7003538297149386,0.171367853436884,0.4744295688296929,-0.05301695313201273,-0.11560520988001183,-0.11157650403802369,-0.7003538297149386,1.0856841945296203,0.31946438429784235,1.3996461702850613,True,1.3996461702850613,True,1.3996461702850613,True,2.1,False,2.1,False,2.1,False,2.1,False,1.7498230851425307,1.8418706158744433,True,True,0.5,0.3685699616015833,1.3996461702850613,wind_stuck_7_days,2019
2632,UA2_KN20,ALARC2_Smith6,2019-03-22,3.51928506,3.5,3.5,-0.2857042582558998,0.2857042582558998,0.09508371638977711,0.40090571673918945,0.0005612132514767025,0.00339012225236169,-0.010390994209762274,-0.2857042582558998,1.0856841945296203,0.31946438429784235,3.2142957417441003,True,3.2142957417441003,True,3.2142957417441003,True,3.2142957417441003,True,3.2142957417441003,True,3.2142957417441003,True,3.5,False,3.35714787087205,3.3697231792780618,True,True,0.5,0.4559848758195683,3.2142957417441003,wind_stuck_7_days,2019
3391,US-ARM,US-A32,2019-01-27,1.82814767,1.6,1.6,-0.4053101014987265,0.4053101014987265,0.16256526546476377,0.45630230669399596,0.0005612132514767025,0.00339012225236169,-0.014311646000022736,-0.4053101014987265,1.0856841945296203,0.31946438429784235,1.1946898985012737,True,1.1946898985012737,True,1.1946898985012737,True,1.1946898985012737,True,1.1946898985012737,True,1.1946898985012737,True,1.6,False,1.397344949250637,1.4373024752564003,True,True,0.5,0.40141492684734115,1.1946898985012737,wind_stuck_7_days,2019
3392,US-ARM,US-A32,2019-04-09,4.98177716,4.6,4.6,-0.2964556919221079,0.2964556919221079,0.28107934579648364,0.6670969420228345,-0.03941663908701738,-0.028532137190402672,-0.010390994209762274,-0.29645569192210797,1.0856841945296203,0.31946438429784235,4.303544308077892,True,4.303544308077892,True,4.303544308077892,True,4.6,False,4.6,False,4.6,False,4.6,False,4.451772154038946,4.483371200139936,True,True,0.5,0.3934105602894202,4.303544308077892,wind_stuck_7_days,2019
3393,US-ARM,US-A32,2019-04-17,3.7201958,3.8,3.8,-0.3013955548727522,0.3013955548727522,0.279914796627013,0.6663219271265735,-0.0230557793400842,-0.005668598250512814,-0.010390994209762274,-0.14178715487275245,1.0856841945296203,0.31946438429784235,3.4986044451272478,True,3.4986044451272478,True,3.4986044451272478,True,3.8,False,3.8,False,3.8,False,3.8,False,3.6493022225636236,3.6994632692147613,True,True,0.5,0.3335707151609605,3.4986044451272478,wind_stuck_7_days,2019
3394,US-ARM,US-A32,2019-05-19,5.1263381,4.2,4.2,-0.861601405718992,0.861601405718992,0.19415039453841404,0.39703732603731473,-0.05750084150921583,-0.08462264624106214,-0.08905261163375462,-0.861601405718992,1.0856841945296203,0.31946438429784235,3.338398594281008,True,3.338398594281008,True,3.338398594281008,True,4.2,False,4.2,False,4.2,False,4.2,False,3.769199297140504,4.004111826576584,True,True,0.5,0.22735359079405282,3.338398594281008,wind_stuck_7_days,2019
3395,US-ARM,US-A32,2019-06-12,6.00247075,4.1,4.1,-0.2080494498592845,0.2080494498592845,0.15333486948878985,0.414087771819764,0.0005612132514767025,0.00339012225236169,-0.010390994209762274,-0.20804944985928442,1.0856841945296203,0.31946438429784235,3.8919505501407152,True,3.8919505501407152,True,3.8919505501407152,True,3.8919505501407152,True,3.8919505501407152,True,3.8919505501407152,True,4.1,False,3.995975275070357,3.9427751190581644,True,True,0.5,0.7557091885999958,3.8919505501407152,wind_stuck_7_days,2019
3396,US-ARM,US-A32,2019-06-20,7.04348497,5.6,5.6,-0.2326588953184397,0.2326588953184397,0.2009632067103237,0.3903585643572546,-0.018455473979010883,-0.025158414943683666,-0.010390994209762274,-0.23265889531843964,1.0856841945296203,0.31946438429784235,5.36734110468156,True,5.36734110468156,True,5.36734110468156,True,5.6,False,5.6,False,5.6,False,5.6,False,5.483670552340779,5.507086069836785,True,True,0.5,0.3993568783864598,5.36734110468156,wind_stuck_7_days,2019
3397,US-ARM,US-A32,2019-06-28,4.21098822,3.1,3.1,-0.23136987099082762,0.23136987099082762,0.18099583428587568,0.5707998899195916,-0.022023415468079913,-0.023897287851841538,-0.010390994209762274,-0.23136987099082762,1.0856841945296203,0.31946438429784235,2.8686301290091727,True,2.8686301290091727,True,2.8686301290091727,True,3.1,False,3.1,False,3.1,False,3.1,False,2.984315064504586,3.0305710157456605,True,True,0.5,0.30007789673311547,2.8686301290091727,wind_stuck_7_days,2019
3398,US-ARM,US-A32,2019-07-22,1.825782,3.2,3.2,0.7562999297694211,0.7562999297694211,0.32189690704446766,0.8094210463236198,-0.0715486559176993,-0.07130590224435038,-0.08383577330270799,-0.7562999297694211,1.0856841945296203,0.31946438429784235,3.956299929769421,True,3.956299929769421,True,3.956299929769421,True,3.2,False,3.2,False,3.2,False,3.2,False,3.5781499648847106,3.37831027655312,True,True,0.5,0.23576661789124156,3.956299929769421,wind_stuck_7_days,2019
3399,US-ARM,US-A32,2019-07-30,1.78326856,2.2,2.2,-0.7169140435388875,0.7169140435388875,0.13152138712795033,0.46357862783151127,-0.12230155877502613,-0.1723880960872726,-0.11157650403802369,0.1165488364611128,1.0856841945296203,0.31946438429784235,1.4830859564611125,True,1.4830859564611125,True,1.4830859564611125,True,2.2,False,2.2,False,2.2,False,2.2,False,1.8415429782305563,2.134852162596949,True,True,0.5,0.09087259203552898,1.4830859564611125,wind_stuck_7_days,2019
3400,US-ARM,US-A32,2019-08-07,3.03359128,4.5,4.5,-1.0063315328515574,1.0063315328515574,0.2027648087504663,0.6034798642253513,-0.13607431302796366,-0.14140553244832285,-0.11895809791828843,1.0063315328515574,1.0856841945296203,0.31946438429784235,3.4936684671484426,True,3.4936684671484426,True,3.4936684671484426,True,4.5,False,4.5,False,4.5,False,4.5,False,3.996834233574221,4.4669354097460845,True,True,0.5,0.032856557878319446,3.4936684671484426,wind_stuck_7_days,2019
3401,US-ARM,US-A32,2019-08-15,3.82699792,4.9,4.9,-0.5288730426551344,0.5288730426551344,0.24037250750032874,0.5220113936687383,-0.024016735429769603,-0.03180842233032376,-0.007243750527162707,0.5288730426551344,1.0856841945296203,0.31946438429784235,4.371126957344866,True,4.371126957344866,True,4.371126957344866,True,4.9,False,4.9,False,4.9,False,4.9,False,4.635563478672434,4.7019591913052885,True,True,0.5,0.3744581264729902,4.371126957344866,wind_stuck_7_days,2019
3402,US-ARM,US-A32,2019-09-16,6.21042806,3.6,3.6,-0.43706396830659255,0.43706396830659255,0.11060503426501533,0.46780663917896775,0.0005612132514767025,0.00339012225236169,-0.010390994209762274,-0.43706396830659244,1.0856841945296203,0.31946438429784235,3.1629360316934076,True,3.1629360316934076,True,3.1629360316934076,True,3.1629360316934076,True,3.1629360316934076,True,3.1629360316934076,True,3.6,False,3.381468015846704,3.4504308323575783,True,True,0.5,0.34221344811819837,3.1629360316934076,wind_stuck_7_days,2019
3403,US-ARM,US-A32,2019-10-18,0.83197398,2.2,2.2,-0.44720155135523426,0.44720155135523426,0.15349679641461791,0.6113615781546112,0.04205963870246965,0.00339012225236169,-0.010390994209762274,0.4472015513552343,1.0856841945296203,0.31946438429784235,1.7527984486447659,True,1.7527984486447659,True,1.7527984486447659,True,1.7527984486447659,True,1.7527984486447659,True,1.7527984486447659,True,2.2,False,1.9763992243223831,2.0282727212565956,True,True,0.5,0.38400421068081947,1.7527984486447659,wind_stuck_7_days,2019
3404,US-ARM,US-A32,2019-10-26,2.27766296,1.0,1.0,0.01173334177696398,0.01173334177696398,0.08399937091768699,0.37746346340934533,0.0070243713816480315,0.007717923769237176,-0.014311646000022736,0.011733341776964057,1.0856841945296203,0.31946438429784235,1.011733341776964,True,1.011733341776964,True,1.011733341776964,True,1.011733341776964,True,1.011733341776964,True,1.011733341776964,True,1.0,False,1.005866670888482,1.011733341776964,True,True,0.5,1.0,1.011733341776964,wind_stuck_7_days,2019
3405,US-ARM,US-A32,2019-11-03,0.91202956,1.2,1.2,-0.2968771804195972,0.2968771804195972,0.13838100755576607,0.31525829975376984,0.0070243713816480315,0.007717923769237176,-0.010390994209762274,0.27906369958040267,1.0856841945296203,0.31946438429784235,0.9031228195804027,True,0.9031228195804027,True,0.9031228195804027,True,0.9031228195804027,True,0.9031228195804027,True,0.9031228195804027,True,1.2,False,1.0515614097902013,1.0719764768804665,True,True,0.5,0.4312339632793231,0.9031228195804027,wind_stuck_7_days,2019
3406,US-ARM,US-A32,2019-11-19,0.41092473,0.9,0.9,-0.0977729187054202,0.0977729187054202,0.06622254458323482,0.34395099912891214,0.0070243713816480315,0.007717923769237176,-0.014311646000022736,0.09777291870542021,1.0856841945296203,0.31946438429784235,0.8022270812945799,True,0.8022270812945799,True,0.8022270812945799,True,0.8022270812945799,True,0.8022270812945799,True,0.8022270812945799,True,0.9,False,0.85111354064729,0.8022270812945799,True,True,0.5,1.0,0.8022270812945799,wind_stuck_7_days,2019
3407,US-ARM,US-A32,2019-11-27,0.66641904,0.7,0.7,-0.022836902304347116,0.022836902304347116,0.07977625559848868,0.193726174599885,0.0070243713816480315,0.007717923769237176,-0.014311646000022736,0.022836902304347116,1.0856841945296203,0.31946438429784235,0.6771630976956529,True,0.6771630976956529,True,0.6771630976956529,True,0.6771630976956529,True,0.6771630976956529,True,0.6771630976956529,True,0.7,False,0.6885815488478264,0.6771630976956529,True,True,0.5,1.0,0.6771630976956529,wind_stuck_7_days,2019
3408,US-ARM,US-A32,2019-12-05,0.83405837,0.8,0.8,0.154732997616144,0.154732997616144,0.08391742100923076,0.31166653725981436,0.0070243713816480315,0.007717923769237176,-0.014311646000022736,-0.086616257616144,1.0856841945296203,0.31946438429784235,0.954732997616144,True,0.954732997616144,True,0.954732997616144,True,0.954732997616144,True,0.954732997616144,True,0.954732997616144,True,0.8,False,0.877366498808072,0.954732997616144,True,True,0.5,1.0,0.954732997616144,wind_stuck_7_days,2019
3409,US-ARM,US-A32,2019-12-13,0.6646597,0.7,0.7,0.07344443406827308,0.07344443406827308,0.09660559415492012,0.34868098193515057,0.0070243713816480315,0.007717923769237176,-0.014311646000022736,-0.07344443406827308,1.0856841945296203,0.31946438429784235,0.773444434068273,True,0.773444434068273,True,0.773444434068273,True,0.773444434068273,True,0.773444434068273,True,0.773444434068273,True,0.7,False,0.7367222170341365,0.773444434068273,True,True,0.5,1.0,0.773444434068273,wind_stuck_7_days,2019
3410,US-ARM,US-A32,2019-12-29,1.18718218,0.6,0.6,0.407613831175881,0.407613831175881,0.12050541621234095,0.4100811240380309,0.010546762043082176,0.019703313889130446,-0.014311646000022736,0.407613831175881,1.0856841945296203,0.31946438429784235,1.007613831175881,True,1.007613831175881,True,1.007613831175881,True,1.007613831175881,True,1.007613831175881,True,1.007613831175881,True,0.6,False,0.8038069155879405,0.9693568713047624,True,True,0.5,0.9061441076207958,1.007613831175881,wind_stuck_7_days,2019
3995,US-Bi1,US-Bi1,2019-03-08,3.10501262,1.4,1.4,0.392047566089358,0.392047566089358,0.15030815580815318,0.4846819783038228,0.02832645383627996,0.05616495502293803,-0.014311646000022736,0.39204756608935787,1.0856841945296203,0.31946438429784235,1.7920475660893578,True,1.7920475660893578,True,1.7920475660893578,True,1.7920475660893578,True,1.7920475660893578,True,1.7920475660893578,True,1.4,False,1.5960237830446788,1.7784423588104272,True,True,0.5,0.9652970495018209,1.7920475660893578,wind_stuck_7_days,2019
3996,US-Bi1,US-Bi1,2019-03-16,2.56163654,1.7,1.7,0.2423068638775813,0.2423068638775813,0.12908313629946427,0.44907976708163855,0.0005612132514767025,0.00339012225236169,-0.014311646000022736,0.24230686387758127,1.0856841945296203,0.31946438429784235,1.9423068638775813,True,1.9423068638775813,True,1.9423068638775813,True,1.9423068638775813,True,1.9423068638775813,True,1.9423068638775813,True,1.7,False,1.8211534319387905,1.8674734752195954,True,True,0.5,0.6911627369508054,1.9423068638775813,wind_stuck_7_days,2019
3997,US-Bi1,US-Bi1,2019-03-17,2.30050128,1.6,1.6,0.18351085844701304,0.18351085844701304,0.17831241333107134,0.4432478581040818,0.0005612132514767025,0.00339012225236169,-0.014311646000022736,0.1835108584470131,1.0856841945296203,0.31946438429784235,1.7835108584470132,True,1.7835108584470132,True,1.7835108584470132,True,1.7835108584470132,True,1.7835108584470132,True,1.7835108584470132,True,1.6,False,1.6917554292235066,1.7687403336935663,True,True,0.5,0.919511439930887,1.800138480628754,wind_stuck_7_days,2019
3998,US-Bi1,US-Bi1,2019-03-24,2.63583703,2.7,2.7,-0.3574917565286181,0.3574917565286181,0.12811503237030963,0.44150227407916337,0.0005612132514767025,0.00339012225236169,-0.014311646000022736,-0.22916581652861734,1.0856841945296203,0.31946438429784235,2.342508243471382,True,2.342508243471382,True,2.342508243471382,True,2.342508243471382,True,2.342508243471382,True,2.342508243471382,True,2.7,False,2.521254121735691,2.5361732938028587,True,True,0.5,0.45826708785668663,2.342508243471382,wind_stuck_7_days,2019
3999,US-Bi1,US-Bi1,2019-04-09,6.71361075,4.8,4.8,-0.3259965316479504,0.3259965316479504,0.29262558186195026,0.49841350311555255,0.0022162158729523086,0.0011972476119851245,-0.010390994209762274,-0.3259965316479505,1.0856841945296203,0.31946438429784235,4.474003468352049,True,4.474003468352049,True,4.474003468352049,True,4.474003468352049,True,4.474003468352049,True,4.474003468352049,True,4.8,False,4.637001734176025,4.691769473056851,True,True,0.5,0.331999013596955,4.474003468352049,wind_stuck_7_days,2019
4000,US-Bi1,US-Bi1,2019-04-17,5.12834253,4.5,4.5,-0.925746687682933,0.925746687682933,0.0963840655207135,0.36100830703805775,-0.011864143992641291,0.050676974663048505,-0.08905261163375462,-0.925746687682933,1.0856841945296203,0.31946438429784235,3.574253312317067,True,3.574253312317067,True,3.574253312317067,True,4.5,False,4.5,False,3.574253312317067,True,4.5,False,4.0371266561585335,4.231522383114001,True,True,0.5,0.2900119659709243,3.574253312317067,wind_stuck_7_days,2019
4001,US-Bi1,US-Bi1,2019-04-18,5.25326365,4.9,4.9,-0.8490271821964985,0.8490271821964985,0.29218188267436307,0.547142996487693,-0.008688653953336626,0.042415483072915046,-0.0906912012132645,-0.8490271821964985,1.0856841945296203,0.31946438429784235,4.050972817803502,True,4.050972817803502,True,4.050972817803502,True,4.9,False,4.9,False,4.050972817803502,True,4.9,False,4.475486408901751,4.639454244269327,True,True,0.5,0.30687563507286264,4.050972817803502,wind_stuck_7_days,2019
4002,US-Bi1,US-Bi1,2019-04-25,7.12278209,5.7,5.7,-1.5918399597042008,1.5918399597042008,0.16743860358032192,0.48479703894155585,0.3335243947220509,0.4952018405685371,-0.025307219127490857,-1.5918399597042008,1.0856841945296203,0.31946438429784235,4.108160040295799,True,4.108160040295799,True,4.108160040295799,True,4.108160040295799,True,4.108160040295799,True,4.108160040295799,True,5.7,False,4.9040800201479,4.762493025278275,True,True,0.5,0.5889454960635206,4.108160040295799,wind_stuck_7_days,2019
4003,US-Bi1,US-Bi1,2019-05-03,2.23568885,3.4,3.4,-0.5768216859713057,0.5768216859713057,0.13033443238634823,0.37446637555122886,0.003962038832926644,0.00339012225236169,-0.03161647919987955,0.5768216859713057,1.0856841945296203,0.31946438429784235,2.823178314028694,True,2.823178314028694,True,2.823178314028694,True,2.823178314028694,True,2.823178314028694,True,2.823178314028694,True,3.4,False,3.1115891570143472,3.088298721535064,True,True,0.5,0.5403771842247304,2.823178314028694,wind_stuck_7_days,2019
4004,US-Bi1,US-Bi1,2019-05-04,2.47830857,3.7,3.7,-0.6809779059731607,0.6809779059731607,0.09778614836222974,0.24867942133605356,-0.00782132115031113,-0.08424851291085722,-0.08905261163375462,0.6809779059731607,1.0856841945296203,0.31946438429784235,3.0190220940268393,True,3.0190220940268393,True,3.0190220940268393,True,3.7,False,3.7,False,3.7,False,3.7,False,3.3595110470134197,3.431943204083387,True,True,0.5,0.39363508502312283,3.0190220940268393,wind_stuck_7_days,2019
4005,US-Bi1,US-Bi1,2019-05-11,4.9230075,4.7,4.7,-0.9256221098601733,0.9256221098601733,0.21349412959192496,0.33421996921484515,-0.052710053410238523,-0.08462264624106214,-0.08905261163375462,-0.9256221098601733,1.0856841945296203,0.31946438429784235,3.774377890139827,True,3.774377890139827,True,3.774377890139827,True,4.7,False,4.7,False,4.7,False,4.7,False,4.237188945069914,4.503681876232468,True,True,0.5,0.21209316596509165,3.774377890139827,wind_stuck_7_days,2019
4006,US-Bi1,US-Bi1,2019-05-27,5.19694457,4.5,4.5,-0.4563993553805942,0.4563993553805942,0.25459449209579216,0.5440009600053082,0.0078934037837174,0.00339012225236169,-0.010390994209762274,-0.45639935538059406,1.0856841945296203,0.31946438429784235,4.0436006446194055,True,4.0436006446194055,True,4.0436006446194055,True,4.0436006446194055,True,4.0436006446194055,True,4.0436006446194055,True,4.5,False,4.271800322309703,4.2225517200316505,True,True,0.5,0.6079068182227897,4.0436006446194055,wind_stuck_7_days,2019
4007,US-Bi1,US-Bi1,2019-06-04,7.28278643,7.1,7.1,-0.8833466369324094,0.8833466369324094,0.2597182651456149,0.5184267231953174,0.1393800363702599,0.19159354216911959,-0.04111925159311154,-0.8833466369324094,1.0856841945296203,0.31946438429784235,6.21665336306759,True,6.21665336306759,True,6.21665336306759,True,6.21665336306759,True,6.21665336306759,True,6.21665336306759,True,7.1,False,6.658326681533795,6.859610071789262,True,True,0.5,0.2721354428263162,6.21665336306759,wind_stuck_7_days,2019
4008,US-Bi1,US-Bi1,2019-06-05,8.58654706,7.5,7.5,-0.6698715189888415,0.6698715189888415,0.28052601962837487,0.5240583704782497,0.03660201815255337,0.10507606890953237,-0.0019427851809875217,-0.6698715189888413,1.0856841945296203,0.31946438429784235,6.830128481011158,True,6.830128481011158,True,6.830128481011158,True,6.830128481011158,True,6.830128481011158,True,6.830128481011158,True,7.5,False,7.165064240505579,6.9605640741396195,True,True,0.5,0.8052826707346042,6.830128481011158,wind_stuck_7_days,2019
4009,US-Bi1,US-Bi1,2019-06-12,4.1230447,3.8,3.8,-0.7582478461937634,0.7582478461937634,0.2562514901327462,0.5123990839960091,-0.12131653454723026,-0.1723880960872726,-0.07243153519151346,-0.7582478461937634,1.0856841945296203,0.31946438429784235,3.0417521538062364,True,3.0417521538062364,True,3.0417521538062364,True,3.8,False,3.8,False,3.8,False,3.8,False,3.4208760769031183,3.8,True,False,0.5,0.0,3.0417521538062364,wind_stuck_7_days,2019
4010,US-Bi1,US-Bi1,2019-06-20,6.25608892,5.8,5.8,-0.7975145828595587,0.7975145828595587,0.1847825108467253,0.34952933532006936,-0.07330179660104119,-0.06411712240831123,-0.08905261163375462,-0.7975145828595587,1.0856841945296203,0.31946438429784235,5.002485417140441,True,5.002485417140441,True,5.002485417140441,True,5.8,False,5.8,False,5.8,False,5.8,False,5.40124270857022,5.670037359046566,True,True,0.5,0.16295957935645733,5.002485417140441,wind_stuck_7_days,2019
4011,US-Bi1,US-Bi1,2019-06-21,7.21981402,6.3,6.3,-0.20666083912145333,0.20666083912145333,0.17698442302324527,0.37709549965816447,-0.023848487191120316,-0.025348968721287134,-0.010390994209762274,-0.20666083912145328,1.0856841945296203,0.31946438429784235,6.093339160878546,True,6.093339160878546,True,6.093339160878546,True,6.3,False,6.3,False,6.3,False,6.3,False,6.1966695804392735,6.217295704967716,True,True,0.5,0.40019335730887623,6.093339160878546,wind_stuck_7_days,2019
4012,US-Bi1,US-Bi1,2019-07-06,6.98558298,6.9,6.9,0.09544008376275956,0.09544008376275956,0.16681251200183222,0.37448010967675066,-0.020967456970704866,-0.012972751252093656,-0.010390994209762274,0.07572587623724017,1.0856841945296203,0.31946438429784235,6.99544008376276,True,6.99544008376276,True,6.99544008376276,True,6.9,False,6.9,False,6.9,False,6.9,False,6.9477200418813805,6.99544008376276,True,True,0.5,1.0,6.99544008376276,wind_stuck_7_days,2019
4013,US-Bi1,US-Bi1,2019-07-14,6.22737146,7.3,7.3,0.10859356258188577,0.10859356258188577,0.15470034509942512,0.36641533359056166,-0.013651813286947884,0.004979099247100713,-0.015360982716081096,-0.10859356258188568,1.0856841945296203,0.31946438429784235,7.408593562581886,True,7.408593562581886,True,7.408593562581886,True,7.3,False,7.3,False,7.408593562581886,True,7.3,False,7.354296781290943,7.408593562581886,True,True,0.5,1.0,7.408593562581886,wind_stuck_7_days,2019
4014,US-Bi1,US-Bi1,2019-07-22,6.32997646,6.7,6.7,0.07222613153475388,0.07222613153475388,0.19227339268196114,0.28816587474152244,-0.02488028646089431,-0.025348968721287134,-0.010390994209762274,-0.07222613153475388,1.0856841945296203,0.31946438429784235,6.7722261315347545,True,6.7722261315347545,True,6.7722261315347545,True,6.7,False,6.7,False,6.7,False,6.7,False,6.736113065767377,6.722621097173411,True,True,0.5,0.31319823854231177,6.7722261315347545,wind_stuck_7_days,2019
4015,US-Bi1,US-Bi1,2019-07-23,6.02212557,7.1,7.1,0.20499108980894606,0.20499108980894606,0.1984070958568068,0.346536734858688,-0.006946483734749704,0.004979099247100713,-0.015360982716081096,-0.20499108980894598,1.0856841945296203,0.31946438429784235,7.304991089808945,True,7.304991089808945,True,7.304991089808945,True,7.1,False,7.1,False,7.304991089808945,True,7.1,False,7.2024955449044725,7.117714269562475,True,True,0.5,0.08641482700045525,7.304991089808945,wind_stuck_7_days,2019
4016,US-Bi1,US-Bi1,2019-07-30,2.41200726,2.6,2.6,-0.7858234291175769,0.7858234291175769,0.2707458538905496,0.40922845882740944,-0.1287723864782665,-0.17938846058556393,-0.0906912012132645,-0.4098379491175771,1.0856841945296203,0.31946438429784235,1.8141765708824233,True,1.8141765708824233,True,1.8141765708824233,True,2.6,False,2.6,False,2.6,False,2.6,False,2.2070882854412117,2.559365234563709,True,True,0.5,0.0517097911956138,1.8141765708824233,wind_stuck_7_days,2019
4017,US-Bi1,US-Bi1,2019-08-07,5.82011349,5.2,5.2,-0.4667482434921256,0.4667482434921256,0.1972587566617371,0.4407629736609337,-0.018455473979010883,-0.025158414943683666,-0.010390994209762274,-0.4667482434921255,1.0856841945296203,0.31946438429784235,4.733251756507874,True,4.733251756507874,True,4.733251756507874,True,5.2,False,5.2,False,5.2,False,5.2,False,4.966625878253938,5.054575393004397,True,True,0.5,0.3115696931338457,4.733251756507874,wind_stuck_7_days,2019
4018,US-Bi1,US-Bi1,2019-08-08,5.6645958,5.2,5.2,-0.31896367954201993,0.31896367954201993,0.1686090154505287,0.3288014796335513,-0.02414219230004636,-0.02518259375457071,-0.010390994209762274,-0.3189636795420199,1.0856841945296203,0.31946438429784235,4.88103632045798,True,4.88103632045798,True,4.88103632045798,True,5.2,False,5.2,False,5.2,False,5.2,False,5.040518160228991,5.074036295616199,True,True,0.5,0.39491551064580366,4.88103632045798,wind_stuck_7_days,2019
4019,US-Bi1,US-Bi1,2019-08-15,2.22356289,2.5,2.5,-0.014875202258584398,0.014875202258584398,0.29744320923250545,0.6985646846594291,-0.03237763621952386,-0.03295600835471604,-0.010390994209762274,0.014875202258584408,1.0856841945296203,0.31946438429784235,2.4851247977414155,True,2.4851247977414155,True,2.4851247977414155,True,2.5,False,2.5,False,2.5,False,2.5,False,2.492562398870708,2.5,True,False,0.5,0.0,2.4851247977414155,wind_stuck_7_days,2019
4020,US-Bi1,US-Bi1,2019-08-23,4.61438227,3.5,3.5,-0.8665615397102331,0.8665615397102331,0.13137773565999628,0.4725856939188816,-0.12230155877502613,-0.1723880960872726,-0.08905261163375462,-0.8665615397102331,1.0856841945296203,0.31946438429784235,2.633438460289767,True,2.633438460289767,True,2.633438460289767,True,3.5,False,3.5,False,3.5,False,3.5,False,3.0667192301448836,3.4623461493723924,True,True,0.5,0.04345202146889481,2.633438460289767,wind_stuck_7_days,2019
4021,US-Bi1,US-Bi1,2019-08-24,4.79996215,3.6,3.6,-0.990596656076673,0.990596656076673,0.1482270207779872,0.3554970817419995,-0.12230155877502613,-0.1723880960872726,-0.08905261163375462,-0.990596656076673,1.0856841945296203,0.31946438429784235,2.609403343923327,True,2.609403343923327,True,2.609403343923327,True,3.6,False,3.6,False,3.6,False,3.6,False,3.1047016719616636,3.5137736901694634,True,True,0.5,0.08704482223071694,2.609403343923327,wind_stuck_7_days,2019
4022,US-Bi1,US-Bi1,2019-08-31,5.87761425,5.3,5.3,-0.22077667347483895,0.22077667347483895,0.16086167720587313,0.31851031479030045,-0.02023458053272472,-0.013600666732507436,-0.010390994209762274,-0.22077667347483898,1.0856841945296203,0.31946438429784235,5.0792233265251605,True,5.0792233265251605,True,5.0792233265251605,True,5.3,False,5.3,False,5.3,False,5.3,False,5.18961166326258,5.200428997624318,True,True,0.5,0.4510032731652232,5.0792233265251605,wind_stuck_7_days,2019
4023,US-Bi1,US-Bi1,2019-09-08,5.51699768,4.9,4.9,-0.15112675337871376,0.15112675337871376,0.18396725867261557,0.3322849011275585,0.003319625072988626,0.013686743371695795,-0.010390994209762274,-0.15112675337871373,1.0856841945296203,0.31946438429784235,4.748873246621287,True,4.748873246621287,True,4.748873246621287,True,4.748873246621287,True,4.748873246621287,True,4.748873246621287,True,4.9,False,4.8244366233106435,4.748873246621287,True,True,0.5,1.0,4.748873246621287,wind_stuck_7_days,2019
4024,US-Bi1,US-Bi1,2019-09-09,6.24682591,5.3,5.3,-0.028723601770907103,0.028723601770907103,0.15941018855012476,0.38126387157425884,0.003319625072988626,0.013686743371695795,-0.010390994209762274,-0.02872360177090716,1.0856841945296203,0.31946438429784235,5.271276398229093,True,5.271276398229093,True,5.271276398229093,True,5.271276398229093,True,5.271276398229093,True,5.271276398229093,True,5.3,False,5.285638199114547,5.271276398229093,True,True,0.5,1.0,5.271276398229093,wind_stuck_7_days,2019
4025,US-Bi1,US-Bi1,2019-09-24,2.21278713,2.1,2.1,-0.4991906721280038,0.4991906721280038,0.17619404119724777,0.41029878675710096,-0.02855425380499536,-0.0274587044237413,-0.007243750527162707,-0.4991906721280037,1.0856841945296203,0.31946438429784235,1.6008093278719964,True,1.6008093278719964,True,1.6008093278719964,True,2.1,False,2.1,False,2.1,False,2.1,False,1.8504046639359981,1.9145127584432076,True,True,0.5,0.3715759366377531,1.6008093278719964,wind_stuck_7_days,2019
4026,US-Bi1,US-Bi1,2019-09-25,2.09468286,1.9,1.9,-0.526918729174625,0.526918729174625,0.1501227499834825,0.37283061486889946,0.003962038832926644,0.00339012225236169,-0.007243750527162707,-0.526918729174625,1.0856841945296203,0.31946438429784235,1.373081270825375,True,1.373081270825375,True,1.373081270825375,True,1.373081270825375,True,1.373081270825375,True,1.373081270825375,True,1.9,False,1.6365406354126875,1.6346767871493253,True,True,0.5,0.5035372594674735,1.373081270825375,wind_stuck_7_days,2019
4027,US-Bi1,US-Bi1,2019-10-02,2.8290161,2.2,2.2,-0.8738127470081298,0.8738127470081298,0.17326290354721272,0.4278802518889919,0.05493015528610414,0.12009413597969265,-0.11157650403802369,-0.8738127470081298,1.0856841945296203,0.31946438429784235,1.3261872529918703,True,1.3261872529918703,True,1.3261872529918703,True,1.3261872529918703,True,1.3261872529918703,True,1.3261872529918703,True,2.2,False,1.7630936264959352,1.9346564372124158,True,True,0.5,0.3036618127809433,1.3261872529918703,wind_stuck_7_days,2019
4028,US-Bi1,US-Bi1,2019-10-10,4.85381723,3.9,3.9,-0.41609952918084925,0.41609952918084925,0.2323923933936124,0.5849294935972943,0.012646997916886725,0.00339012225236169,-0.010390994209762274,-0.41609952918084936,1.0856841945296203,0.31946438429784235,3.4839004708191506,True,3.4839004708191506,True,3.4839004708191506,True,3.4839004708191506,True,3.4839004708191506,True,3.4839004708191506,True,3.9,False,3.6919502354095752,3.7451891614366075,True,True,0.5,0.37205242425570445,3.4839004708191506,wind_stuck_7_days,2019
4029,US-Bi1,US-Bi1,2019-10-11,3.26036768,3.0,3.0,-0.46135054378388274,0.46135054378388274,0.23995279401489733,0.5273180621635201,0.021596475187966854,0.00339012225236169,-0.014311646000022736,-0.46135054378388274,1.0856841945296203,0.31946438429784235,2.5386494562161173,True,2.5386494562161173,True,2.5386494562161173,True,2.5386494562161173,True,2.5386494562161173,True,2.5386494562161173,True,3.0,False,2.7693247281080584,2.715932679378988,True,True,0.5,0.615729892266219,2.5386494562161173,wind_stuck_7_days,2019
4030,US-Bi1,US-Bi1,2019-10-26,1.16244296,1.1,1.1,-0.38396827774531983,0.38396827774531983,0.09014266459945497,0.3146418074485383,0.011869707156689677,0.017467153214533713,-0.011708511226739469,-0.38396827774531983,1.0856841945296203,0.31946438429784235,0.7160317222546803,True,0.7160317222546803,True,0.7160317222546803,True,0.7160317222546803,True,0.7160317222546803,True,0.7160317222546803,True,1.1,False,0.9080158611273401,0.930374401443967,True,True,0.5,0.44176982419506816,0.7160317222546803,wind_stuck_7_days,2019
4031,US-Bi1,US-Bi1,2019-10-27,2.30687399,2.1,2.1,-0.7919402131222237,0.7919402131222237,0.21436316561908855,0.6493905850669973,-0.11436855740123775,-0.14047787307159854,-0.11602352932285956,-0.7919402131222237,1.0856841945296203,0.31946438429784235,1.3080597868777764,True,1.3080597868777764,True,1.3080597868777764,True,2.1,False,2.1,False,2.1,False,2.1,False,1.7040298934388882,1.8839429442423068,True,True,0.5,0.2728199075860644,1.3080597868777764,wind_stuck_7_days,2019
4032,US-Bi1,US-Bi1,2019-11-03,1.38900075,1.0,1.0,-0.18998750859768967,0.18998750859768967,0.15638608811720503,0.450535158072683,0.0070243713816480315,0.007717923769237176,-0.014311646000022736,-0.18998750859768965,1.0856841945296203,0.31946438429784235,0.8100124914023104,True,0.8100124914023104,True,0.8100124914023104,True,0.8100124914023104,True,0.8100124914023104,True,0.8100124914023104,True,1.0,False,0.9050062457011552,0.8320513225710219,True,True,0.5,0.8839985253168399,0.7894656111183066,wind_stuck_7_days,2019
4033,US-Bi1,US-Bi1,2019-11-11,2.04915956,1.5,1.5,0.09603223635910665,0.09603223635910665,0.08424986453985664,0.3775880567956857,0.0005612132514767025,0.00339012225236169,-0.014311646000022736,0.09603223635910663,1.0856841945296203,0.31946438429784235,1.5960322363591066,True,1.5960322363591066,True,1.5960322363591066,True,1.5960322363591066,True,1.5960322363591066,True,1.5960322363591066,True,1.5,False,1.5480161181795533,1.5960322363591066,True,True,0.5,1.0,1.5960322363591066,wind_stuck_7_days,2019
4034,US-Bi1,US-Bi1,2019-11-19,2.55022888,1.5,1.5,0.1286852246042161,0.1286852246042161,0.1171356723672044,0.42345718460187376,0.0005612132514767025,0.00339012225236169,-0.014311646000022736,0.12868522460421605,1.0856841945296203,0.31946438429784235,1.628685224604216,True,1.628685224604216,True,1.628685224604216,True,1.628685224604216,True,1.628685224604216,True,1.628685224604216,True,1.5,False,1.564342612302108,1.628685224604216,True,True,0.5,1.0,1.628685224604216,wind_stuck_7_days,2019
4035,US-Bi1,US-Bi1,2019-12-14,2.95342965,0.9,0.9,0.27129997501064157,0.27129997501064157,0.1808353932461921,0.47503885574697347,0.0070243713816480315,0.007717923769237176,-0.014311646000022736,0.2712999750106415,1.0856841945296203,0.31946438429784235,1.1712999750106416,True,1.1712999750106416,True,1.1712999750106416,True,1.1712999750106416,True,1.1712999750106416,True,1.1712999750106416,True,0.9,False,1.035649987505321,1.0540848644525704,True,True,0.5,0.5679501608746059,1.1712999750106416,wind_stuck_7_days,2019
4036,US-Bi1,US-Bi1,2019-12-30,1.83998124,0.9,0.9,0.02059430311159547,0.02059430311159547,0.1576556030161547,0.3327398119499486,0.0070243713816480315,0.007717923769237176,-0.014311646000022736,0.02059430311159549,1.0856841945296203,0.31946438429784235,0.9205943031115955,True,0.9205943031115955,True,0.9205943031115955,True,0.9205943031115955,True,0.9205943031115955,True,0.9205943031115955,True,0.9,False,0.9102971515557977,0.9205943031115955,True,True,0.5,1.0,0.9205943031115955,wind_stuck_7_days,2019
4116,US-Bi2,US-Bi1,2019-01-12,0.54339231,1.0,1.0,-0.0967459891446643,0.0967459891446643,0.13047007762124846,0.4362442291059054,0.0070243713816480315,0.007717923769237176,-0.014311646000022736,0.09674598914466431,1.0856841945296203,0.31946438429784235,0.9032540108553357,True,0.9032540108553357,True,0.9032540108553357,True,0.9032540108553357,True,0.9032540108553357,True,0.9032540108553357,True,1.0,False,0.9516270054276679,0.9032540108553357,True,True,0.5,1.0,0.9032540108553357,wind_stuck_7_days,2019
4117,US-Bi2,US-Bi1,2019-03-08,4.5502652,1.9,1.9,-0.03114313624548063,0.03114313624548063,0.10163836446038604,0.407686199389517,0.0005612132514767025,0.00339012225236169,-0.014311646000022736,-0.031143136245480818,1.0856841945296203,0.31946438429784235,1.8688568637545193,True,1.8688568637545193,True,1.8688568637545193,True,1.8688568637545193,True,1.8688568637545193,True,1.8688568637545193,True,1.9,False,1.8844284318772595,1.8688568637545193,True,True,0.5,1.0,1.8688568637545193,wind_stuck_7_days,2019
4118,US-Bi2,US-Bi1,2019-03-16,2.84077216,2.1,2.1,-0.07552463003650749,0.07552463003650749,0.18123483208117938,0.33219926844479436,0.0005612132514767025,0.00339012225236169,-0.014311646000022736,-0.07552463003650745,1.0856841945296203,0.31946438429784235,2.0244753699634925,True,2.0244753699634925,True,2.0244753699634925,True,2.0244753699634925,True,2.0244753699634925,True,2.0244753699634925,True,2.1,False,2.0622376849817465,2.0244753699634925,True,True,0.5,1.0,2.0244753699634925,wind_stuck_7_days,2019
4119,US-Bi2,US-Bi1,2019-03-17,2.35794742,2.4,2.4,-0.19117137036345344,0.19117137036345344,0.15946499371965786,0.41394107610444014,0.0005612132514767025,0.00339012225236169,-0.014311646000022736,-0.10706621036345343,1.0856841945296203,0.31946438429784235,2.2088286296365465,True,2.2088286296365465,True,2.2088286296365465,True,2.2088286296365465,True,2.2088286296365465,True,2.2088286296365465,True,2.4,False,2.304414314818273,2.231004790515908,True,True,0.5,0.8839985253168399,2.214888003175744,wind_stuck_7_days,2019
4120,US-Bi2,US-Bi1,2019-03-24,2.22854314,2.4,2.4,-0.16129285809932215,0.16129285809932215,0.117136541210417,0.4419448321318148,0.0005612132514767025,0.00339012225236169,-0.014311646000022736,0.16129285809932215,1.0856841945296203,0.31946438429784235,2.2387071419006777,True,2.2387071419006777,True,2.2387071419006777,True,2.2387071419006777,True,2.2387071419006777,True,2.2387071419006777,True,2.4,False,2.319353570950339,2.2387071419006777,True,True,0.5,1.0,2.2387071419006777,wind_stuck_7_days,2019
4121,US-Bi2,US-Bi1,2019-04-09,6.05888364,3.5,3.5,0.2591236241460647,0.2591236241460647,0.1793786391052958,0.5160877802120789,0.0005612132514767025,0.00339012225236169,-0.010390994209762274,0.2591236241460648,1.0856841945296203,0.31946438429784235,3.759123624146065,True,3.759123624146065,True,3.759123624146065,True,3.759123624146065,True,3.759123624146065,True,3.759123624146065,True,3.5,False,3.629561812073032,3.6503207702555645,True,True,0.5,0.5801121790841828,3.759123624146065,wind_stuck_7_days,2019
4122,US-Bi2,US-Bi1,2019-04-17,4.79216626,3.2,3.2,-0.5739499659193554,0.5739499659193554,0.14153444859174072,0.34149014611733375,0.003962038832926644,0.00339012225236169,-0.03161647919987955,-0.5739499659193554,1.0856841945296203,0.31946438429784235,2.6260500340806447,True,2.6260500340806447,True,2.6260500340806447,True,2.6260500340806447,True,2.6260500340806447,True,2.6260500340806447,True,3.2,False,2.9130250170403222,2.828926677993943,True,True,0.5,0.6465255580452396,2.6260500340806447,wind_stuck_7_days,2019
4123,US-Bi2,US-Bi1,2019-04-18,4.18265589,3.7,3.7,-0.47066662630784234,0.47066662630784234,0.21480039090992462,0.429105793942,0.01604782349833667,0.00339012225236169,-0.010390994209762274,-0.4706666263078423,1.0856841945296203,0.31946438429784235,3.2293333736921577,True,3.2293333736921577,True,3.2293333736921577,True,3.2293333736921577,True,3.2293333736921577,True,3.2293333736921577,True,3.7,False,3.464666686846079,3.423581325937108,True,True,0.5,0.5872918507761345,3.2293333736921577,wind_stuck_7_days,2019
4124,US-Bi2,US-Bi1,2019-04-25,3.80252452,3.3,3.3,-0.6029666047272955,0.6029666047272955,0.15895205166611753,0.3348935496921518,0.003962038832926644,0.00339012225236169,-0.03161647919987955,-0.6029666047272955,1.0856841945296203,0.31946438429784235,2.6970333952727046,True,2.6970333952727046,True,2.6970333952727046,True,2.6970333952727046,True,2.6970333952727046,True,2.6970333952727046,True,3.3,False,2.998516697636352,3.0014472852788723,True,True,0.5,0.4951397181542988,2.6970333952727046,wind_stuck_7_days,2019
4125,US-Bi2,US-Bi1,2019-05-03,2.48204504,3.0,3.0,-0.5464697265340542,0.5464697265340542,0.13478697366932463,0.33364205194588153,0.003962038832926644,0.00339012225236169,-0.007243750527162707,0.4894401934659457,1.0856841945296203,0.31946438429784235,2.4535302734659457,True,2.4535302734659457,True,2.4535302734659457,True,2.4535302734659457,True,2.4535302734659457,True,2.4535302734659457,True,3.0,False,2.726765136732973,2.7390610635168104,True,True,0.5,0.47749934500155455,2.4535302734659457,wind_stuck_7_days,2019
4126,US-Bi2,US-Bi1,2019-05-04,2.78701342,3.9,3.9,-0.7239779606701616,0.7239779606701616,0.10041968231019312,0.20655642026023457,-0.05301695313201273,-0.11560520988001183,-0.08905261163375462,0.7239779606701616,1.0856841945296203,0.31946438429784235,3.176022039329838,True,3.176022039329838,True,3.176022039329838,True,3.9,False,3.9,False,3.9,False,3.9,False,3.538011019664919,3.646990076198105,True,True,0.5,0.34947185901583583,3.176022039329838,wind_stuck_7_days,2019
4127,US-Bi2,US-Bi1,2019-05-11,2.94083643,2.4,2.4,-0.5535013723711367,0.5535013723711367,0.2132329195577486,0.3418621987877172,0.007215279277695741,0.00339012225236169,-0.041112030026763995,-0.5535013723711368,1.0856841945296203,0.31946438429784235,1.846498627628863,True,1.846498627628863,True,1.846498627628863,True,1.846498627628863,True,1.846498627628863,True,1.846498627628863,True,2.4,False,2.1232493138144317,2.1397443445561053,True,True,0.5,0.47019875367063485,1.846498627628863,wind_stuck_7_days,2019
4128,US-Bi2,US-Bi1,2019-05-27,1.4517755,0.4,0.4,1.5358192938836486,1.5358192938836486,0.2883371343571067,0.7816143090961575,0.5912871810211427,0.5635069297916896,-0.4653139906382564,0.5677317061163518,1.0856841945296203,0.31946438429784235,1.9358192938836485,True,1.9358192938836485,True,1.9358192938836485,True,1.9358192938836485,True,1.9358192938836485,True,1.9358192938836485,True,0.4,False,1.1679096469418244,1.6393260416262723,True,True,0.5,0.8069478268451561,1.9358192938836485,wind_stuck_7_days,2019
4129,US-Bi2,US-Bi1,2019-06-04,1.44371589,1.4,1.4,-0.39291309616985415,0.39291309616985415,0.28155108878969853,0.40220294958723757,0.002537931376132964,0.01050410176110525,-0.010390994209762274,-0.39291309616985415,1.0856841945296203,0.31946438429784235,1.0070869038301458,True,1.0070869038301458,True,1.0070869038301458,True,1.0070869038301458,True,1.0070869038301458,True,1.0070869038301458,True,1.4,False,1.2035434519150727,1.2927432411287227,True,True,0.5,0.2729783250210391,1.0070869038301458,wind_stuck_7_days,2019
4130,US-Bi2,US-Bi1,2019-06-05,1.77903107,1.6,1.6,0.08093426547259701,0.08093426547259701,0.27069678029742966,0.5289867919328832,-0.018200601669631875,-0.022357746962082863,-0.010390994209762274,0.08093426547259701,1.0856841945296203,0.31946438429784235,1.6809342654725972,True,1.6809342654725972,True,1.6809342654725972,True,1.6,False,1.6,False,1.6,False,1.6,False,1.6404671327362985,1.6809342654725972,True,True,0.5,1.0,1.6809342654725972,wind_stuck_7_days,2019
4131,US-Bi2,US-Bi1,2019-06-12,2.22563647,1.5,1.5,-0.4204130931377044,0.4204130931377044,0.12781207934350616,0.5385891107865655,-0.022023415468079913,-0.021425999413548426,-0.010390994209762274,-0.42041309313770436,1.0856841945296203,0.31946438429784235,1.0795869068622956,True,1.0795869068622956,True,1.0795869068622956,True,1.5,False,1.5,False,1.5,False,1.5,False,1.2897934534311477,1.451982584542833,True,True,0.5,0.11421484306969265,1.0795869068622956,wind_stuck_7_days,2019
4132,US-Bi2,US-Bi1,2019-06-20,1.9713972,3.4,3.4,-0.9268567811025165,0.9268567811025165,0.22513799369999224,0.3356440802145514,-0.1064372699393589,-0.15608428329576865,-0.08905261163375462,0.9268567811025165,1.0856841945296203,0.31946438429784235,2.4731432188974836,True,2.4731432188974836,True,2.4731432188974836,True,3.4,False,3.4,False,3.4,False,3.4,False,2.9365716094487415,3.3154670728695814,True,True,0.5,0.09120387189686928,2.4731432188974836,wind_stuck_7_days,2019
4133,US-Bi2,US-Bi1,2019-06-21,2.80093564,2.2,2.2,-0.3701847691576724,0.3701847691576724,0.19838958899948658,0.4128047825309992,-0.01531808591588172,-0.023897287851841538,-0.010390994209762274,-0.3701847691576724,1.0856841945296203,0.31946438429784235,1.8298152308423279,True,1.8298152308423279,True,1.8298152308423279,True,2.2,False,2.2,False,2.2,False,2.2,False,2.014907615421164,2.1169330057831526,True,True,0.5,0.22439333310730342,1.8298152308423279,wind_stuck_7_days,2019
4134,US-Bi2,US-Bi1,2019-07-06,5.90116411,5.2,5.2,-0.49202602232225334,0.49202602232225334,0.12019004557372748,0.46780008506968274,-0.03174067621313051,-0.03178424351943671,-0.007243750527162707,-0.49202602232225345,1.0856841945296203,0.31946438429784235,4.707973977677747,True,4.707973977677747,True,4.707973977677747,True,5.2,False,5.2,False,5.2,False,5.2,False,4.9539869888388735,5.065462654564438,True,True,0.5,0.27343542685115546,4.707973977677747,wind_stuck_7_days,2019
4135,US-Bi2,US-Bi1,2019-07-07,4.8854416,4.9,4.9,-0.5556034935555462,0.5556034935555462,0.15754129109673015,0.3360406590815888,-0.05538507798059522,-0.03835007825523721,-0.03161647919987955,-0.5264866935555456,1.0856841945296203,0.31946438429784235,4.344396506444454,True,4.344396506444454,True,4.344396506444454,True,4.9,False,4.9,False,4.9,False,4.9,False,4.622198253222227,4.706011507622408,True,True,0.5,0.3491491587574018,4.344396506444454,wind_stuck_7_days,2019
4136,US-Bi2,US-Bi1,2019-07-14,6.83155993,5.9,5.9,-0.2825952798698722,0.2825952798698722,0.15488850676761937,0.3298614315217249,-0.025160803531209076,-0.025158414943683666,-0.010390994209762274,-0.2825952798698723,1.0856841945296203,0.31946438429784235,5.6174047201301285,True,5.6174047201301285,True,5.6174047201301285,True,5.9,False,5.9,False,5.9,False,5.9,False,5.758702360065064,5.832701965993729,True,True,0.5,0.23814280987729544,5.6174047201301285,wind_stuck_7_days,2019
4137,US-Bi2,US-Bi1,2019-07-22,7.52047427,6.7,6.7,0.07222613153475388,0.07222613153475388,0.19227339268196114,0.28816587474152244,-0.02488028646089431,-0.025348968721287134,-0.010390994209762274,0.07222613153475388,1.0856841945296203,0.31946438429784235,6.7722261315347545,True,6.7722261315347545,True,6.7722261315347545,True,6.7,False,6.7,False,6.7,False,6.7,False,6.736113065767377,6.722621097173411,True,True,0.5,0.31319823854231177,6.7722261315347545,wind_stuck_7_days,2019
4138,US-Bi2,US-Bi1,2019-07-23,7.45465062,6.7,6.7,0.04363332064812494,0.04363332064812494,0.21476850288029128,0.38356743264239745,-0.017143157638922123,-0.025348968721287134,-0.010390994209762274,0.043633320648124974,1.0856841945296203,0.31946438429784235,6.743633320648125,True,6.743633320648125,True,6.743633320648125,True,6.7,False,6.7,False,6.7,False,6.7,False,6.7218166603240626,6.713665879168745,True,True,0.5,0.31319823854231177,6.743633320648125,wind_stuck_7_days,2019
4139,US-Bi2,US-Bi1,2019-07-30,6.47964501,5.9,5.9,-0.3396494594656184,0.3396494594656184,0.2349038213238519,0.29735969791890937,-0.018455473979010883,-0.025158414943683666,-0.010390994209762274,-0.3396494594656184,1.0856841945296203,0.31946438429784235,5.560350540534382,True,5.560350540534382,True,5.560350540534382,True,5.9,False,5.9,False,5.9,False,5.9,False,5.730175270267191,5.831297569227854,True,True,0.5,0.20227451820544026,5.560350540534382,wind_stuck_7_days,2019
4140,US-Bi2,US-Bi1,2019-08-07,6.42989094,6.1,6.1,-0.09090691003822707,0.09090691003822707,0.21533074798474494,0.38617291969304235,-0.013529250980526528,-0.013600666732507436,-0.010390994209762274,-0.09090691003822704,1.0856841945296203,0.31946438429784235,6.009093089961772,True,6.009093089961772,True,6.009093089961772,True,6.1,False,6.1,False,6.1,False,6.1,False,6.054546544980886,6.009093089961772,True,True,0.5,1.0,6.009093089961772,wind_stuck_7_days,2019
4141,US-Bi2,US-Bi1,2019-08-08,5.70195471,5.4,5.4,-0.24005450746011198,0.24005450746011198,0.18067375269543468,0.33174296902873396,-0.02414219230004636,-0.02518259375457071,-0.010390994209762274,-0.24005450746011192,1.0856841945296203,0.31946438429784235,5.159945492539888,True,5.159945492539888,True,5.159945492539888,True,5.4,False,5.4,False,5.4,False,5.4,False,5.279972746269944,5.236676945830907,True,True,0.5,0.6803582065470352,5.159945492539888,wind_stuck_7_days,2019
4142,US-Bi2,US-Bi1,2019-08-15,6.88269296,5.9,5.9,0.2568835941791563,0.2568835941791563,0.2057786371348688,0.6029192171079114,-0.01004119722308877,-0.013600666732507436,-0.010390994209762274,0.2568835941791563,1.0856841945296203,0.31946438429784235,6.156883594179156,True,6.156883594179156,True,6.156883594179156,True,5.9,False,5.9,False,5.9,False,5.9,False,6.028441797089578,5.976478894963098,True,True,0.5,0.29771809759777307,6.156883594179156,wind_stuck_7_days,2019
4143,US-Bi2,US-Bi1,2019-08-23,6.20231676,5.7,5.7,-0.34157783632391714,0.34157783632391714,0.19173426900758178,0.3696882576059331,-0.02619260280098307,-0.025158414943683666,-0.010390994209762274,-0.34157783632391714,1.0856841945296203,0.31946438429784235,5.358422163676083,True,5.358422163676083,True,5.358422163676083,True,5.7,False,5.7,False,5.7,False,5.7,False,5.529211081838041,5.630907507727923,True,True,0.5,0.20227451820544026,5.358422163676083,wind_stuck_7_days,2019
4144,US-Bi2,US-Bi1,2019-08-24,5.86823104,5.7,5.7,-0.3709896745201898,0.3709896745201898,0.20636428153484876,0.3874242608050379,-0.018455473979010883,-0.025158414943683666,-0.010390994209762274,-0.3709896745201898,1.0856841945296203,0.31946438429784235,5.3290103254798105,True,5.3290103254798105,True,5.3290103254798105,True,5.7,False,5.7,False,5.7,False,5.7,False,5.514505162739905,5.613202767811643,True,True,0.5,0.23396131523232858,5.3290103254798105,wind_stuck_7_days,2019
4145,US-Bi2,US-Bi1,2019-08-31,4.9393083,4.7,4.7,-0.4009569240577086,0.4009569240577086,0.1462253112521983,0.3372930126856963,-0.022023415468079913,-0.023897287851841538,-0.010390994209762274,-0.40095692405770866,1.0856841945296203,0.31946438429784235,4.299043075942292,True,4.299043075942292,True,4.299043075942292,True,4.7,False,4.7,False,4.7,False,4.7,False,4.4995215379711455,4.622814554421856,True,True,0.5,0.19250308685786752,4.299043075942292,wind_stuck_7_days,2019
4146,US-Bi2,US-Bi1,2019-09-08,3.3946788,4.1,4.1,-0.37455626090999755,0.37455626090999755,0.09788308231373417,0.4247489862342338,0.0005612132514767025,0.00339012225236169,-0.010390994209762274,0.37455626090999755,1.0856841945296203,0.31946438429784235,3.725443739090002,True,3.725443739090002,True,3.725443739090002,True,3.725443739090002,True,3.725443739090002,True,3.725443739090002,True,4.1,False,3.912721869545001,3.9388773484253967,True,True,0.5,0.4301694255040611,3.725443739090002,wind_stuck_7_days,2019
4147,US-Bi2,US-Bi1,2019-09-09,3.81832142,3.9,3.9,-0.39467883261003234,0.39467883261003234,0.11472611810332085,0.44562953892452273,0.0005612132514767025,0.00339012225236169,-0.010390994209762274,-0.2313216726100329,1.0856841945296203,0.31946438429784235,3.5053211673899676,True,3.5053211673899676,True,3.5053211673899676,True,3.5053211673899676,True,3.5053211673899676,True,3.5053211673899676,True,3.9,False,3.7026605836949837,3.7382111310885766,True,True,0.5,0.409925376138124,3.5053211673899676,wind_stuck_7_days,2019
4148,US-Bi2,US-Bi1,2019-09-16,4.03700135,2.2,2.2,0.294675928189544,0.294675928189544,0.1841594087870529,0.3449717619506857,0.0005612132514767025,0.00339012225236169,-0.010390994209762274,0.29467592818954413,1.0856841945296203,0.31946438429784235,2.4946759281895443,True,2.4946759281895443,True,2.4946759281895443,True,2.4946759281895443,True,2.4946759281895443,True,2.4946759281895443,True,2.2,False,2.347337964094772,2.340087943452345,True,True,0.5,0.47539663084470296,2.4946759281895443,wind_stuck_7_days,2019
4149,US-Bi2,US-Bi1,2019-09-24,1.33353334,1.0,1.0,-0.3400775269455275,0.3400775269455275,0.11572378335330924,0.38724502590581716,-0.001472339464541849,0.00364336182264475,-0.010390994209762274,-0.3400775269455275,1.0856841945296203,0.31946438429784235,0.6599224730544725,True,0.6599224730544725,True,0.6599224730544725,True,1.0,False,1.0,False,0.6599224730544725,True,1.0,False,0.8299612365272362,0.8890167023057971,True,True,0.5,0.3263470500124517,0.6599224730544725,wind_stuck_7_days,2019
4150,US-Bi2,US-Bi1,2019-09-25,1.00257625,0.9,0.9,-0.25833790597866835,0.25833790597866835,0.12719664189253974,0.3899964731813552,0.0070243713816480315,0.007717923769237176,-0.010390994209762274,-0.25833790597866835,1.0856841945296203,0.31946438429784235,0.6416620940213317,True,0.6416620940213317,True,0.6416620940213317,True,0.6416620940213317,True,0.6416620940213317,True,0.6416620940213317,True,0.9,False,0.7708310470106658,0.7549407820025948,True,True,0.5,0.5615096145022678,0.6416620940213317,wind_stuck_7_days,2019
4151,US-Bi2,US-Bi1,2019-10-02,0.47835268,0.6,0.6,-0.1300849786839407,0.1300849786839407,0.10135539614923017,0.3294772661588396,0.0070243713816480315,0.007717923769237176,-0.010390994209762274,0.1132096613160593,1.0856841945296203,0.31946438429784235,0.4699150213160593,True,0.4699150213160593,True,0.4699150213160593,True,0.4699150213160593,True,0.4699150213160593,True,0.4699150213160593,True,0.6,False,0.5349575106580297,0.4699150213160593,True,True,0.5,1.0,0.4699150213160593,wind_stuck_7_days,2019
4152,US-Bi2,US-Bi1,2019-10-10,0.57253259,0.6,0.6,-0.13108803134691152,0.13108803134691152,0.0701574724263564,0.41859749816803743,0.0070243713816480315,0.007717923769237176,-0.010390994209762274,-0.07615321134691158,1.0856841945296203,0.31946438429784235,0.4689119686530885,True,0.4689119686530885,True,0.4689119686530885,True,0.4689119686530885,True,0.4689119686530885,True,0.4689119686530885,True,0.6,False,0.5344559843265442,0.4689119686530885,True,True,0.5,1.0,0.4689119686530885,wind_stuck_7_days,2019
4153,US-Bi2,US-Bi1,2019-10-11,0.21612816,0.3,0.3,-0.024396094933544756,0.024396094933544756,0.16766499252507952,0.32704254854486386,0.022681716637791855,0.026405198648445823,-0.014311646000022736,0.024396094933544756,1.0856841945296203,0.31946438429784235,0.2756039050664552,True,0.2756039050664552,True,0.2756039050664552,True,0.2756039050664552,True,0.2756039050664552,True,0.2756039050664552,True,0.3,False,0.2878019525332276,0.2756039050664552,True,True,0.5,1.0,0.2756039050664552,wind_stuck_7_days,2019
4154,US-Bi2,US-Bi1,2019-10-26,0.25725675,0.4,0.4,-0.19422366491531284,0.19422366491531284,0.08572291109676453,0.2540857115154399,0.022681716637791855,0.026405198648445823,-0.011708511226739469,0.09126283508468724,1.0856841945296203,0.31946438429784235,0.20577633508468718,True,0.20577633508468718,True,0.20577633508468718,True,0.20577633508468718,True,0.20577633508468718,True,0.20577633508468718,True,0.4,False,0.3028881675423436,0.22830656663323143,True,True,0.5,0.8839985253168399,0.20577633508468718,wind_stuck_7_days,2019
4155,US-Bi2,US-Bi1,2019-10-27,0.75410702,0.9,0.9,-0.3203695705645131,0.3203695705645131,0.1506057929142045,0.5817335999663911,0.0070243713816480315,0.007717923769237176,-0.010390994209762274,-0.028583610564512973,1.0856841945296203,0.31946438429784235,0.5796304294354869,True,0.5796304294354869,True,0.5796304294354869,True,0.5796304294354869,True,0.5796304294354869,True,0.5796304294354869,True,0.9,False,0.7398152147177435,0.7834116927435821,True,True,0.5,0.3639181681674115,0.5796304294354869,wind_stuck_7_days,2019
4156,US-Bi2,US-Bi1,2019-11-03,0.23750552,0.5,0.5,-0.1612864718543677,0.1612864718543677,0.12738162892846847,0.4232315869734776,0.015234236614057683,0.017704285332879113,-0.014311646000022736,0.1612864718543677,1.0856841945296203,0.31946438429784235,0.33871352814563227,True,0.33871352814563227,True,0.33871352814563227,True,0.33871352814563227,True,0.33871352814563227,True,0.33871352814563227,True,0.5,False,0.41935676407281613,0.33871352814563227,True,True,0.5,1.0,0.31382033384055774,wind_stuck_7_days,2019
4157,US-Bi2,US-Bi1,2019-11-11,0.19612963,0.4,0.4,-0.07824701421646854,0.07824701421646854,0.07251776808225661,0.3354134999557158,0.022681716637791855,0.026405198648445823,-0.014311646000022736,0.07824701421646854,1.0856841945296203,0.31946438429784235,0.3217529857835315,True,0.3217529857835315,True,0.3217529857835315,True,0.3217529857835315,True,0.3217529857835315,True,0.3217529857835315,True,0.4,False,0.36087649289176577,0.3217529857835315,True,True,0.5,1.0,0.3217529857835315,wind_stuck_7_days,2019
4158,US-Bi2,US-Bi1,2019-11-19,0.10765861,0.4,0.4,0.3969765237787806,0.3969765237787806,0.1667561299531382,0.47936592030199004,0.12277816206926917,0.11421972505595986,-0.014311646000022736,-0.39697652377878057,1.0856841945296203,0.31946438429784235,0.7969765237787807,True,0.7969765237787807,True,0.7969765237787807,True,0.7969765237787807,True,0.7969765237787807,True,0.7969765237787807,True,0.4,False,0.5984882618893903,0.7969765237787807,True,True,0.5,1.0,0.7969765237787807,wind_stuck_7_days,2019
4159,US-Bi2,US-Bi1,2019-12-14,2.35728695,0.4,0.4,0.41265111850409164,0.41265111850409164,0.2062135138168983,0.48428628145446717,0.11933586884110566,0.0839024152435565,-0.014311646000022736,0.41265111850409175,1.0856841945296203,0.31946438429784235,0.8126511185040917,True,0.8126511185040917,True,0.8126511185040917,True,0.8126511185040917,True,0.8126511185040917,True,0.8126511185040917,True,0.4,False,0.6063255592520458,0.8126511185040917,True,True,0.5,1.0,0.8126511185040917,wind_stuck_7_days,2019
4160,US-Bi2,US-Bi1,2019-12-30,1.44832712,1.1,1.1,-0.038420740415072305,0.038420740415072305,0.15147101183047157,0.3551025020827995,0.0070243713816480315,0.007717923769237176,-0.014311646000022736,-0.03842074041507232,1.0856841945296203,0.31946438429784235,1.0615792595849278,True,1.0615792595849278,True,1.0615792595849278,True,1.0615792595849278,True,1.0615792595849278,True,1.0615792595849278,True,1.1,False,1.080789629792464,1.0615792595849278,True,True,0.5,1.0,1.0615792595849278,wind_stuck_7_days,2019
5540,US-CMW,US-CMW,2019-01-04,0.85219958,1.3,1.3,-0.7483006428982056,0.7483006428982056,0.0948408871298687,0.3384340128006691,0.10640535725995848,0.1509744720693861,-0.121159188762777,0.14730019710179454,1.0856841945296203,0.31946438429784235,0.5516993571017944,True,0.5516993571017944,True,0.5516993571017944,True,0.5516993571017944,True,0.5516993571017944,True,0.5516993571017944,True,1.3,False,0.9258496785508972,1.0138508818722218,True,True,0.5,0.3823985998722497,0.5516993571017944,wind_stuck_7_days,2019
5541,US-CMW,US-CMW,2019-01-20,0.46764202,1.2,1.2,-0.8998704182652016,0.8998704182652016,0.08156668547622749,0.341743119063011,0.045020209670985196,0.011123909438754792,-0.11157650403802369,0.5648455417347983,1.0856841945296203,0.31946438429784235,0.3001295817347983,True,0.3001295817347983,True,0.3001295817347983,True,0.3001295817347983,True,0.3001295817347983,True,0.3001295817347983,True,1.2,False,0.7500647908673992,0.9462382559717086,True,True,0.5,0.28199809536744325,0.3001295817347983,wind_stuck_7_days,2019
5542,US-CMW,US-CMW,2019-02-21,0.56849769,0.8,0.8,-0.2875873044120696,0.2875873044120696,0.3261370330780072,1.0703146041968528,-0.014831917610660175,0.0008876619793143409,-0.01402216989927223,0.1754173155879304,1.0856841945296203,0.31946438429784235,0.5124126955879305,True,0.5124126955879305,True,0.8,False,0.8,False,0.8,False,0.5124126955879305,True,0.8,False,0.6562063477939653,0.6915360747449089,True,True,0.5,0.3771512983746966,0.5021222330570524,wind_stuck_7_days,2019
5543,US-CMW,US-CMW,2019-03-01,0.4358024,2.1,2.1,-0.5870593291876837,0.5870593291876837,0.1362015289326232,0.43478261107094174,0.003962038832926644,0.00339012225236169,-0.041112030026763995,0.5870593291876838,1.0856841945296203,0.31946438429784235,1.5129406708123163,True,1.5129406708123163,True,1.5129406708123163,True,1.5129406708123163,True,1.5129406708123163,True,1.5129406708123163,True,2.1,False,1.8064703354061582,1.7380740965936154,True,True,0.5,0.6165065188678341,1.5129406708123163,wind_stuck_7_days,2019
5544,US-CMW,US-CMW,2019-03-25,0.56582292,1.6,1.6,-0.8871490633686673,0.8871490633686673,0.14618352275432317,0.3582460232506134,-0.05301695313201273,-0.11560520988001183,-0.11157650403802369,0.8871490633686673,1.0856841945296203,0.31946438429784235,0.7128509366313328,True,0.7128509366313328,True,0.7128509366313328,True,1.6,False,1.6,False,1.6,False,1.6,False,1.1564254683156665,1.363690531964969,True,True,0.5,0.26636951758447547,0.7128509366313328,wind_stuck_7_days,2019
5545,US-CMW,US-CMW,2019-04-02,0.58407988,1.8,1.8,-1.3617005172936323,1.3617005172936323,0.09966536018863335,0.5227030034845855,-0.3525162624761747,-0.1926249015140949,-0.196640811710764,1.0701397227063678,1.0856841945296203,0.31946438429784235,0.43829948270636776,True,0.43829948270636776,True,0.43829948270636776,True,1.8,False,1.8,False,1.8,False,1.8,False,1.119149741353184,1.8,True,False,0.5,0.0,0.43829948270636776,wind_stuck_7_days,2019
5546,US-CMW,US-CMW,2019-04-10,0.6973578,2.1,2.1,-0.9578746048365868,0.9578746048365868,0.3294085826927361,0.9878197102772193,-0.2113691585329588,-0.22646972732495185,-0.13214119793150844,0.9578746048365868,1.0856841945296203,0.31946438429784235,1.1421253951634132,True,1.1421253951634132,True,2.1,False,2.1,False,2.1,False,2.1,False,2.1,False,1.6210626975817066,1.9377277108179245,True,True,0.5,0.16940869750875087,0.9898230301957598,wind_stuck_7_days,2019
5547,US-CMW,US-CMW,2019-04-18,0.73359793,1.8,1.8,-0.7647017651091007,0.7647017651091007,0.11046029758149024,0.2872534462669264,-0.12230155877502613,-0.155243801868016,-0.11157650403802369,0.7647017651091007,1.0856841945296203,0.31946438429784235,1.0352982348908992,True,1.0352982348908992,True,1.0352982348908992,True,1.8,False,1.8,False,1.8,False,1.8,False,1.4176491174454497,1.6869375279409204,True,True,0.5,0.14785172104702646,1.0352982348908992,wind_stuck_7_days,2019
5548,US-CMW,US-CMW,2019-04-26,1.0659424,3.0,3.0,-1.814905366772821,1.814905366772821,0.15238170087244676,0.577604513136088,-0.10653754038820235,0.07115277188859837,-0.22896902887485082,1.814905366772821,1.0856841945296203,0.31946438429784235,1.185094633227179,True,1.185094633227179,True,1.185094633227179,True,3.0,False,3.0,False,1.185094633227179,True,3.0,False,2.0925473166135893,2.149157437838984,True,True,0.5,0.4688082242403328,1.185094633227179,wind_stuck_7_days,2019
5549,US-CMW,US-CMW,2019-05-04,1.60450917,4.1,4.1,-1.5709238176347864,1.5709238176347864,0.2474553187354093,0.5717497153397219,-0.04383750075587052,-0.21100869822472548,-0.21956967508483255,1.5709238176347864,1.0856841945296203,0.31946438429784235,2.5290761823652135,True,2.5290761823652135,True,2.5290761823652135,True,4.1,False,4.1,False,4.1,False,4.1,False,3.3145380911826066,3.6229619052489976,True,True,0.5,0.30366723668958046,2.5290761823652135,wind_stuck_7_days,2019
5550,US-CMW,US-CMW,2019-05-28,3.67306905,4.5,4.5,-0.69334251670001,0.69334251670001,0.31493731154108046,0.43893240928108224,-0.13260008765281828,-0.14516004344996752,-0.0906912012132645,0.69334251670001,1.0856841945296203,0.31946438429784235,3.8066574832999898,True,3.8066574832999898,True,3.8066574832999898,True,4.5,False,4.5,False,4.5,False,4.5,False,4.153328741649995,4.435747493970041,True,True,0.5,0.09267065625193584,3.8066574832999898,wind_stuck_7_days,2019
5551,US-CMW,US-CMW,2019-06-05,4.00928563,5.4,5.4,-0.364203854032976,0.364203854032976,0.3474934921490853,0.47705237849220755,-0.025165690907312823,-0.02891292594532829,-0.010390994209762274,0.36420385403297595,1.0856841945296203,0.31946438429784235,5.035796145967025,True,5.035796145967025,True,5.035796145967025,True,5.4,False,5.4,False,5.4,False,5.4,False,5.2178980729835125,5.4,True,False,0.5,0.0,5.035796145967025,wind_stuck_7_days,2019
5552,US-CMW,US-CMW,2019-06-13,4.03169698,5.9,5.9,-0.16599259153040094,0.16599259153040094,0.24209734853668152,0.5270986261993574,-0.013529250980526528,-0.01379773330713583,-0.010390994209762274,0.16599259153040102,1.0856841945296203,0.31946438429784235,5.7340074084695996,True,5.7340074084695996,True,5.7340074084695996,True,5.9,False,5.9,False,5.9,False,5.9,False,5.8170037042348,5.9,True,False,0.5,0.0,5.718863250109396,wind_stuck_7_days,2019
5553,US-CMW,US-CMW,2019-06-21,5.16777512,6.5,6.5,0.33774390175597974,0.33774390175597974,0.413320565198367,0.569789463355287,0.006368447847084539,-0.038799453862683984,-0.010390994209762274,-0.3377439017559798,1.0856841945296203,0.31946438429784235,6.83774390175598,True,6.5,False,6.83774390175598,True,6.83774390175598,True,6.83774390175598,True,6.5,False,6.5,False,6.66887195087799,6.560115076403645,True,True,0.5,0.17799011644946913,6.83774390175598,wind_stuck_7_days,2019
5554,US-CMW,US-CMW,2019-07-15,5.44380812,5.8,5.8,0.28315247394679366,0.28315247394679366,0.17104173113316237,0.4525669977179721,-0.02023458053272472,-0.013600666732507436,-0.010390994209762274,-0.28315247394679366,1.0856841945296203,0.31946438429784235,6.083152473946793,True,6.083152473946793,True,6.083152473946793,True,5.8,False,5.8,False,5.8,False,5.8,False,5.941576236973397,5.883513929531618,True,True,0.5,0.2949433157603662,6.083152473946793,wind_stuck_7_days,2019
5555,US-CMW,US-CMW,2019-08-08,3.15389232,4.6,4.6,-0.5242236723294151,0.5242236723294151,0.2380287609266366,0.4769883163175896,-0.02184892425279717,-0.030547295238481625,-0.007243750527162707,0.5242236723294151,1.0856841945296203,0.31946438429784235,4.075776327670584,True,4.075776327670584,True,4.075776327670584,True,4.6,False,4.6,False,4.6,False,4.6,False,4.337888163835292,4.403700185806736,True,True,0.5,0.3744581264729902,4.075776327670584,wind_stuck_7_days,2019
5556,US-CMW,US-CMW,2019-08-16,3.35633044,5.7,5.7,0.05798344879682253,0.05798344879682253,0.14214515899456523,0.5426241519757853,-0.02023458053272472,-0.013600666732507436,-0.010390994209762274,-0.05798344879682249,1.0856841945296203,0.31946438429784235,5.757983448796823,True,5.757983448796823,True,5.757983448796823,True,5.7,False,5.7,False,5.7,False,5.7,False,5.728991724398411,5.718160314027774,True,True,0.5,0.31319823854231177,5.757983448796823,wind_stuck_7_days,2019
5557,US-CMW,US-CMW,2019-08-24,4.50989811,5.5,5.5,-0.3146896385557494,0.3146896385557494,0.10062841117843349,0.25088007097357984,-0.02414219230004636,-0.02209400293983038,-0.010390994209762274,0.3146896385557494,1.0856841945296203,0.31946438429784235,5.185310361444251,True,5.185310361444251,True,5.185310361444251,True,5.5,False,5.5,False,5.5,False,5.5,False,5.342655180722125,5.367110416469412,True,True,0.5,0.4222877630813547,5.185310361444251,wind_stuck_7_days,2019
5558,US-CMW,US-CMW,2019-09-01,2.88434725,4.3,4.3,-0.5550932651155276,0.5550932651155276,0.21751941578502323,0.3552408853498744,-0.04651193725142462,-0.034000360348654744,-0.03161647919987955,0.5550932651155276,1.0856841945296203,0.31946438429784235,3.7449067348844722,True,3.7449067348844722,True,3.7449067348844722,True,4.3,False,4.3,False,4.3,False,4.3,False,4.022453367442236,4.112195836877445,True,True,0.5,0.33832902491344025,3.7449067348844722,wind_stuck_7_days,2019
5559,US-CMW,US-CMW,2019-09-17,4.21927453,4.6,4.6,-0.35886800324594803,0.35886800324594803,0.12753950886029936,0.36864285875508557,0.0005612132514767025,0.00339012225236169,-0.010390994209762274,0.35886800324594803,1.0856841945296203,0.31946438429784235,4.241131996754052,True,4.241131996754052,True,4.241131996754052,True,4.241131996754052,True,4.241131996754052,True,4.241131996754052,True,4.6,False,4.420565998377025,4.426563313608382,True,True,0.5,0.483288241980031,4.241131996754052,wind_stuck_7_days,2019
5560,US-CMW,US-CMW,2019-10-03,3.28983552,3.9,3.9,-0.12652412532456034,0.12652412532456034,0.15119884228015332,0.390370659421009,0.0005612132514767025,0.00339012225236169,-0.010390994209762274,0.12652412532456037,1.0856841945296203,0.31946438429784235,3.7734758746754395,True,3.7734758746754395,True,3.7734758746754395,True,3.7734758746754395,True,3.7734758746754395,True,3.7734758746754395,True,3.9,False,3.8367379373377197,3.7734758746754395,True,True,0.5,1.0,3.7734758746754395,wind_stuck_7_days,2019
5561,US-CMW,US-CMW,2019-10-11,2.52893365,3.9,3.9,-0.1766601940340505,0.1766601940340505,0.15874497328717133,0.41356580012970623,0.0005612132514767025,0.00339012225236169,-0.010390994209762274,0.17666019403405042,1.0856841945296203,0.31946438429784235,3.7233398059659493,True,3.7233398059659493,True,3.7233398059659493,True,3.7233398059659493,True,3.7233398059659493,True,3.7233398059659493,True,3.9,False,3.811669902982975,3.7233398059659493,True,True,0.5,1.0,3.7233398059659493,wind_stuck_7_days,2019
5562,US-CMW,US-CMW,2019-10-19,2.47099052,3.1,3.1,-0.34357425787718265,0.34357425787718265,0.14422270383402955,0.4416804575752673,0.0005612132514767025,0.00339012225236169,-0.010390994209762274,0.34357425787718265,1.0856841945296203,0.31946438429784235,2.7564257421228175,True,2.7564257421228175,True,2.7564257421228175,True,2.7564257421228175,True,2.7564257421228175,True,2.7564257421228175,True,3.1,False,2.9282128710614086,2.9888031759233504,True,True,0.5,0.32364713457781497,2.7564257421228175,wind_stuck_7_days,2019
5563,US-CMW,US-CMW,2019-10-27,1.27273965,3.6,3.6,-0.7314746594792945,0.7314746594792945,0.414555602775919,1.17376117883035,-0.3808366981002797,-0.32257646303727255,-0.1251403045119675,0.7314746594792945,1.0856841945296203,0.31946438429784235,2.868525340520706,True,3.6,False,3.6,False,3.6,False,3.6,False,3.6,False,3.6,False,3.2342626702603527,3.6,True,False,0.5,0.0,2.868525340520706,wind_stuck_7_days,2019
5564,US-CMW,US-CMW,2019-11-04,0.15289761,2.0,2.0,-0.5858464179274785,0.5858464179274785,0.11743387023360141,0.3937974540516961,0.003962038832926644,0.00339012225236169,-0.041112030026763995,0.5858464179274785,1.0856841945296203,0.31946438429784235,1.4141535820725215,True,1.4141535820725215,True,1.4141535820725215,True,1.4141535820725215,True,1.4141535820725215,True,1.4141535820725215,True,2.0,False,1.7070767910362608,1.6373894508151023,True,True,0.5,0.6189515512746294,1.4141535820725215,wind_stuck_7_days,2019
5565,US-CMW,US-CMW,2019-11-12,0.44671353,1.4,1.4,-0.18930677904079607,0.18930677904079607,0.12057692839253241,0.414104357550401,0.0070243713816480315,0.007717923769237176,-0.014311646000022736,0.18930677904079607,1.0856841945296203,0.31946438429784235,1.2106932209592038,True,1.2106932209592038,True,1.2106932209592038,True,1.2106932209592038,True,1.2106932209592038,True,1.2106932209592038,True,1.4,False,1.3053466104796019,1.2259302510155192,True,True,0.5,0.919511439930887,1.2106932209592038,wind_stuck_7_days,2019
5566,US-CMW,US-CMW,2019-12-14,0.67401696,0.8,0.8,-0.08315488798500673,0.08315488798500673,0.1586885381690336,0.422510925252973,0.0070243713816480315,0.007717923769237176,-0.010390994209762274,0.08315488798500673,1.0856841945296203,0.31946438429784235,0.7168451120149933,True,0.7168451120149933,True,0.7168451120149933,True,0.7168451120149933,True,0.7168451120149933,True,0.7168451120149933,True,0.8,False,0.7584225560074966,0.7168451120149933,True,True,0.5,1.0,0.7168451120149933,wind_stuck_7_days,2019
5567,US-CMW,US-CMW,2019-12-30,0.5155486,0.9,0.9,-0.3428353452741676,0.3428353452741676,0.11776112223790426,0.3294636180766068,0.011869707156689677,0.012170132976718932,-0.014311646000022736,0.3428353452741676,1.0856841945296203,0.31946438429784235,0.5571646547258324,True,0.5571646547258324,True,0.5571646547258324,True,0.5571646547258324,True,0.5571646547258324,True,0.5571646547258324,True,0.9,False,0.7285823273629162,0.7890423228700199,True,True,0.5,0.32364713457781497,0.5571646547258324,wind_stuck_7_days,2019
7445,US-Jo2,US-Jo2,2019-01-22,0.38303464,0.4,0.4,0.0272126640185529,0.0272126640185529,0.11820635378467419,0.3788760027257826,0.022681716637791855,0.026405198648445823,-0.014311646000022736,-0.0272126640185529,1.0856841945296203,0.31946438429784235,0.4272126640185529,True,0.4272126640185529,True,0.4272126640185529,True,0.4272126640185529,True,0.4272126640185529,True,0.4272126640185529,True,0.4,False,0.4136063320092765,0.4272126640185529,True,True,0.5,1.0,0.4272126640185529,wind_stuck_7_days,2019
7446,US-Jo2,US-Jo2,2019-02-07,0.38438769,0.6,0.6,-0.21629162452428513,0.21629162452428513,0.11256160024377196,0.33166786243198204,0.0070243713816480315,0.007717923769237176,-0.014311646000022736,0.21493299547571482,1.0856841945296203,0.31946438429784235,0.38370837547571485,True,0.38370837547571485,True,0.38370837547571485,True,0.38370837547571485,True,0.38370837547571485,True,0.38370837547571485,True,0.6,False,0.4918541877378574,0.432552431256538,True,True,0.5,0.7741750015135749,0.38370837547571485,wind_stuck_7_days,2019
7447,US-Jo2,US-Jo2,2019-02-23,1.3882127,1.0,1.0,-0.6446823636560957,0.6446823636560957,0.2229442861282749,0.5459345814395388,0.02329028611238939,-0.010074751699160748,-0.041112030026763995,-0.6446823636560957,1.0856841945296203,0.31946438429784235,0.35531763634390434,True,0.35531763634390434,True,0.35531763634390434,True,0.35531763634390434,True,0.35531763634390434,True,1.0,False,1.0,False,0.6776588181719522,0.6678469866026637,True,True,0.5,0.5152196370219343,0.35531763634390434,wind_stuck_7_days,2019
7448,US-Jo2,US-Jo2,2019-03-03,0.22793056,1.1,1.1,-0.07824279679658208,0.07824279679658208,0.12097422204492736,0.4212810026701986,0.0070243713816480315,0.007717923769237176,-0.010390994209762274,0.07824279679658208,1.0856841945296203,0.31946438429784235,1.0217572032034181,True,1.0217572032034181,True,1.0217572032034181,True,1.0217572032034181,True,1.0217572032034181,True,1.0217572032034181,True,1.1,False,1.060878601601709,1.0217572032034181,True,True,0.5,1.0,1.0217572032034181,wind_stuck_7_days,2019
7449,US-Jo2,US-Jo2,2019-03-19,1.25175904,1.0,1.0,0.047783119883680815,0.047783119883680815,0.09395493092082952,0.30228993135181015,0.0070243713816480315,0.007717923769237176,-0.010390994209762274,0.04778311988368081,1.0856841945296203,0.31946438429784235,1.047783119883681,True,1.047783119883681,True,1.047783119883681,True,1.047783119883681,True,1.047783119883681,True,1.047783119883681,True,1.0,False,1.0238915599418403,1.047783119883681,True,True,0.5,1.0,1.047783119883681,wind_stuck_7_days,2019
7450,US-Jo2,US-Jo2,2019-03-27,0.60344733,2.7,2.7,-0.3997567052193375,0.3997567052193375,0.21163368930944298,0.41673504091211555,0.012646997916886725,0.00339012225236169,-0.010390994209762274,0.3997567052193376,1.0856841945296203,0.31946438429784235,2.3002432947806626,True,2.3002432947806626,True,2.3002432947806626,True,2.3002432947806626,True,2.3002432947806626,True,2.3002432947806626,True,2.7,False,2.5001216473903316,2.536129582249226,True,True,0.5,0.409925376138124,2.3002432947806626,wind_stuck_7_days,2019
7451,US-Jo2,US-Jo2,2019-04-04,0.84185608,1.3,1.3,-0.31699403355280265,0.31699403355280265,0.11818990362216561,0.35539521166887,0.0070243713816480315,0.007717923769237176,-0.010390994209762274,0.31699403355280265,1.0856841945296203,0.31946438429784235,0.9830059664471974,True,0.9830059664471974,True,0.9830059664471974,True,0.9830059664471974,True,0.9830059664471974,True,0.9830059664471974,True,1.3,False,1.1415029832235988,1.1846401119894652,True,True,0.5,0.3639181681674115,0.9830059664471974,wind_stuck_7_days,2019
7452,US-Jo2,US-Jo2,2019-04-28,1.16924847,1.2,1.2,-0.3421883948542712,0.3421883948542712,0.2237653515610427,0.4163122090941719,0.005420447129883115,0.006138829071824917,-0.010390994209762274,-0.2806853348542715,1.0856841945296203,0.31946438429784235,0.8578116051457287,True,0.8578116051457287,True,0.8578116051457287,True,0.8578116051457287,True,0.8578116051457287,True,0.8578116051457287,True,1.2,False,1.0289058025728643,1.0773092729653055,True,True,0.5,0.3585473057522745,0.8578116051457287,wind_stuck_7_days,2019
7453,US-Jo2,US-Jo2,2019-05-14,0.78032586,0.7,0.7,0.16889947509779368,0.16889947509779368,0.14634457645847945,0.3996505092531737,0.0070243713816480315,0.007717923769237176,-0.010390994209762274,-0.008247755097793519,1.0856841945296203,0.31946438429784235,0.8688994750977936,True,0.8688994750977936,True,0.8688994750977936,True,0.8688994750977936,True,0.8688994750977936,True,0.8688994750977936,True,0.7,False,0.7844497375488968,0.8688994750977936,True,True,0.5,1.0,0.8688994750977936,wind_stuck_7_days,2019
7454,US-Jo2,US-Jo2,2019-05-22,0.6907295,0.5,0.5,0.1388358433123904,0.1388358433123904,0.17055225797509377,0.3997189548980655,0.00701587830417533,0.01532122029080843,-0.010390994209762274,0.1388358433123904,1.0856841945296203,0.31946438429784235,0.6388358433123904,True,0.6388358433123904,True,0.6388358433123904,True,0.6388358433123904,True,0.6388358433123904,True,0.6388358433123904,True,0.5,False,0.5694179216561952,0.6388358433123904,True,True,0.5,1.0,0.6388358433123904,wind_stuck_7_days,2019
7455,US-Jo2,US-Jo2,2019-05-30,0.16991473,0.5,0.5,0.3426780566640941,0.3426780566640941,0.1689137971068784,0.3692065784470736,0.04595904032325063,0.06019757925308546,-0.010390994209762274,-0.3426780566640941,1.0856841945296203,0.31946438429784235,0.8426780566640941,True,0.8426780566640941,True,0.8426780566640941,True,0.8426780566640941,True,0.8426780566640941,True,0.8426780566640941,True,0.5,False,0.6713390283320471,0.7279180838327584,True,True,0.5,0.6651084871073965,0.8426780566640941,wind_stuck_7_days,2019
7456,US-Jo2,US-Jo2,2019-06-07,1.24177394,0.9,0.9,-0.06825291290987373,0.06825291290987373,0.16293627735257082,0.3656034026688874,-0.006130218197356715,0.0016866198643431592,-0.010390994209762274,-0.06825291290987373,1.0856841945296203,0.31946438429784235,0.8317470870901262,True,0.8317470870901262,True,0.8317470870901262,True,0.9,False,0.9,False,0.8317470870901262,True,0.9,False,0.8658735435450632,0.8317470870901262,True,True,0.5,1.0,0.8317470870901262,wind_stuck_7_days,2019
7457,US-Jo2,US-Jo2,2019-06-15,2.40304135,0.5,0.5,0.2820040947575762,0.2820040947575762,0.09294586384459627,0.33547815569033207,0.010539069633336914,0.019642961533221495,-0.010390994209762274,0.28200409475757615,1.0856841945296203,0.31946438429784235,0.7820040947575762,True,0.7820040947575762,True,0.7820040947575762,True,0.7820040947575762,True,0.7820040947575762,True,0.7820040947575762,True,0.5,False,0.6410020473787881,0.6856870218163456,True,True,0.5,0.6584550553280824,0.7820040947575762,wind_stuck_7_days,2019
7458,US-Jo2,US-Jo2,2019-06-23,0.9989591,0.7,0.7,0.336214903999219,0.336214903999219,0.07431827244375883,0.3570813724542576,0.010674338583965834,0.013189936712027466,-0.010390994209762274,0.26170329600078107,1.0856841945296203,0.31946438429784235,1.036214903999219,True,1.036214903999219,True,1.036214903999219,True,1.036214903999219,True,1.036214903999219,True,1.036214903999219,True,0.7,False,0.8681074519996095,0.9669647690707771,True,True,0.5,0.7940301452888516,1.036214903999219,wind_stuck_7_days,2019
7459,US-Jo2,US-Jo2,2019-07-01,1.47926748,0.3,0.3,0.6290344736128543,0.6290344736128543,0.11613562012675124,0.38816181046582804,0.1567862874964036,0.17215008742702137,-0.02619321760054926,0.6290344736128543,1.0856841945296203,0.31946438429784235,0.9290344736128542,True,0.9290344736128542,True,0.9290344736128542,True,0.9290344736128542,True,0.9290344736128542,True,0.9290344736128542,True,0.3,False,0.6145172368064271,0.884340367330988,True,True,0.5,0.9289480812948677,0.9290344736128542,wind_stuck_7_days,2019
7460,US-Jo2,US-Jo2,2019-07-09,0.89665391,0.5,0.5,0.26589480319197323,0.26589480319197323,0.15873696116433667,0.34646101158024634,0.010539069633336914,0.019642961533221495,-0.010390994209762274,0.26589480319197323,1.0856841945296203,0.31946438429784235,0.7658948031919732,True,0.7658948031919732,True,0.7658948031919732,True,0.7658948031919732,True,0.7658948031919732,True,0.7658948031919732,True,0.5,False,0.6329474015959866,0.7035041671256159,True,True,0.5,0.7653559403291087,0.7658948031919732,wind_stuck_7_days,2019
7461,US-Jo2,US-Jo2,2019-07-17,0.6269289,0.4,0.4,0.7503532784430338,0.7503532784430338,0.19852654776122747,0.47911459537514495,0.19940874156905644,0.2323767600058161,-0.09665769161180893,-0.2964954784430338,1.0856841945296203,0.31946438429784235,1.150353278443034,True,1.150353278443034,True,1.150353278443034,True,1.150353278443034,True,1.150353278443034,True,1.150353278443034,True,0.4,False,0.7751766392215169,0.9997092204439029,True,True,0.5,0.7992358235420601,1.150353278443034,wind_stuck_7_days,2019
7462,US-Jo2,US-Jo2,2019-07-25,1.38929326,0.7,0.7,0.11410771729973679,0.11410771729973679,0.1654512320853549,0.32467514793795516,-0.006130218197356715,0.0016866198643431592,-0.010390994209762274,0.11410771729973679,1.0856841945296203,0.31946438429784235,0.8141077172997367,True,0.8141077172997367,True,0.8141077172997367,True,0.7,False,0.7,False,0.8141077172997367,True,0.7,False,0.7570538586498683,0.8141077172997367,True,True,0.5,1.0,0.8141077172997367,wind_stuck_7_days,2019
7463,US-Jo2,US-Jo2,2019-08-10,3.13801175,1.0,1.0,0.5632418162370378,0.5632418162370378,0.12653960475113418,0.45043956588521095,0.050262950470603376,0.07824348782924695,-0.02619321760054926,0.5632418162370378,1.0856841945296203,0.31946438429784235,1.5632418162370378,True,1.5632418162370378,True,1.5632418162370378,True,1.5632418162370378,True,1.5632418162370378,True,1.5632418162370378,True,1.0,False,1.2816209081185188,1.4295624593462706,True,True,0.5,0.762660809199385,1.5632418162370378,wind_stuck_7_days,2019
7464,US-Jo2,US-Jo2,2019-08-18,0.57810586,1.0,1.0,-0.3153679031017897,0.3153679031017897,0.1265598867662079,0.39296165190806776,-0.006130218197356715,0.0016866198643431592,-0.010390994209762274,0.3153679031017897,1.0856841945296203,0.31946438429784235,0.6846320968982103,True,0.6846320968982103,True,0.6846320968982103,True,1.0,False,1.0,False,0.6846320968982103,True,1.0,False,0.8423160484491051,0.8404082526924676,True,True,0.5,0.5060494290569,0.6846320968982103,wind_stuck_7_days,2019
7465,US-Jo2,US-Jo2,2019-08-26,1.44737417,0.8,0.8,-0.3367397958165004,0.3367397958165004,0.11980883489459045,0.358071845995582,-0.0012848824223150711,0.006138829071824917,-0.010390994209762274,-0.3367397958165004,1.0856841945296203,0.31946438429784235,0.46326020418349967,True,0.46326020418349967,True,0.46326020418349967,True,0.8,False,0.8,False,0.46326020418349967,True,0.8,False,0.6316301020917499,0.6554790393368275,True,True,0.5,0.42917695638779296,0.46326020418349967,wind_stuck_7_days,2019
7466,US-Jo2,US-Jo2,2019-09-03,1.33085212,0.4,0.4,0.06938257575003008,0.06938257575003008,0.08359308773452617,0.3580875734344998,0.01792582927851359,0.026405198648445823,-0.010390994209762274,0.06938257575003004,1.0856841945296203,0.31946438429784235,0.4693825757500301,True,0.4693825757500301,True,0.4693825757500301,True,0.4693825757500301,True,0.4693825757500301,True,0.4693825757500301,True,0.4,False,0.43469128787501504,0.4693825757500301,True,True,0.5,1.0,0.4693825757500301,wind_stuck_7_days,2019
7467,US-Jo2,US-Jo2,2019-09-11,0.39083047,0.2,0.2,0.7103864764688789,0.7103864764688789,0.15115737137438087,0.5383351207864573,0.23728085451364042,0.2830686213130701,-0.050513941371819006,-0.3287255364688789,1.0856841945296203,0.31946438429784235,0.9103864764688789,True,0.9103864764688789,True,0.9103864764688789,True,0.9103864764688789,True,0.9103864764688789,True,0.9103864764688789,True,0.2,False,0.5551932382344394,0.8631670415765782,True,True,0.5,0.9335299355260611,0.9103864764688789,wind_stuck_7_days,2019
7468,US-Jo2,US-Jo2,2019-09-19,0.7265914,0.5,0.5,0.07232281762810434,0.07232281762810434,0.09469964380014313,0.31566490607974995,0.015234236614057683,0.017704285332879113,-0.010390994209762274,0.07232281762810433,1.0856841945296203,0.31946438429784235,0.5723228176281043,True,0.5723228176281043,True,0.5723228176281043,True,0.5723228176281043,True,0.5723228176281043,True,0.5723228176281043,True,0.5,False,0.5361614088140522,0.5723228176281043,True,True,0.5,1.0,0.5723228176281043,wind_stuck_7_days,2019
7469,US-Jo2,US-Jo2,2019-10-05,3.45816932,0.5,0.5,-0.10777914511714545,0.10777914511714545,0.14588059483613466,0.3658770193697882,0.015234236614057683,0.017704285332879113,-0.010390994209762274,-0.10777914511714526,1.0856841945296203,0.31946438429784235,0.3922208548828545,True,0.3922208548828545,True,0.3922208548828545,True,0.3922208548828545,True,0.3922208548828545,True,0.3922208548828545,True,0.5,False,0.44611042744142726,0.3922208548828545,True,True,0.5,1.0,0.3922208548828545,wind_stuck_7_days,2019
7470,US-Jo2,US-Jo2,2019-10-13,1.13766315,0.7,0.7,-0.22873017497175946,0.22873017497175946,0.12791553600139752,0.24530523404553856,0.0070243713816480315,0.007717923769237176,-0.010390994209762274,-0.2287301749717594,1.0856841945296203,0.31946438429784235,0.4712698250282405,True,0.4712698250282405,True,0.4712698250282405,True,0.4712698250282405,True,0.4712698250282405,True,0.4712698250282405,True,0.7,False,0.5856349125141203,0.5429662812966161,True,True,0.5,0.6865457026943308,0.4712698250282405,wind_stuck_7_days,2019
7471,US-Jo2,US-Jo2,2019-10-21,0.59943966,0.1,0.1,0.06716178325358875,0.06716178325358875,0.11707138493929804,0.43358218801282333,0.04560641112575111,0.0516844187503824,-0.00831242909369594,0.06716178325358874,1.0856841945296203,0.31946438429784235,0.16716178325358877,True,0.16716178325358877,True,0.16716178325358877,True,0.16716178325358877,True,0.16716178325358877,True,0.16716178325358877,True,0.1,False,0.13358089162679437,0.16716178325358877,True,True,0.5,1.0,0.16716178325358877,wind_stuck_7_days,2019
7472,US-Jo2,US-Jo2,2019-10-29,0.47546655,0.4,0.4,-0.03867247305681162,0.03867247305681162,0.08745475048732189,0.32714569835863,0.022681716637791855,0.026405198648445823,-0.010390994209762274,-0.038672473056811624,1.0856841945296203,0.31946438429784235,0.3613275269431884,True,0.3613275269431884,True,0.3613275269431884,True,0.3613275269431884,True,0.3613275269431884,True,0.3613275269431884,True,0.4,False,0.3806637634715942,0.3613275269431884,True,True,0.5,1.0,0.3613275269431884,wind_stuck_7_days,2019
7473,US-Jo2,US-Jo2,2019-11-14,0.30343932,0.6,0.6,-0.07626904205477485,0.07626904205477485,0.06631170834908205,0.3386049273619677,0.0070243713816480315,0.007717923769237176,-0.014311646000022736,0.07626904205477486,1.0856841945296203,0.31946438429784235,0.5237309579452252,True,0.5237309579452252,True,0.5237309579452252,True,0.5237309579452252,True,0.5237309579452252,True,0.5237309579452252,True,0.6,False,0.5618654789726125,0.5237309579452252,True,True,0.5,1.0,0.5237309579452252,wind_stuck_7_days,2019
8051,US-MMS,US-MMS,2019-02-03,0.16721978,1.5,1.5,0.3739403449702943,0.3739403449702943,0.19453481891904933,0.5398659266708917,0.05469927558448473,0.042087924060766,-0.014311646000022736,-0.37394034497029427,1.0856841945296203,0.31946438429784235,1.8739403449702943,True,1.8739403449702943,True,1.8739403449702943,True,1.8739403449702943,True,1.8739403449702943,True,1.8739403449702943,True,1.5,False,1.6869701724851471,1.8739403449702943,True,True,0.5,1.0,1.8739403449702943,wind_stuck_7_days,2019
8052,US-MMS,US-MMS,2019-03-23,0.80035866,2.3,2.3,-0.7774185671819935,0.7774185671819935,0.10285497427252344,0.5043094203876546,0.05493015528610414,0.12009413597969265,-0.11549715582828415,0.7774185671819935,1.0856841945296203,0.31946438429784235,1.5225814328180063,True,1.5225814328180063,True,1.5225814328180063,True,1.5225814328180063,True,1.5225814328180063,True,1.5225814328180063,True,2.3,False,1.911290716409003,2.026394695042535,True,True,0.5,0.3519407903379983,1.5225814328180063,wind_stuck_7_days,2019
8053,US-MMS,US-MMS,2019-04-16,0.92956178,2.0,2.0,0.6432902529828585,0.6432902529828585,0.15532516178716027,0.4264882826165489,0.03895445656539039,0.0730694262153304,-0.02619321760054926,-0.6432902529828584,1.0856841945296203,0.31946438429784235,2.6432902529828586,True,2.6432902529828586,True,2.6432902529828586,True,2.6432902529828586,True,2.6432902529828586,True,2.6432902529828586,True,2.0,False,2.321645126491429,2.524783401064718,True,True,0.5,0.8157801220076965,2.6432902529828586,wind_stuck_7_days,2019
8054,US-MMS,US-MMS,2019-05-18,5.09955804,6.5,6.5,-1.006144306081652,1.006144306081652,0.16022767470939475,0.5609914179801623,0.04162636720900869,0.02852964709765378,-0.09210411674724514,1.006144306081652,1.0856841945296203,0.31946438429784235,5.4938556939183485,True,5.4938556939183485,True,5.4938556939183485,True,5.4938556939183485,True,5.4938556939183485,True,5.4938556939183485,True,6.5,False,5.996927846959174,5.983488069799068,True,True,0.5,0.513357703342223,5.4938556939183485,wind_stuck_7_days,2019
8055,US-MMS,US-MMS,2019-06-03,5.52472427,5.2,5.2,-1.3010402466435025,1.3010402466435025,0.23557610618611047,0.4689754443054969,-0.07842773686782294,-0.08743380590246655,-0.038479456176904674,-1.3010402466435025,1.0856841945296203,0.31946438429784235,3.8989597533564977,True,3.8989597533564977,True,3.8989597533564977,True,5.2,False,5.2,False,5.2,False,5.2,False,4.549479876678249,4.569343155791309,True,True,0.5,0.4847327712080361,3.8989597533564977,wind_stuck_7_days,2019
8056,US-MMS,US-MMS,2019-06-11,6.09593373,6.1,6.1,-1.323217852730743,1.323217852730743,0.2936636248155518,0.5378883542036562,0.011666796171571495,0.026252232807152394,-0.0567391221986557,-1.315085312730743,1.0856841945296203,0.31946438429784235,4.776782147269257,True,4.776782147269257,True,4.776782147269257,True,4.776782147269257,True,4.776782147269257,True,4.776782147269257,True,6.1,False,5.438391073634628,5.319083548839084,True,True,0.5,0.5901646879607371,4.776782147269257,wind_stuck_7_days,2019
8057,US-MMS,US-MMS,2019-06-27,6.778421,6.1,6.1,-0.37716950940947414,0.37716950940947414,0.23333250017916174,0.47887357438723727,0.0607315329055403,0.0021289951605195645,-0.010390994209762274,-0.377169509409474,1.0856841945296203,0.31946438429784235,5.722830490590526,True,5.722830490590526,True,5.722830490590526,True,5.722830490590526,True,5.722830490590526,True,5.722830490590526,True,6.1,False,5.911415245295262,5.722830490590526,True,True,0.5,1.0,5.722830490590526,wind_stuck_7_days,2019
8058,US-MMS,US-MMS,2019-07-21,5.67522637,5.3,5.3,0.7398984846634945,0.7398984846634945,0.2686635691531772,0.4985265820350569,0.0652266417720685,0.10874845030479495,-0.07577238878704974,0.010554255336505558,1.0856841945296203,0.31946438429784235,6.039898484663494,True,6.039898484663494,True,6.039898484663494,True,6.039898484663494,True,6.039898484663494,True,6.039898484663494,True,5.3,False,5.6699492423317475,5.898756426832894,True,True,0.5,0.8092413205917137,6.039898484663494,wind_stuck_7_days,2019
8059,US-MMS,US-MMS,2019-08-30,4.07859846,4.3,4.3,0.42618502359101884,0.42618502359101884,0.15595698956349371,0.36766004879798403,0.007997550336839453,0.013011381808144125,-0.010390994209762274,-0.42618502359101884,1.0856841945296203,0.31946438429784235,4.726185023591019,True,4.726185023591019,True,4.726185023591019,True,4.726185023591019,True,4.726185023591019,True,4.726185023591019,True,4.3,False,4.513092511795509,4.483241907926769,True,True,0.5,0.4299585808595046,4.726185023591019,wind_stuck_7_days,2019
8060,US-MMS,US-MMS,2019-10-01,2.76530842,4.1,4.1,-0.25584697028692605,0.25584697028692605,0.13980285820134952,0.4198953327940559,0.0005612132514767025,0.00339012225236169,-0.010390994209762274,0.25584697028692593,1.0856841945296203,0.31946438429784235,3.8441530297130737,True,3.8441530297130737,True,3.8441530297130737,True,3.8441530297130737,True,3.8441530297130737,True,3.8441530297130737,True,4.1,False,3.9720765148565365,3.9563394663426146,True,True,0.5,0.5615096145022678,3.8441530297130737,wind_stuck_7_days,2019
8061,US-MMS,US-MMS,2019-10-09,2.30820108,3.2,3.2,-0.5409690137781878,0.5409690137781878,0.14193027913988157,0.352085650283997,0.003962038832926644,0.00339012225236169,-0.007243750527162707,0.5409690137781878,1.0856841945296203,0.31946438429784235,2.659030986221812,True,2.659030986221812,True,2.659030986221812,True,2.659030986221812,True,2.659030986221812,True,2.659030986221812,True,3.2,False,2.929515493110906,2.8978617308734265,True,True,0.5,0.5585130782563797,2.659030986221812,wind_stuck_7_days,2019
8062,US-MMS,US-MMS,2019-10-17,1.25350359,2.0,2.0,-0.6361753774380373,0.6361753774380373,0.12292624433846473,0.3413404061934112,0.003962038832926644,0.00339012225236169,-0.0506947147515173,0.6361753774380373,1.0856841945296203,0.31946438429784235,1.3638246225619626,True,1.3638246225619626,True,1.3638246225619626,True,1.3638246225619626,True,1.3638246225619626,True,1.3638246225619626,True,2.0,False,1.6819123112809813,1.6654775247978484,True,True,0.5,0.5258337355798304,1.3638246225619626,wind_stuck_7_days,2019
8063,US-MMS,US-MMS,2019-11-02,0.53237007,1.1,1.1,-0.056331895142810305,0.056331895142810305,0.1139842417889114,0.26253022664324405,0.0070243713816480315,0.007717923769237176,-0.014311646000022736,0.05633189514281034,1.0856841945296203,0.31946438429784235,1.0436681048571899,True,1.0436681048571899,True,1.0436681048571899,True,1.0436681048571899,True,1.0436681048571899,True,1.0436681048571899,True,1.1,False,1.071834052428595,1.0436681048571899,True,True,0.5,1.0,1.0436681048571899,wind_stuck_7_days,2019
8064,US-MMS,US-MMS,2019-11-10,0.07925019,0.7,0.7,0.0812211063690463,0.0812211063690463,0.04401811658218721,0.26885864237566215,0.0070243713816480315,0.007717923769237176,-0.014311646000022736,-0.08122110636904634,1.0856841945296203,0.31946438429784235,0.7812211063690463,True,0.7812211063690463,True,0.7812211063690463,True,0.7812211063690463,True,0.7812211063690463,True,0.7812211063690463,True,0.7,False,0.7406105531845231,0.7812211063690463,True,True,0.5,1.0,0.7812211063690463,wind_stuck_7_days,2019
8065,US-MMS,US-MMS,2019-12-04,0.39533422,0.4,0.4,0.37949220029984104,0.37949220029984104,0.10114724307684594,0.41763389718233423,0.11375775247504163,0.11421972505595986,-0.014311646000022736,-0.37949220029984104,1.0856841945296203,0.31946438429784235,0.779492200299841,True,0.779492200299841,True,0.779492200299841,True,0.779492200299841,True,0.779492200299841,True,0.779492200299841,True,0.4,False,0.5897461001499206,0.779492200299841,True,True,0.5,1.0,0.779492200299841,wind_stuck_7_days,2019
8495,US-Me2,US-Me1,2019-04-24,2.2194381,3.7,3.7,-1.0972868746215678,1.0972868746215678,0.11329258616527024,0.30980271211848265,0.1323501260929649,0.008953762568195387,-0.0951017775257485,1.0972868746215678,1.0856841945296203,0.31946438429784235,2.6027131253784326,True,2.6027131253784326,True,2.6027131253784326,True,2.6027131253784326,True,2.6027131253784326,True,2.6027131253784326,True,3.7,False,3.1513565626892164,3.150228124440868,True,True,0.5,0.5010283894526101,2.6027131253784326,wind_stuck_7_days,2019
8496,US-Me2,US-Me1,2019-05-02,1.90472027,4.0,4.0,-1.7741370403326058,1.7741370403326058,0.13602007599622007,0.392212960891184,0.8045834999779696,0.7984659568585815,-0.17567424075849714,1.7741370403326058,1.0856841945296203,0.31946438429784235,2.2258629596673942,True,2.2258629596673942,True,2.2258629596673942,True,2.2258629596673942,True,2.2258629596673942,True,2.2258629596673942,True,4.0,False,3.112931479833697,2.455727087167646,True,True,0.5,0.870436092435589,2.2258629596673942,wind_stuck_7_days,2019
8497,US-Me2,US-Me1,2019-05-10,2.1332305,4.8,4.8,-0.8793200558502949,0.8793200558502949,0.19961718587292257,0.4115744546070162,-0.015815591242717517,-0.02363804899255451,-0.08905261163375462,0.8793200558502949,1.0856841945296203,0.31946438429784235,3.920679944149705,True,3.920679944149705,True,3.920679944149705,True,4.8,False,4.8,False,4.8,False,4.8,False,4.360339972074852,4.545175917103273,True,True,0.5,0.28979673692341135,3.920679944149705,wind_stuck_7_days,2019
8498,US-Me2,US-Me1,2019-06-03,3.99797476,4.9,4.9,-1.4397675186680128,1.4397675186680128,0.1825394592591174,0.40111384747680334,0.43336803832793797,0.3549372822473605,-0.07636435210930376,0.364282961331988,1.0856841945296203,0.31946438429784235,3.4602324813319876,True,3.4602324813319876,True,3.4602324813319876,True,3.4602324813319876,True,3.4602324813319876,True,3.4602324813319876,True,4.9,False,4.180116240665994,3.8175342265961234,True,True,0.5,0.751833722714699,3.4602324813319876,wind_stuck_7_days,2019
8499,US-Me2,US-Me1,2019-06-11,2.67741248,5.6,5.6,-0.7012547787485631,0.7012547787485631,0.18354848057221615,0.42153743679130773,-0.08637667349366188,-0.08042093519981515,-0.08905261163375462,0.701254778748563,1.0856841945296203,0.31946438429784235,4.898745221251437,True,4.898745221251437,True,4.898745221251437,True,5.6,False,5.6,False,5.6,False,5.6,False,5.249372610625718,5.488528993066807,True,True,0.5,0.1589593544476377,4.898745221251437,wind_stuck_7_days,2019
8500,US-Me2,US-Me1,2019-06-19,3.47414009,4.7,4.7,-0.9031560111606826,0.9031560111606826,0.25476905290250207,0.427231107285856,-0.05203192890421686,-0.08462264624106214,-0.07243153519151346,0.9031560111606826,1.0856841945296203,0.31946438429784235,3.7968439888393175,True,3.7968439888393175,True,3.7968439888393175,True,4.7,False,4.7,False,4.7,False,4.7,False,4.248421994419659,4.489300537235871,True,True,0.5,0.23329243249275466,3.7968439888393175,wind_stuck_7_days,2019
8501,US-Me2,US-Me1,2019-07-05,4.16006496,5.1,5.1,-1.5412499354854805,1.5412499354854805,0.22795017595220493,0.41194987896801605,0.5423351727908063,0.46987395450171354,-0.15342595522137742,0.3386201445145194,1.0856841945296203,0.31946438429784235,3.558750064514519,True,3.558750064514519,True,3.558750064514519,True,3.558750064514519,True,3.558750064514519,True,3.558750064514519,True,5.1,False,4.32937503225726,4.029124944086723,True,True,0.5,0.6948094733097002,3.558750064514519,wind_stuck_7_days,2019
8502,US-Me2,US-Me1,2019-07-13,3.79589676,5.5,5.5,-0.7741880446262768,0.7741880446262768,0.30227599799620486,0.4123548522751543,-0.03136151590307879,-0.030638413490845843,-0.0906912012132645,0.7741880446262768,1.0856841945296203,0.31946438429784235,4.7258119553737234,True,4.7258119553737234,True,4.7258119553737234,True,5.5,False,5.5,False,5.5,False,5.5,False,5.112905977686862,5.257488451814129,True,True,0.5,0.3132463099490749,4.7258119553737234,wind_stuck_7_days,2019
8503,US-Me2,US-Me1,2019-07-21,2.78890094,5.0,5.0,-1.3213332204547563,1.3213332204547563,0.1860729487640272,0.3241207236544742,-0.05078358258589,-0.022452927846797446,-0.05510053261914583,1.3213332204547563,1.0856841945296203,0.31946438429784235,3.6786667795452437,True,3.6786667795452437,True,3.6786667795452437,True,5.0,False,5.0,False,5.0,False,5.0,False,4.339333389772622,4.889496738180603,True,True,0.5,0.08363012456567583,3.6786667795452437,wind_stuck_7_days,2019
8504,US-Me2,US-Me1,2019-07-29,2.85258306,4.7,4.7,-1.4667073005989226,1.4667073005989226,0.14019784067802687,0.3526876552046541,0.08827329027596337,0.0956834880781208,-0.07636435210930376,1.4667073005989226,1.0856841945296203,0.31946438429784235,3.2332926994010776,True,3.2332926994010776,True,3.2332926994010776,True,3.2332926994010776,True,3.2332926994010776,True,3.2332926994010776,True,4.7,False,3.9666463497005386,4.222460654431304,True,True,0.5,0.32558598799753397,3.2332926994010776,wind_stuck_7_days,2019
8505,US-Me2,US-Me1,2019-08-06,2.41577728,4.6,4.6,-1.1092705411631552,1.1092705411631552,0.17403793159664965,0.3826375504970427,-0.2594058834901231,-0.19914861489538466,-0.05510053261914583,1.1092705411631552,1.0856841945296203,0.31946438429784235,3.4907294588368445,True,3.4907294588368445,True,3.4907294588368445,True,4.6,False,4.6,False,4.6,False,4.6,False,4.045364729418422,4.6,True,False,0.5,0.0,3.4907294588368445,wind_stuck_7_days,2019
8506,US-Me2,US-Me1,2019-08-14,2.55565276,4.1,4.1,-1.5287470355237769,1.5287470355237769,0.15970989836155108,0.3304365962113013,-0.24971931959521995,-0.24577827970943958,-0.23619075152707367,1.5287470355237769,1.0856841945296203,0.31946438429784235,2.5712529644762228,True,2.5712529644762228,True,2.5712529644762228,True,4.1,False,4.1,False,4.1,False,4.1,False,3.335626482238111,3.5377639026706706,True,True,0.5,0.3677757563969351,2.5712529644762228,wind_stuck_7_days,2019
8507,US-Me2,US-Me1,2019-08-22,2.58877516,3.9,3.9,-0.875988196928763,0.875988196928763,0.14140613255696297,0.3853699453507908,-0.011864143992641291,-0.01975642665093877,-0.08905261163375462,0.875988196928763,1.0856841945296203,0.31946438429784235,3.024011803071237,True,3.024011803071237,True,3.024011803071237,True,3.9,False,3.9,False,3.9,False,3.9,False,3.4620059015356186,3.633995836145902,True,True,0.5,0.3036618127809433,3.024011803071237,wind_stuck_7_days,2019
8508,US-Me2,US-Me1,2019-10-25,1.28933923,1.3,1.3,0.08128695305886272,0.08128695305886272,0.0954288786619115,0.414577184046927,0.0070243713816480315,0.007717923769237176,-0.014311646000022736,-0.08128695305886272,1.0856841945296203,0.31946438429784235,1.3812869530588627,True,1.3812869530588627,True,1.3812869530588627,True,1.3812869530588627,True,1.3812869530588627,True,1.3812869530588627,True,1.3,False,1.3406434765294315,1.3812869530588627,True,True,0.5,1.0,1.3812869530588627,wind_stuck_7_days,2019
8509,US-Me2,US-Me1,2019-11-02,0.29726156,1.2,1.2,-0.38472257610647953,0.38472257610647953,0.09230938852420283,0.30014879826343616,0.011869707156689677,0.017467153214533713,-0.014311646000022736,0.38472257610647953,1.0856841945296203,0.31946438429784235,0.8152774238935204,True,0.8152774238935204,True,0.8152774238935204,True,0.8152774238935204,True,0.8152774238935204,True,0.8152774238935204,True,1.2,False,1.0076387119467602,1.0314876245047149,True,True,0.5,0.438010103801774,0.8152774238935204,wind_stuck_7_days,2019
8510,US-Me2,US-Me1,2019-11-10,0.49800354,0.8,0.8,0.10211134843363714,0.10211134843363714,0.04771820689050246,0.24814503730987725,0.0070243713816480315,0.007717923769237176,-0.014311646000022736,-0.10211134843363712,1.0856841945296203,0.31946438429784235,0.9021113484336372,True,0.9021113484336372,True,0.9021113484336372,True,0.9021113484336372,True,0.9021113484336372,True,0.9021113484336372,True,0.8,False,0.8510556742168186,0.9021113484336372,True,True,0.5,1.0,0.9021113484336372,wind_stuck_7_days,2019
8669,US-Me6,US-Me1,2019-03-31,1.49788727,1.7,1.7,0.10852944188457347,0.10852944188457347,0.15282197467912925,0.3441908243233874,0.0005612132514767025,0.00339012225236169,-0.014311646000022736,-0.10852944188457347,1.0856841945296203,0.31946438429784235,1.8085294418845734,True,1.8085294418845734,True,1.8085294418845734,True,1.8085294418845734,True,1.8085294418845734,True,1.8085294418845734,True,1.7,False,1.7542647209422868,1.8085294418845734,True,True,0.5,1.0,1.8085294418845734,wind_stuck_7_days,2019
8670,US-Me6,US-Me1,2019-04-24,1.97226185,1.5,1.5,0.1984027122025538,0.1984027122025538,0.10281328499378783,0.2732999026658481,0.0005612132514767025,0.00339012225236169,-0.010390994209762274,0.1984027122025538,1.0856841945296203,0.31946438429784235,1.6984027122025538,True,1.6984027122025538,True,1.6984027122025538,True,1.6984027122025538,True,1.6984027122025538,True,1.6984027122025538,True,1.5,False,1.5992013561012768,1.6693228857250795,True,True,0.5,0.8534302976272516,1.6984027122025538,wind_stuck_7_days,2019
8671,US-Me6,US-Me1,2019-05-02,1.53624871,2.7,2.7,-0.7228150383017817,0.7228150383017817,0.21812430097991747,0.3987590175283963,0.008910722126600077,-0.01975642665093877,-0.08905261163375462,0.7228150383017817,1.0856841945296203,0.31946438429784235,1.9771849616982184,True,1.9771849616982184,True,1.9771849616982184,True,1.9771849616982184,True,1.9771849616982184,True,2.7,False,2.7,False,2.338592480849109,2.401370110633107,True,True,0.5,0.4131484177038003,1.9771849616982184,wind_stuck_7_days,2019
8672,US-Me6,US-Me1,2019-05-10,1.80797486,2.8,2.8,-0.4377051580389941,0.4377051580389941,0.3321402162964332,0.5264993971292187,0.0005563258753729554,-0.00036438874928293176,-0.010390994209762274,0.4377051580389941,1.0856841945296203,0.31946438429784235,2.3622948419610057,True,2.3622948419610057,True,2.3622948419610057,True,2.3622948419610057,True,2.3622948419610057,True,2.8,False,2.8,False,2.5811474209805025,2.665525779960297,True,True,0.5,0.30722557769749387,2.3622948419610057,wind_stuck_7_days,2019
8673,US-Me6,US-Me1,2019-06-03,3.64327794,2.6,2.6,-0.0021405024697475294,0.0021405024697475294,0.21448318491722596,0.3821354391238565,-0.009094316943258298,-0.01947341668752816,-0.010390994209762274,-0.0021405024697476183,1.0856841945296203,0.31946438429784235,2.5978594975302527,True,2.5978594975302527,True,2.5978594975302527,True,2.6,False,2.6,False,2.6,False,2.6,False,2.5989297487651264,2.5978594975302527,True,True,0.5,1.0,2.5978594975302527,wind_stuck_7_days,2019
8674,US-Me6,US-Me1,2019-06-11,2.75469388,2.0,2.0,-0.1112195908262088,0.1112195908262088,0.1473055929714909,0.42812062785828414,-0.022023415468079913,-0.023897287851841538,-0.010390994209762274,-0.1112195908262088,1.0856841945296203,0.31946438429784235,1.8887804091737912,True,1.8887804091737912,True,1.8887804091737912,True,2.0,False,2.0,False,2.0,False,2.0,False,1.9443902045868957,1.8887804091737912,True,True,0.5,1.0,1.8887804091737912,wind_stuck_7_days,2019
8675,US-Me6,US-Me1,2019-06-19,2.58553123,2.4,2.4,0.19866498106853495,0.19866498106853495,0.2031996174696499,0.502184050677006,0.012646997916886725,0.00339012225236169,-0.010390994209762274,0.17239747893146515,1.0856841945296203,0.31946438429784235,2.5986649810685347,True,2.5986649810685347,True,2.5986649810685347,True,2.5986649810685347,True,2.5986649810685347,True,2.5986649810685347,True,2.4,False,2.4993324905342673,2.569546713921432,True,True,0.5,0.8534302976272516,2.5986649810685347,wind_stuck_7_days,2019
8676,US-Me6,US-Me1,2019-07-05,2.92420619,2.3,2.3,0.025298354212615542,0.025298354212615542,0.2750382365014889,0.4071461454095432,-0.01815156732462589,-0.021764623396522693,-0.010390994209762274,0.025298354212615504,1.0856841945296203,0.31946438429784235,2.3252983542126153,True,2.3252983542126153,True,2.3252983542126153,True,2.3,False,2.3,False,2.3,False,2.3,False,2.312649177106308,2.3252983542126153,True,True,0.5,1.0,2.3252983542126153,wind_stuck_7_days,2019
8677,US-Me6,US-Me1,2019-07-13,2.2684723,2.2,2.2,-0.051790026639826944,0.051790026639826944,0.2336278513432619,0.44029916787584444,0.012646997916886725,0.00339012225236169,-0.010390994209762274,-0.051790026639826944,1.0856841945296203,0.31946438429784235,2.1482099733601734,True,2.1482099733601734,True,2.1482099733601734,True,2.1482099733601734,True,2.1482099733601734,True,2.1482099733601734,True,2.2,False,2.174104986680087,2.1482099733601734,True,True,0.5,1.0,2.1482099733601734,wind_stuck_7_days,2019
8678,US-Me6,US-Me1,2019-07-21,1.9789397,2.3,2.3,0.09697093690203566,0.09697093690203566,0.29134550240994384,0.4930416620110079,-0.01815156732462589,-0.024853214211263026,-0.010390994209762274,-0.09697093690203568,1.0856841945296203,0.31946438429784235,2.3969709369020356,True,2.3969709369020356,True,2.3969709369020356,True,2.3,False,2.3,False,2.3,False,2.3,False,2.3484854684510177,2.3969709369020356,True,True,0.5,1.0,2.3969709369020356,wind_stuck_7_days,2019
8679,US-Me6,US-Me1,2019-07-29,1.60112201,2.7,2.7,-0.38739669137494825,0.38739669137494825,0.22685527335385938,0.4385620149688375,-0.015269051570875734,-0.023921466662728583,-0.010390994209762274,0.38739669137494825,1.0856841945296203,0.31946438429784235,2.312603308625052,True,2.312603308625052,True,2.312603308625052,True,2.7,False,2.7,False,2.7,False,2.7,False,2.506301654312526,2.5652669251088795,True,True,0.5,0.34779097986853275,2.312603308625052,wind_stuck_7_days,2019
8680,US-Me6,US-Me1,2019-08-06,1.59304063,2.8,2.8,-1.1378158121333475,1.1378158121333475,0.1458668905343013,0.3847407652644939,-0.2594058834901231,-0.2089322140181137,-0.12154258447105899,1.1378158121333475,1.0856841945296203,0.31946438429784235,1.6621841878666523,True,1.6621841878666523,True,1.6621841878666523,True,2.8,False,2.8,False,2.8,False,2.8,False,2.2310920939333263,2.8,True,False,0.5,0.0,1.6621841878666523,wind_stuck_7_days,2019
8681,US-Me6,US-Me1,2019-08-14,0.95454467,2.3,2.3,-0.7163985313912556,0.7163985313912556,0.21762767915028292,0.4069480885317812,-0.04925796430280944,-0.12017305969066744,-0.11157650403802369,0.7163985313912556,1.0856841945296203,0.31946438429784235,1.583601468608744,True,1.583601468608744,True,1.583601468608744,True,2.3,False,2.3,False,2.3,False,2.3,False,1.941800734304372,2.1187257562720534,True,True,0.5,0.2530354764629534,1.583601468608744,wind_stuck_7_days,2019
8682,US-Me6,US-Me1,2019-08-22,3.14108196,2.8,2.8,-0.8072512136452097,0.8072512136452097,0.21919616332993888,0.3964034130339996,-0.052710053410238523,-0.05550847963048741,-0.08905261163375462,-0.8072512136452097,1.0856841945296203,0.31946438429784235,1.9927487863547901,True,1.9927487863547901,True,1.9927487863547901,True,2.8,False,2.8,False,2.8,False,2.8,False,2.396374393177395,2.55160001440957,True,True,0.5,0.30771088527542606,1.9927487863547901,wind_stuck_7_days,2019
8683,US-Me6,US-Me1,2019-08-30,2.67015212,4.1,4.1,-0.604268858076895,0.604268858076895,0.168827774807949,0.3809575611702754,0.003962038832926644,0.00339012225236169,-0.03161647919987955,0.604268858076895,1.0856841945296203,0.31946438429784235,3.4957311419231045,True,3.4957311419231045,True,3.4957311419231045,True,3.4957311419231045,True,3.4957311419231045,True,3.4957311419231045,True,4.1,False,3.797865570961552,3.800802487922386,True,True,0.5,0.4951397181542988,3.4957311419231045,wind_stuck_7_days,2019
8684,US-Me6,US-Me1,2019-09-07,1.96584277,2.6,2.6,-0.7129085486272088,0.7129085486272088,0.132031252054389,0.3218317022948694,0.008603822404825863,-0.01975642665093877,-0.08905261163375462,0.5554059113727913,1.0856841945296203,0.31946438429784235,1.8870914513727914,True,1.8870914513727914,True,1.8870914513727914,True,1.8870914513727914,True,1.8870914513727914,True,2.6,False,2.6,False,2.2435457256863955,2.2971844271588155,True,True,0.5,0.42476075427106674,1.8870914513727914,wind_stuck_7_days,2019
8685,US-Me6,US-Me1,2019-10-25,1.02257423,0.8,0.8,0.11707534513501269,0.11707534513501269,0.12613088931634442,0.3926013438593528,0.0070243713816480315,0.007717923769237176,-0.014311646000022736,0.11707534513501269,1.0856841945296203,0.31946438429784235,0.9170753451350128,True,0.9170753451350128,True,0.9170753451350128,True,0.9170753451350128,True,0.9170753451350128,True,0.9170753451350128,True,0.8,False,0.8585376725675063,0.9170753451350128,True,True,0.5,1.0,0.9170753451350128,wind_stuck_7_days,2019
8686,US-Me6,US-Me1,2019-11-02,0.22476487,1.0,1.0,-0.39100677620180724,0.39100677620180724,0.10332360019293639,0.3683096051693872,0.011869707156689677,0.017467153214533713,-0.014311646000022736,0.39100677620180724,1.0856841945296203,0.31946438429784235,0.6089932237981928,True,0.6089932237981928,True,0.6089932237981928,True,0.6089932237981928,True,0.6089932237981928,True,0.6089932237981928,True,1.0,False,0.8044966118990964,0.8320142760130264,True,True,0.5,0.42962356207420943,0.6089932237981928,wind_stuck_7_days,2019
8687,US-Me6,US-Me1,2019-11-10,0.41028394,0.4,0.4,0.12575776871337357,0.12575776871337357,0.080514688272217,0.3125892052250462,0.022681716637791855,0.026405198648445823,-0.014311646000022736,-0.10518988871337359,1.0856841945296203,0.31946438429784235,0.5257577687133737,True,0.5257577687133737,True,0.5257577687133737,True,0.5257577687133737,True,0.5257577687133737,True,0.5257577687133737,True,0.4,False,0.4628788843566868,0.5257577687133737,True,True,0.5,1.0,0.5257577687133737,wind_stuck_7_days,2019
8758,US-NC2,US-NC2,2019-03-30,3.54188251,3.6,3.6,-0.04434944698112302,0.04434944698112302,0.1962765672006738,0.5475379968852506,0.012646997916886725,0.00339012225236169,-0.010390994209762274,0.04434944698112302,1.0856841945296203,0.31946438429784235,3.555650553018877,True,3.555650553018877,True,3.555650553018877,True,3.555650553018877,True,3.555650553018877,True,3.555650553018877,True,3.6,False,3.5778252765094387,3.555650553018877,True,True,0.5,1.0,3.555650553018877,wind_stuck_7_days,2019
8759,US-NC2,US-NC2,2019-04-23,4.82796406,5.6,5.6,-0.9850217950510338,0.9850217950510338,0.1464495211126416,0.48811121100182076,0.13410706729177385,0.10547563013321438,-0.08905261163375462,0.559050084948965,1.0856841945296203,0.31946438429784235,4.614978204948966,True,4.614978204948966,True,4.614978204948966,True,4.614978204948966,True,4.614978204948966,True,4.614978204948966,True,5.6,False,5.107489102474482,5.212584608816275,True,True,0.5,0.39330641527952415,4.614978204948966,wind_stuck_7_days,2019
8760,US-NC2,US-NC2,2019-05-25,3.91562946,5.7,5.7,-0.4628674426386709,0.4628674426386709,0.33201110003604845,0.5268428177699693,0.0017893402798504674,-0.0016255158411250582,-0.010390994209762274,0.46286744263867097,1.0856841945296203,0.31946438429784235,5.237132557361329,True,5.237132557361329,True,5.237132557361329,True,5.237132557361329,True,5.237132557361329,True,5.7,False,5.7,False,5.468566278680664,5.422341663498946,True,True,0.5,0.5998657734884221,5.237132557361329,wind_stuck_7_days,2019
8761,US-NC2,US-NC2,2019-06-02,4.69336397,6.5,6.5,-1.6978905200313918,1.6978905200313918,0.1307593566555248,0.43196995496632684,0.4615810282638359,0.8029614960410462,0.009432649385323736,1.6978905200313918,1.0856841945296203,0.31946438429784235,4.802109479968609,True,4.802109479968609,True,4.802109479968609,True,4.802109479968609,True,4.802109479968609,True,4.802109479968609,True,4.802109479968609,True,5.651054739984304,5.330299467335033,True,True,0.5,0.6889139899569856,4.802109479968609,wind_stuck_7_days,2019
8762,US-NC2,US-NC2,2019-06-26,5.51622242,6.4,6.4,-0.3671181469258037,0.3671181469258037,0.13882310582895072,0.38217630851638473,0.013791974554630432,-0.032482845768149984,-0.010390994209762274,0.3671181469258037,1.0856841945296203,0.31946438429784235,6.032881853074197,True,6.032881853074197,True,6.032881853074197,True,6.032881853074197,True,6.032881853074197,True,6.4,False,6.4,False,6.216440926537098,6.068372079019958,True,True,0.5,0.9033275084793504,6.032881853074197,wind_stuck_7_days,2019
8763,US-NC2,US-NC2,2019-07-12,6.57482479,5.2,5.2,0.6609495786063335,0.6609495786063335,0.269926538763899,0.5043218019892661,0.08165364191096505,0.1322728800500741,-0.018336256353174717,0.6609495786063335,1.0856841945296203,0.31946438429784235,5.860949578606334,True,5.860949578606334,True,5.860949578606334,True,5.860949578606334,True,5.860949578606334,True,5.860949578606334,True,5.2,False,5.530474789303167,5.860949578606334,True,True,0.5,1.0,5.860949578606334,wind_stuck_7_days,2019
8764,US-NC2,US-NC2,2019-07-20,7.16556633,7.2,7.2,-0.47693875051153034,0.47693875051153034,0.3006899174303727,0.6048457631980231,0.02385573912719368,0.044451967731779146,0.01839348639913702,-0.40807141051152973,1.0856841945296203,0.31946438429784235,6.72306124948847,True,6.72306124948847,True,6.72306124948847,True,6.72306124948847,True,6.72306124948847,True,6.72306124948847,True,6.72306124948847,True,6.961530624744235,6.88711754069799,True,True,0.5,0.6560223067772007,6.72306124948847,wind_stuck_7_days,2019
8765,US-NC2,US-NC2,2019-08-29,4.11048116,1.8,1.8,-0.003090873766469865,0.003090873766469865,0.2577345507864147,0.47848844119834083,0.0044925782022674585,0.00339012225236169,-0.010390994209762274,-0.0030908737664696595,1.0856841945296203,0.31946438429784235,1.7969091262335302,True,1.7969091262335302,True,1.7969091262335302,True,1.7969091262335302,True,1.7969091262335302,True,1.7969091262335302,True,1.8,False,1.7984545631167652,1.7969091262335302,True,True,0.5,1.0,1.7969091262335302,wind_stuck_7_days,2019
8766,US-NC2,US-NC2,2019-09-22,1.8319642,1.2,1.2,-0.03648667389264012,0.03648667389264012,0.11101467526517225,0.40011440008092497,0.0070243713816480315,0.007717923769237176,-0.010390994209762274,-0.036486673892640153,1.0856841945296203,0.31946438429784235,1.1635133261073598,True,1.1635133261073598,True,1.1635133261073598,True,1.1635133261073598,True,1.1635133261073598,True,1.1635133261073598,True,1.2,False,1.18175666305368,1.1635133261073598,True,True,0.5,1.0,1.1635133261073598,wind_stuck_7_days,2019
8767,US-NC2,US-NC2,2019-11-01,2.39215792,0.5,0.5,0.4321627983065045,0.4321627983065045,0.10839580208105508,0.36314867610844137,0.0962769049414477,0.09548544423053344,-0.014311646000022736,0.4321627983065044,1.0856841945296203,0.31946438429784235,0.9321627983065045,True,0.9321627983065045,True,0.9321627983065045,True,0.9321627983065045,True,0.9321627983065045,True,0.9321627983065045,True,0.5,False,0.7160813991532522,0.8878929638654718,True,True,0.5,0.8975621348840975,0.9321627983065045,wind_stuck_7_days,2019
8768,US-NC2,US-NC2,2019-11-09,0.91415972,0.2,0.2,0.306101404909972,0.306101404909972,0.0909623346420616,0.2745950857497502,0.04912960245491269,0.05600615999279546,-0.0122330808839564,0.306101404909972,1.0856841945296203,0.31946438429784235,0.506101404909972,True,0.506101404909972,True,0.506101404909972,True,0.506101404909972,True,0.506101404909972,True,0.506101404909972,True,0.2,False,0.35305070245498604,0.36205957285310386,True,True,0.5,0.5294309998373494,0.506101404909972,wind_stuck_7_days,2019
8769,US-NC2,US-NC2,2019-11-25,0.72522757,0.2,0.2,0.18384795642466067,0.18384795642466067,0.10858772073415653,0.2680451831628343,0.04560641112575111,0.0516844187503824,-0.0122330808839564,0.18384795642466067,1.0856841945296203,0.31946438429784235,0.3838479564246607,True,0.3838479564246607,True,0.3838479564246607,True,0.3838479564246607,True,0.3838479564246607,True,0.3838479564246607,True,0.2,False,0.29192397821233035,0.3838479564246607,True,True,0.5,1.0,0.3838479564246607,wind_stuck_7_days,2019
8770,US-NC2,US-NC2,2019-12-03,0.95600094,0.2,0.2,0.3108105109220695,0.3108105109220695,0.050840890547381674,0.3282723103319404,0.04912960245491269,0.05600615999279546,-0.0122330808839564,0.3108105109220695,1.0856841945296203,0.31946438429784235,0.5108105109220695,True,0.5108105109220695,True,0.5108105109220695,True,0.5108105109220695,True,0.5108105109220695,True,0.5108105109220695,True,0.2,False,0.35540525546103474,0.36089259051228323,True,True,0.5,0.5176549211124469,0.5108105109220695,wind_stuck_7_days,2019
8771,US-NC2,US-NC2,2019-12-19,0.46958754,0.4,0.4,0.01473634960920806,0.01473634960920806,0.08393844558065176,0.22524706484106788,0.022681716637791855,0.026405198648445823,-0.014311646000022736,0.014736349609208062,1.0856841945296203,0.31946438429784235,0.4147363496092081,True,0.4147363496092081,True,0.4147363496092081,True,0.4147363496092081,True,0.4147363496092081,True,0.4147363496092081,True,0.4,False,0.4073681748046041,0.4147363496092081,True,True,0.5,1.0,0.4147363496092081,wind_stuck_7_days,2019
8833,US-NC3,US-NC2,2019-01-09,1.90227007,0.8,0.8,0.32112050411572446,0.32112050411572446,0.16064157010061128,0.4359480162714872,0.009707067457953645,0.010539690952571538,-0.014311646000022736,0.32112050411572446,1.0856841945296203,0.31946438429784235,1.1211205041157246,True,1.1211205041157246,True,1.1211205041157246,True,1.1211205041157246,True,1.1211205041157246,True,1.1211205041157246,True,0.8,False,0.9605602520578622,0.9458496461981114,True,True,0.5,0.4541897646795873,1.1211205041157246,wind_stuck_7_days,2019
8834,US-NC3,US-NC2,2019-01-25,0.97906681,1.1,1.1,-0.3929217120878462,0.3929217120878462,0.09098664260206146,0.3573234186261973,0.011869707156689677,0.017467153214533713,-0.014311646000022736,-0.15105533208784594,1.0856841945296203,0.31946438429784235,0.7070782879121539,True,0.7070782879121539,True,0.7070782879121539,True,0.7070782879121539,True,0.7070782879121539,True,0.7070782879121539,True,1.1,False,0.9035391439560769,0.938931419379554,True,True,0.5,0.409925376138124,0.7070782879121539,wind_stuck_7_days,2019
8835,US-NC3,US-NC2,2019-02-02,0.41252575,1.4,1.4,-0.3557838435725383,0.3557838435725383,0.12330996661448262,0.33619540174958057,0.011869707156689677,0.012170132976718932,-0.014311646000022736,0.35578384357253834,1.0856841945296203,0.31946438429784235,1.0442161564274617,True,1.0442161564274617,True,1.0442161564274617,True,1.0442161564274617,True,1.0442161564274617,True,1.0442161564274617,True,1.4,False,1.2221080782137308,1.2308846160751545,True,True,0.5,0.47533182571390575,1.0442161564274617,wind_stuck_7_days,2019
8836,US-NC3,US-NC2,2019-03-30,1.93406564,2.4,2.4,0.07186473884409686,0.07186473884409686,0.1868648502849818,0.5320898953548147,0.0005612132514767025,0.00339012225236169,-0.010390994209762274,-0.07186473884409683,1.0856841945296203,0.31946438429784235,2.4718647388440966,True,2.4718647388440966,True,2.4718647388440966,True,2.4718647388440966,True,2.4718647388440966,True,2.4718647388440966,True,2.4,False,2.4359323694220483,2.4718647388440966,True,True,0.5,1.0,2.4718647388440966,wind_stuck_7_days,2019
8837,US-NC3,US-NC2,2019-05-25,3.88795194,5.6,5.6,-0.33583806389241716,0.33583806389241716,0.3402429803831695,0.5543840355888903,-0.0016114853015994739,-0.0016255158411250582,-0.010390994209762274,0.3358380638924172,1.0856841945296203,0.31946438429784235,5.264161936107582,True,5.264161936107582,True,5.264161936107582,True,5.6,False,5.6,False,5.6,False,5.6,False,5.432080968053791,5.49888525926461,True,True,0.5,0.3010818355830587,5.264161936107582,wind_stuck_7_days,2019
8838,US-NC3,US-NC2,2019-06-18,5.59019846,6.3,6.3,-0.5159220784394709,0.5159220784394709,0.12588016678230637,0.4157815535148348,-0.03433597164036338,-0.03152531664790287,-0.007243750527162707,0.5159220784394709,1.0856841945296203,0.31946438429784235,5.784077921560529,True,5.784077921560529,True,5.784077921560529,True,6.3,False,6.3,False,6.3,False,6.3,False,6.042038960780264,6.065648545187938,True,True,0.5,0.45423808091507434,5.784077921560529,wind_stuck_7_days,2019
8839,US-NC3,US-NC2,2019-09-22,3.78349752,3.6,3.6,-0.3452653905091186,0.3452653905091186,0.16856932338909583,0.3600038258055046,0.0005612132514767025,0.00339012225236169,-0.010390994209762274,-0.34526539050911853,1.0856841945296203,0.31946438429784235,3.2547346094908813,True,3.2547346094908813,True,3.2547346094908813,True,3.2547346094908813,True,3.2547346094908813,True,3.2547346094908813,True,3.6,False,3.4273673047454407,3.4256761267226645,True,True,0.5,0.5048981973556118,3.2547346094908813,wind_stuck_7_days,2019
8907,US-NC4,US-NC4,2019-02-02,0.76678798,1.1,1.1,-0.1593598859723317,0.1593598859723317,0.09574539044977926,0.3715024456048173,0.0070243713816480315,0.007717923769237176,-0.014311646000022736,0.1593598859723317,1.0856841945296203,0.31946438429784235,0.9406401140276683,True,0.9406401140276683,True,0.9406401140276683,True,0.9406401140276683,True,0.9406401140276683,True,0.9406401140276683,True,1.1,False,1.0203200570138342,0.9406401140276683,True,True,0.5,1.0,0.9406401140276683,wind_stuck_7_days,2019
8908,US-NC4,US-NC4,2019-03-14,1.34233874,3.2,3.2,-0.06672384130275824,0.06672384130275824,0.07069104441096422,0.4491893470172739,0.0005612132514767025,0.00339012225236169,-0.010390994209762274,0.06672384130275821,1.0856841945296203,0.31946438429784235,3.133276158697242,True,3.133276158697242,True,3.133276158697242,True,3.133276158697242,True,3.133276158697242,True,3.133276158697242,True,3.2,False,3.166638079348621,3.133276158697242,True,True,0.5,1.0,3.133276158697242,wind_stuck_7_days,2019
8909,US-NC4,US-NC4,2019-04-23,4.72908796,5.1,5.1,-0.8414467057216758,0.8414467057216758,0.21301673242215782,0.46443690654715175,-0.012363502135288423,-0.028205898803210092,-0.08905261163375462,-0.0996226257216769,1.0856841945296203,0.31946438429784235,4.2585532942783235,True,4.2585532942783235,True,4.2585532942783235,True,5.1,False,5.1,False,5.1,False,5.1,False,4.679276647139162,4.894353350440916,True,True,0.5,0.24439652346455956,4.2585532942783235,wind_stuck_7_days,2019
8910,US-NC4,US-NC4,2019-05-01,3.10871218,5.7,5.7,-1.7665787224261522,1.7665787224261522,0.18443191073899018,0.401359884594343,0.48355103272103245,0.7928935911393915,-0.022510377880017515,1.7665787224261522,1.0856841945296203,0.31946438429784235,3.933421277573848,True,3.933421277573848,True,3.933421277573848,True,3.933421277573848,True,3.933421277573848,True,3.933421277573848,True,5.7,False,4.816710638786924,4.528925411221267,True,True,0.5,0.6629054080139855,3.933421277573848,wind_stuck_7_days,2019
8911,US-NC4,US-NC4,2019-06-02,5.81474612,6.4,6.4,-1.7261541277187427,1.7261541277187427,0.08477524021152699,0.43287296793494356,0.4615810282638359,0.8445458883350682,0.009432649385323736,-0.5556463677187413,1.0856841945296203,0.31946438429784235,4.673845872281258,True,4.673845872281258,True,4.673845872281258,True,4.673845872281258,True,4.673845872281258,True,4.673845872281258,True,4.673845872281258,True,5.536922936140629,5.210828272592561,True,True,0.5,0.6889139899569856,4.673845872281258,wind_stuck_7_days,2019
8912,US-NC4,US-NC4,2019-06-10,6.01157234,6.3,6.3,-0.9351507440097858,0.9351507440097858,0.16302657298422843,0.5051787519748226,0.15634830207371794,0.14537676457020537,-0.08905261163375462,-0.35829542400978587,1.0856841945296203,0.31946438429784235,5.364849255990214,True,5.364849255990214,True,5.364849255990214,True,5.364849255990214,True,5.364849255990214,True,5.364849255990214,True,6.3,False,5.832424627995107,5.65874720271734,True,True,0.5,0.6857213143338413,5.364849255990214,wind_stuck_7_days,2019
8913,US-NC4,US-NC4,2019-06-18,5.57057102,6.8,6.8,-1.1982893665337773,1.1982893665337773,0.217702941462345,0.47227307738767743,-0.00932854742255285,0.024591259984723342,-0.07975269246274984,1.1982893665337773,1.0856841945296203,0.31946438429784235,5.601710633466222,True,5.601710633466222,True,5.601710633466222,True,6.8,False,6.8,False,5.601710633466222,True,6.8,False,6.2008553167331115,6.632883788545216,True,True,0.5,0.13946231696788844,5.601710633466222,wind_stuck_7_days,2019
8914,US-NC4,US-NC4,2019-07-28,5.81512057,6.2,6.2,-0.15352286039978547,0.15352286039978547,0.21827415401905095,0.45986165902098425,0.06565775590402465,0.013686743371695795,-0.010390994209762274,0.15352286039978547,1.0856841945296203,0.31946438429784235,6.046477139600214,True,6.046477139600214,True,6.046477139600214,True,6.046477139600214,True,6.046477139600214,True,6.046477139600214,True,6.2,False,6.123238569800107,6.046477139600214,True,True,0.5,1.0,6.046477139600214,wind_stuck_7_days,2019
8915,US-NC4,US-NC4,2019-08-13,4.56876759,5.6,5.6,-0.43481933932651184,0.43481933932651184,0.11909451968512605,0.4414598403905732,-0.02414219230004636,-0.02209400293983038,-0.010390994209762274,0.43481933932651184,1.0856841945296203,0.31946438429784235,5.165180660673488,True,5.165180660673488,True,5.165180660673488,True,5.6,False,5.6,False,5.6,False,5.6,False,5.382590330336743,5.474353010496912,True,True,0.5,0.2889636640764452,5.165180660673488,wind_stuck_7_days,2019
8916,US-NC4,US-NC4,2019-08-29,6.06573946,5.2,5.2,0.17264576058997674,0.17264576058997674,0.2906222131145743,0.6495298723637793,-0.005120460376769071,0.0015079021111267063,-0.010390994209762274,0.17264576058997672,1.0856841945296203,0.31946438429784235,5.372645760589977,True,5.372645760589977,True,5.372645760589977,True,5.2,False,5.2,False,5.372645760589977,True,5.2,False,5.286322880294988,5.368072797290953,True,True,0.5,0.9735124495186178,5.372645760589977,wind_stuck_7_days,2019
8917,US-NC4,US-NC4,2019-09-22,3.02123988,4.3,4.3,-0.5719597791356174,0.5719597791356174,0.18756529979957398,0.4281108407271699,0.003962038832926644,0.00339012225236169,-0.03161647919987955,0.5719597791356174,1.0856841945296203,0.31946438429784235,3.7280402208643824,True,3.7280402208643824,True,3.7280402208643824,True,3.7280402208643824,True,3.7280402208643824,True,3.7280402208643824,True,4.3,False,4.014020110432191,3.930213384614913,True,True,0.5,0.6465255580452396,3.7280402208643824,wind_stuck_7_days,2019
8918,US-NC4,US-NC4,2019-10-24,1.75207844,2.7,2.7,-0.17851596321862273,0.17851596321862273,0.14322594306661476,0.38982809583297673,0.0005612132514767025,0.00339012225236169,-0.014311646000022736,0.17851596321862273,1.0856841945296203,0.31946438429784235,2.5214840367813776,True,2.5214840367813776,True,2.5214840367813776,True,2.5214840367813776,True,2.5214840367813776,True,2.5214840367813776,True,2.7,False,2.6107420183906886,2.5214840367813776,True,True,0.5,1.0,2.5214840367813776,wind_stuck_7_days,2019
8919,US-NC4,US-NC4,2019-11-01,3.24110525,1.4,1.4,0.002466129690167659,0.002466129690167659,0.13811814348343762,0.3616403240718764,0.0070243713816480315,0.007717923769237176,-0.014311646000022736,0.0024661296901675733,1.0856841945296203,0.31946438429784235,1.4024661296901675,True,1.4024661296901675,True,1.4024661296901675,True,1.4024661296901675,True,1.4024661296901675,True,1.4024661296901675,True,1.4,False,1.4012330648450837,1.4024661296901675,True,True,0.5,1.0,1.4024661296901675,wind_stuck_7_days,2019
8920,US-NC4,US-NC4,2019-11-09,1.39232727,1.2,1.2,-0.044028441466418926,0.044028441466418926,0.08663208287952681,0.3821122410026757,0.0070243713816480315,0.007717923769237176,-0.014311646000022736,-0.04402844146641893,1.0856841945296203,0.31946438429784235,1.155971558533581,True,1.155971558533581,True,1.155971558533581,True,1.155971558533581,True,1.155971558533581,True,1.155971558533581,True,1.2,False,1.1779857792667905,1.155971558533581,True,True,0.5,1.0,1.155971558533581,wind_stuck_7_days,2019
8921,US-NC4,US-NC4,2019-11-25,0.61070574,1.2,1.2,-0.024846838370406823,0.024846838370406823,0.12365521720431492,0.3597937785417849,0.0070243713816480315,0.007717923769237176,-0.014311646000022736,0.0248468383704068,1.0856841945296203,0.31946438429784235,1.1751531616295932,True,1.1751531616295932,True,1.1751531616295932,True,1.1751531616295932,True,1.1751531616295932,True,1.1751531616295932,True,1.2,False,1.1875765808147964,1.1751531616295932,True,True,0.5,1.0,1.1751531616295932,wind_stuck_7_days,2019
8922,US-NC4,US-NC4,2019-12-03,0.67978995,1.1,1.1,0.04441507187570416,0.04441507187570416,0.04844085354932403,0.3606357674709658,0.0070243713816480315,0.007717923769237176,-0.014311646000022736,-0.04441507187570415,1.0856841945296203,0.31946438429784235,1.1444150718757042,True,1.1444150718757042,True,1.1444150718757042,True,1.1444150718757042,True,1.1444150718757042,True,1.1444150718757042,True,1.1,False,1.1222075359378523,1.1444150718757042,True,True,0.5,1.0,1.1444150718757042,wind_stuck_7_days,2019
8923,US-NC4,US-NC4,2019-12-19,0.49906559,0.6,0.6,0.08385509514563481,0.08385509514563481,0.11489338438734938,0.3116747420421667,0.0070243713816480315,0.007717923769237176,-0.014311646000022736,-0.08385509514563483,1.0856841945296203,0.31946438429784235,0.6838550951456348,True,0.6838550951456348,True,0.6838550951456348,True,0.6838550951456348,True,0.6838550951456348,True,0.6838550951456348,True,0.6,False,0.6419275475728173,0.6838550951456348,True,True,0.5,1.0,0.6838550951456348,wind_stuck_7_days,2019
8924,US-NC4,US-NC4,2019-12-27,0.18327731,0.6,0.6,0.2066540675207631,0.2066540675207631,0.17645605430471262,0.4337505893933738,0.0070243713816480315,0.007717923769237176,-0.014311646000022736,-0.2066540675207631,1.0856841945296203,0.31946438429784235,0.8066540675207631,True,0.8066540675207631,True,0.8066540675207631,True,0.8066540675207631,True,0.8066540675207631,True,0.8066540675207631,True,0.6,False,0.7033270337603815,0.7720891550065268,True,True,0.5,0.8327402265587468,0.8066540675207631,wind_stuck_7_days,2019
9144,US-NR1,US-NR1,2019-01-05,0.30465884,1.4,1.4,-0.8156699776605845,0.8156699776605845,0.11269357780973216,0.41931096863064843,0.10640535725995848,0.1509744720693861,-0.121159188762777,0.8156699776605845,1.0856841945296203,0.31946438429784235,0.5843300223394154,True,0.5843300223394154,True,0.5843300223394154,True,0.5843300223394154,True,0.5843300223394154,True,0.5843300223394154,True,1.4,False,0.9921650111697077,1.1363948105803077,True,True,0.5,0.3231762804066122,0.5843300223394154,wind_stuck_7_days,2019
9145,US-NR1,US-NR1,2019-04-27,5.15630903,4.6,4.6,-2.6235188040515593,2.6235188040515593,0.2469919216723817,0.5372488206208523,1.21167814801325,1.2361490080305895,-0.43630817358841406,-2.6235188040515593,1.0856841945296203,0.31946438429784235,1.9764811959484403,True,1.9764811959484403,True,1.9764811959484403,True,1.9764811959484403,True,1.9764811959484403,True,1.9764811959484403,True,4.6,False,3.28824059797422,1.9764811959484403,True,True,0.5,1.0,1.9764811959484403,wind_stuck_7_days,2019
9146,US-NR1,US-NR1,2019-06-30,2.80541478,4.2,4.2,-0.9150751909394683,0.9150751909394683,0.2619653440987013,0.33650635595798445,-0.05203192890421686,-0.007088697806726195,-0.0906912012132645,0.9150751909394683,1.0856841945296203,0.31946438429784235,3.2849248090605316,True,3.2849248090605316,True,3.2849248090605316,True,4.2,False,4.2,False,4.2,False,4.2,False,3.742462404530266,3.9745140434574133,True,True,0.5,0.24641249022508185,3.2849248090605316,wind_stuck_7_days,2019
9147,US-NR1,US-NR1,2019-07-01,4.74487303,4.7,4.7,-1.4156643856508733,1.4156643856508733,0.20257756971294708,0.4275337228743002,0.464485746765074,0.4365143576943285,-0.04477532390104031,-1.4156643856508733,1.0856841945296203,0.31946438429784235,3.2843356143491267,True,3.2843356143491267,True,3.2843356143491267,True,3.2843356143491267,True,3.2843356143491267,True,3.2843356143491267,True,4.7,False,3.9921678071745634,3.3353942807500214,True,True,0.5,0.9639330713420331,3.2843356143491267,wind_stuck_7_days,2019
9148,US-NR1,US-NR1,2019-07-16,3.94682023,5.4,5.4,-1.3806121302220244,1.3806121302220244,0.33424401772437123,0.3320607471131454,0.2612759676112166,0.1976098404608619,-0.04641391348055019,1.3806121302220244,1.0856841945296203,0.31946438429784235,4.019387869777976,True,4.019387869777976,True,4.019387869777976,True,4.019387869777976,True,4.019387869777976,True,4.019387869777976,True,5.4,False,4.709693934888988,4.368327256894273,True,True,0.5,0.7472574813172315,4.019387869777976,wind_stuck_7_days,2019
9149,US-NR1,US-NR1,2019-07-17,3.85399373,5.4,5.4,-0.9738504499713783,0.9738504499713783,0.25345127344173635,0.5244270284050256,-0.09892848075591452,-0.0844179770821242,-0.07243153519151346,0.9738504499713783,1.0856841945296203,0.31946438429784235,4.426149550028622,True,4.426149550028622,True,4.426149550028622,True,5.4,False,5.4,False,5.4,False,5.4,False,4.913074775014311,5.222455998996274,True,True,0.5,0.18231136106056547,4.426149550028622,wind_stuck_7_days,2019
9150,US-NR1,US-NR1,2019-07-24,3.63054626,5.0,5.0,-1.1675694598747801,1.1675694598747801,0.31948162853849393,0.3142638789299578,0.026506907424882393,0.10287705534941026,-0.0567391221986557,1.1675694598747801,1.0856841945296203,0.31946438429784235,3.8324305401252197,True,3.8324305401252197,True,3.8324305401252197,True,3.8324305401252197,True,3.8324305401252197,True,3.8324305401252197,True,5.0,False,4.41621527006261,4.2920895924877005,True,True,0.5,0.6063111719179617,3.8324305401252197,wind_stuck_7_days,2019
9151,US-NR1,US-NR1,2019-08-09,5.34735146,5.0,5.0,-0.6786394505785944,0.6786394505785944,0.23281915291875901,0.3842396140934885,-0.009682232605509343,0.023006872070586316,-0.014995402757638391,-0.6786394505785944,1.0856841945296203,0.31946438429784235,4.321360549421406,True,4.321360549421406,True,4.321360549421406,True,5.0,False,5.0,False,4.321360549421406,True,5.0,False,4.660680274710703,4.661050466063546,True,True,0.5,0.49945450953001874,4.321360549421406,wind_stuck_7_days,2019
9152,US-NR1,US-NR1,2019-08-17,3.48261624,4.6,4.6,-0.9845256724679082,0.9845256724679082,0.1527331927427209,0.45547314162800634,-0.05301695313201273,-0.08462264624106214,-0.08905261163375462,0.9845256724679082,1.0856841945296203,0.31946438429784235,3.6154743275320915,True,3.6154743275320915,True,3.6154743275320915,True,4.6,False,4.6,False,4.6,False,4.6,False,4.107737163766045,4.205023218140344,True,True,0.5,0.40118484759221035,3.6154743275320915,wind_stuck_7_days,2019
9153,US-NR1,US-NR1,2019-08-18,3.40757971,4.4,4.4,-0.7985988849436032,0.7985988849436032,0.19168550530130088,0.5437634255407732,-0.06264317480177826,-0.10748618518095199,-0.08905261163375462,0.7985988849436032,1.0856841945296203,0.31946438429784235,3.6014011150563974,True,3.6014011150563974,True,3.6014011150563974,True,4.4,False,4.4,False,4.4,False,4.4,False,4.000700557528199,4.224378648095205,True,True,0.5,0.21991184212234183,3.6014011150563974,wind_stuck_7_days,2019
9154,US-NR1,US-NR1,2019-08-25,3.02631171,5.4,5.4,-1.1089110689988633,1.1089110689988633,0.24499548178331085,0.998042035912667,-0.19413514838356705,-0.1664327267875171,-0.0820577203344835,1.1089110689988633,1.0856841945296203,0.31946438429784235,4.291088931001137,True,4.291088931001137,True,5.4,False,5.4,False,5.4,False,5.4,False,5.4,False,4.845544465500569,5.219415770026171,True,True,0.5,0.16284825268888561,4.291088931001137,wind_stuck_7_days,2019
9155,US-NR1,US-NR1,2019-09-02,1.95999575,4.6,4.6,-1.01537774403073,1.01537774403073,0.2891939148922148,0.5054828009072165,-0.05948778083525311,-0.09162301073935347,-0.09374270632675502,1.01537774403073,1.0856841945296203,0.31946438429784235,3.5846222559692698,True,3.5846222559692698,True,3.5846222559692698,True,4.6,False,4.6,False,4.6,False,4.6,False,4.092311127984635,4.298279620387831,True,True,0.5,0.297150869600937,3.5846222559692698,wind_stuck_7_days,2019
9156,US-NR1,US-NR1,2019-09-03,1.717071,3.6,3.6,-1.263297877277439,1.263297877277439,0.10067817390648616,0.3180136749851695,-0.048074039831657145,-0.0284938526747861,-0.12154258447105899,1.263297877277439,1.0856841945296203,0.31946438429784235,2.336702122722561,True,2.336702122722561,True,2.336702122722561,True,3.6,False,3.6,False,3.6,False,3.6,False,2.9683510613612807,3.2147575827558543,True,True,0.5,0.3049497859320321,2.336702122722561,wind_stuck_7_days,2019
9157,US-NR1,US-NR1,2019-09-19,1.56805566,3.3,3.3,-1.1882938692645026,1.1882938692645026,0.2121654801036145,0.38878621120584106,0.02793695941037345,-0.0284938526747861,-0.12154258447105899,1.1882938692645026,1.0856841945296203,0.31946438429784235,2.111706130735497,True,2.111706130735497,True,2.111706130735497,True,2.111706130735497,True,2.111706130735497,True,3.3,False,3.3,False,2.7058530653677484,2.550201531977813,True,True,0.5,0.6309874075899059,2.111706130735497,wind_stuck_7_days,2019
9158,US-NR1,US-NR1,2019-09-26,1.14227734,2.8,2.8,-0.6572423308123374,0.6572423308123374,0.19218249711201635,0.43442515360124306,0.012283727777716736,-0.02415178266133278,-0.03161647919987955,0.6572423308123374,1.0856841945296203,0.31946438429784235,2.142757669187662,True,2.142757669187662,True,2.142757669187662,True,2.142757669187662,True,2.142757669187662,True,2.8,False,2.8,False,2.471378834593831,2.475346719450878,True,True,0.5,0.49396282821262777,2.142757669187662,wind_stuck_7_days,2019
9159,US-NR1,US-NR1,2019-10-04,2.13726538,2.7,2.7,-0.8789237900836804,0.8789237900836804,0.1982649688941012,0.61130067574832,0.055840866216783996,-0.01975642665093877,-0.10923100646439655,0.24654544991631977,1.0856841945296203,0.31946438429784235,1.8210762099163198,True,1.8210762099163198,True,1.8210762099163198,True,1.8210762099163198,True,1.8210762099163198,True,2.7,False,2.7,False,2.26053810495816,2.4331044086068925,True,True,0.5,0.3036618127809433,1.7969460232555858,wind_stuck_7_days,2019
9160,US-NR1,US-NR1,2019-10-05,0.26877186,2.7,2.7,-1.1334699519903455,1.1334699519903455,0.21201437696910158,0.4779983911306397,0.08309583651229265,0.11135670995584529,-0.12154258447105899,1.1334699519903455,1.0856841945296203,0.31946438429784235,1.5665300480096547,True,1.5665300480096547,True,1.5665300480096547,True,1.5665300480096547,True,1.5665300480096547,True,1.5665300480096547,True,2.7,False,2.133265024004827,2.160005127698944,True,True,0.5,0.47640863469987776,1.5665300480096547,wind_stuck_7_days,2019
9161,US-NR1,US-NR1,2019-10-12,0.80041407,2.9,2.9,-1.5155369819812192,1.5155369819812192,0.2214243690771798,0.6033743407167405,0.3464899099578515,0.44877342795286906,-0.28673060509328646,1.5155369819812192,1.0856841945296203,0.31946438429784235,1.3844630180187807,True,1.3844630180187807,True,1.3844630180187807,True,1.3844630180187807,True,1.3844630180187807,True,1.3844630180187807,True,2.9,False,2.1422315090093904,1.862998568022403,True,True,0.5,0.6842468671546067,1.3844630180187807,wind_stuck_7_days,2019
9162,US-NR1,US-NR1,2019-11-13,0.35688796,0.8,0.8,-0.16321177960037606,0.16321177960037606,0.15380454286533185,0.45677012023196395,0.0070243713816480315,0.007717923769237176,-0.014311646000022736,0.16321177960037603,1.0856841945296203,0.31946438429784235,0.636788220399624,True,0.636788220399624,True,0.636788220399624,True,0.636788220399624,True,0.636788220399624,True,0.636788220399624,True,0.8,False,0.718394110199812,0.636788220399624,True,True,0.5,1.0,0.636788220399624,wind_stuck_7_days,2019
9463,US-Ne1,US-Ne1,2019-01-03,0.77127062,0.4,0.4,-0.07242777981840802,0.07242777981840802,0.07484669224537065,0.24552831948769183,0.022681716637791855,0.026405198648445823,-0.014311646000022736,-0.07242777981840803,1.0856841945296203,0.31946438429784235,0.327572220181592,True,0.327572220181592,True,0.327572220181592,True,0.327572220181592,True,0.327572220181592,True,0.327572220181592,True,0.4,False,0.36378611009079603,0.327572220181592,True,True,0.5,1.0,0.327572220181592,wind_stuck_7_days,2019
9464,US-Ne1,US-Ne1,2019-02-04,1.17278733,0.1,0.1,0.743047350743383,0.743047350743383,0.18603789351197325,0.6065001323585257,0.17049474328992464,0.1736748273137081,-0.13626004084831342,0.743047350743383,1.0856841945296203,0.31946438429784235,0.843047350743383,True,0.843047350743383,True,0.843047350743383,True,0.843047350743383,True,0.843047350743383,True,0.843047350743383,True,0.1,False,0.4715236753716915,0.717545928714943,True,True,0.5,0.831099024977504,0.8108880387899494,wind_stuck_7_days,2019
9465,US-Ne1,US-Ne1,2019-03-16,2.77850211,0.9,0.9,0.38539854883220553,0.38539854883220553,0.08042692684768843,0.3063691744749567,0.019306044242052435,0.053550954366080934,-0.014311646000022736,0.3853985488322056,1.0856841945296203,0.31946438429784235,1.2853985488322055,True,1.2853985488322055,True,1.2853985488322055,True,1.2853985488322055,True,1.2853985488322055,True,1.2853985488322055,True,0.9,False,1.0926992744161028,1.2853985488322055,True,True,0.5,1.0,1.2853985488322055,wind_stuck_7_days,2019
9466,US-Ne1,US-Ne1,2019-04-01,2.91322849,1.3,1.3,0.1156460745820006,0.1156460745820006,0.09071214792598749,0.34201168025979045,0.0070243713816480315,0.007717923769237176,-0.010390994209762274,0.11564607458200071,1.0856841945296203,0.31946438429784235,1.4156460745820008,True,1.4156460745820008,True,1.4156460745820008,True,1.4156460745820008,True,1.4156460745820008,True,1.4156460745820008,True,1.3,False,1.3578230372910003,1.4156460745820008,True,True,0.5,1.0,1.4156460745820008,wind_stuck_7_days,2019
9467,US-Ne1,US-Ne1,2019-04-09,2.47206075,0.8,0.8,0.8353667493232637,0.8353667493232637,0.14922087920729582,0.4040657655682556,0.06250043641994549,0.04877121247831074,-0.09665769161180893,0.8353667493232637,1.0856841945296203,0.31946438429784235,1.6353667493232638,True,1.6353667493232638,True,1.6353667493232638,True,1.6353667493232638,True,1.6353667493232638,True,1.6353667493232638,True,0.8,False,1.217683374661632,1.2377560964583731,True,True,0.5,0.5240286339060087,1.6353667493232638,wind_stuck_7_days,2019
9468,US-Ne1,US-Ne1,2019-05-03,1.25470061,0.6,0.6,1.3306631802674966,1.3306631802674966,0.24105557973878544,0.4357587885686229,-0.04112914515553822,-0.03314401083235056,-0.3413753406135031,-0.021261960267496605,1.0856841945296203,0.31946438429784235,1.9306631802674965,True,1.9306631802674965,True,1.9306631802674965,True,0.6,False,0.6,False,0.6,False,0.6,False,1.2653315901337483,1.4725205724118582,True,True,0.5,0.6557035509440184,1.9306631802674965,wind_stuck_7_days,2019
9469,US-Ne1,US-Ne1,2019-06-04,5.27976942,3.1,3.1,0.25673143114595864,0.25673143114595864,0.27725473791684496,0.5358735519954103,0.007872080807362498,0.0024583747038272484,-0.010390994209762274,0.25673143114595876,1.0856841945296203,0.31946438429784235,3.356731431145959,True,3.356731431145959,True,3.356731431145959,True,3.356731431145959,True,3.356731431145959,True,3.356731431145959,True,3.1,False,3.2283657155729792,3.23719152981772,True,True,0.5,0.5343776147912442,3.356731431145959,wind_stuck_7_days,2019
9470,US-Ne1,US-Ne1,2019-06-28,7.23660933,6.3,6.3,-0.49461396269476643,0.49461396269476643,0.12558333609312441,0.3700705464077171,-0.03433597164036338,-0.03152531664790287,-0.007243750527162707,-0.4946139626947663,1.0856841945296203,0.31946438429784235,5.805386037305233,True,5.805386037305233,True,5.805386037305233,True,6.3,False,6.3,False,6.3,False,6.3,False,6.052693018652617,6.0541316471809115,True,True,0.5,0.49709141141010893,5.805386037305233,wind_stuck_7_days,2019
9471,US-Ne1,US-Ne1,2019-07-06,4.82279598,5.2,5.2,0.3778484867188039,0.3778484867188039,0.14694294953151807,0.39677533930413245,0.04171286838690232,0.07912435030925877,-0.010390994209762274,-0.3778484867188039,1.0856841945296203,0.31946438429784235,5.577848486718804,True,5.577848486718804,True,5.577848486718804,True,5.577848486718804,True,5.577848486718804,True,5.577848486718804,True,5.2,False,5.388924243359402,5.577848486718804,True,True,0.5,1.0,5.577848486718804,wind_stuck_7_days,2019
9472,US-Ne1,US-Ne1,2019-07-22,6.27134227,5.3,5.3,0.4258139254241714,0.4258139254241714,0.174782448534053,0.4784911038527923,0.058271693927842115,0.07912435030925877,-0.010390994209762274,0.4258139254241714,1.0856841945296203,0.31946438429784235,5.725813925424172,True,5.725813925424172,True,5.725813925424172,True,5.725813925424172,True,5.725813925424172,True,5.725813925424172,True,5.3,False,5.512906962712085,5.692353106545653,True,True,0.5,0.9214191531073416,5.725813925424172,wind_stuck_7_days,2019
9473,US-Ne1,US-Ne1,2019-08-07,6.55846146,4.7,4.7,0.62394587527082,0.62394587527082,0.19427189087254804,0.3931442319263338,-0.034792184824586056,-0.08343601145418426,-0.016697666773664827,0.62394587527082,1.0856841945296203,0.31946438429784235,5.32394587527082,True,5.32394587527082,True,5.32394587527082,True,4.7,False,4.7,False,4.7,False,4.7,False,5.01197293763541,5.087066462197136,True,True,0.5,0.6203526259855984,5.32394587527082,wind_stuck_7_days,2019
9474,US-Ne1,US-Ne1,2019-08-23,4.73839927,5.0,5.0,0.8506938478603259,0.8506938478603259,0.079080425435933,0.5118267946657716,0.06236206003335801,0.09833396344755103,-0.07413379920753986,-0.8506938478603259,1.0856841945296203,0.31946438429784235,5.850693847860326,True,5.850693847860326,True,5.850693847860326,True,5.850693847860326,True,5.850693847860326,True,5.850693847860326,True,5.0,False,5.425346923930163,5.31065042503839,True,True,0.5,0.3651730006273603,5.850693847860326,wind_stuck_7_days,2019
9475,US-Ne1,US-Ne1,2019-09-16,3.79463064,3.4,3.4,-0.04345732169838988,0.04345732169838988,0.18094912341469468,0.4297627167155052,0.0005612132514767025,0.00339012225236169,-0.010390994209762274,-0.043457321698389895,1.0856841945296203,0.31946438429784235,3.35654267830161,True,3.35654267830161,True,3.35654267830161,True,3.35654267830161,True,3.35654267830161,True,3.35654267830161,True,3.4,False,3.378271339150805,3.35654267830161,True,True,0.5,1.0,3.35654267830161,wind_stuck_7_days,2019
9476,US-Ne1,US-Ne1,2019-09-24,1.97006381,3.2,3.2,0.23501904082452124,0.23501904082452124,0.20483405141951866,0.3794539712340358,0.012851159143313739,0.00339012225236169,-0.010390994209762274,-0.23501904082452119,1.0856841945296203,0.31946438429784235,3.4350190408245216,True,3.4350190408245216,True,3.4350190408245216,True,3.4350190408245216,True,3.4350190408245216,True,3.4350190408245216,True,3.2,False,3.3175095204122607,3.3669344136398403,True,True,0.5,0.7103016549390274,3.4350190408245216,wind_stuck_7_days,2019
9477,US-Ne1,US-Ne1,2019-10-18,0.95824031,1.6,1.6,-0.264952524071373,0.264952524071373,0.19282800061940733,0.586581288459207,0.020666262179504565,0.00339012225236169,-0.010390994209762274,0.264952524071373,1.0856841945296203,0.31946438429784235,1.335047475928627,True,1.335047475928627,True,1.335047475928627,True,1.335047475928627,True,1.335047475928627,True,1.335047475928627,True,1.6,False,1.4675237379643136,1.4605762040093448,True,True,0.5,0.5262218070173856,1.335047475928627,wind_stuck_7_days,2019
9478,US-Ne1,US-Ne1,2019-10-26,0.49594642,1.4,1.4,-0.14166800399747614,0.14166800399747614,0.12316533701734461,0.39124388597217397,0.0070243713816480315,0.007717923769237176,-0.014311646000022736,0.14166800399747614,1.0856841945296203,0.31946438429784235,1.2583319960025237,True,1.2583319960025237,True,1.2583319960025237,True,1.2583319960025237,True,1.2583319960025237,True,1.2583319960025237,True,1.4,False,1.3291659980012618,1.2583319960025237,True,True,0.5,1.0,1.2583319960025237,wind_stuck_7_days,2019
9479,US-Ne1,US-Ne1,2019-11-19,0.60458581,0.6,0.6,0.05159221661532254,0.05159221661532254,0.07664636368380721,0.27238730812983086,0.0070243713816480315,0.007717923769237176,-0.014311646000022736,-0.04242059661532249,1.0856841945296203,0.31946438429784235,0.6515922166153225,True,0.6515922166153225,True,0.6515922166153225,True,0.6515922166153225,True,0.6515922166153225,True,0.6515922166153225,True,0.6,False,0.6257961083076613,0.6515922166153225,True,True,0.5,1.0,0.6515922166153225,wind_stuck_7_days,2019
9480,US-Ne1,US-Ne1,2019-12-05,0.86088223,0.7,0.7,-0.029896968666827718,0.029896968666827718,0.080316288493438,0.25081542062430456,0.0070243713816480315,0.007717923769237176,-0.014311646000022736,-0.029896968666827728,1.0856841945296203,0.31946438429784235,0.6701030313331723,True,0.6701030313331723,True,0.6701030313331723,True,0.6701030313331723,True,0.6701030313331723,True,0.6701030313331723,True,0.7,False,0.6850515156665861,0.6701030313331723,True,True,0.5,1.0,0.6701030313331723,wind_stuck_7_days,2019
9481,US-Ne1,US-Ne1,2019-12-13,0.62139253,0.3,0.3,0.12515310158946846,0.12515310158946846,0.0958920790314167,0.2941872446582409,0.022681716637791855,0.026405198648445823,-0.014311646000022736,0.12515310158946846,1.0856841945296203,0.31946438429784235,0.42515310158946845,True,0.42515310158946845,True,0.42515310158946845,True,0.42515310158946845,True,0.42515310158946845,True,0.42515310158946845,True,0.3,False,0.3625765507947342,0.42515310158946845,True,True,0.5,1.0,0.399026775620424,wind_stuck_7_days,2019
9482,US-Ne1,US-Ne1,2019-12-21,0.40010324,0.3,0.3,0.07675779658161042,0.07675779658161042,0.07830986840569139,0.2548403834141368,0.022681716637791855,0.026405198648445823,-0.014311646000022736,0.07675779658161042,1.0856841945296203,0.31946438429784235,0.3767577965816104,True,0.3767577965816104,True,0.3767577965816104,True,0.3767577965816104,True,0.3767577965816104,True,0.3767577965816104,True,0.3,False,0.3383788982908052,0.3767577965816104,True,True,0.5,1.0,0.3767577965816104,wind_stuck_7_days,2019
9782,US-Ne2,US-Ne1,2019-01-03,0.72647202,0.2,0.2,0.06435290897900872,0.06435290897900872,0.06514278695851088,0.2683714456069368,0.04560641112575111,0.0516844187503824,-0.0122330808839564,0.0643529089790087,1.0856841945296203,0.31946438429784235,0.26435290897900876,True,0.26435290897900876,True,0.26435290897900876,True,0.26435290897900876,True,0.26435290897900876,True,0.26435290897900876,True,0.2,False,0.23217645448950436,0.26435290897900876,True,True,0.5,1.0,0.26435290897900876,wind_stuck_7_days,2019
9783,US-Ne2,US-Ne1,2019-02-04,1.43960563,0.1,0.1,0.743047350743383,0.743047350743383,0.18603789351197325,0.6065001323585257,0.17049474328992464,0.1736748273137081,-0.13626004084831342,0.743047350743383,1.0856841945296203,0.31946438429784235,0.843047350743383,True,0.843047350743383,True,0.843047350743383,True,0.843047350743383,True,0.843047350743383,True,0.843047350743383,True,0.1,False,0.4715236753716915,0.717545928714943,True,True,0.5,0.831099024977504,0.8108880387899494,wind_stuck_7_days,2019
9784,US-Ne2,US-Ne1,2019-03-16,2.57345949,0.7,0.7,0.5520783449184994,0.5520783449184994,0.07674106240120769,0.305282663341078,0.019306044242052435,0.053550954366080934,-0.03577590232530257,0.5520783449184994,1.0856841945296203,0.31946438429784235,1.2520783449184993,True,1.2520783449184993,True,1.2520783449184993,True,1.2520783449184993,True,1.2520783449184993,True,1.2520783449184993,True,0.7,False,0.9760391724592496,1.1532816074014842,True,True,0.5,0.8210458018750943,1.2520783449184993,wind_stuck_7_days,2019
9785,US-Ne2,US-Ne1,2019-04-01,1.27723747,0.3,0.3,0.8879115976658293,0.8879115976658293,0.0701610946236516,0.2882219575773952,0.13228668835759202,0.15849158122040288,-0.09665769161180893,0.8879115976658293,1.0856841945296203,0.31946438429784235,1.1879115976658292,True,1.1879115976658292,True,1.1879115976658292,True,1.1879115976658292,True,1.1879115976658292,True,1.1879115976658292,True,0.3,False,0.7439557988329146,0.8024531307896097,True,True,0.5,0.5658819325149878,1.1879115976658292,wind_stuck_7_days,2019
9786,US-Ne2,US-Ne1,2019-04-09,1.24242602,0.3,0.3,1.121606726825835,1.121606726825835,0.17970463638045775,0.4644616329666646,0.1553253940263605,0.13218433120217066,-0.3205749616012106,0.7632453131741648,1.0856841945296203,0.31946438429784235,1.421606726825835,True,1.421606726825835,True,1.421606726825835,True,1.421606726825835,True,1.421606726825835,True,1.421606726825835,True,0.3,False,0.8608033634129175,0.8803333494202754,True,True,0.5,0.5174125079140959,1.421606726825835,wind_stuck_7_days,2019
9787,US-Ne2,US-Ne1,2019-05-03,0.88662389,0.5,0.5,1.3772167885415756,1.3772167885415756,0.2392986728345052,0.4400511639813348,0.49366747532184285,0.5533048855058935,-0.3310501318953976,-0.6039690085415756,1.0856841945296203,0.31946438429784235,1.8772167885415756,True,1.8772167885415756,True,1.8772167885415756,True,1.8772167885415756,True,1.8772167885415756,True,1.8772167885415756,True,0.5,False,1.188608394270788,1.6563714412081896,True,True,0.5,0.839643729897271,1.8772167885415756,wind_stuck_7_days,2019
9788,US-Ne2,US-Ne1,2019-05-27,4.6274095,1.5,1.5,1.4676834705258224,1.4676834705258224,0.3722131230736802,0.8394426137700345,0.21288217855149213,0.1856685136109002,-0.44640881411888506,1.4676834705258224,1.0856841945296203,0.31946438429784235,2.9676834705258224,True,1.5,False,2.9676834705258224,True,2.9676834705258224,True,2.9676834705258224,True,2.9676834705258224,True,1.5,False,2.233841735262911,2.550461621545887,True,True,0.5,0.7157276365383753,2.9676834705258224,wind_stuck_7_days,2019
9789,US-Ne2,US-Ne1,2019-06-04,4.79980254,3.0,3.0,0.306811842462222,0.306811842462222,0.2664077420058451,0.5462274291127405,0.007872080807362498,0.0024583747038272484,-0.010390994209762274,0.30681184246222193,1.0856841945296203,0.31946438429784235,3.306811842462222,True,3.306811842462222,True,3.306811842462222,True,3.306811842462222,True,3.306811842462222,True,3.306811842462222,True,3.0,False,3.153405921231111,3.116559085830709,True,True,0.5,0.37990412917343874,3.306811842462222,wind_stuck_7_days,2019
9790,US-Ne2,US-Ne1,2019-06-28,6.85925767,6.2,6.2,-0.4457558912876708,0.4457558912876708,0.11708344970443207,0.36396585971133977,-0.02414219230004636,-0.02518259375457071,-0.010390994209762274,-0.4457558912876709,1.0856841945296203,0.31946438429784235,5.75424410871233,True,5.75424410871233,True,5.75424410871233,True,6.2,False,6.2,False,6.2,False,6.2,False,5.9771220543561645,5.9549081094066825,True,True,0.5,0.5498343272263033,5.75424410871233,wind_stuck_7_days,2019
9791,US-Ne2,US-Ne1,2019-07-06,5.2017843,5.2,5.2,0.3778484867188039,0.3778484867188039,0.14694294953151807,0.39677533930413245,0.04171286838690232,0.07912435030925877,-0.010390994209762274,-0.3742798867188044,1.0856841945296203,0.31946438429784235,5.577848486718804,True,5.577848486718804,True,5.577848486718804,True,5.577848486718804,True,5.577848486718804,True,5.577848486718804,True,5.2,False,5.388924243359402,5.577848486718804,True,True,0.5,1.0,5.577848486718804,wind_stuck_7_days,2019
9792,US-Ne2,US-Ne1,2019-07-22,6.68355299,5.3,5.3,0.4258139254241714,0.4258139254241714,0.174782448534053,0.4784911038527923,0.058271693927842115,0.07912435030925877,-0.010390994209762274,0.4258139254241714,1.0856841945296203,0.31946438429784235,5.725813925424172,True,5.725813925424172,True,5.725813925424172,True,5.725813925424172,True,5.725813925424172,True,5.725813925424172,True,5.3,False,5.512906962712085,5.692353106545653,True,True,0.5,0.9214191531073416,5.725813925424172,wind_stuck_7_days,2019
9793,US-Ne2,US-Ne1,2019-08-07,5.93167228,4.8,4.8,0.6224680246792994,0.6224680246792994,0.20279010720609533,0.3884071826097693,-0.024296644181101928,-0.07313939033485015,-0.016697666773664827,0.6224680246792994,1.0856841945296203,0.31946438429784235,5.422468024679299,True,5.422468024679299,True,5.422468024679299,True,4.8,False,4.8,False,4.8,False,4.8,False,5.11123401233965,5.1861496737018715,True,True,0.5,0.6203526259855984,5.422468024679299,wind_stuck_7_days,2019
9794,US-Ne2,US-Ne1,2019-08-23,4.65907575,5.0,5.0,0.8506938478603259,0.8506938478603259,0.079080425435933,0.5118267946657716,0.06236206003335801,0.09833396344755103,-0.07413379920753986,-0.8506938478603259,1.0856841945296203,0.31946438429784235,5.850693847860326,True,5.850693847860326,True,5.850693847860326,True,5.850693847860326,True,5.850693847860326,True,5.850693847860326,True,5.0,False,5.425346923930163,5.31065042503839,True,True,0.5,0.3651730006273603,5.850693847860326,wind_stuck_7_days,2019
9795,US-Ne2,US-Ne1,2019-09-16,3.50370026,3.2,3.2,-0.0279663572012231,0.0279663572012231,0.17489778439697717,0.4551174181505401,0.0005612132514767025,0.00339012225236169,-0.010390994209762274,-0.02796635720122309,1.0856841945296203,0.31946438429784235,3.172033642798777,True,3.172033642798777,True,3.172033642798777,True,3.172033642798777,True,3.172033642798777,True,3.172033642798777,True,3.2,False,3.1860168213993885,3.172033642798777,True,True,0.5,1.0,3.172033642798777,wind_stuck_7_days,2019
9796,US-Ne2,US-Ne1,2019-09-24,1.49353978,3.0,3.0,0.24599931252644264,0.24599931252644264,0.19369877470073898,0.3603447717420185,0.005114030321341549,0.00339012225236169,-0.010390994209762274,-0.24599931252644258,1.0856841945296203,0.31946438429784235,3.245999312526443,True,3.245999312526443,True,3.245999312526443,True,3.245999312526443,True,3.245999312526443,True,3.245999312526443,True,3.0,False,3.122999656263221,3.170025558133793,True,True,0.5,0.6911627369508054,3.245999312526443,wind_stuck_7_days,2019
9797,US-Ne2,US-Ne1,2019-10-18,0.92131698,1.4,1.4,-0.15938074901064644,0.15938074901064644,0.19193240628204947,0.5806989038041692,0.027129420309675897,0.007717923769237176,-0.010390994209762274,0.15938074901064647,1.0856841945296203,0.31946438429784235,1.2406192509893534,True,1.2406192509893534,True,1.2406192509893534,True,1.2406192509893534,True,1.2406192509893534,True,1.2406192509893534,True,1.4,False,1.3203096254946767,1.2406192509893534,True,True,0.5,1.0,1.2406192509893534,wind_stuck_7_days,2019
9798,US-Ne2,US-Ne1,2019-10-26,0.50713571,1.2,1.2,-0.03805159659388233,0.03805159659388233,0.1276772212291983,0.37618464396451917,0.0070243713816480315,0.007717923769237176,-0.014311646000022736,0.03805159659388235,1.0856841945296203,0.31946438429784235,1.1619484034061176,True,1.1619484034061176,True,1.1619484034061176,True,1.1619484034061176,True,1.1619484034061176,True,1.1619484034061176,True,1.2,False,1.180974201703059,1.1619484034061176,True,True,0.5,1.0,1.1619484034061176,wind_stuck_7_days,2019
9799,US-Ne2,US-Ne1,2019-11-19,0.28396026,0.5,0.5,0.08423679062674942,0.08423679062674942,0.07890071098308522,0.2825387552307178,0.015234236614057683,0.017704285332879113,-0.014311646000022736,-0.08423679062674944,1.0856841945296203,0.31946438429784235,0.5842367906267494,True,0.5842367906267494,True,0.5842367906267494,True,0.5842367906267494,True,0.5842367906267494,True,0.5842367906267494,True,0.5,False,0.5421183953133747,0.5842367906267494,True,True,0.5,1.0,0.5842367906267494,wind_stuck_7_days,2019
9800,US-Ne2,US-Ne1,2019-12-13,0.49892971,0.3,0.3,0.12515310158946846,0.12515310158946846,0.0958920790314167,0.2941872446582409,0.022681716637791855,0.026405198648445823,-0.014311646000022736,0.12515310158946846,1.0856841945296203,0.31946438429784235,0.42515310158946845,True,0.42515310158946845,True,0.42515310158946845,True,0.42515310158946845,True,0.42515310158946845,True,0.42515310158946845,True,0.3,False,0.3625765507947342,0.42515310158946845,True,True,0.5,1.0,0.399026775620424,wind_stuck_7_days,2019
9801,US-Ne2,US-Ne1,2019-12-21,0.37921315,0.3,0.3,0.07675779658161042,0.07675779658161042,0.07830986840569139,0.2548403834141368,0.022681716637791855,0.026405198648445823,-0.014311646000022736,0.07675779658161042,1.0856841945296203,0.31946438429784235,0.3767577965816104,True,0.3767577965816104,True,0.3767577965816104,True,0.3767577965816104,True,0.3767577965816104,True,0.3767577965816104,True,0.3,False,0.3383788982908052,0.3767577965816104,True,True,0.5,1.0,0.3767577965816104,wind_stuck_7_days,2019
10090,US-Ne3,US-Ne1,2019-01-03,0.70989778,0.1,0.1,0.1449651802490412,0.1449651802490412,0.06494976072032307,0.27054843157764114,0.04560641112575111,0.0516844187503824,-0.0122330808839564,0.1449651802490412,1.0856841945296203,0.31946438429784235,0.2449651802490412,True,0.2449651802490412,True,0.2449651802490412,True,0.2449651802490412,True,0.2449651802490412,True,0.2449651802490412,True,0.1,False,0.1724825901245206,0.2449651802490412,True,True,0.5,1.0,0.2449651802490412,wind_stuck_7_days,2019
10091,US-Ne3,US-Ne1,2019-02-04,0.97313977,0.2,0.2,0.6319928648871893,0.6319928648871893,0.17722170330822243,0.5956690340251075,0.15435863735008562,0.14717121010286224,-0.06579556683705373,0.6319928648871893,1.0856841945296203,0.31946438429784235,0.8319928648871893,True,0.8319928648871893,True,0.8319928648871893,True,0.8319928648871893,True,0.8319928648871893,True,0.8319928648871893,True,0.2,False,0.5159964324435946,0.8122650200553452,True,True,0.5,0.9687847032333735,0.8144725660831789,wind_stuck_7_days,2019
10092,US-Ne3,US-Ne1,2019-03-16,2.71908031,0.4,0.4,0.8048323850464614,0.8048323850464614,0.0980352888827538,0.34339003925068834,0.12203863367322429,0.08668861203152496,-0.11816021113373781,0.8048323850464614,1.0856841945296203,0.31946438429784235,1.2048323850464615,True,1.2048323850464615,True,1.2048323850464615,True,1.2048323850464615,True,1.2048323850464615,True,1.2048323850464615,True,0.4,False,0.8024161925232307,0.9351705452575758,True,True,0.5,0.6649465841594849,1.2048323850464615,wind_stuck_7_days,2019
10093,US-Ne3,US-Ne1,2019-04-01,1.08932943,0.4,0.4,0.8039446996582995,0.8039446996582995,0.07045602409896744,0.3159283741969686,0.12203863367322429,0.09527820150953131,-0.09665769161180893,0.5747141603417005,1.0856841945296203,0.31946438429784235,1.2039446996582996,True,1.2039446996582996,True,1.2039446996582996,True,1.2039446996582996,True,1.2039446996582996,True,1.2039446996582996,True,0.4,False,0.8019723498291498,0.9345802818909094,True,True,0.5,0.6649465841594849,1.2039446996582996,wind_stuck_7_days,2019
10094,US-Ne3,US-Ne1,2019-04-09,1.17158007,0.3,0.3,1.1578267621042972,1.1578267621042972,0.1754297599174572,0.49242877797048423,0.1553253940263605,0.13218433120217066,-0.3205749616012106,0.5853333778957028,1.0856841945296203,0.31946438429784235,1.4578267621042973,True,1.4578267621042973,True,1.4578267621042973,True,1.4578267621042973,True,1.4578267621042973,True,1.4578267621042973,True,0.3,False,0.8789133810521486,1.3109071886260055,True,True,0.5,0.8731074645301236,1.4578267621042973,wind_stuck_7_days,2019
10095,US-Ne3,US-Ne1,2019-06-04,4.6303918,3.0,3.0,0.3112647052064802,0.3112647052064802,0.2517019111224303,0.4959387006352616,0.01075459656111265,-0.001177727558293895,-0.010390994209762274,0.3112647052064803,1.0856841945296203,0.31946438429784235,3.3112647052064803,True,3.3112647052064803,True,3.3112647052064803,True,3.3112647052064803,True,3.3112647052064803,True,3.0,False,3.0,False,3.15563235260324,3.136624633407018,True,True,0.5,0.4389339077695512,3.3112647052064803,wind_stuck_7_days,2019
10096,US-Ne3,US-Ne1,2019-06-28,6.95031537,5.6,5.6,-0.1299615394628694,0.1299615394628694,0.1443018050622096,0.44460255606489146,-0.019215969301562004,-0.01362484554339448,-0.010390994209762274,-0.12996153946286948,1.0856841945296203,0.31946438429784235,5.47003846053713,True,5.47003846053713,True,5.47003846053713,True,5.6,False,5.6,False,5.6,False,5.6,False,5.535019230268565,5.47003846053713,True,True,0.5,1.0,5.47003846053713,wind_stuck_7_days,2019
10097,US-Ne3,US-Ne1,2019-07-06,5.28574972,4.9,4.9,0.46533218279940514,0.46533218279940514,0.1457454631707113,0.3862442759831622,0.04171286838690232,0.07063964991135399,-0.010390994209762274,0.30616725720059434,1.0856841945296203,0.31946438429784235,5.365332182799405,True,5.365332182799405,True,5.365332182799405,True,5.365332182799405,True,5.365332182799405,True,5.365332182799405,True,4.9,False,5.132666091399703,5.365332182799405,True,True,0.5,1.0,5.365332182799405,wind_stuck_7_days,2019
10098,US-Ne3,US-Ne1,2019-07-14,7.22854007,6.3,6.3,-0.16479957200628284,0.16479957200628284,0.18948652324359008,0.3128376593610654,-0.0228298759599576,-0.02537314753217418,-0.010390994209762274,-0.16479957200628292,1.0856841945296203,0.31946438429784235,6.135200427993717,True,6.135200427993717,True,6.135200427993717,True,6.3,False,6.3,False,6.3,False,6.3,False,6.2176002139968585,6.135200427993717,True,True,0.5,1.0,6.135200427993717,wind_stuck_7_days,2019
10099,US-Ne3,US-Ne1,2019-07-22,6.50966974,5.0,5.0,0.24499592504152884,0.24499592504152884,0.18629618859404726,0.44887315894345275,0.003319625072988626,0.013686743371695795,-0.010390994209762274,0.24499592504152878,1.0856841945296203,0.31946438429784235,5.244995925041529,True,5.244995925041529,True,5.244995925041529,True,5.244995925041529,True,5.244995925041529,True,5.244995925041529,True,5.0,False,5.1224979625207645,5.185818637074226,True,True,0.5,0.7584560316369658,5.244995925041529,wind_stuck_7_days,2019
10100,US-Ne3,US-Ne1,2019-08-07,5.92785701,4.8,4.8,0.5554933433818369,0.5554933433818369,0.18553599475786964,0.3393448845880022,-0.05645412555161967,-0.07313939033485015,-0.016697666773664827,0.5554933433818369,1.0856841945296203,0.31946438429784235,5.355493343381837,True,5.355493343381837,True,5.355493343381837,True,4.8,False,4.8,False,4.8,False,4.8,False,5.077746671690918,5.122713459977046,True,True,0.5,0.5809492837706581,5.355493343381837,wind_stuck_7_days,2019
10101,US-Ne3,US-Ne1,2019-08-23,4.62805798,5.1,5.1,0.8224956401663416,0.8224956401663416,0.09006615526362605,0.4417432253568917,-0.04433192752617584,-0.01147989822278881,-0.07413379920753986,-0.8224956401663417,1.0856841945296203,0.31946438429784235,5.922495640166341,True,5.922495640166341,True,5.922495640166341,True,5.1,False,5.1,False,5.1,False,5.1,False,5.51124782008317,5.41678292776139,True,True,0.5,0.38514845829130995,5.922495640166341,wind_stuck_7_days,2019
10102,US-Ne3,US-Ne1,2019-09-16,2.62879927,3.7,3.7,-0.07586846274225724,0.07586846274225724,0.15280212094421464,0.40430536598112266,0.0005612132514767025,0.00339012225236169,-0.010390994209762274,0.07586846274225723,1.0856841945296203,0.31946438429784235,3.624131537257743,True,3.624131537257743,True,3.624131537257743,True,3.624131537257743,True,3.624131537257743,True,3.624131537257743,True,3.7,False,3.6620657686288713,3.624131537257743,True,True,0.5,1.0,3.624131537257743,wind_stuck_7_days,2019
10103,US-Ne3,US-Ne1,2019-10-18,0.729067,1.3,1.3,-0.10487395518213186,0.10487395518213186,0.18959642734757728,0.5607224234795429,0.0070243713816480315,0.007717923769237176,-0.010390994209762274,0.10487395518213183,1.0856841945296203,0.31946438429784235,1.1951260448178682,True,1.1951260448178682,True,1.1951260448178682,True,1.1951260448178682,True,1.1951260448178682,True,1.1951260448178682,True,1.3,False,1.247563022408934,1.1951260448178682,True,True,0.5,1.0,1.1951260448178682,wind_stuck_7_days,2019
10104,US-Ne3,US-Ne1,2019-10-26,0.45410817,1.2,1.2,-0.06043832885552676,0.06043832885552676,0.13144509025160517,0.3772076271209662,0.0070243713816480315,0.007717923769237176,-0.014311646000022736,0.0604383288555268,1.0856841945296203,0.31946438429784235,1.1395616711444732,True,1.1395616711444732,True,1.1395616711444732,True,1.1395616711444732,True,1.1395616711444732,True,1.1395616711444732,True,1.2,False,1.1697808355722366,1.1395616711444732,True,True,0.5,1.0,1.1395616711444732,wind_stuck_7_days,2019
10105,US-Ne3,US-Ne1,2019-11-19,0.41961767,0.6,0.6,0.06563234510751523,0.06563234510751523,0.07375424786407422,0.2728483369733656,0.0070243713816480315,0.007717923769237176,-0.014311646000022736,-0.06563234510751523,1.0856841945296203,0.31946438429784235,0.6656323451075152,True,0.6656323451075152,True,0.6656323451075152,True,0.6656323451075152,True,0.6656323451075152,True,0.6656323451075152,True,0.6,False,0.6328161725537575,0.6656323451075152,True,True,0.5,1.0,0.6656323451075152,wind_stuck_7_days,2019
10106,US-Ne3,US-Ne1,2019-12-05,0.38528463,0.3,0.3,0.16750905984130515,0.16750905984130515,0.07186549011937168,0.2854893356806712,0.022681716637791855,0.026405198648445823,-0.014311646000022736,0.0030602001586949035,1.0856841945296203,0.31946438429784235,0.46750905984130514,True,0.46750905984130514,True,0.46750905984130514,True,0.46750905984130514,True,0.46750905984130514,True,0.46750905984130514,True,0.3,False,0.38375452992065257,0.46750905984130514,True,True,0.5,1.0,0.46750905984130514,wind_stuck_7_days,2019
10107,US-Ne3,US-Ne1,2019-12-13,0.4211142,0.3,0.3,0.12940663276191855,0.12940663276191855,0.09441866333422647,0.29847522845303864,0.022681716637791855,0.026405198648445823,-0.014311646000022736,0.11282176723808146,1.0856841945296203,0.31946438429784235,0.42940663276191854,True,0.42940663276191854,True,0.42940663276191854,True,0.42940663276191854,True,0.42940663276191854,True,0.42940663276191854,True,0.3,False,0.36470331638095926,0.42940663276191854,True,True,0.5,1.0,0.4002801220741016,wind_stuck_7_days,2019
10108,US-Ne3,US-Ne1,2019-12-21,0.317438,0.4,0.4,0.025887255795414222,0.025887255795414222,0.07370466307770618,0.2228085645065808,0.022681716637791855,0.026405198648445823,-0.014311646000022736,-0.02588725579541422,1.0856841945296203,0.31946438429784235,0.42588725579541425,True,0.42588725579541425,True,0.42588725579541425,True,0.42588725579541425,True,0.42588725579541425,True,0.42588725579541425,True,0.4,False,0.4129436278977071,0.42588725579541425,True,True,0.5,1.0,0.42588725579541425,wind_stuck_7_days,2019
10372,US-Ro4,US-Ro1,2019-03-25,0.7630802,1.3,1.3,-0.010549534410977326,0.010549534410977326,0.10015118584209162,0.4801434079878396,0.0070243713816480315,0.007717923769237176,-0.014311646000022736,0.01054953441097728,1.0856841945296203,0.31946438429784235,1.2894504655890227,True,1.2894504655890227,True,1.2894504655890227,True,1.2894504655890227,True,1.2894504655890227,True,1.2894504655890227,True,1.3,False,1.2947252327945113,1.2894504655890227,True,True,0.5,1.0,1.2894504655890227,wind_stuck_7_days,2019
10373,US-Ro4,US-Ro1,2019-04-03,0.45288856,1.3,1.3,0.17228018231904324,0.17228018231904324,0.09615309498419287,0.2848538384512825,0.0070243713816480315,0.007717923769237176,-0.014311646000022736,-0.1722801823190433,1.0856841945296203,0.31946438429784235,1.4722801823190432,True,1.4722801823190432,True,1.4722801823190432,True,1.4722801823190432,True,1.4722801823190432,True,1.4722801823190432,True,1.3,False,1.3861400911595216,1.4722801823190432,True,True,0.5,1.0,1.4722801823190432,wind_stuck_7_days,2019
10374,US-Ro4,US-Ro1,2019-04-26,1.54639803,2.5,2.5,-0.09050195145477118,0.09050195145477118,0.1549561636374826,0.3511582011612735,0.0005612132514767025,0.00339012225236169,-0.010390994209762274,0.09050195145477113,1.0856841945296203,0.31946438429784235,2.409498048545229,True,2.409498048545229,True,2.409498048545229,True,2.409498048545229,True,2.409498048545229,True,2.409498048545229,True,2.5,False,2.454749024272614,2.409498048545229,True,True,0.5,1.0,2.409498048545229,wind_stuck_7_days,2019
10375,US-Ro4,US-Ro1,2019-05-05,0.60102252,2.1,2.1,0.3684826990277255,0.3684826990277255,0.15415268641377647,0.3641567520047585,0.007997550336839453,0.042087924060766,-0.010390994209762274,-0.36848269902772546,1.0856841945296203,0.31946438429784235,2.4684826990277258,True,2.4684826990277258,True,2.4684826990277258,True,2.4684826990277258,True,2.4684826990277258,True,2.4684826990277258,True,2.1,False,2.284241349513863,2.4684826990277258,True,True,0.5,1.0,2.4684826990277258,wind_stuck_7_days,2019
10376,US-Ro4,US-Ro1,2019-06-05,2.5312274,2.0,2.0,0.34162530166874305,0.34162530166874305,0.3758612419071694,0.7697524446704714,-0.024520479946471347,-0.02401958709522506,-0.010390994209762274,0.34162530166874305,1.0856841945296203,0.31946438429784235,2.341625301668743,True,2.0,False,2.341625301668743,True,2.0,False,2.0,False,2.0,False,2.0,False,2.1708126508343715,2.1649889601888255,True,True,0.5,0.48295298791658936,2.341625301668743,wind_stuck_7_days,2019
10377,US-Ro4,US-Ro1,2019-08-24,2.80267933,3.3,3.3,0.5234070135188927,0.5234070135188927,0.23732023938914812,0.4315927970622015,0.04013021430062702,0.02272664765722812,-0.007243750527162707,-0.5234070135188928,1.0856841945296203,0.31946438429784235,3.8234070135188927,True,3.8234070135188927,True,3.8234070135188927,True,3.8234070135188927,True,3.8234070135188927,True,3.8234070135188927,True,3.3,False,3.561703506759446,3.726031564377626,True,True,0.5,0.8139584556068397,3.8234070135188927,wind_stuck_7_days,2019
10378,US-Ro4,US-Ro1,2019-09-25,2.15519735,1.8,1.8,0.41933483070269223,0.41933483070269223,0.1424784578771554,0.5843089649824764,0.017017959931066976,0.042087924060766,-0.014311646000022736,0.2910598692973075,1.0856841945296203,0.31946438429784235,2.2193348307026923,True,2.2193348307026923,True,2.2193348307026923,True,2.2193348307026923,True,2.2193348307026923,True,2.2193348307026923,True,1.8,False,2.009667415351346,2.161643138152675,True,True,0.5,0.862420938290908,2.2193348307026923,wind_stuck_7_days,2019
10379,US-Ro4,US-Ro1,2019-11-12,0.44887234,0.4,0.4,0.14683142850742953,0.14683142850742953,0.14057728007114356,0.5909534019809153,0.022681716637791855,0.026405198648445823,-0.014311646000022736,-0.04908674850742961,1.0856841945296203,0.31946438429784235,0.5468314285074296,True,0.5468314285074296,True,0.5468314285074296,True,0.5468314285074296,True,0.5468314285074296,True,0.5468314285074296,True,0.4,False,0.47341571425371476,0.5468314285074296,True,True,0.5,1.0,0.6265269730748477,wind_stuck_7_days,2019
12695,US-SRG,US-SRC,2019-01-04,0.67175062,0.5,0.5,-0.21519062301195685,0.21519062301195685,0.10463082141715842,0.25330311074446865,0.015234236614057683,0.017704285332879113,-0.014311646000022736,-0.21519062301195685,1.0856841945296203,0.31946438429784235,0.28480937698804315,True,0.28480937698804315,True,0.28480937698804315,True,0.28480937698804315,True,0.28480937698804315,True,0.28480937698804315,True,0.5,False,0.39240468849402155,0.3334047991040112,True,True,0.5,0.7741750015135749,0.28480937698804315,wind_stuck_7_days,2019
12696,US-SRG,US-SRC,2019-01-11,0.44416539,0.4,0.4,0.25399995397486086,0.25399995397486086,0.10586589895405042,0.3247618268319074,0.02620490796695344,0.03072693989085889,-0.014311646000022736,-0.16566917397486092,1.0856841945296203,0.31946438429784235,0.6539999539748609,True,0.6539999539748609,True,0.6539999539748609,True,0.6539999539748609,True,0.6539999539748609,True,0.6539999539748609,True,0.4,False,0.5269999769874305,0.5738089489183988,True,True,0.5,0.684287324459914,0.6539999539748609,wind_stuck_7_days,2019
12697,US-SRG,US-SRC,2019-01-19,1.32430257,0.6,0.6,-0.1205848235337544,0.1205848235337544,0.10074474042265452,0.22883950670427092,0.0070243713816480315,0.007717923769237176,-0.014311646000022736,-0.12058482353375444,1.0856841945296203,0.31946438429784235,0.4794151764662456,True,0.4794151764662456,True,0.4794151764662456,True,0.4794151764662456,True,0.4794151764662456,True,0.4794151764662456,True,0.6,False,0.5397075882331228,0.4794151764662456,True,True,0.5,1.0,0.4794151764662456,wind_stuck_7_days,2019
12698,US-SRG,US-SRC,2019-01-20,0.85302052,0.3,0.3,0.20216487691692278,0.20216487691692278,0.11782268915193404,0.3100876455105136,0.022681716637791855,0.026405198648445823,-0.010390994209762274,0.20216487691692275,1.0856841945296203,0.31946438429784235,0.5021648769169228,True,0.5021648769169228,True,0.5021648769169228,True,0.5021648769169228,True,0.5021648769169228,True,0.5021648769169228,True,0.3,False,0.40108243845846137,0.4642939798065272,True,True,0.5,0.8126732116481434,0.5021648769169228,wind_stuck_7_days,2019
12699,US-SRG,US-SRC,2019-01-27,0.6210021,0.7,0.7,-0.383013598081834,0.383013598081834,0.087299887799145,0.29764260004887627,0.011869707156689677,0.017467153214533713,-0.014311646000022736,-0.2250177980818341,1.0856841945296203,0.31946438429784235,0.31698640191816596,True,0.31698640191816596,True,0.31698640191816596,True,0.31698640191816596,True,0.31698640191816596,True,0.31698640191816596,True,0.7,False,0.508493200959083,0.5307961501110676,True,True,0.5,0.44176982419506816,0.31698640191816596,wind_stuck_7_days,2019
12700,US-SRG,US-SRC,2019-02-12,0.68707005,0.6,0.6,-0.3210599485496195,0.3210599485496195,0.0881475655819945,0.277429495451854,0.0070243713816480315,0.007717923769237176,-0.014311646000022736,-0.3210599485496195,1.0856841945296203,0.31946438429784235,0.2789400514503805,True,0.2789400514503805,True,0.2789400514503805,True,0.2789400514503805,True,0.2789400514503805,True,0.2789400514503805,True,0.6,False,0.4394700257251902,0.483160451651899,True,True,0.5,0.3639181681674115,0.2789400514503805,wind_stuck_7_days,2019
12701,US-SRG,US-SRC,2019-02-20,1.00120354,1.4,1.4,-0.6627220836092325,0.6627220836092325,0.12201763167027936,0.3208848103034945,0.07258964903595266,0.12977581093147064,-0.0506947147515173,0.13487083639076758,1.0856841945296203,0.31946438429784235,0.7372779163907675,True,0.7372779163907675,True,0.7372779163907675,True,0.7372779163907675,True,0.7372779163907675,True,0.7372779163907675,True,1.4,False,1.0686389581953837,1.07768763320495,True,True,0.5,0.4863461996614226,0.7372779163907675,wind_stuck_7_days,2019
12702,US-SRG,US-SRC,2019-02-28,1.05497155,1.1,1.1,-0.020488414501489395,0.020488414501489395,0.10299052752663523,0.3036083972398668,0.0070243713816480315,0.007717923769237176,-0.014311646000022736,0.020488414501489395,1.0856841945296203,0.31946438429784235,1.0795115854985107,True,1.0795115854985107,True,1.0795115854985107,True,1.0795115854985107,True,1.0795115854985107,True,1.0795115854985107,True,1.1,False,1.0897557927492554,1.0795115854985107,True,True,0.5,1.0,1.0795115854985107,wind_stuck_7_days,2019
12703,US-SRG,US-SRC,2019-03-16,1.65211409,1.9,1.9,-0.12983608510787104,0.12983608510787104,0.1640617373335895,0.36380490827168704,0.0005612132514767025,0.00339012225236169,-0.010390994209762274,0.12983608510787104,1.0856841945296203,0.31946438429784235,1.7701639148921289,True,1.7701639148921289,True,1.7701639148921289,True,1.7701639148921289,True,1.7701639148921289,True,1.7701639148921289,True,1.9,False,1.8350819574460644,1.7701639148921289,True,True,0.5,1.0,1.7701639148921289,wind_stuck_7_days,2019
12704,US-SRG,US-SRC,2019-03-24,1.80285373,1.5,1.5,-0.2726484203129047,0.2726484203129047,0.15716874189474303,0.2577887816870642,0.0005612132514767025,0.00339012225236169,-0.010390994209762274,-0.2726484203129047,1.0856841945296203,0.31946438429784235,1.2273515796870953,True,1.2273515796870953,True,1.2273515796870953,True,1.2273515796870953,True,1.2273515796870953,True,1.2273515796870953,True,1.5,False,1.3636757898435476,1.3595343701250928,True,True,0.5,0.5151895973345526,1.2273515796870953,wind_stuck_7_days,2019
12705,US-SRG,US-SRC,2019-03-25,2.02682415,0.9,0.9,-0.15375873895438089,0.15375873895438089,0.1002900727260861,0.34108974355702637,0.0070243713816480315,0.007717923769237176,-0.010390994209762274,-0.15375873895438086,1.0856841945296203,0.31946438429784235,0.7462412610456192,True,0.7462412610456192,True,0.7462412610456192,True,0.7462412610456192,True,0.7462412610456192,True,0.7462412610456192,True,0.9,False,0.8231206305228096,0.7462412610456192,True,True,0.5,1.0,0.7462412610456192,wind_stuck_7_days,2019
12706,US-SRG,US-SRC,2019-04-01,2.08810547,1.9,1.9,-0.6667113105954745,0.6667113105954745,0.13714138116471558,0.427147796671525,-0.00782132115031113,-0.08424851291085722,-0.041112030026763995,-0.6667113105954745,1.0856841945296203,0.31946438429784235,1.2332886894045254,True,1.2332886894045254,True,1.2332886894045254,True,1.9,False,1.9,False,1.9,False,1.9,False,1.5666443447022627,1.6257229524157852,True,True,0.5,0.41138802240994476,1.2332886894045254,wind_stuck_7_days,2019
12707,US-SRG,US-SRC,2019-04-02,2.33142395,1.2,1.2,-0.4200419512792859,0.4200419512792859,0.1491685341990182,0.3691402784728518,-0.001472339464541849,0.008940382060459526,-0.010390994209762274,-0.4200419512792859,1.0856841945296203,0.31946438429784235,0.7799580487207141,True,0.7799580487207141,True,0.7799580487207141,True,1.2,False,1.2,False,0.7799580487207141,True,1.2,False,0.989979024360357,1.0778509848193842,True,True,0.5,0.29080194206458854,0.7799580487207141,wind_stuck_7_days,2019
12708,US-SRG,US-SRC,2019-04-09,2.77312548,2.4,2.4,-1.3357902528635148,1.3357902528635148,0.1492887261832709,0.5879131338682073,-0.3525162624761747,-0.20976919573335148,-0.20797179389707915,-1.3357902528635148,1.0856841945296203,0.31946438429784235,1.064209747136485,True,1.064209747136485,True,1.064209747136485,True,2.4,False,2.4,False,2.4,False,2.4,False,1.7321048735682425,2.4,True,False,0.5,0.0,1.064209747136485,wind_stuck_7_days,2019
12709,US-SRG,US-SRC,2019-04-10,1.96367016,1.7,1.7,-0.35393298265947043,0.35393298265947043,0.2143368277769628,0.5668245140258031,-0.015269051570875734,-0.020832875847988257,-0.010390994209762274,-0.3539329826594704,1.0856841945296203,0.31946438429784235,1.3460670173405296,True,1.3460670173405296,True,1.3460670173405296,True,1.7,False,1.7,False,1.7,False,1.7,False,1.5230335086702647,1.5511545646794043,True,True,0.5,0.4205469470580658,1.3460670173405296,wind_stuck_7_days,2019
12710,US-SRG,US-SRC,2019-04-18,2.31380464,1.8,1.8,-0.40166238761846396,0.40166238761846396,0.18443891765434436,0.37357170743430146,0.0005612132514767025,0.00339012225236169,-0.010390994209762274,-0.40166238761846396,1.0856841945296203,0.31946438429784235,1.398337612381536,True,1.398337612381536,True,1.398337612381536,True,1.398337612381536,True,1.398337612381536,True,1.398337612381536,True,1.8,False,1.599168806190768,1.6387667220568058,True,True,0.5,0.40141492684734115,1.398337612381536,wind_stuck_7_days,2019
12711,US-SRG,US-SRC,2019-04-25,2.16412065,2.1,2.1,-0.8339127861758172,0.8339127861758172,0.18722382822482111,0.3837376549387505,-0.1101962587685622,-0.15608428329576865,-0.11157650403802369,-0.8339127861758172,1.0856841945296203,0.31946438429784235,1.266087213824183,True,1.266087213824183,True,1.266087213824183,True,2.1,False,2.1,False,2.1,False,2.1,False,1.6830436069120915,2.007382479003176,True,True,0.5,0.11106379771624829,1.266087213824183,wind_stuck_7_days,2019
12712,US-SRG,US-SRC,2019-04-26,2.36124046,1.8,1.8,-0.7006391317969591,0.7006391317969591,0.13369223744684056,0.3060014472851528,-0.12230155877502613,-0.155243801868016,-0.11157650403802369,-0.7006391317969591,1.0856841945296203,0.31946438429784235,1.099360868203041,True,1.099360868203041,True,1.099360868203041,True,1.8,False,1.8,False,1.8,False,1.8,False,1.4496804341015204,1.6756892561947454,True,True,0.5,0.17742477998114306,1.099360868203041,wind_stuck_7_days,2019
12713,US-SRG,US-SRC,2019-05-03,1.74327415,2.0,2.0,-0.5963020536179819,0.5963020536179819,0.15557904800187702,0.3396605732777673,-0.0532172668036228,-0.03708895116339508,-0.041112030026763995,-0.08285035361798188,1.0856841945296203,0.31946438429784235,1.403697946382018,True,1.403697946382018,True,1.403697946382018,True,2.0,False,2.0,False,2.0,False,2.0,False,1.7018489731910091,1.8474097470132624,True,True,0.5,0.2558942268619015,1.403697946382018,wind_stuck_7_days,2019
12714,US-SRG,US-SRC,2019-05-11,1.33138764,2.0,2.0,-0.15301520991756395,0.15301520991756395,0.13990637730002126,0.35866203423611487,0.0005612132514767025,0.00339012225236169,-0.010390994209762274,0.1530152099175639,1.0856841945296203,0.31946438429784235,1.846984790082436,True,1.846984790082436,True,1.846984790082436,True,1.846984790082436,True,1.846984790082436,True,1.846984790082436,True,2.0,False,1.923492395041218,1.846984790082436,True,True,0.5,1.0,1.846984790082436,wind_stuck_7_days,2019
12715,US-SRG,US-SRC,2019-05-28,1.24685334,1.5,1.5,0.19256982272121848,0.19256982272121848,0.1391741913946226,0.3324553288817422,-0.021974381123073927,-0.020832875847988257,-0.010390994209762274,-0.19256982272121848,1.0856841945296203,0.31946438429784235,1.6925698227212185,True,1.6925698227212185,True,1.6925698227212185,True,1.5,False,1.5,False,1.5,False,1.5,False,1.5962849113606092,1.6702314393060824,True,True,0.5,0.8839985253168399,1.6925698227212185,wind_stuck_7_days,2019
12716,US-SRG,US-SRC,2019-06-04,1.21311113,2.2,2.2,-0.5787669607673099,0.5787669607673099,0.10895702368227482,0.40618461586281357,-0.0532172668036228,-0.03708895116339508,-0.041112030026763995,0.5787669607673099,1.0856841945296203,0.31946438429784235,1.6212330392326901,True,1.6212330392326901,True,1.6212330392326901,True,2.2,False,2.2,False,2.2,False,2.2,False,1.9106165196163452,2.0430996914961903,True,True,0.5,0.2710941002848483,1.6212330392326901,wind_stuck_7_days,2019
12717,US-SRG,US-SRC,2019-06-05,1.10632624,1.9,1.9,-0.25528592186223864,0.25528592186223864,0.1305198071801061,0.39267837419902757,-0.022023415468079913,-0.023897287851841538,-0.010390994209762274,0.25528592186223864,1.0856841945296203,0.31946438429784235,1.6447140781377612,True,1.6447140781377612,True,1.6447140781377612,True,1.9,False,1.9,False,1.9,False,1.9,False,1.7723570390688805,1.8233621257430108,True,True,0.5,0.30020407587671644,1.6447140781377612,wind_stuck_7_days,2019
12718,US-SRG,US-SRC,2019-06-13,1.17444639,1.2,1.2,-0.27697324428706427,0.27697324428706427,0.17759104771702797,0.3671145622547842,-0.006130218197356715,0.0016866198643431592,-0.010390994209762274,-0.22586602428706426,1.0856841945296203,0.31946438429784235,0.9230267557129357,True,0.9230267557129357,True,0.9230267557129357,True,1.2,False,1.2,False,0.9230267557129357,True,1.2,False,1.0615133778564678,1.1430514419261648,True,True,0.5,0.20561032247147976,0.9230267557129357,wind_stuck_7_days,2019
12719,US-SRG,US-SRC,2019-06-20,0.88321704,1.3,1.3,-0.0054010615064359335,0.0054010615064359335,0.14843326794680162,0.3379226461132663,-0.006130218197356715,0.0016866198643431592,-0.010390994209762274,0.0054010615064359335,1.0856841945296203,0.31946438429784235,1.294598938493564,True,1.294598938493564,True,1.294598938493564,True,1.3,False,1.3,False,1.294598938493564,True,1.3,False,1.297299469246782,1.294598938493564,True,True,0.5,1.0,1.294598938493564,wind_stuck_7_days,2019
12720,US-SRG,US-SRC,2019-06-21,0.91431671,1.3,1.3,0.2834389637243793,0.2834389637243793,0.14134949110110737,0.42845959910065134,-0.006130218197356715,0.0016866198643431592,-0.010390994209762274,-0.28343896372437927,1.0856841945296203,0.31946438429784235,1.5834389637243793,True,1.5834389637243793,True,1.5834389637243793,True,1.3,False,1.3,False,1.5834389637243793,True,1.3,False,1.4417194818621897,1.4592802442533834,True,True,0.5,0.5619560633458637,1.5834389637243793,wind_stuck_7_days,2019
12721,US-SRG,US-SRC,2019-06-29,2.99529063,2.0,2.0,-0.34121963989905735,0.34121963989905735,0.21492175258478288,0.5585323885676073,-0.01531808591588172,-0.023897287851841538,-0.010390994209762274,-0.34121963989905746,1.0856841945296203,0.31946438429784235,1.6587803601009425,True,1.6587803601009425,True,1.6587803601009425,True,2.0,False,2.0,False,2.0,False,2.0,False,1.8293901800504713,1.9404648984081216,True,True,0.5,0.17447735895123295,1.6587803601009425,wind_stuck_7_days,2019
12722,US-SRG,US-SRC,2019-07-14,1.01957749,1.7,1.7,0.43932445073293264,0.43932445073293264,0.1413474148224782,0.3716692359564983,0.02209323376135598,0.02914801547482025,-0.010390994209762274,-0.4393244507329326,1.0856841945296203,0.31946438429784235,2.1393244507329325,True,2.1393244507329325,True,2.1393244507329325,True,2.1393244507329325,True,2.1393244507329325,True,2.1393244507329325,True,1.7,False,1.9196622253664664,2.0403610557999587,True,True,0.5,0.7747373387302451,2.1393244507329325,wind_stuck_7_days,2019
12723,US-SRG,US-SRC,2019-07-31,3.60352186,3.5,3.5,1.0095558345837716,1.0095558345837716,0.19464157262576437,0.4462550820340255,-0.11277129136242757,-0.09653469500694173,-0.07904502855334503,-0.8025121145837719,1.0856841945296203,0.31946438429784235,4.509555834583772,True,4.509555834583772,True,4.509555834583772,True,3.5,False,3.5,False,3.5,False,3.5,False,4.004777917291886,4.1494880916265044,True,True,0.5,0.6433404368310953,4.509555834583772,wind_stuck_7_days,2019
12724,US-SRG,US-SRC,2019-08-07,4.98643196,3.8,3.8,0.01605253737052294,0.01605253737052294,0.23027231102938592,0.36386381669005013,0.0038144536962457973,0.00339012225236169,-0.010390994209762274,0.016052537370522924,1.0856841945296203,0.31946438429784235,3.8160525373705227,True,3.8160525373705227,True,3.8160525373705227,True,3.8160525373705227,True,3.8160525373705227,True,3.8160525373705227,True,3.8,False,3.8080262686852615,3.8160525373705227,True,True,0.5,1.0,3.8160525373705227,wind_stuck_7_days,2019
12725,US-SRG,US-SRC,2019-08-16,3.0207437,2.2,2.2,-0.8495837092702162,0.8495837092702162,0.1585296713446926,0.3633818459595985,-0.12230155877502613,-0.1723880960872726,-0.11157650403802369,-0.8495837092702163,1.0856841945296203,0.31946438429784235,1.3504162907297839,True,1.3504162907297839,True,1.3504162907297839,True,2.2,False,2.2,False,2.2,False,2.2,False,1.775208145364892,2.1620466723997627,True,True,0.5,0.04467285234652068,1.3504162907297839,wind_stuck_7_days,2019
12726,US-SRG,US-SRC,2019-08-31,5.45939187,4.1,4.1,-0.09016573716561299,0.09016573716561299,0.13347745090152266,0.3477314383118378,0.0005612132514767025,0.00339012225236169,-0.010390994209762274,-0.09016573716561305,1.0856841945296203,0.31946438429784235,4.009834262834387,True,4.009834262834387,True,4.009834262834387,True,4.009834262834387,True,4.009834262834387,True,4.009834262834387,True,4.1,False,4.054917131417193,4.009834262834387,True,True,0.5,1.0,4.009834262834387,wind_stuck_7_days,2019
12727,US-SRG,US-SRC,2019-09-16,2.0634094,2.7,2.7,0.16433422102430648,0.16433422102430648,0.1758919108182578,0.43715299525296947,0.0005612132514767025,0.00339012225236169,-0.010390994209762274,-0.1643342210243065,1.0856841945296203,0.31946438429784235,2.864334221024307,True,2.864334221024307,True,2.864334221024307,True,2.864334221024307,True,2.864334221024307,True,2.864334221024307,True,2.7,False,2.7821671105121535,2.864334221024307,True,True,0.5,1.0,2.864334221024307,wind_stuck_7_days,2019
12728,US-SRG,US-SRC,2019-09-17,2.74823642,2.5,2.5,-0.4667014776158503,0.4667014776158503,0.1564125188751993,0.2660808310038738,0.003962038832926644,0.00339012225236169,-0.010390994209762274,-0.46670147761585024,1.0856841945296203,0.31946438429784235,2.0332985223841495,True,2.0332985223841495,True,2.0332985223841495,True,2.0332985223841495,True,2.0332985223841495,True,2.0332985223841495,True,2.5,False,2.2666492611920748,2.2158902228395414,True,True,0.5,0.6087612548643224,2.0332985223841495,wind_stuck_7_days,2019
12729,US-SRG,US-SRC,2019-10-02,2.22512546,2.5,2.5,-0.5346345814130301,0.5346345814130301,0.14125804326231145,0.39862845508923483,0.003962038832926644,0.00339012225236169,-0.007243750527162707,0.015114498586969671,1.0856841945296203,0.31946438429784235,1.9653654185869698,True,1.9653654185869698,True,1.9653654185869698,True,1.9653654185869698,True,1.9653654185869698,True,1.9653654185869698,True,2.5,False,2.232682709293485,2.197298387197585,True,True,0.5,0.5661841252437873,1.9653654185869698,wind_stuck_7_days,2019
12730,US-SRG,US-SRC,2019-10-03,2.01087683,1.9,1.9,-0.4823083077700428,0.4823083077700428,0.11660246894967928,0.3607173742360025,0.003962038832926644,0.00339012225236169,-0.012918797199264902,-0.48230830777004274,1.0856841945296203,0.31946438429784235,1.4176916922299572,True,1.4176916922299572,True,1.4176916922299572,True,1.4176916922299572,True,1.4176916922299572,True,1.4176916922299572,True,1.9,False,1.6588458461149784,1.6286262744729794,True,True,0.5,0.5626561291919676,1.4176916922299572,wind_stuck_7_days,2019
12731,US-SRG,US-SRC,2019-10-10,2.28103654,1.8,1.8,-0.6953931125339577,0.6953931125339577,0.12884393442349587,0.4265625790434634,-0.05301695313201273,-0.05550847963048741,-0.11157650403802369,-0.6953931125339576,1.0856841945296203,0.31946438429784235,1.1046068874660424,True,1.1046068874660424,True,1.1046068874660424,True,1.8,False,1.8,False,1.8,False,1.8,False,1.4523034437330211,1.510503673539004,True,True,0.5,0.4163060019477245,1.1046068874660424,wind_stuck_7_days,2019
12732,US-SRG,US-SRC,2019-10-11,2.04893045,1.6,1.6,-0.5566625415682702,0.5566625415682702,0.12718182498257366,0.3151836679539991,0.003962038832926644,0.00339012225236169,-0.041112030026763995,-0.5566625415682702,1.0856841945296203,0.31946438429784235,1.0433374584317299,True,1.0433374584317299,True,1.0433374584317299,True,1.0433374584317299,True,1.0433374584317299,True,1.0433374584317299,True,1.6,False,1.3216687292158649,1.3056328667640484,True,True,0.5,0.5288071520074605,1.0433374584317299,wind_stuck_7_days,2019
12733,US-SRG,US-SRC,2019-10-18,1.60295966,1.8,1.8,-0.36436973406442397,0.36436973406442397,0.1114674917206512,0.35396315463707934,0.0005612132514767025,0.00339012225236169,-0.010390994209762274,0.029710945935576105,1.0856841945296203,0.31946438429784235,1.435630265935576,True,1.435630265935576,True,1.435630265935576,True,1.435630265935576,True,1.435630265935576,True,1.435630265935576,True,1.8,False,1.6178151329677881,1.6338838061508318,True,True,0.5,0.45590008806768073,1.435630265935576,wind_stuck_7_days,2019
12734,US-SRG,US-SRC,2019-10-19,1.62698005,1.6,1.6,-0.5011661675195596,0.5011661675195596,0.1176607285769809,0.3170299883849935,0.003962038832926644,0.00339012225236169,-0.007243750527162707,-0.5011661675195596,1.0856841945296203,0.31946438429784235,1.0988338324804405,True,1.0988338324804405,True,1.0988338324804405,True,1.0988338324804405,True,1.0988338324804405,True,1.0988338324804405,True,1.6,False,1.3494169162402203,1.3326974622789287,True,True,0.5,0.5333610986632275,1.0988338324804405,wind_stuck_7_days,2019
12735,US-SRG,US-SRC,2019-10-26,1.49833647,1.2,1.2,-0.6305949363496868,0.6305949363496868,0.09193576767297806,0.39181476092348066,0.022987861430217138,0.017467153214533713,-0.041112030026763995,-0.6305949363496868,1.0856841945296203,0.31946438429784235,0.5694050636503132,True,0.5694050636503132,True,0.5694050636503132,True,0.5694050636503132,True,0.5694050636503132,True,0.5694050636503132,True,1.2,False,0.8847025318251566,0.8635645428631384,True,True,0.5,0.5335207083716517,0.5694050636503132,wind_stuck_7_days,2019
12736,US-SRG,US-SRC,2019-10-27,1.16161129,1.5,1.5,-0.6131881085583932,0.6131881085583932,0.13570420674584432,0.5961226464942245,0.003962038832926644,0.00339012225236169,-0.04555905531159988,0.06358931144160684,1.0856841945296203,0.31946438429784235,0.8868118914416068,True,0.8868118914416068,True,0.8868118914416068,True,0.8868118914416068,True,0.8868118914416068,True,0.8868118914416068,True,1.5,False,1.1934059457208033,1.2047523973020189,True,True,0.5,0.4814959693072145,0.8868118914416068,wind_stuck_7_days,2019
12737,US-SRG,US-SRC,2019-11-04,0.90283443,0.8,0.8,-0.24036584386350213,0.24036584386350213,0.06638764662226991,0.28933837972955057,0.0070243713816480315,0.007717923769237176,-0.011708511226739469,-0.24036584386350213,1.0856841945296203,0.31946438429784235,0.5596341561364979,True,0.5596341561364979,True,0.5596341561364979,True,0.5596341561364979,True,0.5596341561364979,True,0.5596341561364979,True,0.8,False,0.679817078068249,0.6493011534477238,True,True,0.5,0.6269561603680035,0.5596341561364979,wind_stuck_7_days,2019
12738,US-SRG,US-SRC,2019-12-05,1.00358634,0.6,0.6,0.2843368763146831,0.2843368763146831,0.13013198403438556,0.31760685393345406,0.0070243713816480315,0.007717923769237176,-0.014311646000022736,0.2843368763146831,1.0856841945296203,0.31946438429784235,0.884336876314683,True,0.884336876314683,True,0.884336876314683,True,0.884336876314683,True,0.884336876314683,True,0.884336876314683,True,0.6,False,0.7421684381573415,0.742931110464791,True,True,0.5,0.5026822841881594,0.884336876314683,wind_stuck_7_days,2019
12739,US-SRG,US-SRC,2019-12-06,1.01604307,0.5,0.5,0.11413922871774307,0.11413922871774307,0.10239789888076559,0.3290763642814335,0.015234236614057683,0.017704285332879113,-0.014311646000022736,0.11413922871774307,1.0856841945296203,0.31946438429784235,0.6141392287177431,True,0.6141392287177431,True,0.6141392287177431,True,0.6141392287177431,True,0.6141392287177431,True,0.6141392287177431,True,0.5,False,0.5570696143588716,0.6141392287177431,True,True,0.5,1.0,0.6141392287177431,wind_stuck_7_days,2019
12740,US-SRG,US-SRC,2019-12-13,0.93671994,0.4,0.4,-0.03424364607816236,0.03424364607816236,0.09580862299168211,0.3507695080423775,0.022681716637791855,0.026405198648445823,-0.014311646000022736,-0.034243646078162326,1.0856841945296203,0.31946438429784235,0.36575635392183764,True,0.36575635392183764,True,0.36575635392183764,True,0.36575635392183764,True,0.36575635392183764,True,0.36575635392183764,True,0.4,False,0.38287817696091886,0.36575635392183764,True,True,0.5,1.0,0.36575635392183764,wind_stuck_7_days,2019
12741,US-SRG,US-SRC,2019-12-29,0.70546637,0.3,0.3,0.08816252565743643,0.08816252565743643,0.08642748778991241,0.2819260311144841,0.022681716637791855,0.026405198648445823,-0.014311646000022736,0.08816252565743643,1.0856841945296203,0.31946438429784235,0.3881625256574364,True,0.3881625256574364,True,0.3881625256574364,True,0.3881625256574364,True,0.3881625256574364,True,0.3881625256574364,True,0.3,False,0.3440812628287182,0.3881625256574364,True,True,0.5,1.0,0.3881625256574364,wind_stuck_7_days,2019
13251,US-SRM,US-SRC,2019-01-04,0.80628812,0.4,0.4,-0.15665551108277978,0.15665551108277978,0.11576582454109677,0.2565855838021601,0.022681716637791855,0.026405198648445823,-0.014311646000022736,-0.15665551108277975,1.0856841945296203,0.31946438429784235,0.24334448891722024,True,0.24334448891722024,True,0.24334448891722024,True,0.24334448891722024,True,0.24334448891722024,True,0.24334448891722024,True,0.4,False,0.32167224445861015,0.24334448891722024,True,True,0.5,1.0,0.24334448891722024,wind_stuck_7_days,2019
13252,US-SRM,US-SRC,2019-01-11,0.7168962,0.6,0.6,0.1270859371855378,0.1270859371855378,0.10829048512687073,0.35290552603819797,0.0070243713816480315,0.007717923769237176,-0.014311646000022736,0.10670646281446222,1.0856841945296203,0.31946438429784235,0.7270859371855378,True,0.7270859371855378,True,0.7270859371855378,True,0.7270859371855378,True,0.7270859371855378,True,0.7270859371855378,True,0.6,False,0.6635429685927688,0.7270859371855378,True,True,0.5,1.0,0.7270859371855378,wind_stuck_7_days,2019
13253,US-SRM,US-SRC,2019-01-19,0.75589603,0.8,0.8,-0.2193432333604241,0.2193432333604241,0.09879066554783854,0.23032124606247847,0.0070243713816480315,0.007717923769237176,-0.014311646000022736,-0.13113529336042412,1.0856841945296203,0.31946438429784235,0.5806567666395759,True,0.5806567666395759,True,0.5806567666395759,True,0.5806567666395759,True,0.5806567666395759,True,0.5806567666395759,True,0.8,False,0.690328383319788,0.640396485332657,True,True,0.5,0.7276427552478132,0.5806567666395759,wind_stuck_7_days,2019
13254,US-SRM,US-SRC,2019-01-20,0.46905509,0.6,0.6,-0.035491498001236035,0.035491498001236035,0.13717504434534766,0.3353535282132255,0.0070243713816480315,0.007717923769237176,-0.010390994209762274,0.035491498001236035,1.0856841945296203,0.31946438429784235,0.5645085019987639,True,0.5645085019987639,True,0.5645085019987639,True,0.5645085019987639,True,0.5645085019987639,True,0.5645085019987639,True,0.6,False,0.582254250999382,0.5645085019987639,True,True,0.5,1.0,0.5645085019987639,wind_stuck_7_days,2019
13255,US-SRM,US-SRC,2019-01-27,0.39577124,0.9,0.9,-0.559836379583568,0.559836379583568,0.0909381220725797,0.29464139018652474,0.022987861430217138,0.017467153214533713,-0.041112030026763995,0.44862114041643186,1.0856841945296203,0.31946438429784235,0.340163620416432,True,0.340163620416432,True,0.340163620416432,True,0.340163620416432,True,0.340163620416432,True,0.340163620416432,True,0.9,False,0.620081810208216,0.6151997586711151,True,True,0.5,0.5087204971222706,0.340163620416432,wind_stuck_7_days,2019
13256,US-SRM,US-SRC,2019-02-12,0.53848155,0.7,0.7,-0.4738446222678059,0.4738446222678059,0.1046088719776182,0.3512350827676185,0.022987861430217138,0.017467153214533713,-0.010390994209762274,-0.15080772226780592,1.0856841945296203,0.31946438429784235,0.22615537773219407,True,0.22615537773219407,True,0.22615537773219407,True,0.22615537773219407,True,0.22615537773219407,True,0.22615537773219407,True,0.7,False,0.463077688866097,0.42171491480802187,True,True,0.5,0.5872918507761345,0.22615537773219407,wind_stuck_7_days,2019
13257,US-SRM,US-SRC,2019-02-20,1.07421343,1.0,1.0,-0.3153139536514273,0.3153139536514273,0.12920256642805764,0.3082389917759113,0.0070243713816480315,0.007717923769237176,-0.014311646000022736,-0.3153139536514273,1.0856841945296203,0.31946438429784235,0.6846860463485727,True,0.6846860463485727,True,0.6846860463485727,True,0.6846860463485727,True,0.6846860463485727,True,0.6846860463485727,True,1.0,False,0.8423430231742863,0.8772981153839163,True,True,0.5,0.38914194311783595,0.6846860463485727,wind_stuck_7_days,2019
13258,US-SRM,US-SRC,2019-02-28,0.77804657,0.9,0.9,-0.009704433139103087,0.009704433139103087,0.13367696495801304,0.34790752906952094,0.0070243713816480315,0.007717923769237176,-0.010390994209762274,0.009704433139103089,1.0856841945296203,0.31946438429784235,0.890295566860897,True,0.890295566860897,True,0.890295566860897,True,0.890295566860897,True,0.890295566860897,True,0.890295566860897,True,0.9,False,0.8951477834304484,0.890295566860897,True,True,0.5,1.0,0.890295566860897,wind_stuck_7_days,2019
13259,US-SRM,US-SRC,2019-03-09,0.45725499,1.4,1.4,-0.19685508427313028,0.19685508427313028,0.1460138158919777,0.38891815336086905,0.0070243713816480315,0.007717923769237176,-0.011708511226739469,0.19685508427313025,1.0856841945296203,0.31946438429784235,1.2031449157268697,True,1.2031449157268697,True,1.2031449157268697,True,1.2031449157268697,True,1.2031449157268697,True,1.2031449157268697,True,1.4,False,1.3015724578634347,1.2303510309898578,True,True,0.5,0.8617962275983665,1.2031449157268697,wind_stuck_7_days,2019
13260,US-SRM,US-SRC,2019-03-16,1.25153265,1.7,1.7,-0.12751435414214862,0.12751435414214862,0.14586941111230137,0.35426191588877953,0.0005612132514767025,0.00339012225236169,-0.010390994209762274,0.12751435414214862,1.0856841945296203,0.31946438429784235,1.5724856458578513,True,1.5724856458578513,True,1.5724856458578513,True,1.5724856458578513,True,1.5724856458578513,True,1.5724856458578513,True,1.7,False,1.6362428229289256,1.5724856458578513,True,True,0.5,1.0,1.5724856458578513,wind_stuck_7_days,2019
13261,US-SRM,US-SRC,2019-03-24,0.91591113,1.6,1.6,-0.4747246035657698,0.4747246035657698,0.16784610081190332,0.401870170156466,0.003962038832926644,0.00339012225236169,-0.012918797199264902,0.4747246035657698,1.0856841945296203,0.31946438429784235,1.1252753964342304,True,1.1252753964342304,True,1.1252753964342304,True,1.1252753964342304,True,1.1252753964342304,True,1.1252753964342304,True,1.6,False,1.3626376982171151,1.3211981089628924,True,True,0.5,0.5872918507761345,1.1252753964342304,wind_stuck_7_days,2019
13262,US-SRM,US-SRC,2019-03-25,1.05207281,0.7,0.7,-0.08376373171083822,0.08376373171083822,0.08549490512624523,0.23663373911184435,0.0070243713816480315,0.007717923769237176,-0.010390994209762274,-0.08376373171083823,1.0856841945296203,0.31946438429784235,0.6162362682891618,True,0.6162362682891618,True,0.6162362682891618,True,0.6162362682891618,True,0.6162362682891618,True,0.6162362682891618,True,0.7,False,0.6581181341445809,0.6162362682891618,True,True,0.5,1.0,0.6162362682891618,wind_stuck_7_days,2019
13263,US-SRM,US-SRC,2019-04-01,1.0777268,1.4,1.4,-0.5869683954204824,0.5869683954204824,0.11325557068168014,0.3158657724840303,0.022987861430217138,0.017467153214533713,-0.041112030026763995,0.05757800457951745,1.0856841945296203,0.31946438429784235,0.8130316045795175,True,0.8130316045795175,True,0.8130316045795175,True,0.8130316045795175,True,0.8130316045795175,True,0.8130316045795175,True,1.4,False,1.1065158022897588,1.0939033987847986,True,True,0.5,0.5214873638910748,0.8130316045795175,wind_stuck_7_days,2019
13264,US-SRM,US-SRC,2019-04-09,1.8749583,2.4,2.4,-1.540280176023256,1.540280176023256,0.17639380676899974,0.5164962663071238,-0.37705160636928264,-0.21100869822472548,-0.33772978571208895,-0.4901967760232564,1.0856841945296203,0.31946438429784235,0.8597198239767438,True,0.8597198239767438,True,0.8597198239767438,True,2.4,False,2.4,False,2.4,False,2.4,False,1.6298599119883719,2.3530797096367,True,True,0.5,0.030462178955286013,0.8597198239767438,wind_stuck_7_days,2019
13265,US-SRM,US-SRC,2019-04-10,1.36728058,2.0,2.0,-0.7411024407917743,0.7411024407917743,0.23463696223200814,0.5696996104868786,-0.11854256994582282,-0.1723880960872726,-0.09495542759578249,0.5243363992082255,1.0856841945296203,0.31946438429784235,1.2588975592082257,True,1.2588975592082257,True,1.2588975592082257,True,2.0,False,2.0,False,2.0,False,2.0,False,1.6294487796041128,1.9386723688901302,True,True,0.5,0.08275189465622187,1.2588975592082257,wind_stuck_7_days,2019
13266,US-SRM,US-SRC,2019-04-25,2.03975644,2.5,2.5,-1.2218810283308672,1.2218810283308672,0.17356954971135294,0.35833571312802986,-0.27151118349658704,-0.22523602680961766,-0.196640811710764,-0.30139390833086743,1.0856841945296203,0.31946438429784235,1.2781189716691328,True,1.2781189716691328,True,1.2781189716691328,True,2.5,False,2.5,False,2.5,False,2.5,False,1.8890594858345664,2.5,True,False,0.5,0.0,1.2781189716691328,wind_stuck_7_days,2019
13267,US-SRM,US-SRC,2019-04-26,2.07200717,2.0,2.0,-1.047884276937785,1.047884276937785,0.13576751458319225,0.48578535580186194,-0.1734782186086194,-0.18388629476301238,-0.14038303164748153,-1.047884276937785,1.0856841945296203,0.31946438429784235,0.952115723062215,True,0.952115723062215,True,0.952115723062215,True,2.0,False,2.0,False,2.0,False,2.0,False,1.4760578615311075,2.0,True,False,0.5,0.0,0.952115723062215,wind_stuck_7_days,2019
13268,US-SRM,US-SRC,2019-05-03,1.79706351,2.4,2.4,-1.0581367773461392,1.0581367773461392,0.140698465790076,0.42099681736211575,-0.1734782186086194,-0.18388629476301238,-0.14038303164748153,0.14773620265386045,1.0856841945296203,0.31946438429784235,1.3418632226538607,True,1.3418632226538607,True,1.3418632226538607,True,2.4,False,2.4,False,2.4,False,2.4,False,1.8709316113269303,2.4,True,False,0.5,0.0,1.3418632226538607,wind_stuck_7_days,2019
13269,US-SRM,US-SRC,2019-05-27,1.404796,2.6,2.6,0.138607353485936,0.138607353485936,0.1764558244677718,0.5288116506351666,-0.022023415468079913,-0.023897287851841538,-0.010390994209762274,-0.138607353485936,1.0856841945296203,0.31946438429784235,2.738607353485936,True,2.738607353485936,True,2.738607353485936,True,2.6,False,2.6,False,2.6,False,2.6,False,2.669303676742968,2.705395427190476,True,True,0.5,0.76038842485489,2.738607353485936,wind_stuck_7_days,2019
13270,US-SRM,US-SRC,2019-05-28,1.39877867,2.2,2.2,-0.190120347503361,0.190120347503361,0.09237189320920926,0.37680864992183366,-0.022023415468079913,-0.023897287851841538,-0.010390994209762274,0.19012034750336104,1.0856841945296203,0.31946438429784235,2.009879652496639,True,2.009879652496639,True,2.009879652496639,True,2.2,False,2.2,False,2.2,False,2.2,False,2.10493982624832,2.114108289260526,True,True,0.5,0.45177547730894885,2.009879652496639,wind_stuck_7_days,2019
13271,US-SRM,US-SRC,2019-06-04,1.71035861,2.7,2.7,-0.7516925307902496,0.7516925307902496,0.1702794106739381,0.4422162188113371,-0.12230155877502613,-0.1723880960872726,-0.08905261163375462,0.7516925307902496,1.0856841945296203,0.31946438429784235,1.9483074692097506,True,1.9483074692097506,True,1.9483074692097506,True,2.7,False,2.7,False,2.7,False,2.7,False,2.3241537346048755,2.6394188909714362,True,True,0.5,0.08059293733419871,1.9483074692097506,wind_stuck_7_days,2019
13272,US-SRM,US-SRC,2019-06-12,1.37495839,3.1,3.1,-0.4350824198546867,0.4350824198546867,0.32047632329024,0.696308978714133,-0.05062304667433602,-0.03577877180782622,-0.010390994209762274,0.43508241985468676,1.0856841945296203,0.31946438429784235,2.6649175801453135,True,2.6649175801453135,True,2.6649175801453135,True,3.1,False,3.1,False,3.1,False,3.1,False,2.882458790072657,3.0599095905705975,True,True,0.5,0.09214440207166359,2.6649175801453135,wind_stuck_7_days,2019
13273,US-SRM,US-SRC,2019-06-13,1.27770872,1.2,1.2,-0.4791253369423284,0.4791253369423284,0.17151829344903702,0.35862883582602856,-0.00014742641215898222,0.00481002073388665,-0.012918797199264902,-0.4791253369423284,1.0856841945296203,0.31946438429784235,0.7208746630576716,True,0.7208746630576716,True,0.7208746630576716,True,1.2,False,1.2,False,0.7208746630576716,True,1.2,False,0.9604373315288357,1.2,True,False,0.5,0.0,0.7208746630576716,wind_stuck_7_days,2019
13274,US-SRM,US-SRC,2019-06-20,1.29034189,2.0,2.0,-0.23172084802746928,0.23172084802746928,0.14728190347347217,0.45406466114619615,-0.022023415468079913,-0.023897287851841538,-0.010390994209762274,0.23172084802746928,1.0856841945296203,0.31946438429784235,1.7682791519725307,True,1.7682791519725307,True,1.7682791519725307,True,2.0,False,2.0,False,2.0,False,2.0,False,1.8841395759862654,2.0,True,False,0.5,0.0,1.7682791519725307,wind_stuck_7_days,2019
13275,US-SRM,US-SRC,2019-06-29,0.95768822,1.8,1.8,-0.28312153608679186,0.28312153608679186,0.22121015510808895,0.575170240570172,-0.01531808591588172,-0.023897287851841538,-0.010390994209762274,0.2831215360867919,1.0856841945296203,0.31946438429784235,1.5168784639132082,True,1.5168784639132082,True,1.5168784639132082,True,1.8,False,1.8,False,1.8,False,1.8,False,1.6584392319566041,1.6634962501861383,True,True,0.5,0.48213834843003944,1.5168784639132082,wind_stuck_7_days,2019
13276,US-SRM,US-SRC,2019-07-14,1.34721068,2.1,2.1,-0.014202204445363844,0.014202204445363844,0.18172572304046114,0.3140304588675443,-0.022023415468079913,-0.023897287851841538,-0.010390994209762274,0.014202204445363797,1.0856841945296203,0.31946438429784235,2.0857977955546363,True,2.0857977955546363,True,2.0857977955546363,True,2.1,False,2.1,False,2.1,False,2.1,False,2.092898897777318,2.0857977955546363,True,True,0.5,1.0,2.0857977955546363,wind_stuck_7_days,2019
13277,US-SRM,US-SRC,2019-08-07,3.49846915,3.2,3.2,-0.31288006805557333,0.31288006805557333,0.2034787896886282,0.3901569717305594,-0.015269051570875734,-0.023921466662728583,-0.010390994209762274,-0.31288006805557333,1.0856841945296203,0.31946438429784235,2.8871199319444267,True,2.8871199319444267,True,2.8871199319444267,True,3.2,False,3.2,False,3.2,False,3.2,False,3.0435599659722135,3.0782452423540136,True,True,0.5,0.38914194311783595,2.8871199319444267,wind_stuck_7_days,2019
13278,US-SRM,US-SRC,2019-08-15,1.57986543,3.3,3.3,-0.2330591416073738,0.2330591416073738,0.1875867691782684,0.5502788736032221,-0.022023415468079913,-0.023897287851841538,-0.010390994209762274,0.23305914160737373,1.0856841945296203,0.31946438429784235,3.066940858392626,True,3.066940858392626,True,3.066940858392626,True,3.3,False,3.3,False,3.3,False,3.3,False,3.183470429196313,3.2197167001399927,True,True,0.5,0.34447608150577314,3.066940858392626,wind_stuck_7_days,2019
13279,US-SRM,US-SRC,2019-08-16,2.32828383,2.3,2.3,-0.5909468404949468,0.5909468404949468,0.15082275335608597,0.4247444533408175,-0.06532256681008675,-0.053392763954899,-0.041112030026763995,-0.5909468404949468,1.0856841945296203,0.31946438429784235,1.709053159505053,True,1.709053159505053,True,1.709053159505053,True,2.3,False,2.3,False,2.3,False,2.3,False,2.0045265797525262,2.182990626084135,True,True,0.5,0.19800321432950493,1.709053159505053,wind_stuck_7_days,2019
13280,US-SRM,US-SRC,2019-08-23,4.09733031,3.1,3.1,-0.20688622350241884,0.20688622350241884,0.1263369996063356,0.5513368297295891,-0.015799646495456485,-0.01947341668752816,-0.010390994209762274,-0.20688622350241892,1.0856841945296203,0.31946438429784235,2.8931137764975814,True,2.8931137764975814,True,2.8931137764975814,True,3.1,False,3.1,False,3.1,False,3.1,False,2.9965568882487905,2.9337643048797633,True,True,0.5,0.8035126375550735,2.8931137764975814,wind_stuck_7_days,2019
13281,US-SRM,US-SRC,2019-09-01,4.37459056,2.6,2.6,-0.04686740424398391,0.04686740424398391,0.14446917991251904,0.33958238841484495,0.0005612132514767025,0.00339012225236169,-0.010390994209762274,-0.046867404243983835,1.0856841945296203,0.31946438429784235,2.5531325957560163,True,2.5531325957560163,True,2.5531325957560163,True,2.5531325957560163,True,2.5531325957560163,True,2.5531325957560163,True,2.6,False,2.576566297878008,2.5531325957560163,True,True,0.5,1.0,2.5531325957560163,wind_stuck_7_days,2019
13282,US-SRM,US-SRC,2019-09-08,1.84593968,2.8,2.8,-0.3741239415145593,0.3741239415145593,0.1749598805408608,0.5067518808516566,0.0005612132514767025,-0.001177727558293895,-0.010390994209762274,0.3741239415145593,1.0856841945296203,0.31946438429784235,2.4258760584854406,True,2.4258760584854406,True,2.4258760584854406,True,2.4258760584854406,True,2.4258760584854406,True,2.8,False,2.8,False,2.61293802924272,2.639063319011367,True,True,0.5,0.4301694255040611,2.4258760584854406,wind_stuck_7_days,2019
13283,US-SRM,US-SRC,2019-09-17,2.28074873,2.2,2.2,-0.622434023789635,0.622434023789635,0.1234833718338433,0.24689690098794478,0.003962038832926644,0.00339012225236169,-0.041112030026763995,-0.622434023789635,1.0856841945296203,0.31946438429784235,1.5775659762103653,True,1.5775659762103653,True,1.5775659762103653,True,1.5775659762103653,True,1.5775659762103653,True,1.5775659762103653,True,2.2,False,1.8887829881051827,1.9116027780928557,True,True,0.5,0.4633378171573321,1.5775659762103653,wind_stuck_7_days,2019
13284,US-SRM,US-SRC,2019-10-02,1.69790745,2.4,2.4,-0.48326673873395504,0.48326673873395504,0.14916531994752993,0.35118554288338233,0.003962038832926644,0.00339012225236169,-0.012918797199264902,0.48326673873395504,1.0856841945296203,0.31946438429784235,1.9167332612660448,True,1.9167332612660448,True,1.9167332612660448,True,1.9167332612660448,True,1.9167332612660448,True,1.9167332612660448,True,2.4,False,2.1583666306330223,2.1280870074167266,True,True,0.5,0.5626561291919676,1.9167332612660448,wind_stuck_7_days,2019
13285,US-SRM,US-SRC,2019-10-03,1.93215055,1.7,1.7,-0.4565705119540029,0.4565705119540029,0.1284663625707449,0.38297347249331454,0.003962038832926644,0.00339012225236169,-0.010390994209762274,-0.4565705119540029,1.0856841945296203,0.31946438429784235,1.243429488045997,True,1.243429488045997,True,1.243429488045997,True,1.243429488045997,True,1.243429488045997,True,1.243429488045997,True,1.7,False,1.4717147440229985,1.4151074922289526,True,True,0.5,0.6239835913882869,1.243429488045997,wind_stuck_7_days,2019
13286,US-SRM,US-SRC,2019-10-10,1.40063093,1.9,1.9,-0.6784070685491883,0.6784070685491883,0.12283616568680245,0.45061954371824176,-0.00782132115031113,-0.08424851291085722,-0.041112030026763995,0.32033107145081163,1.0856841945296203,0.31946438429784235,1.2215929314508116,True,1.2215929314508116,True,1.2215929314508116,True,1.9,False,1.9,False,1.9,False,1.9,False,1.5607964657254056,1.6329551758913525,True,True,0.5,0.39363508502312283,1.2215929314508116,wind_stuck_7_days,2019
13287,US-SRM,US-SRC,2019-10-18,1.02722631,1.6,1.6,-0.3304730315510947,0.3304730315510947,0.1060524173994567,0.42854522364522685,0.0005612132514767025,0.00339012225236169,-0.010390994209762274,0.3304730315510947,1.0856841945296203,0.31946438429784235,1.2695269684489054,True,1.2695269684489054,True,1.2695269684489054,True,1.2695269684489054,True,1.2695269684489054,True,1.2695269684489054,True,1.6,False,1.4347634842244528,1.4832352206952453,True,True,0.5,0.3533261965634911,1.2695269684489054,wind_stuck_7_days,2019
13288,US-SRM,US-SRC,2019-10-19,0.92278095,1.5,1.5,-0.5085544373249467,0.5085544373249467,0.10296735711254458,0.31490686706136417,0.003962038832926644,0.00339012225236169,-0.007243750527162707,0.5085544373249467,1.0856841945296203,0.31946438429784235,0.9914455626750533,True,0.9914455626750533,True,0.9914455626750533,True,0.9914455626750533,True,0.9914455626750533,True,0.9914455626750533,True,1.5,False,1.2457227813375267,1.2412733825226026,True,True,0.5,0.5087491102001359,0.9914455626750533,wind_stuck_7_days,2019
13289,US-SRM,US-SRC,2019-10-26,0.71619946,1.3,1.3,-0.6854369440339705,0.6854369440339705,0.14480842397404786,0.4508129946360362,0.02859506611584821,-0.060054703621491005,-0.11157650403802369,0.4821641359660296,1.0856841945296203,0.31946438429784235,0.6145630559660296,True,0.6145630559660296,True,0.6145630559660296,True,0.6145630559660296,True,0.6145630559660296,True,1.3,False,1.3,False,0.9572815279830148,1.0354528881256098,True,True,0.5,0.3859539731218213,0.6145630559660296,wind_stuck_7_days,2019
13290,US-SRM,US-SRC,2019-11-04,0.52158168,0.9,0.9,-0.26918421483278226,0.26918421483278226,0.07623280176917242,0.2765728636560909,0.0070243713816480315,0.007717923769237176,-0.010390994209762274,0.26918421483278226,1.0856841945296203,0.31946438429784235,0.6308157851672178,True,0.6308157851672178,True,0.6308157851672178,True,0.6308157851672178,True,0.6308157851672178,True,0.6308157851672178,True,0.9,False,0.7654078925836089,0.7613190927514812,True,True,0.5,0.5151895973345526,0.6308157851672178,wind_stuck_7_days,2019
13291,US-SRM,US-SRC,2019-12-05,0.70565607,0.7,0.7,0.2612525491196148,0.2612525491196148,0.1097682792598376,0.3987579301987469,0.0070243713816480315,0.007717923769237176,-0.014311646000022736,-0.2499404091196148,1.0856841945296203,0.31946438429784235,0.9612525491196148,True,0.9612525491196148,True,0.9612525491196148,True,0.9612525491196148,True,0.9612525491196148,True,0.9612525491196148,True,0.7,False,0.8306262745598074,0.8515557855610771,True,True,0.5,0.5801121790841828,0.9612525491196148,wind_stuck_7_days,2019
13292,US-SRM,US-SRC,2019-12-06,0.63306074,0.5,0.5,0.1680850808501394,0.1680850808501394,0.09787674420166219,0.35116848656212374,0.015234236614057683,0.017704285332879113,-0.014311646000022736,0.09803639914986062,1.0856841945296203,0.31946438429784235,0.6680850808501394,True,0.6680850808501394,True,0.6680850808501394,True,0.6680850808501394,True,0.6680850808501394,True,0.6680850808501394,True,0.5,False,0.5840425404250698,0.6680850808501394,True,True,0.5,1.0,0.6680850808501394,wind_stuck_7_days,2019
13293,US-SRM,US-SRC,2019-12-13,0.80544237,0.5,0.5,-0.0097805047364558,0.0097805047364558,0.08960477532905084,0.39362147476982995,0.015234236614057683,0.017704285332879113,-0.014311646000022736,-0.009780504736455808,1.0856841945296203,0.31946438429784235,0.4902194952635442,True,0.4902194952635442,True,0.4902194952635442,True,0.4902194952635442,True,0.4902194952635442,True,0.4902194952635442,True,0.5,False,0.4951097476317721,0.4902194952635442,True,True,0.5,1.0,0.4902194952635442,wind_stuck_7_days,2019
14031,US-Sne,US-Bi1,2019-03-08,4.56971103,3.2,3.2,-0.383610798718814,0.383610798718814,0.2435862224230997,0.6656060423526748,-0.00924415678349203,-0.0047368507019783755,-0.014311646000022736,-0.383610798718814,1.0856841945296203,0.31946438429784235,2.8163892012811864,True,2.8163892012811864,True,2.8163892012811864,True,3.2,False,3.2,False,3.2,False,3.2,False,3.0081946006405933,3.03053232489066,True,True,0.5,0.44176982419506816,2.8163892012811864,wind_stuck_7_days,2019
14032,US-Sne,US-Bi1,2019-03-16,2.24075515,3.6,3.6,-0.6989744249909795,0.6989744249909795,0.19085523116817887,0.5334477042258003,0.08058385590376219,0.12009413597969265,-0.09297326342401507,0.6989744249909795,1.0856841945296203,0.31946438429784235,2.9010255750090206,True,2.9010255750090206,True,2.9010255750090206,True,2.9010255750090206,True,2.9010255750090206,True,2.9010255750090206,True,3.6,False,3.25051278750451,3.2954384272711095,True,True,0.5,0.43572634682995887,2.9010255750090206,wind_stuck_7_days,2019
14033,US-Sne,US-Bi1,2019-04-09,5.86065815,5.7,5.7,-0.610378916130329,0.610378916130329,0.2775972803688925,0.7554186222077842,-0.022977702375750125,-0.01004984610004953,-0.03770209406422532,-0.610378916130329,1.0856841945296203,0.31946438429784235,5.089621083869671,True,5.089621083869671,True,5.089621083869671,True,5.7,False,5.7,False,5.7,False,5.7,False,5.394810541934835,5.443733956519647,True,True,0.5,0.41984746967510655,5.089621083869671,wind_stuck_7_days,2019
14034,US-Sne,US-Bi1,2019-04-17,4.45248858,5.7,5.7,-1.3651179303253325,1.3651179303253325,0.1955573754907788,0.5389226127677713,0.12799093987345297,0.14481310776187697,-0.04477532390104031,1.1299049096746683,1.0856841945296203,0.31946438429784235,4.334882069674668,True,4.334882069674668,True,4.334882069674668,True,4.334882069674668,True,4.334882069674668,True,4.334882069674668,True,5.7,False,5.017441034837334,4.528666089738083,True,True,0.5,0.8580459491750775,4.334882069674668,wind_stuck_7_days,2019
14035,US-Sne,US-Bi1,2019-04-25,6.67753104,6.1,6.1,-1.5753369792943894,1.5753369792943894,0.20073339521002545,0.432204637392235,0.38951535924864217,0.5653294437647491,-0.15342595522137742,-1.5753369792943896,1.0856841945296203,0.31946438429784235,4.52466302070561,True,4.52466302070561,True,4.52466302070561,True,4.52466302070561,True,4.52466302070561,True,4.52466302070561,True,6.1,False,5.312331510352805,5.197850769314499,True,True,0.5,0.5726706365323707,4.52466302070561,wind_stuck_7_days,2019
14036,US-Sne,US-Bi1,2019-05-03,5.73402913,6.2,6.2,-1.1611898168395305,1.1611898168395305,0.18446544905743675,0.5274211660146918,0.17881891687865512,0.10547563013321438,-0.05510053261914583,-0.22924807683952952,1.0856841945296203,0.31946438429784235,5.03881018316047,True,5.03881018316047,True,5.03881018316047,True,5.03881018316047,True,5.03881018316047,True,5.03881018316047,True,6.2,False,5.619405091580235,5.597576291068648,True,True,0.5,0.5187986496221598,5.03881018316047,wind_stuck_7_days,2019
14037,US-Sne,US-Bi1,2019-05-11,5.66005763,6.3,6.3,-1.3787426477574418,1.3787426477574418,0.19925738742547366,0.49959553594431705,0.4468890647869567,0.3555449268443133,-0.04477532390104031,-0.09885790775744185,1.0856841945296203,0.31946438429784235,4.921257352242558,True,4.921257352242558,True,4.921257352242558,True,4.921257352242558,True,4.921257352242558,True,4.921257352242558,True,6.3,False,5.610628676121279,5.1539673717492915,True,True,0.5,0.8312157675798005,4.921257352242558,wind_stuck_7_days,2019
14038,US-Sne,US-Bi1,2019-05-27,4.09339882,5.3,5.3,-1.0614379140363392,1.0614379140363392,0.23297870660138903,0.4489672404434783,0.0004433695133901536,0.045418805688897376,-0.07548304030500398,1.0614379140363392,1.0856841945296203,0.31946438429784235,4.238562085963661,True,4.238562085963661,True,4.238562085963661,True,4.238562085963661,True,4.238562085963661,True,4.238562085963661,True,5.3,False,4.76928104298183,4.812886728761284,True,True,0.5,0.45891828885814506,4.238562085963661,wind_stuck_7_days,2019
14039,US-Sne,US-Bi1,2019-06-04,6.41792243,7.6,7.6,-0.6620151355987491,0.6620151355987491,0.2983877201841502,0.5156334581243526,0.03584282029101056,0.10507606890953237,-0.0019427851809875217,0.6620151355987491,1.0856841945296203,0.31946438429784235,6.93798486440125,True,6.93798486440125,True,6.93798486440125,True,6.93798486440125,True,6.93798486440125,True,6.93798486440125,True,7.6,False,7.268992432200625,7.032461885911553,True,True,0.5,0.8572887288674246,6.93798486440125,wind_stuck_7_days,2019
14040,US-Sne,US-Bi1,2019-06-12,9.96281442,8.5,8.5,0.3944442753402681,0.3944442753402681,0.2469651642014241,0.7332486949484534,0.03339926418194698,0.04485647200226942,-0.015360982716081096,0.39444427534026816,1.0856841945296203,0.31946438429784235,8.894444275340268,True,8.894444275340268,True,8.894444275340268,True,8.894444275340268,True,8.894444275340268,True,8.894444275340268,True,8.5,False,8.697222137670135,8.894444275340268,True,True,0.5,1.0,8.894444275340268,wind_stuck_7_days,2019
14041,US-Sne,US-Bi1,2019-06-20,6.64812188,7.3,7.3,-1.1476460120752268,1.1476460120752268,0.164713458494399,0.4942029810990493,0.3102195466030764,0.27853346853886474,-0.04844040886434792,0.15611022792477347,1.0856841945296203,0.31946438429784235,6.152353987924773,True,6.152353987924773,True,6.152353987924773,True,6.152353987924773,True,6.152353987924773,True,6.152353987924773,True,7.3,False,6.726176993962387,6.869211492016359,True,True,0.5,0.3753670587018976,6.152353987924773,wind_stuck_7_days,2019
14042,US-Sne,US-Bi1,2019-07-06,6.87098229,7.2,7.2,-0.179819542876181,0.179819542876181,0.16423059562257894,0.4624115020659575,0.02571834618877281,0.05694146349148982,0.020921289388639647,0.179819542876181,1.0856841945296203,0.31946438429784235,7.0201804571238196,True,7.0201804571238196,True,7.0201804571238196,True,7.0201804571238196,True,7.0201804571238196,True,7.0201804571238196,True,7.0201804571238196,True,7.110090228561909,7.0201804571238196,True,True,0.5,1.0,7.0201804571238196,wind_stuck_7_days,2019
14043,US-Sne,US-Bi1,2019-07-14,7.1789707,7.1,7.1,0.09997280653362162,0.09997280653362162,0.14666832729013207,0.39084840566189805,-0.013651813286947884,0.004979099247100713,-0.015360982716081096,0.057968593466378726,1.0856841945296203,0.31946438429784235,7.199972806533621,True,7.199972806533621,True,7.199972806533621,True,7.1,False,7.1,False,7.199972806533621,True,7.1,False,7.14998640326681,7.12421554638561,True,True,0.5,0.2422213322326465,7.199972806533621,wind_stuck_7_days,2019
14044,US-Sne,US-Bi1,2019-07-22,5.40911265,6.8,6.8,0.04587540841387573,0.04587540841387573,0.20093315239442555,0.4499963827448661,-0.014262127418506673,-0.012972751252093656,-0.010390994209762274,-0.04587540841387572,1.0856841945296203,0.31946438429784235,6.8458754084138755,True,6.8458754084138755,True,6.8458754084138755,True,6.8,False,6.8,False,6.8,False,6.8,False,6.822937704206938,6.814368097107635,True,True,0.5,0.31319823854231177,6.8458754084138755,wind_stuck_7_days,2019
14045,US-Sne,US-Bi1,2019-07-30,6.1465634,6.7,6.7,0.049799862461310886,0.049799862461310886,0.11979108657036476,0.447804708055883,-0.023848487191120316,-0.025348968721287134,-0.010390994209762274,-0.04979986246131085,1.0856841945296203,0.31946438429784235,6.749799862461311,True,6.749799862461311,True,6.749799862461311,True,6.7,False,6.7,False,6.7,False,6.7,False,6.724899931230656,6.749799862461311,True,True,0.5,1.0,6.749799862461311,wind_stuck_7_days,2019
14046,US-Sne,US-Bi1,2019-08-07,6.25438127,6.9,6.9,0.3196378443358717,0.3196378443358717,0.13960021850245571,0.3275876778435065,-0.009008235964423962,-0.005921643611891087,-0.010390994209762274,-0.3196378443358717,1.0856841945296203,0.31946438429784235,7.219637844335872,True,7.219637844335872,True,7.219637844335872,True,6.9,False,6.9,False,6.9,False,6.9,False,7.059818922167937,6.975240218999625,True,True,0.5,0.2353920861778913,7.219637844335872,wind_stuck_7_days,2019
14047,US-Sne,US-Bi1,2019-08-15,6.84902985,7.4,7.4,0.5147526014037116,0.5147526014037116,0.1903076888560852,0.6999815985259943,0.04141852844456482,0.04413044396021741,-0.039067720204524814,-0.5147526014037116,1.0856841945296203,0.31946438429784235,7.914752601403712,True,7.914752601403712,True,7.914752601403712,True,7.914752601403712,True,7.914752601403712,True,7.914752601403712,True,7.4,False,7.6573763007018565,7.73627835992126,True,True,0.5,0.6532815162162192,7.914752601403712,wind_stuck_7_days,2019
14048,US-Sne,US-Bi1,2019-08-23,6.07537325,6.5,6.5,-0.03766737722191567,0.03766737722191567,0.19155670037180947,0.287163732207285,-0.02488028646089431,-0.025348968721287134,-0.010390994209762274,0.037667377221915654,1.0856841945296203,0.31946438429784235,6.462332622778084,True,6.462332622778084,True,6.462332622778084,True,6.5,False,6.5,False,6.5,False,6.5,False,6.4811663113890425,6.462332622778084,True,True,0.5,1.0,6.462332622778084,wind_stuck_7_days,2019
14049,US-Sne,US-Bi1,2019-08-31,5.48944798,6.3,6.3,-0.008377588168699861,0.008377588168699861,0.18513252108233388,0.4843120655546067,-0.023848487191120316,-0.025348968721287134,-0.010390994209762274,0.008377588168699823,1.0856841945296203,0.31946438429784235,6.2916224118313,True,6.2916224118313,True,6.2916224118313,True,6.3,False,6.3,False,6.3,False,6.3,False,6.2958112059156495,6.2916224118313,True,True,0.5,1.0,6.2916224118313,wind_stuck_7_days,2019
14050,US-Sne,US-Bi1,2019-09-08,5.33190815,5.6,5.6,0.09813516551222529,0.09813516551222529,0.18505469052341264,0.6827887497178995,-0.03263380598991116,-0.024871939255429132,-0.010390994209762274,-0.09813516551222529,1.0856841945296203,0.31946438429784235,5.698135165512225,True,5.698135165512225,True,5.698135165512225,True,5.6,False,5.6,False,5.6,False,5.6,False,5.649067582756112,5.698135165512225,True,True,0.5,1.0,5.698135165512225,wind_stuck_7_days,2019
14051,US-Sne,US-Bi1,2019-09-16,5.71247443,4.0,4.0,0.2561886997711811,0.2561886997711811,0.15262579780664032,0.48154012572756627,0.0005612132514767025,0.00339012225236169,-0.010390994209762274,0.2561886997711811,1.0856841945296203,0.31946438429784235,4.256188699771181,True,4.256188699771181,True,4.256188699771181,True,4.256188699771181,True,4.256188699771181,True,4.256188699771181,True,4.0,False,4.128094349885591,4.1585843433086795,True,True,0.5,0.6190138107196839,4.256188699771181,wind_stuck_7_days,2019
14052,US-Sne,US-Bi1,2019-09-24,6.11364698,5.8,5.8,0.024757602871033853,0.024757602871033853,0.336939880566979,0.739886255597395,-0.03263869336601491,-0.025537859442333423,-0.010390994209762274,0.024757602871033846,1.0856841945296203,0.31946438429784235,5.824757602871034,True,5.824757602871034,True,5.824757602871034,True,5.8,False,5.8,False,5.8,False,5.8,False,5.812378801435517,5.824757602871034,True,True,0.5,1.0,5.824757602871034,wind_stuck_7_days,2019
14053,US-Sne,US-Bi1,2019-10-02,3.44978615,3.9,3.9,-0.47233794314599653,0.47233794314599653,0.17046724649831185,0.4563370647995115,0.003962038832926644,0.00339012225236169,-0.010390994209762274,0.4280897568540033,1.0856841945296203,0.31946438429784235,3.4276620568540035,True,3.4276620568540035,True,3.4276620568540035,True,3.4276620568540035,True,3.4276620568540035,True,3.4276620568540035,True,3.9,False,3.6638310284270017,3.622599775177995,True,True,0.5,0.5872918507761345,3.4276620568540035,wind_stuck_7_days,2019
14054,US-Sne,US-Bi1,2019-10-10,6.71912745,4.9,4.9,-0.0022210940741264895,0.0022210940741264895,0.32091188499041795,0.7798434757327191,-0.010103098991464285,-0.0013148613419834772,-0.010390994209762274,-0.0022210940741265173,1.0856841945296203,0.31946438429784235,4.897778905925874,True,4.897778905925874,True,4.897778905925874,True,4.9,False,4.9,False,4.9,False,4.9,False,4.898889452962937,4.897778905925874,True,True,0.5,1.0,4.897778905925874,wind_stuck_7_days,2019
14055,US-Sne,US-Bi1,2019-10-18,3.50425724,2.7,2.7,-0.2928766172056168,0.2928766172056168,0.0985091228367453,0.3782365905249091,0.0005612132514767025,0.00339012225236169,-0.010390994209762274,-0.29287661720561675,1.0856841945296203,0.31946438429784235,2.407123382794383,True,2.407123382794383,True,2.407123382794383,True,2.407123382794383,True,2.407123382794383,True,2.407123382794383,True,2.7,False,2.5535616913971917,2.5737016556105807,True,True,0.5,0.4312339632793231,2.407123382794383,wind_stuck_7_days,2019
14056,US-Sne,US-Bi1,2019-10-26,3.07792363,3.3,3.3,0.04777549331029049,0.04777549331029049,0.2691353833169472,0.46240633815129756,0.004384027049924737,0.0024583747038272484,-0.010390994209762274,-0.04777549331029052,1.0856841945296203,0.31946438429784235,3.3477754933102903,True,3.3477754933102903,True,3.3477754933102903,True,3.3477754933102903,True,3.3477754933102903,True,3.3477754933102903,True,3.3,False,3.323887746655145,3.3477754933102903,True,True,0.5,1.0,3.3477754933102903,wind_stuck_7_days,2019
14057,US-Sne,US-Bi1,2019-11-03,1.99739176,2.3,2.3,-0.11426386406285938,0.11426386406285938,0.15732193889937748,0.48007760521757953,0.0005612132514767025,0.00339012225236169,-0.014311646000022736,0.11426386406285938,1.0856841945296203,0.31946438429784235,2.1857361359371406,True,2.1857361359371406,True,2.1857361359371406,True,2.1857361359371406,True,2.1857361359371406,True,2.1857361359371406,True,2.3,False,2.24286806796857,2.1857361359371406,True,True,0.5,1.0,2.1857361359371406,wind_stuck_7_days,2019
14058,US-Sne,US-Bi1,2019-11-19,4.89098097,2.3,2.3,-0.05598370996548545,0.05598370996548545,0.18034270341478015,0.5860017334489955,0.0005612132514767025,0.00339012225236169,-0.010390994209762274,-0.055983709965485406,1.0856841945296203,0.31946438429784235,2.2440162900345144,True,2.2440162900345144,True,2.2440162900345144,True,2.2440162900345144,True,2.2440162900345144,True,2.2440162900345144,True,2.3,False,2.272008145017257,2.2440162900345144,True,True,0.5,1.0,2.2440162900345144,wind_stuck_7_days,2019
15452,US-Var,SLM001,2019-01-03,0.39902021,0.1,0.1,0.09958755926662824,0.09958755926662824,0.1237124749839883,0.4043946303923109,0.04560641112575111,0.0516844187503824,-0.0122330808839564,0.09958755926662824,1.0856841945296203,0.31946438429784235,0.19958755926662824,True,0.19958755926662824,True,0.19958755926662824,True,0.19958755926662824,True,0.19958755926662824,True,0.19958755926662824,True,0.1,False,0.14979377963331414,0.19958755926662824,True,True,0.5,1.0,0.21297984795329622,wind_stuck_7_days,2019
15453,US-Var,SLM001,2019-01-12,0.74946967,0.3,0.3,0.16740365145938602,0.16740365145938602,0.09900017689630496,0.40950234884077463,0.022681716637791855,0.026405198648445823,-0.014311646000022736,0.16740365145938602,1.0856841945296203,0.31946438429784235,0.467403651459386,True,0.467403651459386,True,0.467403651459386,True,0.467403651459386,True,0.467403651459386,True,0.467403651459386,True,0.3,False,0.383701825729693,0.467403651459386,True,True,0.5,1.0,0.4730305384946668,wind_stuck_7_days,2019
15454,US-Var,SLM001,2019-01-27,0.78650846,0.7,0.7,0.08924004744863923,0.08924004744863923,0.10406034073931526,0.30055178597555077,0.0070243713816480315,0.007717923769237176,-0.014311646000022736,0.08377687255136079,1.0856841945296203,0.31946438429784235,0.7892400474486392,True,0.7892400474486392,True,0.7892400474486392,True,0.7892400474486392,True,0.7892400474486392,True,0.7892400474486392,True,0.7,False,0.7446200237243196,0.7892400474486392,True,True,0.5,1.0,0.7892400474486392,wind_stuck_7_days,2019
15455,US-Var,SLM001,2019-02-21,1.70988288,0.9,0.9,0.012749676182963462,0.012749676182963462,0.174508217644457,0.4338211437231888,0.0070243713816480315,0.007717923769237176,-0.010390994209762274,0.01274967618296341,1.0856841945296203,0.31946438429784235,0.9127496761829634,True,0.9127496761829634,True,0.9127496761829634,True,0.9127496761829634,True,0.9127496761829634,True,0.9127496761829634,True,0.9,False,0.9063748380914818,0.9127496761829634,True,True,0.5,1.0,0.9127496761829634,wind_stuck_7_days,2019
15456,US-Var,SLM001,2019-03-08,1.98648714,1.3,1.3,0.46460267868264776,0.46460267868264776,0.16344987136781267,0.48592481971470003,0.02832645383627996,0.02828592701413558,-0.014311646000022736,0.46460267868264776,1.0856841945296203,0.31946438429784235,1.7646026786826479,True,1.7646026786826479,True,1.7646026786826479,True,1.7646026786826479,True,1.7646026786826479,True,1.7646026786826479,True,1.3,False,1.5323013393413238,1.7646026786826479,True,True,0.5,1.0,1.7646026786826479,wind_stuck_7_days,2019
15457,US-Var,SLM001,2019-03-16,2.46767679,2.2,2.2,-0.07987035002657775,0.07987035002657775,0.18930154491783502,0.3190917223458417,0.0005612132514767025,0.00339012225236169,-0.014311646000022736,-0.07987035002657772,1.0856841945296203,0.31946438429784235,2.1201296499734226,True,2.1201296499734226,True,2.1201296499734226,True,2.1201296499734226,True,2.1201296499734226,True,2.1201296499734226,True,2.2,False,2.160064824986711,2.1201296499734226,True,True,0.5,1.0,2.1201296499734226,wind_stuck_7_days,2019
15458,US-Var,SLM001,2019-03-17,2.38474439,2.8,2.8,-0.36512887594784654,0.36512887594784654,0.1530560215551039,0.463143522394151,0.0005612132514767025,0.00339012225236169,-0.014311646000022736,0.36512887594784654,1.0856841945296203,0.31946438429784235,2.4348711240521532,True,2.4348711240521532,True,2.4348711240521532,True,2.4348711240521532,True,2.4348711240521532,True,2.4348711240521532,True,2.8,False,2.6174355620260767,2.633537713299323,True,True,0.5,0.45590008806768073,2.4369179199484305,wind_stuck_7_days,2019
15459,US-Var,SLM001,2019-03-24,2.30127842,1.3,1.3,0.5168249081090972,0.5168249081090972,0.1506367489280646,0.452259681655791,0.02832645383627996,0.02828592701413558,-0.011164402317423168,0.5168249081090972,1.0856841945296203,0.31946438429784235,1.8168249081090972,True,1.8168249081090972,True,1.8168249081090972,True,1.8168249081090972,True,1.8168249081090972,True,1.8168249081090972,True,1.3,False,1.5584124540545488,1.7221104582043067,True,True,0.5,0.8167378382529562,1.8168249081090972,wind_stuck_7_days,2019
15460,US-Var,SLM001,2019-04-09,3.72314055,3.1,3.1,0.11087232654723703,0.11087232654723703,0.24243226631985057,0.6383744893721849,0.006693592209266698,-0.0047368507019783755,-0.010390994209762274,0.110872326547237,1.0856841945296203,0.31946438429784235,3.210872326547237,True,3.210872326547237,True,3.210872326547237,True,3.210872326547237,True,3.210872326547237,True,3.1,False,3.1,False,3.1554361632736185,3.210872326547237,True,True,0.5,1.0,3.210872326547237,wind_stuck_7_days,2019
15461,US-Var,SLM001,2019-04-17,3.47493099,4.2,4.2,-0.8548849616610052,0.8548849616610052,0.18111481971947327,0.4881099981030517,0.008603822404825863,0.050676974663048505,-0.08905261163375462,0.5952530583389954,1.0856841945296203,0.31946438429784235,3.345115038338995,True,3.345115038338995,True,3.345115038338995,True,3.345115038338995,True,3.345115038338995,True,3.345115038338995,True,4.2,False,3.7725575191694976,3.9243568525678314,True,True,0.5,0.32243302876284746,3.345115038338995,wind_stuck_7_days,2019
15462,US-Var,SLM001,2019-04-18,3.82241084,3.9,3.9,-0.5626985115747327,0.5626985115747327,0.20485433495858532,0.3313043318696545,0.007215279277695741,0.00339012225236169,-0.03161647919987955,-0.4075201915747326,1.0856841945296203,0.31946438429784235,3.3373014884252674,True,3.3373014884252674,True,3.3373014884252674,True,3.3373014884252674,True,3.3373014884252674,True,3.3373014884252674,True,3.9,False,3.6186507442126334,3.61374373346174,True,True,0.5,0.5087204971222706,3.3373014884252674,wind_stuck_7_days,2019
15463,US-Var,SLM001,2019-04-25,4.42996993,4.9,4.9,-1.0074949763937853,1.0074949763937853,0.1432043395937755,0.3493466755808582,0.14359004120939844,0.12969235091163503,-0.09210411674724514,-0.06743483639378534,1.0856841945296203,0.31946438429784235,3.892505023606215,True,3.892505023606215,True,3.892505023606215,True,3.892505023606215,True,3.892505023606215,True,3.892505023606215,True,4.9,False,4.396252511803108,4.337667509700735,True,True,0.5,0.558149175405392,3.892505023606215,wind_stuck_7_days,2019
15464,US-Var,SLM001,2019-04-26,4.350735,4.4,4.4,-0.45230104328706505,0.45230104328706505,0.20019258964003406,0.4094023054880941,0.007215279277695741,0.00339012225236169,-0.010390994209762274,-0.3537710432870648,1.0856841945296203,0.31946438429784235,3.9476989567129355,True,3.9476989567129355,True,3.9476989567129355,True,3.9476989567129355,True,3.9476989567129355,True,3.9476989567129355,True,4.4,False,4.173849478356468,4.101399824635692,True,True,0.5,0.6601801605281599,3.9476989567129355,wind_stuck_7_days,2019
15465,US-Var,SLM001,2019-05-04,3.51466835,4.0,4.0,-0.5110457190503224,0.5110457190503224,0.11194304851165778,0.4124486072804018,0.003962038832926644,0.00339012225236169,-0.007243750527162707,0.45961758094967764,1.0856841945296203,0.31946438429784235,3.4889542809496774,True,3.4889542809496774,True,3.4889542809496774,True,3.4889542809496774,True,3.4889542809496774,True,3.4889542809496774,True,4.0,False,3.7444771404748387,3.7400059451615597,True,True,0.5,0.5087491102001359,3.4889542809496774,wind_stuck_7_days,2019
15466,US-Var,SLM001,2019-05-11,2.26903916,3.8,3.8,-0.7470810244290405,0.7470810244290405,0.12804543158642684,0.464665081490529,-0.05301695313201273,-0.11560520988001183,-0.08905261163375462,0.7470810244290405,1.0856841945296203,0.31946438429784235,3.052918975570959,True,3.052918975570959,True,3.052918975570959,True,3.8,False,3.8,False,3.8,False,3.8,False,3.4264594877854795,3.558348154885615,True,True,0.5,0.32346136123463753,3.052918975570959,wind_stuck_7_days,2019
15467,US-Var,SLM001,2019-05-12,2.26789337,4.5,4.5,-0.8782684322548973,0.8782684322548973,0.15188538872362434,0.3219954942901575,-0.05301695313201273,-0.08462264624106214,-0.08905261163375462,0.8782684322548973,1.0856841945296203,0.31946438429784235,3.621731567745103,True,3.621731567745103,True,3.621731567745103,True,4.5,False,4.5,False,4.5,False,4.5,False,4.0608657838725515,4.271611707720857,True,True,0.5,0.26004383613421106,3.621731567745103,wind_stuck_7_days,2019
15468,US-Var,SLM001,2019-06-04,3.41265649,4.8,4.8,-0.3087359508741801,0.3087359508741801,0.17901611301237008,0.623002579242824,-0.0036713231707006504,-0.02518259375457071,-0.010390994209762274,0.30873595087418004,1.0856841945296203,0.31946438429784235,4.49126404912582,True,4.49126404912582,True,4.49126404912582,True,4.8,False,4.8,False,4.8,False,4.8,False,4.64563202456291,4.6692319669573115,True,True,0.5,0.42355946132098143,4.49126404912582,wind_stuck_7_days,2019
15469,US-Var,SLM001,2019-06-05,3.64442416,3.9,3.9,-0.8445701144655917,0.8445701144655917,0.24769588504986434,0.5427766954834199,-0.11854256994582282,-0.1723880960872726,-0.07243153519151346,-0.3334184344655915,1.0856841945296203,0.31946438429784235,3.055429885534408,True,3.055429885534408,True,3.055429885534408,True,3.9,False,3.9,False,3.9,False,3.9,False,3.477714942767204,3.861293146286518,True,True,0.5,0.04583024316219611,3.055429885534408,wind_stuck_7_days,2019
15470,US-Var,SLM001,2019-06-12,2.91043709,3.6,3.6,-0.9413712814094974,0.9413712814094974,0.156987524677293,0.5996412888686706,-0.12230155877502613,-0.1723880960872726,-0.1159065928047979,0.43775453859050306,1.0856841945296203,0.31946438429784235,2.658628718590503,True,2.658628718590503,True,2.658628718590503,True,3.6,False,3.6,False,3.6,False,3.6,False,3.1293143592952513,3.4308526967516246,True,True,0.5,0.1796818179912122,2.658628718590503,wind_stuck_7_days,2019
15471,US-Var,SLM001,2019-06-13,1.70946609,3.4,3.4,-1.4687871838322242,1.4687871838322242,0.24863673434896552,0.3671442439738267,-0.29462219710486853,-0.23040653567260028,-0.16894887891806942,1.4687871838322242,1.0856841945296203,0.31946438429784235,1.9312128161677757,True,1.9312128161677757,True,1.9312128161677757,True,3.4,False,3.4,False,3.4,False,3.4,False,2.665606408083888,3.4,True,False,0.5,0.0,1.9312128161677757,wind_stuck_7_days,2019
15472,US-Var,SLM001,2019-06-20,0.91183795,3.2,3.2,-1.7054082568524191,1.7054082568524191,0.21554123321084115,0.28869943268262527,-0.09724959045985154,0.06316902934914134,-0.22698042729570878,1.7054082568524191,1.0856841945296203,0.31946438429784235,1.494591743147581,True,1.494591743147581,True,1.494591743147581,True,3.2,False,3.2,False,1.494591743147581,True,3.2,False,2.347295871573791,2.405070073071578,True,True,0.5,0.46612294958368616,1.494591743147581,wind_stuck_7_days,2019
15473,US-Var,SLM001,2019-06-21,0.93758773,2.5,2.5,-0.7461789385789386,0.7461789385789386,0.22101852730580057,0.37432977735676604,-0.11854256994582282,-0.1723880960872726,-0.11157650403802369,0.7461789385789386,1.0856841945296203,0.31946438429784235,1.7538210614210614,True,1.7538210614210614,True,1.7538210614210614,True,2.5,False,2.5,False,2.5,False,2.5,False,2.1269105307105307,2.4398632475630087,True,True,0.5,0.08059293733419871,1.7538210614210614,wind_stuck_7_days,2019
15474,US-Var,SLM001,2019-06-29,0.50972415,2.5,2.5,-0.5431727241780016,0.5431727241780016,0.16703493980995557,0.34658481794937523,-0.0532172668036228,-0.030547295238481625,-0.007243750527162707,0.5431727241780016,1.0856841945296203,0.31946438429784235,1.9568272758219984,True,1.9568272758219984,True,1.9568272758219984,True,2.5,False,2.5,False,2.5,False,2.5,False,2.2284136379109993,2.3130994244138976,True,True,0.5,0.34409050246207434,1.9568272758219984,wind_stuck_7_days,2019
15475,US-Var,SLM001,2019-07-06,0.5076055,2.1,2.1,-1.1865814792268945,1.1865814792268945,0.19354399081916165,0.33332807228892325,-0.27254298276636096,-0.22523602680961766,-0.196640811710764,1.1865814792268945,1.0856841945296203,0.31946438429784235,0.9134185207731056,True,0.9134185207731056,True,0.9134185207731056,True,2.1,False,2.1,False,2.1,False,2.1,False,1.5067092603865528,2.1,True,False,0.5,0.0,0.9134185207731056,wind_stuck_7_days,2019
15476,US-Var,SLM001,2019-07-14,0.31118275,1.2,1.2,-0.9014959176051274,0.9014959176051274,0.10211361351575321,0.30228460967760135,-0.06317270691875185,-0.08217623196765689,-0.11157650403802369,0.8761385823948726,1.0856841945296203,0.31946438429784235,0.2985040823948726,True,0.2985040823948726,True,0.2985040823948726,True,1.2,False,1.2,False,1.2,False,1.2,False,0.7492520411974363,1.043975959950416,True,True,0.5,0.17307237559552158,0.2985040823948726,wind_stuck_7_days,2019
15477,US-Var,SLM001,2019-07-15,0.26211591,2.3,2.3,-1.3802356603211465,1.3802356603211465,0.1400121442382912,0.3457945687048083,-0.298381185934072,-0.23040653567260028,-0.1863156029926585,1.3802356603211465,1.0856841945296203,0.31946438429784235,0.9197643396788533,True,0.9197643396788533,True,0.9197643396788533,True,2.3,False,2.3,False,2.3,False,2.3,False,1.6098821698394266,2.269444106046382,True,True,0.5,0.022138171641289343,0.9197643396788533,wind_stuck_7_days,2019
15478,US-Var,SLM001,2019-07-22,0.21007471,2.0,2.0,-1.4606051769777264,1.4606051769777264,0.208461182194322,0.3816998801822757,-0.29462219710486853,-0.23040653567260028,-0.2606681826000155,1.4606051769777264,1.0856841945296203,0.31946438429784235,0.5393948230222736,True,0.5393948230222736,True,0.5393948230222736,True,2.0,False,2.0,False,2.0,False,2.0,False,1.2696974115111368,1.9714258627406673,True,True,0.5,0.01956321784266025,0.5393948230222736,wind_stuck_7_days,2019
15479,US-Var,SLM001,2019-07-23,0.21711111,1.1,1.1,-0.5666165116888694,0.5666165116888694,0.22237173649423436,0.2844014821514765,-0.016878950070483102,0.006635101307197004,-0.041112030026763995,0.5666165116888694,1.0856841945296203,0.31946438429784235,0.5333834883111307,True,0.5333834883111307,True,0.5333834883111307,True,1.1,False,1.1,False,0.5333834883111307,True,1.1,False,0.8166917441555654,0.9216882184502372,True,True,0.5,0.3146957031278227,0.5333834883111307,wind_stuck_7_days,2019
15480,US-Var,SLM001,2019-07-30,0.199477,1.6,1.6,-1.3651528898787484,1.3651528898787484,0.1253752373000671,0.2497570675402895,-0.3525162624761747,-0.18260317919444358,-0.1863156029926585,1.3651528898787484,1.0856841945296203,0.31946438429784235,0.2348471101212517,True,0.2348471101212517,True,0.2348471101212517,True,1.6,False,1.6,False,1.6,False,1.6,False,0.9174235550606259,1.6,True,False,0.5,0.0,0.2348471101212517,wind_stuck_7_days,2019
15481,US-Var,SLM001,2019-07-31,0.14226524,2.3,2.3,-1.3979033378753045,1.3979033378753045,0.13161309668873059,0.37766038306538546,-0.298381185934072,-0.23040653567260028,-0.1863156029926585,1.3979033378753045,1.0856841945296203,0.31946438429784235,0.9020966621246953,True,0.9020966621246953,True,0.9020966621246953,True,2.3,False,2.3,False,2.3,False,2.3,False,1.6010483310623476,2.2690529759681852,True,True,0.5,0.022138171641289343,0.9020966621246953,wind_stuck_7_days,2019
15482,US-Var,SLM001,2019-08-07,0.11648407,1.8,1.8,-0.9798255850425939,0.9798255850425939,0.09717122299528923,0.3419231684612261,-0.12230155877502613,-0.155243801868016,-0.11157650403802369,0.9798255850425939,1.0856841945296203,0.31946438429784235,0.8201744149574062,True,0.8201744149574062,True,0.8201744149574062,True,1.8,False,1.8,False,1.8,False,1.8,False,1.310087207478703,1.6698927701375093,True,True,0.5,0.13278611198628273,0.8201744149574062,wind_stuck_7_days,2019
15483,US-Var,SLM001,2019-08-08,0.11077187,2.6,2.6,-1.0638496289558943,1.0638496289558943,0.178740740580006,0.2934046556055695,-0.1613729186021555,-0.16758248197150843,-0.12154258447105899,1.0638496289558943,1.0856841945296203,0.31946438429784235,1.5361503710441058,True,1.5361503710441058,True,1.5361503710441058,True,2.6,False,2.6,False,2.6,False,2.6,False,2.068075185522053,2.6,True,False,0.5,0.0,1.5361503710441058,wind_stuck_7_days,2019
15484,US-Var,SLM001,2019-08-15,0.04792808,1.0,1.0,-0.5586847276717254,0.5586847276717254,0.14789858154611976,0.5502337889443959,-0.023584279622681295,0.006635101307197004,-0.041112030026763995,0.5586847276717254,1.0856841945296203,0.31946438429784235,0.4413152723282746,True,0.4413152723282746,True,0.4413152723282746,True,1.0,False,1.0,False,0.4413152723282746,True,1.0,False,0.7206576361641372,0.8079975203440516,True,True,0.5,0.34366874579891166,0.4413152723282746,wind_stuck_7_days,2019
15485,US-Var,SLM001,2019-08-16,0.12421068,1.6,1.6,-0.7425079217343596,0.7425079217343596,0.19420682781048387,0.501921729364555,-0.1075769649602101,-0.1452220795483647,-0.11157650403802369,0.7425079217343596,1.0856841945296203,0.31946438429784235,0.8574920782656404,True,0.8574920782656404,True,0.8574920782656404,True,1.6,False,1.6,False,1.6,False,1.6,False,1.2287460391328202,1.4470636983869716,True,True,0.5,0.20597261946485076,0.8574920782656404,wind_stuck_7_days,2019
15486,US-Var,SLM001,2019-08-23,0.13021088,1.2,1.2,-0.602672164594637,0.602672164594637,0.1358100036115537,0.23925193520768354,-0.023584279622681295,0.006635101307197004,-0.041112030026763995,0.602672164594637,1.0856841945296203,0.31946438429784235,0.5973278354053629,True,0.5973278354053629,True,0.5973278354053629,True,1.2,False,1.2,False,0.5973278354053629,True,1.2,False,0.8986639177026814,1.0181827845750657,True,True,0.5,0.3016851052797937,0.5973278354053629,wind_stuck_7_days,2019
15487,US-Var,SLM001,2019-08-24,0.12442105,1.8,1.8,-0.8485743590187933,0.8485743590187933,0.10132481375329574,0.3103532999389881,-0.12230155877502613,-0.155243801868016,-0.11157650403802369,0.8485743590187933,1.0856841945296203,0.31946438429784235,0.9514256409812067,True,0.9514256409812067,True,0.9514256409812067,True,1.8,False,1.8,False,1.8,False,1.8,False,1.3757128204906035,1.7124694407614673,True,True,0.5,0.1031501344675844,0.9514256409812067,wind_stuck_7_days,2019
15488,US-Var,SLM001,2019-08-31,0.07441595,1.1,1.1,-0.6402282689929747,0.6402282689929747,0.09646053239377685,0.24213772437224343,-0.017007940715364857,-0.004227102440206958,-0.041112030026763995,0.6402282689929747,1.0856841945296203,0.31946438429784235,0.4597717310070254,True,0.4597717310070254,True,0.4597717310070254,True,1.1,False,1.1,False,1.1,False,1.1,False,0.7798858655035128,0.9243349366857555,True,True,0.5,0.2743787986596577,0.4597717310070254,wind_stuck_7_days,2019
15489,US-Var,SLM001,2019-09-01,0.08809976,1.0,1.0,-0.6566359444520886,0.6566359444520886,0.1397032787799632,0.26445450244828356,-0.03536763960591907,-0.08100353385602191,-0.041112030026763995,0.6566359444520886,1.0856841945296203,0.31946438429784235,0.3433640555479114,True,0.3433640555479114,True,0.3433640555479114,True,1.0,False,1.0,False,1.0,False,1.0,False,0.6716820277739557,0.8184712717079379,True,True,0.5,0.27645262161749856,0.3433640555479114,wind_stuck_7_days,2019
15490,US-Var,SLM001,2019-09-08,0.06932195,1.5,1.5,-0.4997129747701825,0.4997129747701825,0.17661486726169334,0.4488288599110259,0.003962038832926644,0.00339012225236169,-0.007243750527162707,0.4997129747701825,1.0856841945296203,0.31946438429784235,1.0002870252298175,True,1.0002870252298175,True,1.0002870252298175,True,1.0002870252298175,True,1.0002870252298175,True,1.0002870252298175,True,1.5,False,1.2501435126149087,1.2334725387603058,True,True,0.5,0.5333610986632275,1.0002870252298175,wind_stuck_7_days,2019
15491,US-Var,SLM001,2019-09-09,0.08447212,1.0,1.0,-0.16276443621395728,0.16276443621395728,0.1147457765623327,0.4195417146304877,0.0070243713816480315,0.007717923769237176,-0.010390994209762274,0.1627644362139573,1.0856841945296203,0.31946438429784235,0.8372355637860427,True,0.8372355637860427,True,0.8372355637860427,True,0.8372355637860427,True,0.8372355637860427,True,0.8372355637860427,True,1.0,False,0.9186177818930213,0.8372355637860427,True,True,0.5,1.0,0.8372355637860427,wind_stuck_7_days,2019
15492,US-Var,SLM001,2019-09-24,0.47437723,0.8,0.8,-0.20581985059992455,0.20581985059992455,0.12512663985210876,0.3440425648130468,0.0070243713816480315,0.007717923769237176,-0.010390994209762274,0.20581985059992455,1.0856841945296203,0.31946438429784235,0.5941801494000755,True,0.5941801494000755,True,0.5941801494000755,True,0.5941801494000755,True,0.5941801494000755,True,0.5941801494000755,True,0.8,False,0.6970900747000378,0.6346211489832635,True,True,0.5,0.8035126375550735,0.5941801494000755,wind_stuck_7_days,2019
15493,US-Var,SLM001,2019-09-25,0.41472445,0.4,0.4,0.048431032499123866,0.048431032499123866,0.100774932739384,0.38453335331597094,0.022681716637791855,0.026405198648445823,-0.010390994209762274,-0.018982132499123866,1.0856841945296203,0.31946438429784235,0.44843103249912386,True,0.44843103249912386,True,0.44843103249912386,True,0.44843103249912386,True,0.44843103249912386,True,0.44843103249912386,True,0.4,False,0.42421551624956194,0.44843103249912386,True,True,0.5,1.0,0.44843103249912386,wind_stuck_7_days,2019
15494,US-Var,SLM001,2019-10-02,0.23872555,0.6,0.6,-0.1850604953462454,0.1850604953462454,0.13351471528589698,0.4602540596686417,0.0070243713816480315,0.007717923769237176,-0.014311646000022736,0.1850604953462454,1.0856841945296203,0.31946438429784235,0.41493950465375457,True,0.41493950465375457,True,0.41493950465375457,True,0.41493950465375457,True,0.41493950465375457,True,0.41493950465375457,True,0.6,False,0.5074697523268773,0.42983475744985067,True,True,0.5,0.919511439930887,0.41493950465375457,wind_stuck_7_days,2019
15495,US-Var,SLM001,2019-10-10,0.1628086,0.5,0.5,-0.10332930568634077,0.10332930568634077,0.10184080107771384,0.3642057843376672,0.015234236614057683,0.017704285332879113,-0.010390994209762274,0.10332930568634077,1.0856841945296203,0.31946438429784235,0.3966706943136592,True,0.3966706943136592,True,0.3966706943136592,True,0.3966706943136592,True,0.3966706943136592,True,0.3966706943136592,True,0.5,False,0.4483353471568296,0.3966706943136592,True,True,0.5,1.0,0.3966706943136592,wind_stuck_7_days,2019
15496,US-Var,SLM001,2019-10-11,0.16531446,0.3,0.3,-0.0812791099499214,0.0812791099499214,0.1377493763931382,0.42887924060065596,0.022681716637791855,0.026405198648445823,-0.014311646000022736,0.0812791099499214,1.0856841945296203,0.31946438429784235,0.2187208900500786,True,0.2187208900500786,True,0.2187208900500786,True,0.2187208900500786,True,0.2187208900500786,True,0.2187208900500786,True,0.3,False,0.2593604450250393,0.2187208900500786,True,True,0.5,1.0,0.22239289906453721,wind_stuck_7_days,2019
15497,US-Var,SLM001,2019-10-18,0.0970724,0.8,0.8,-0.14568198670950464,0.14568198670950464,0.11088005527530098,0.26046456408982943,0.0070243713816480315,0.007717923769237176,-0.014311646000022736,0.1456819867095046,1.0856841945296203,0.31946438429784235,0.6543180132904954,True,0.6543180132904954,True,0.6543180132904954,True,0.6543180132904954,True,0.6543180132904954,True,0.6543180132904954,True,0.8,False,0.7271590066452477,0.6543180132904954,True,True,0.5,1.0,0.6543180132904954,wind_stuck_7_days,2019
15498,US-Var,SLM001,2019-10-27,0.14868576,0.2,0.2,0.17086149489484687,0.17086149489484687,0.19505304090701817,0.6505517506608525,0.06463460491829691,0.048608667962104175,0.019575474369960637,-0.17086149489484687,1.0856841945296203,0.31946438429784235,0.3708614948948469,True,0.3708614948948469,True,0.3708614948948469,True,0.3708614948948469,True,0.3708614948948469,True,0.3708614948948469,True,0.3708614948948469,True,0.28543074744742347,0.3708614948948469,True,True,0.5,1.0,0.3708614948948469,wind_stuck_7_days,2019
15499,US-Var,SLM001,2019-11-03,0.14119114,0.2,0.2,-0.10577454264988954,0.10577454264988954,0.13277440032075236,0.3794758208063468,0.04560641112575111,0.0516844187503824,-0.0122330808839564,0.011843177350110493,1.0856841945296203,0.31946438429784235,0.09422545735011047,True,0.09422545735011047,True,0.09422545735011047,True,0.09422545735011047,True,0.09422545735011047,True,0.09422545735011047,True,0.2,False,0.14711272867505523,0.09422545735011047,True,True,0.5,1.0,0.08990633872503109,wind_stuck_7_days,2019
15500,US-Var,SLM001,2019-11-04,0.24949091,0.5,0.5,-0.13665103106260107,0.13665103106260107,0.12237568907572309,0.4196444860664627,0.015234236614057683,0.017704285332879113,-0.014311646000022736,0.13665103106260107,1.0856841945296203,0.31946438429784235,0.36334896893739893,True,0.36334896893739893,True,0.36334896893739893,True,0.36334896893739893,True,0.36334896893739893,True,0.36334896893739893,True,0.5,False,0.4316744844686995,0.36334896893739893,True,True,0.5,1.0,0.3579411964065132,wind_stuck_7_days,2019
15501,US-Var,SLM001,2019-11-11,0.04661005,0.1,0.1,-0.01083368847846985,0.01083368847846985,0.14056880270217098,0.3824100704638784,0.04560641112575111,0.0516844187503824,-0.0122330808839564,0.010833688478469848,1.0856841945296203,0.31946438429784235,0.08916631152153015,True,0.08916631152153015,True,0.08916631152153015,True,0.08916631152153015,True,0.08916631152153015,True,0.08916631152153015,True,0.1,False,0.09458315576076508,0.08916631152153015,True,True,0.5,1.0,0.08916631152153015,wind_stuck_7_days,2019
15502,US-Var,SLM001,2019-11-12,0.05769143,0.6,0.6,-0.01204477054561055,0.01204477054561055,0.06524303550082469,0.338641976187618,0.0070243713816480315,0.007717923769237176,-0.014311646000022736,0.012044770545610595,1.0856841945296203,0.31946438429784235,0.5879552294543894,True,0.5879552294543894,True,0.5879552294543894,True,0.5879552294543894,True,0.5879552294543894,True,0.5879552294543894,True,0.6,False,0.5939776147271947,0.5879552294543894,True,True,0.5,1.0,0.5879552294543894,wind_stuck_7_days,2019
15503,US-Var,SLM001,2019-12-06,0.62178339,0.2,0.2,0.863062852190045,0.863062852190045,0.2388089025629868,0.8186142226104843,0.16765701953473627,0.16089876444210555,-0.11963896440607223,-0.0194960721900449,1.0856841945296203,0.31946438429784235,1.063062852190045,True,1.063062852190045,True,1.063062852190045,True,1.063062852190045,True,1.063062852190045,True,1.063062852190045,True,0.2,False,0.6315314260950224,0.9056160070613128,True,True,0.5,0.8175719824700988,1.063062852190045,wind_stuck_7_days,2019
15504,US-Var,SLM001,2019-12-14,0.49763805,0.9,0.9,0.21537588675227534,0.21537588675227534,0.13914791053225628,0.547469041682941,0.0070243713816480315,0.007717923769237176,-0.014311646000022736,-0.21537588675227531,1.0856841945296203,0.31946438429784235,1.1153758867522754,True,1.1153758867522754,True,1.1153758867522754,True,1.1153758867522754,True,1.1153758867522754,True,1.1153758867522754,True,0.9,False,1.0076879433761377,1.083814329279097,True,True,0.5,0.8534582587256831,1.1204148725661933,wind_stuck_7_days,2019
15505,US-Var,SLM001,2019-12-30,0.32451265,0.8,0.8,0.05821636878067935,0.05821636878067935,0.11812897395404713,0.41514525684544373,0.0070243713816480315,0.007717923769237176,-0.014311646000022736,-0.05821636878067932,1.0856841945296203,0.31946438429784235,0.8582163687806794,True,0.8582163687806794,True,0.8582163687806794,True,0.8582163687806794,True,0.8582163687806794,True,0.8582163687806794,True,0.8,False,0.8291081843903397,0.8582163687806794,True,True,0.5,1.0,0.8704696664716921,wind_stuck_7_days,2019
15692,US-WCr,US-WCr,2019-05-06,1.05594612,1.5,1.5,0.495839504898467,0.495839504898467,0.23598088098130754,0.4484597958017444,0.04567886599025721,0.042087924060766,-0.011164402317423168,-0.49583950489846695,1.0856841945296203,0.31946438429784235,1.995839504898467,True,1.995839504898467,True,1.995839504898467,True,1.995839504898467,True,1.995839504898467,True,1.995839504898467,True,1.5,False,1.7479197524492336,1.9431762933078733,True,True,0.5,0.8937898028085165,1.995839504898467,wind_stuck_7_days,2019
15693,US-WCr,US-WCr,2019-05-30,3.03235699,4.3,4.3,-0.3915206195479234,0.3915206195479234,0.2153857242784431,0.43442493715083846,0.012646997916886725,0.00339012225236169,-0.010390994209762274,0.3915206195479234,1.0856841945296203,0.31946438429784235,3.9084793804520763,True,3.9084793804520763,True,3.9084793804520763,True,3.9084793804520763,True,3.9084793804520763,True,3.9084793804520763,True,4.3,False,4.104239690226038,4.131793516804319,True,True,0.5,0.42962356207420943,3.9084793804520763,wind_stuck_7_days,2019
15694,US-WCr,US-WCr,2019-06-07,4.84693785,5.8,5.8,-0.7629973390315985,0.7629973390315985,0.14832708478660184,0.36864776039483954,-0.01612249096449173,-0.02363804899255451,-0.08905261163375462,0.7629973390315985,1.0856841945296203,0.31946438429784235,5.037002660968401,True,5.037002660968401,True,5.037002660968401,True,5.8,False,5.8,False,5.8,False,5.8,False,5.418501330484201,5.526216950810762,True,True,0.5,0.3588256933329867,5.037002660968401,wind_stuck_7_days,2019
15695,US-WCr,US-WCr,2019-06-15,4.13692293,4.9,4.9,-0.5330051738093539,0.5330051738093539,0.38564445653101576,0.6330996134338787,-0.019336870641791248,-0.03299187057495994,-0.027422145357804645,0.5330051738093539,1.0856841945296203,0.31946438429784235,4.366994826190647,True,4.9,False,4.366994826190647,True,4.9,False,4.9,False,4.9,False,4.9,False,4.6334974130953235,4.9,True,False,0.5,0.0,4.366994826190647,wind_stuck_7_days,2019
15696,US-WCr,US-WCr,2019-08-02,5.60087094,4.5,4.5,0.9273084059099899,0.9273084059099899,0.11834478643914131,0.4145894010656539,-0.04499980355280974,-0.008410050934111476,-0.07413379920753986,0.9273084059099899,1.0856841945296203,0.31946438429784235,5.42730840590999,True,5.42730840590999,True,5.42730840590999,True,4.5,False,4.5,False,4.5,False,4.5,False,4.963654202954995,4.785280503000837,True,True,0.5,0.30764360722135836,5.42730840590999,wind_stuck_7_days,2019
15697,US-WCr,US-WCr,2019-08-10,6.01062832,4.2,4.2,0.6654390720676834,0.6654390720676834,0.2136234350476934,0.46258439396918183,0.07456681106316543,0.045602359561223105,-0.016697666773664827,0.6654390720676835,1.0856841945296203,0.31946438429784235,4.865439072067684,True,4.865439072067684,True,4.865439072067684,True,4.865439072067684,True,4.865439072067684,True,4.865439072067684,True,4.2,False,4.5327195360338415,4.707165279595988,True,True,0.5,0.7621513386944659,4.865439072067684,wind_stuck_7_days,2019
16056,US-Wkg,US-CMW,2019-01-04,0.63189798,0.2,0.2,0.10570543425878083,0.10570543425878083,0.11970989910217229,0.26957946174951797,0.04560641112575111,0.0516844187503824,-0.0122330808839564,0.10570543425878082,1.0856841945296203,0.31946438429784235,0.30570543425878083,True,0.30570543425878083,True,0.30570543425878083,True,0.30570543425878083,True,0.30570543425878083,True,0.30570543425878083,True,0.2,False,0.25285271712939045,0.30570543425878083,True,True,0.5,1.0,0.30570543425878083,wind_stuck_7_days,2019
16057,US-Wkg,US-CMW,2019-01-20,0.33566073,0.4,0.4,-0.08977173937007589,0.08977173937007589,0.14827799460239863,0.26386213928476426,0.022681716637791855,0.026405198648445823,-0.010390994209762274,0.03890680062992412,1.0856841945296203,0.31946438429784235,0.31022826062992415,True,0.31022826062992415,True,0.31022826062992415,True,0.31022826062992415,True,0.31022826062992415,True,0.31022826062992415,True,0.4,False,0.3551141303149621,0.31022826062992415,True,True,0.5,1.0,0.31022826062992415,wind_stuck_7_days,2019
16058,US-Wkg,US-CMW,2019-01-28,0.2632714,0.6,0.6,-0.2859747046319251,0.2859747046319251,0.08370740419195098,0.27353510595677955,0.0070243713816480315,0.007717923769237176,-0.011708511226739469,0.2859747046319251,1.0856841945296203,0.31946438429784235,0.3140252953680749,True,0.3140252953680749,True,0.3140252953680749,True,0.3140252953680749,True,0.3140252953680749,True,0.3140252953680749,True,0.6,False,0.45701264768403743,0.4695998598208739,True,True,0.5,0.4559848758195683,0.3140252953680749,wind_stuck_7_days,2019
16059,US-Wkg,US-CMW,2019-03-25,0.86762611,1.1,1.1,-0.3961187395041329,0.3961187395041329,0.12024632447303606,0.3031835257529011,0.011869707156689677,0.017467153214533713,-0.010390994209762274,0.06862904049586727,1.0856841945296203,0.31946438429784235,0.7038812604958672,True,0.7038812604958672,True,0.7038812604958672,True,0.7038812604958672,True,0.7038812604958672,True,0.7038812604958672,True,1.1,False,0.9019406302479336,0.9376208767134089,True,True,0.5,0.409925376138124,0.7038812604958672,wind_stuck_7_days,2019
16060,US-Wkg,US-CMW,2019-04-02,1.22454181,1.4,1.4,-0.7907837057811646,0.7907837057811646,0.12497161613338544,0.42529989072381263,-0.06317270691875185,-0.08217623196765689,-0.11157650403802369,-0.43986732578116494,1.0856841945296203,0.31946438429784235,0.6092162942188353,True,0.6092162942188353,True,0.6092162942188353,True,1.4,False,1.4,False,1.4,False,1.4,False,1.0046081471094177,1.2608208945933086,True,True,0.5,0.1760014835778705,0.6092162942188353,wind_stuck_7_days,2019
16061,US-Wkg,US-CMW,2019-04-10,1.02464156,1.8,1.8,-0.5859057490822311,0.5859057490822311,0.27533470512272445,0.7258207332260049,-0.09009449684179108,-0.04530719023851691,-0.054081601792589036,0.5859057490822311,1.0856841945296203,0.31946438429784235,1.214094250917769,True,1.214094250917769,True,1.214094250917769,True,1.8,False,1.8,False,1.8,False,1.8,False,1.5070471254588844,1.6968119945906264,True,True,0.5,0.17611707270496732,1.1081364454079816,wind_stuck_7_days,2019
16062,US-Wkg,US-CMW,2019-04-18,1.73008612,2.0,2.0,-0.6611373976453679,0.6611373976453679,0.17186586577364374,0.37356345604051516,-0.00782132115031113,-0.08881636272151283,-0.041112030026763995,-0.12130963764536784,1.0856841945296203,0.31946438429784235,1.3388626023546322,True,1.3388626023546322,True,1.3388626023546322,True,2.0,False,2.0,False,2.0,False,2.0,False,1.669431301177316,1.7999855769566797,True,True,0.5,0.30253079580079567,1.3388626023546322,wind_stuck_7_days,2019
16063,US-Wkg,US-CMW,2019-04-26,1.58251673,2.2,2.2,-1.1687740824505661,1.1687740824505661,0.12391856334136533,0.4347907462284664,-0.27151118349658704,-0.22523602680961766,-0.196640811710764,0.06619245754943415,1.0856841945296203,0.31946438429784235,1.031225917549434,True,1.031225917549434,True,1.031225917549434,True,2.2,False,2.2,False,2.2,False,2.2,False,1.615612958774717,2.2,True,False,0.5,0.0,1.031225917549434,wind_stuck_7_days,2019
16064,US-Wkg,US-CMW,2019-05-04,1.64156809,2.1,2.1,-0.9141621799303958,0.9141621799303958,0.18377935952206978,0.37395794614114275,-0.12230155877502613,-0.1723880960872726,-0.11157650403802369,0.002701640069604272,1.0856841945296203,0.31946438429784235,1.1858378200696043,True,1.1858378200696043,True,1.1858378200696043,True,2.1,False,2.1,False,2.1,False,2.1,False,1.642918910034802,2.0620945966061104,True,True,0.5,0.04146463748563291,1.1858378200696043,wind_stuck_7_days,2019
16065,US-Wkg,US-CMW,2019-05-20,1.10005806,0.9,0.9,1.1322012582930143,1.1322012582930143,0.17891691803304557,0.6047382950355878,-0.11976715875898274,-0.10114589430379212,-0.38074285365012356,-0.7320851382930142,1.0856841945296203,0.31946438429784235,2.0322012582930142,True,2.0322012582930142,True,2.0322012582930142,True,0.9,False,0.9,False,0.9,False,0.9,False,1.4661006291465073,1.403855432221538,True,True,0.5,0.4450228513093031,2.0322012582930142,wind_stuck_7_days,2019
16066,US-Wkg,US-CMW,2019-05-28,1.03392223,2.5,2.5,-0.09269240909808195,0.09269240909808195,0.15654546756216747,0.41759043148867275,-0.022023415468079913,-0.023897287851841538,-0.010390994209762274,0.09269240909808185,1.0856841945296203,0.31946438429784235,2.407307590901918,True,2.407307590901918,True,2.407307590901918,True,2.5,False,2.5,False,2.5,False,2.5,False,2.453653795450959,2.407307590901918,True,True,0.5,1.0,2.407307590901918,wind_stuck_7_days,2019
16067,US-Wkg,US-CMW,2019-06-05,1.12326255,2.5,2.5,-0.253310609133856,0.253310609133856,0.17484372052148478,0.4497126887389962,-0.022023415468079913,-0.023897287851841538,-0.010390994209762274,0.25331060913385595,1.0856841945296203,0.31946438429784235,2.246689390866144,True,2.246689390866144,True,2.246689390866144,True,2.5,False,2.5,False,2.5,False,2.5,False,2.373344695433072,2.4378308212779842,True,True,0.5,0.24542666781541614,2.246689390866144,wind_stuck_7_days,2019
16068,US-Wkg,US-CMW,2019-06-13,1.03456301,0.9,0.9,-0.12546796295578386,0.12546796295578386,0.2381614509466283,0.35211995469241525,0.0005751113548414723,0.0016866198643431592,-0.010390994209762274,-0.12546796295578388,1.0856841945296203,0.31946438429784235,0.7745320370442161,True,0.7745320370442161,True,0.7745320370442161,True,0.7745320370442161,True,0.7745320370442161,True,0.7745320370442161,True,0.9,False,0.8372660185221081,0.7745320370442161,True,True,0.5,1.0,0.7745320370442161,wind_stuck_7_days,2019
16069,US-Wkg,US-CMW,2019-07-07,2.25147744,2.4,2.4,-0.0055403790700832845,0.0055403790700832845,0.26860823664983935,0.4457605130658761,-0.01815156732462589,-0.024853214211263026,-0.010390994209762274,0.0055403790700832845,1.0856841945296203,0.31946438429784235,2.3944596209299167,True,2.3944596209299167,True,2.3944596209299167,True,2.4,False,2.4,False,2.4,False,2.4,False,2.397229810464958,2.3944596209299167,True,True,0.5,1.0,2.3944596209299167,wind_stuck_7_days,2019
16070,US-Wkg,US-CMW,2019-07-15,2.01654585,2.1,2.1,-0.26799083695333914,0.26799083695333914,0.15768274278073158,0.3137970756701355,-0.022023415468079913,-0.023897287851841538,-0.010390994209762274,-0.10108253695333891,1.0856841945296203,0.31946438429784235,1.8320091630466608,True,1.8320091630466608,True,1.8320091630466608,True,2.1,False,2.1,False,2.1,False,2.1,False,1.9660045815233305,2.01921539363243,True,True,0.5,0.30144540494731714,1.8320091630466608,wind_stuck_7_days,2019
16071,US-Wkg,US-CMW,2019-07-31,2.28688046,2.5,2.5,0.8011237327457789,0.8011237327457789,0.21122695602208666,0.47783033288929405,-0.13320205703151258,-0.1181918584631212,-0.09665769161180893,-0.8011237327457787,1.0856841945296203,0.31946438429784235,3.3011237327457787,True,3.3011237327457787,True,3.3011237327457787,True,2.5,False,2.5,False,2.5,False,2.5,False,2.9005618663728896,2.90176658929451,True,True,0.5,0.5015037913275786,3.3011237327457787,wind_stuck_7_days,2019
16072,US-Wkg,US-CMW,2019-08-08,3.19672242,3.3,3.3,-0.26167008416370047,0.26167008416370047,0.11795452890702729,0.38508615560767673,-0.021974381123073927,-0.020832875847988257,-0.010390994209762274,-0.05511492416370073,1.0856841945296203,0.31946438429784235,3.0383299158362993,True,3.0383299158362993,True,3.0383299158362993,True,3.3,False,3.3,False,3.3,False,3.3,False,3.1691649579181496,3.162303495468986,True,True,0.5,0.5262218070173856,3.0383299158362993,wind_stuck_7_days,2019
16073,US-Wkg,US-CMW,2019-08-16,2.61207752,3.2,3.2,-0.2771305029521773,0.2771305029521773,0.2693465469234435,0.5175312193868263,-0.018200601669631875,-0.02482903540037598,-0.010390994209762274,0.2771305029521773,1.0856841945296203,0.31946438429784235,2.922869497047823,True,2.922869497047823,True,2.922869497047823,True,3.2,False,3.2,False,3.2,False,3.2,False,3.0614347485239115,3.1647217574385564,True,True,0.5,0.1272983023724794,2.922869497047823,wind_stuck_7_days,2019
16074,US-Wkg,US-CMW,2019-09-01,2.52622077,3.0,3.0,-0.7049825706090282,0.7049825706090282,0.19921379746929374,0.3476585555671551,-0.052710053410238523,-0.11560520988001183,-0.08905261163375462,0.24257588939097152,1.0856841945296203,0.31946438429784235,2.2950174293909718,True,2.2950174293909718,True,2.2950174293909718,True,3.0,False,3.0,False,3.0,False,3.0,False,2.647508714695486,2.740164601020845,True,True,0.5,0.3685699616015833,2.2950174293909718,wind_stuck_7_days,2019
16075,US-Wkg,US-CMW,2019-09-17,2.82290943,3.0,3.0,-0.814532356312389,0.814532356312389,0.10554148476414656,0.32271182142995125,-0.05301695313201273,-0.11560520988001183,-0.08905261163375462,-0.4603512163123893,1.0856841945296203,0.31946438429784235,2.185467643687611,True,2.185467643687611,True,2.185467643687611,True,3.0,False,3.0,False,3.0,False,3.0,False,2.5927338218438054,2.777333985704984,True,True,0.5,0.2733666901866073,2.185467643687611,wind_stuck_7_days,2019
16076,US-Wkg,US-CMW,2019-10-19,0.6275613,1.7,1.7,-0.5750438963808711,0.5750438963808711,0.09313866915222942,0.3429421188187508,0.003962038832926644,0.00339012225236169,-0.041112030026763995,0.5750438963808711,1.0856841945296203,0.31946438429784235,1.124956103619129,True,1.124956103619129,True,1.124956103619129,True,1.124956103619129,True,1.124956103619129,True,1.124956103619129,True,1.7,False,1.4124780518095643,1.3326399836576845,True,True,0.5,0.6388382150551521,1.124956103619129,wind_stuck_7_days,2019
16077,US-Wkg,US-CMW,2019-10-27,0.37200064,1.6,1.6,-0.7366340595315686,0.7366340595315686,0.18126215397263387,0.5396351311067205,-0.1101962587685622,-0.15608428329576865,-0.11157650403802369,0.7366340595315686,1.0856841945296203,0.31946438429784235,0.8633659404684315,True,0.8633659404684315,True,0.8633659404684315,True,1.6,False,1.6,False,1.6,False,1.6,False,1.2316829702342158,1.4459693340319228,True,True,0.5,0.20910065720559626,0.8633659404684315,wind_stuck_7_days,2019
16078,US-Wkg,US-CMW,2019-11-04,0.13838741,0.7,0.7,-0.2519994608628022,0.2519994608628022,0.058605364974212856,0.30101439199860813,0.0070243713816480315,0.007717923769237176,-0.010390994209762274,0.2519994608628022,1.0856841945296203,0.31946438429784235,0.44800053913719773,True,0.44800053913719773,True,0.44800053913719773,True,0.44800053913719773,True,0.44800053913719773,True,0.44800053913719773,True,0.7,False,0.5740002695685988,0.5584998798761486,True,True,0.5,0.5615096145022678,0.44800053913719773,wind_stuck_7_days,2019
16079,US-Wkg,US-CMW,2019-11-12,0.13243705,1.4,1.4,-0.11632920308040091,0.11632920308040091,0.10599685438712973,0.32791647245001865,0.0070243713816480315,0.007717923769237176,-0.014311646000022736,0.11632920308040084,1.0856841945296203,0.31946438429784235,1.283670796919599,True,1.283670796919599,True,1.283670796919599,True,1.283670796919599,True,1.283670796919599,True,1.283670796919599,True,1.4,False,1.3418353984597995,1.283670796919599,True,True,0.5,1.0,1.283670796919599,wind_stuck_7_days,2019
16080,US-Wkg,US-CMW,2019-12-14,0.38846439,0.7,0.7,0.10058949953555389,0.10058949953555389,0.07599327431947575,0.36074215630999545,0.0070243713816480315,0.007717923769237176,-0.014311646000022736,-0.1005894995355539,1.0856841945296203,0.31946438429784235,0.8005894995355538,True,0.8005894995355538,True,0.8005894995355538,True,0.8005894995355538,True,0.8005894995355538,True,0.8005894995355538,True,0.7,False,0.7502947497677769,0.8005894995355538,True,True,0.5,1.0,0.8005894995355538,wind_stuck_7_days,2019
16094,US-xAE,US-xAE,2019-06-11,6.02453,5.1,5.1,-0.5008919559071175,0.5008919559071175,0.19253634264678107,0.27303448185326445,-0.031753864251741794,-0.03180842233032376,-0.007243750527162707,-0.5008919559071177,1.0856841945296203,0.31946438429784235,4.599108044092882,True,4.599108044092882,True,4.599108044092882,True,5.1,False,5.1,False,5.1,False,5.1,False,4.849554022046441,4.907196175241293,True,True,0.5,0.38492098442574807,4.599108044092882,wind_stuck_7_days,2019
16095,US-xAE,US-xAE,2019-06-12,5.86854646,3.8,3.8,-0.16420197921409624,0.16420197921409624,0.15627969643246062,0.4041023664492389,0.0005612132514767025,0.00339012225236169,-0.010390994209762274,-0.1642019792140963,1.0856841945296203,0.31946438429784235,3.6357980207859035,True,3.6357980207859035,True,3.6357980207859035,True,3.6357980207859035,True,3.6357980207859035,True,3.6357980207859035,True,3.8,False,3.717899010392952,3.6357980207859035,True,True,0.5,1.0,3.6357980207859035,wind_stuck_7_days,2019
16096,US-xAE,US-xAE,2019-07-29,2.39576538,3.4,3.4,-0.9845178718196985,0.9845178718196985,0.19090146861039836,0.49397831221483834,-0.1075769649602101,-0.1723880960872726,-0.08905261163375462,0.9845178718196985,1.0856841945296203,0.31946438429784235,2.4154821281803014,True,2.4154821281803014,True,2.4154821281803014,True,3.4,False,3.4,False,3.4,False,3.4,False,2.9077410640901507,3.3358208916448713,True,True,0.5,0.06518836294612469,2.4154821281803014,wind_stuck_7_days,2019
16097,US-xAE,US-xAE,2019-07-30,1.50034907,3.5,3.5,-1.1364698805757265,1.1364698805757265,0.17885200459369868,0.5118986394230591,-0.27151118349658704,-0.22523602680961766,-0.12154258447105899,1.1364698805757265,1.0856841945296203,0.31946438429784235,2.3635301194242735,True,2.3635301194242735,True,2.3635301194242735,True,3.5,False,3.5,False,3.5,False,3.5,False,2.931765059712137,3.5,True,False,0.5,0.0,2.3635301194242735,wind_stuck_7_days,2019
16098,US-xAE,US-xAE,2019-08-06,1.52294505,1.8,1.8,-0.39916605133444294,0.39916605133444294,0.1568284802861605,0.4042650082488063,-0.022023415468079913,-0.023897287851841538,-0.010390994209762274,0.15494384866555733,1.0856841945296203,0.31946438429784235,1.4008339486655572,True,1.4008339486655572,True,1.4008339486655572,True,1.8,False,1.8,False,1.8,False,1.8,False,1.6004169743327785,1.6743069786969096,True,True,0.5,0.3148890565289531,1.4008339486655572,wind_stuck_7_days,2019
16099,US-xAE,US-xAE,2019-08-15,1.81775449,3.6,3.6,-1.1006288564915323,1.1006288564915323,0.1654801980019828,0.5715586548593198,-0.27151118349658704,-0.22523602680961766,-0.12154258447105899,1.1006288564915323,1.0856841945296203,0.31946438429784235,2.499371143508468,True,2.499371143508468,True,2.499371143508468,True,3.6,False,3.6,False,3.6,False,3.6,False,3.049685571754234,3.6,True,False,0.5,0.0,2.499371143508468,wind_stuck_7_days,2019
16100,US-xAE,US-xAE,2019-09-07,2.73037525,3.2,3.2,-0.6676265763563283,0.6676265763563283,0.23775594997892693,0.5501037598943498,-0.07040059724112634,-0.14103139911811793,-0.014995402757638391,0.27162292364367246,1.0856841945296203,0.31946438429784235,2.532373423643672,True,2.532373423643672,True,2.532373423643672,True,3.2,False,3.2,False,3.2,False,3.2,False,2.866186711821836,3.1320279851387243,True,True,0.5,0.10181142762806619,2.532373423643672,wind_stuck_7_days,2019
16105,US-xDC,US-xDC,2019-04-22,2.48146925,1.6,1.6,0.25267997415379406,0.25267997415379406,0.13375377925827395,0.254381618948995,0.0005612132514767025,0.00339012225236169,-0.010390994209762274,0.25267997415379406,1.0856841945296203,0.31946438429784235,1.8526799741537943,True,1.8526799741537943,True,1.8526799741537943,True,1.8526799741537943,True,1.8526799741537943,True,1.8526799741537943,True,1.6,False,1.7263399870768972,1.7564123936934914,True,True,0.5,0.6190138107196839,1.8526799741537943,wind_stuck_7_days,2019
16106,US-xDC,US-xDC,2019-07-02,4.93891694,4.9,4.9,-0.028896653299497678,0.028896653299497678,0.19366335613681118,0.3713814766754364,-0.0011642633042144679,0.013686743371695795,-0.010390994209762274,-0.02889665329949767,1.0856841945296203,0.31946438429784235,4.871103346700503,True,4.871103346700503,True,4.871103346700503,True,4.9,False,4.9,False,4.871103346700503,True,4.9,False,4.8855516733502515,4.871103346700503,True,True,0.5,1.0,4.871103346700503,wind_stuck_7_days,2019
16107,US-xDC,US-xDC,2019-08-19,8.15894586,4.1,4.1,0.2246596761249306,0.2246596761249306,0.15069311514534187,0.3926237146751187,0.0005612132514767025,0.00339012225236169,-0.010390994209762274,0.22465967612493065,1.0856841945296203,0.31946438429784235,4.32465967612493,True,4.32465967612493,True,4.32465967612493,True,4.32465967612493,True,4.32465967612493,True,4.32465967612493,True,4.1,False,4.212329838062465,4.282428730142412,True,True,0.5,0.8120225813953639,4.32465967612493,wind_stuck_7_days,2019
16108,US-xDC,US-xDC,2019-08-20,4.94415235,3.3,3.3,0.39823927046480845,0.39823927046480845,0.18158958878918308,0.39725831419047475,0.024556375877779247,0.02272664765722812,-0.010390994209762274,0.39823927046480856,1.0856841945296203,0.31946438429784235,3.6982392704648084,True,3.6982392704648084,True,3.6982392704648084,True,3.6982392704648084,True,3.6982392704648084,True,3.6982392704648084,True,3.3,False,3.499119635232404,3.684419192775437,True,True,0.5,0.9652970495018209,3.6982392704648084,wind_stuck_7_days,2019
16109,US-xDC,US-xDC,2019-09-04,5.22540294,3.2,3.2,0.10649780585056387,0.10649780585056387,0.135205913685499,0.33027069077409876,0.0005612132514767025,0.00339012225236169,-0.010390994209762274,0.1064978058505639,1.0856841945296203,0.31946438429784235,3.306497805850564,True,3.306497805850564,True,3.306497805850564,True,3.306497805850564,True,3.306497805850564,True,3.306497805850564,True,3.2,False,3.2532489029252822,3.306497805850564,True,True,0.5,1.0,3.306497805850564,wind_stuck_7_days,2019
16112,US-xDL,US-xDL,2019-07-29,6.14064283,6.6,6.6,-0.09069575655320364,0.09069575655320364,0.2199020343029115,0.4740009508656078,-0.01612454640775941,-0.02537314753217418,-0.010390994209762274,0.09069575655320361,1.0856841945296203,0.31946438429784235,6.509304243446796,True,6.509304243446796,True,6.509304243446796,True,6.6,False,6.6,False,6.6,False,6.6,False,6.5546521217233975,6.509304243446796,True,True,0.5,1.0,6.509304243446796,wind_stuck_7_days,2019
16113,US-xDL,US-xDL,2019-08-06,6.63646904,5.7,5.7,0.08883019152909936,0.08883019152909936,0.21603150392881165,0.47246370953180217,0.015405409738398646,0.013686743371695795,-0.010390994209762274,0.08883019152909932,1.0856841945296203,0.31946438429784235,5.788830191529099,True,5.788830191529099,True,5.788830191529099,True,5.788830191529099,True,5.788830191529099,True,5.788830191529099,True,5.7,False,5.74441509576455,5.788830191529099,True,True,0.5,1.0,5.788830191529099,wind_stuck_7_days,2019
16114,US-xDL,US-xDL,2019-08-30,6.59212639,5.6,5.6,-0.2783673817510154,0.2783673817510154,0.2798650312434865,0.572051635525453,0.0022162158729523086,-0.0033706021986704615,-0.010390994209762274,-0.2783673817510155,1.0856841945296203,0.31946438429784235,5.321632618248985,True,5.321632618248985,True,5.321632618248985,True,5.321632618248985,True,5.321632618248985,True,5.6,False,5.6,False,5.460816309124492,5.477638241745992,True,True,0.5,0.43956931118982,5.321632618248985,wind_stuck_7_days,2019
16115,US-xDL,US-xDL,2019-09-07,5.74658239,5.1,5.1,-0.5394373146970899,0.5394373146970899,0.23230377111150488,0.4586916933675429,0.013880012321364238,0.0021289951605195645,-0.007243750527162707,-0.5394373146970899,1.0856841945296203,0.31946438429784235,4.5605626853029095,True,4.5605626853029095,True,4.5605626853029095,True,4.5605626853029095,True,4.5605626853029095,True,4.5605626853029095,True,5.1,False,4.830281342651455,4.826339904732985,True,True,0.5,0.5073065726287073,4.5605626853029095,wind_stuck_7_days,2019
16116,US-xDS,US-xDS,2019-11-23,1.76064372,2.4,2.4,0.05930864857575048,0.05930864857575048,0.10793685627257296,0.42383117235290574,0.0005612132514767025,0.00339012225236169,-0.014311646000022736,-0.05930864857575047,1.0856841945296203,0.31946438429784235,2.4593086485757505,True,2.4593086485757505,True,2.4593086485757505,True,2.4593086485757505,True,2.4593086485757505,True,2.4593086485757505,True,2.4,False,2.429654324287875,2.4593086485757505,True,True,0.5,1.0,2.4593086485757505,wind_stuck_7_days,2019
16117,US-xDS,US-xDS,2019-12-09,1.78854963,2.3,2.3,0.142221526837356,0.142221526837356,0.22077455436432067,0.5950526999451338,0.018195649606516907,0.00339012225236169,-0.014311646000022736,-0.142221526837356,1.0856841945296203,0.31946438429784235,2.442221526837356,True,2.442221526837356,True,2.442221526837356,True,2.442221526837356,True,2.442221526837356,True,2.442221526837356,True,2.3,False,2.371110763418678,2.442221526837356,True,True,0.5,1.0,2.442221526837356,wind_stuck_7_days,2019
16118,US-xDS,US-xDS,2019-12-25,2.1950163,1.8,1.8,0.3083746011577707,0.3083746011577707,0.22133535300753476,0.7412808969945875,0.008265866675605506,-0.0047368507019783755,-0.010390994209762274,0.3083746011577707,1.0856841945296203,0.31946438429784235,2.1083746011577706,True,2.1083746011577706,True,2.1083746011577706,True,2.1083746011577706,True,2.1083746011577706,True,1.8,False,1.8,False,1.9541873005788855,1.9326892307042132,True,True,0.5,0.43028586078762876,2.1083746011577706,wind_stuck_7_days,2019
16122,US-xNG,US-xNG,2019-04-13,1.18856547,0.6,0.6,0.6516135148469202,0.6516135148469202,0.12102103059943395,0.47066901036192405,0.02832645383627996,0.0546616769713989,-0.042033704187985306,0.5255174251530796,1.0856841945296203,0.31946438429784235,1.25161351484692,True,1.25161351484692,True,1.25161351484692,True,1.25161351484692,True,1.25161351484692,True,1.25161351484692,True,0.6,False,0.9258067574234601,1.155575124371425,True,True,0.5,0.8526144895904175,1.25161351484692,wind_stuck_7_days,2019
16123,US-xNG,US-xNG,2019-04-20,1.18924066,2.2,2.2,0.2682223542139272,0.2682223542139272,0.19738025869145862,0.4317354443545825,0.016135051674324486,0.00339012225236169,-0.010390994209762274,-0.26822235421392726,1.0856841945296203,0.31946438429784235,2.4682223542139274,True,2.4682223542139274,True,2.4682223542139274,True,2.4682223542139274,True,2.4682223542139274,True,2.4682223542139274,True,2.2,False,2.334111177106964,2.3523369292259657,True,True,0.5,0.5679501608746059,2.4682223542139274,wind_stuck_7_days,2019
16124,US-xNG,US-xNG,2019-06-07,6.34048704,5.8,5.8,-0.4074357239699317,0.4074357239699317,0.1818434990315073,0.48201540386799613,-0.025160803531209076,-0.025158414943683666,-0.010390994209762274,-0.4074357239699318,1.0856841945296203,0.31946438429784235,5.392564276030068,True,5.392564276030068,True,5.392564276030068,True,5.8,False,5.8,False,5.8,False,5.8,False,5.596282138015034,5.724812718755736,True,True,0.5,0.18453777325086157,5.392564276030068,wind_stuck_7_days,2019
16125,US-xNG,US-xNG,2019-06-16,4.29578175,3.6,3.6,-0.36705177645356757,0.36705177645356757,0.3725909860964202,0.5991849526906157,0.006109079492784657,-0.020483649771083155,-0.010390994209762274,-0.3670517764535677,1.0856841945296203,0.31946438429784235,3.2329482235464324,True,3.6,False,3.2329482235464324,True,3.2329482235464324,True,3.2329482235464324,True,3.6,False,3.6,False,3.4164741117732165,3.5017336124616807,True,True,0.5,0.2677180546236918,3.2329482235464324,wind_stuck_7_days,2019
16126,US-xNG,US-xNG,2019-06-24,6.74320921,3.5,3.5,-0.032641218776362474,0.032641218776362474,0.19936944557925904,0.47442946160095295,-0.009094316943258298,-0.01947341668752816,-0.010390994209762274,-0.03264121877636228,1.0856841945296203,0.31946438429784235,3.4673587812236377,True,3.4673587812236377,True,3.4673587812236377,True,3.5,False,3.5,False,3.5,False,3.5,False,3.483679390611819,3.4673587812236377,True,True,0.5,1.0,3.4673587812236377,wind_stuck_7_days,2019
16127,US-xNG,US-xNG,2019-07-02,5.2367874,3.7,3.7,-0.9520670534852448,0.9520670534852448,0.07929336987772964,0.3088192352122446,-0.05301695313201273,-0.11560520988001183,-0.08905261163375462,-0.9520670534852447,1.0856841945296203,0.31946438429784235,2.7479329465147555,True,2.7479329465147555,True,2.7479329465147555,True,3.7,False,3.7,False,3.7,False,3.7,False,3.2239664732573776,3.4810906101613543,True,True,0.5,0.22993064305426925,2.7479329465147555,wind_stuck_7_days,2019
16128,US-xNG,US-xNG,2019-07-17,5.44987505,4.4,4.4,-0.258217603554213,0.258217603554213,0.15491606330291782,0.4147430436009377,0.0005612132514767025,-0.001177727558293895,-0.010390994209762274,-0.25821760355421297,1.0856841945296203,0.31946438429784235,4.141782396445787,True,4.141782396445787,True,4.141782396445787,True,4.141782396445787,True,4.141782396445787,True,4.4,False,4.4,False,4.270891198222894,4.242658423698233,True,True,0.5,0.6093371409851717,4.141782396445787,wind_stuck_7_days,2019
16129,US-xNG,US-xNG,2019-10-06,2.29883784,1.4,1.4,0.21172599799319297,0.21172599799319297,0.10856420787109702,0.4568392182829732,0.0070243713816480315,0.007717923769237176,-0.014311646000022736,0.21172599799319292,1.0856841945296203,0.31946438429784235,1.6117259979931928,True,1.6117259979931928,True,1.6117259979931928,True,1.6117259979931928,True,1.6117259979931928,True,1.6117259979931928,True,1.4,False,1.5058629989965964,1.5739302014268033,True,True,0.5,0.8214872196866219,1.6117259979931928,wind_stuck_7_days,2019
16130,US-xNG,US-xNG,2019-10-22,0.82145969,0.7,0.7,0.11179788720709664,0.11179788720709664,0.130616995148409,0.3327996569714705,0.0070243713816480315,0.007717923769237176,-0.014311646000022736,0.11179788720709664,1.0856841945296203,0.31946438429784235,0.8117978872070966,True,0.8117978872070966,True,0.8117978872070966,True,0.8117978872070966,True,0.8117978872070966,True,0.8117978872070966,True,0.7,False,0.7558989436035483,0.8117978872070966,True,True,0.5,1.0,0.8117978872070966,wind_stuck_7_days,2019
16131,US-xNG,US-xNG,2019-11-22,0.15484105,0.2,0.2,0.22735047889101398,0.22735047889101398,0.11764689784879098,0.296105684142798,0.04912960245491269,0.05600615999279546,-0.0122330808839564,-0.22735047889101398,1.0856841945296203,0.31946438429784235,0.42735047889101396,True,0.42735047889101396,True,0.42735047889101396,True,0.42735047889101396,True,0.42735047889101396,True,0.42735047889101396,True,0.2,False,0.313675239445507,0.4070101975307649,True,True,0.5,0.9105333691863491,0.42735047889101396,wind_stuck_7_days,2019
16132,US-xRM,US-xRM,2019-04-19,2.90302074,4.7,4.7,-2.2293855207440494,2.2293855207440494,0.21045627014394797,0.6035569701748217,0.8983658706621435,1.2354697026873382,-0.48530418927911306,1.3645729992559508,1.0856841945296203,0.31946438429784235,2.470614479255951,True,2.470614479255951,True,2.470614479255951,True,2.470614479255951,True,2.470614479255951,True,2.470614479255951,True,4.7,False,3.5853072396279755,2.621364914307631,True,True,0.5,0.9323802753498784,2.470614479255951,wind_stuck_7_days,2019
16133,US-xRM,US-xRM,2019-04-27,6.72802179,2.7,2.7,-0.6271376957391157,0.6271376957391157,0.16753254040191068,0.3724104854979988,0.003962038832926644,0.00339012225236169,-0.03161647919987955,-0.6271376957391155,1.0856841945296203,0.31946438429784235,2.0728623042608847,True,2.0728623042608847,True,2.0728623042608847,True,2.0728623042608847,True,2.0728623042608847,True,2.0728623042608847,True,2.7,False,2.3864311521304424,2.3564780140100203,True,True,0.5,0.5477616611534099,2.0728623042608847,wind_stuck_7_days,2019
16135,US-xSB,US-SP2,2019-09-27,2.20426333,3.5,3.5,-0.46304386434621725,0.46304386434621725,0.17963266829606367,0.49208754999551074,0.003962038832926644,0.00339012225236169,-0.010390994209762274,0.46304386434621725,1.0856841945296203,0.31946438429784235,3.036956135653783,True,3.036956135653783,True,3.036956135653783,True,3.036956135653783,True,3.036956135653783,True,3.036956135653783,True,3.5,False,3.268478067826891,3.2148900512915697,True,True,0.5,0.615729892266219,3.036956135653783,wind_stuck_7_days,2019
16136,US-xSB,US-SP2,2019-10-13,2.17026376,2.9,2.9,-0.07977808251959935,0.07977808251959935,0.13100210568672185,0.5680512350747724,0.0005612132514767025,0.00339012225236169,-0.010390994209762274,0.07977808251959939,1.0856841945296203,0.31946438429784235,2.8202219174804006,True,2.8202219174804006,True,2.8202219174804006,True,2.8202219174804006,True,2.8202219174804006,True,2.8202219174804006,True,2.9,False,2.8601109587402003,2.8202219174804006,True,True,0.5,1.0,2.8202219174804006,wind_stuck_7_days,2019
16149,US-xSL,US-xSL,2019-04-21,1.1192487,0.8,0.8,0.6178183957501863,0.6178183957501863,0.10132362473618438,0.2469812010083245,0.019306044242052435,0.04496136488807458,-0.02619321760054926,0.020679004249813615,1.0856841945296203,0.31946438429784235,1.4178183957501864,True,1.4178183957501864,True,1.4178183957501864,True,1.4178183957501864,True,1.4178183957501864,True,1.4178183957501864,True,0.8,False,1.1089091978750931,1.2917612889108487,True,True,0.5,0.7959641413942155,1.4178183957501864,wind_stuck_7_days,2019
16150,US-xSL,US-xSL,2019-05-15,1.37629739,1.4,1.4,-0.10625686955730643,0.10625686955730643,0.1160118648498715,0.42317492907614473,0.0070243713816480315,0.007717923769237176,-0.010390994209762274,-0.05885164955730651,1.0856841945296203,0.31946438429784235,1.2937431304426934,True,1.2937431304426934,True,1.2937431304426934,True,1.2937431304426934,True,1.2937431304426934,True,1.2937431304426934,True,1.4,False,1.3468715652213468,1.2937431304426934,True,True,0.5,1.0,1.2937431304426934,wind_stuck_7_days,2019
16151,US-xSL,US-xSL,2019-07-10,2.94106848,2.8,2.8,-0.7987402284077263,0.7987402284077263,0.18465423465906658,0.40187240747784453,-0.07736776861659429,-0.13846874881990173,-0.08905261163375462,-0.7987402284077263,1.0856841945296203,0.31946438429784235,2.0012597715922738,True,2.0012597715922738,True,2.0012597715922738,True,2.8,False,2.8,False,2.8,False,2.8,False,2.400629885796137,2.6382984556059967,True,True,0.5,0.2024457247087105,2.0012597715922738,wind_stuck_7_days,2019
16156,US-xST,US-xST,2019-05-07,1.69921896,2.4,2.4,-0.17048672420840336,0.17048672420840336,0.18569615138818077,0.4164491868695137,0.0005612132514767025,0.00339012225236169,-0.010390994209762274,0.17048672420840338,1.0856841945296203,0.31946438429784235,2.2295132757915965,True,2.2295132757915965,True,2.2295132757915965,True,2.2295132757915965,True,2.2295132757915965,True,2.2295132757915965,True,2.4,False,2.3147566378957984,2.2295132757915965,True,True,0.5,1.0,2.2295132757915965,wind_stuck_7_days,2019
16157,US-xST,US-xST,2019-07-09,6.53083657,5.4,5.4,-0.017183960808127924,0.017183960808127924,0.1433801343722047,0.3356428838678749,0.003319625072988626,0.013686743371695795,-0.010390994209762274,-0.017183960808127896,1.0856841945296203,0.31946438429784235,5.382816039191872,True,5.382816039191872,True,5.382816039191872,True,5.382816039191872,True,5.382816039191872,True,5.382816039191872,True,5.4,False,5.391408019595937,5.382816039191872,True,True,0.5,1.0,5.382816039191872,wind_stuck_7_days,2019
16158,US-xST,US-xST,2019-07-10,6.13961076,4.9,4.9,1.1745185173169046,1.1745185173169046,0.34054564399708237,0.561656726307751,-0.114801027218069,-0.016033760507822122,-0.23254982836020083,1.1745185173169046,1.0856841945296203,0.31946438429784235,6.074518517316905,True,6.074518517316905,True,6.074518517316905,True,4.9,False,4.9,False,4.9,False,4.9,False,5.487259258658453,5.885969229746381,True,True,0.5,0.8394667391015259,6.074518517316905,wind_stuck_7_days,2019
16170,US-xUN,US-xUN,2019-05-06,0.88727481,2.2,2.2,-0.10750147363442934,0.10750147363442934,0.2103519015072951,0.47941800422343467,0.018195649606516907,0.00339012225236169,-0.014311646000022736,0.1075014736344293,1.0856841945296203,0.31946438429784235,2.0924985263655707,True,2.0924985263655707,True,2.0924985263655707,True,2.0924985263655707,True,2.0924985263655707,True,2.0924985263655707,True,2.2,False,2.1462492631827854,2.0924985263655707,True,True,0.5,1.0,2.0924985263655707,wind_stuck_7_days,2019
16171,US-xUN,US-xUN,2019-05-30,2.09094254,3.8,3.8,-0.09808834659757168,0.09808834659757168,0.24364331870462647,0.3965336025784963,0.0038144536962457973,0.00339012225236169,-0.010390994209762274,0.09808834659757171,1.0856841945296203,0.31946438429784235,3.701911653402428,True,3.701911653402428,True,3.701911653402428,True,3.701911653402428,True,3.701911653402428,True,3.701911653402428,True,3.8,False,3.750955826701214,3.701911653402428,True,True,0.5,1.0,3.701911653402428,wind_stuck_7_days,2019
16172,US-xUN,US-xUN,2019-06-07,4.59271906,5.0,5.0,-0.6934763277558151,0.6934763277558151,0.17118647593976866,0.3205527403653693,-0.01612249096449173,-0.02363804899255451,-0.08905261163375462,0.12108555224418427,1.0856841945296203,0.31946438429784235,4.306523672244185,True,4.306523672244185,True,4.306523672244185,True,5.0,False,5.0,False,5.0,False,5.0,False,4.653261836122092,4.7189086558913935,True,True,0.5,0.40533661043377833,4.306523672244185,wind_stuck_7_days,2019
16173,US-xUN,US-xUN,2019-06-08,5.38524593,5.9,5.9,-0.5230881059699992,0.5230881059699992,0.23627513180232107,0.46380367017107355,-0.02503534666093232,-0.03178424351943671,-0.007243750527162707,0.5064200340300016,1.0856841945296203,0.31946438429784235,5.376911894030001,True,5.376911894030001,True,5.376911894030001,True,5.9,False,5.9,False,5.9,False,5.9,False,5.638455947015001,5.762451305902575,True,True,0.5,0.26295511698236645,5.376911894030001,wind_stuck_7_days,2019
16174,US-xUN,US-xUN,2019-07-09,5.03176638,5.2,5.2,0.9713697392426972,0.9713697392426972,0.18165943168339652,0.4528978051453959,0.06088083440334725,0.11080913834905694,-0.07413379920753986,-0.9713697392426972,1.0856841945296203,0.31946438429784235,6.171369739242698,True,6.171369739242698,True,6.171369739242698,True,6.171369739242698,True,6.171369739242698,True,6.171369739242698,True,5.2,False,5.6856848696213484,5.89749162649048,True,True,0.5,0.7180495730022033,6.171369739242698,wind_stuck_7_days,2019
16175,US-xUN,US-xUN,2019-07-10,5.15198997,4.5,4.5,1.244719519735633,1.244719519735633,0.33860075484198826,0.5442800485135331,-0.16870294279282005,-0.11469657967252103,-0.24828564693707444,0.05926042026436651,1.0856841945296203,0.31946438429784235,5.744719519735633,True,5.744719519735633,True,5.744719519735633,True,4.5,False,4.5,False,4.5,False,4.5,False,5.122359759867816,5.453699584524232,True,True,0.5,0.7661963754909126,5.744719519735633,wind_stuck_7_days,2019
16176,US-xUN,US-xUN,2019-08-02,4.50891597,3.7,3.7,0.7257272181598351,0.7257272181598351,0.1643433956144201,0.41124209574599135,0.011351967149572224,0.03602497301587762,-0.07413379920753986,0.7257272181598351,1.0856841945296203,0.31946438429784235,4.425727218159835,True,4.425727218159835,True,4.425727218159835,True,4.425727218159835,True,4.425727218159835,True,4.425727218159835,True,3.7,False,4.062863609079917,4.159306738007689,True,True,0.5,0.632891707124219,4.425727218159835,wind_stuck_7_days,2019
16364,stonevillesoy,stonevillesoy,2019-05-24,2.72347366,3.4,3.4,-0.1253114516480927,0.1253114516480927,0.34399201860175777,0.6307368678737155,-0.001508399369831972,-0.027675977664373207,-0.010390994209762274,0.12531145164809265,1.0856841945296203,0.31946438429784235,3.2746885483519073,True,3.2746885483519073,True,3.2746885483519073,True,3.4,False,3.4,False,3.4,False,3.4,False,3.3373442741759534,3.2746885483519073,True,True,0.5,1.0,3.2746885483519073,wind_stuck_7_days,2019
16365,stonevillesoy,stonevillesoy,2019-06-01,2.65734741,3.3,3.3,-1.0178187233679874,1.0178187233679874,0.4583519250247168,0.6062569501066479,-0.1732289247249756,-0.23941408549398083,-0.10507368851307018,0.26748645663201254,1.0856841945296203,0.31946438429784235,2.2821812766320124,True,3.3,False,2.2821812766320124,True,3.3,False,3.3,False,3.3,False,3.3,False,2.791090638316006,3.2813069021305292,True,True,0.5,0.01836584201125187,2.2821812766320124,wind_stuck_7_days,2019
743,BAR012,BAR012,2020-01-05,0.72544052,0.2,0.2,0.794532283975591,0.794532283975591,0.16868518224805135,0.6278832165497408,0.25614573956077696,0.24720595685775612,-0.10226548543701557,0.2563487560244092,1.129939405435322,0.3274716116314627,0.994532283975591,True,0.994532283975591,True,0.994532283975591,True,0.994532283975591,True,0.994532283975591,True,0.994532283975591,True,0.2,False,0.5972661419877955,0.8022459480451378,True,True,0.5,0.7579880140699726,0.994532283975591,wind_stuck_7_days,2020
744,BAR012,BAR012,2020-02-06,1.31412227,1.1,1.1,0.8088264680871834,0.8088264680871834,0.299307058316875,0.7430699334996433,0.1892343906016831,0.0713719891315682,-0.13471925749422986,-0.3805819280871837,1.129939405435322,0.3274716116314627,1.9088264680871836,True,1.9088264680871836,True,1.9088264680871836,True,1.9088264680871836,True,1.9088264680871836,True,1.9088264680871836,True,1.1,False,1.5044132340435918,1.6621746627968725,True,True,0.5,0.6950497850625181,1.9088264680871836,wind_stuck_7_days,2020
745,BAR012,BAR012,2020-02-14,1.15553406,0.4,0.4,0.7997022494242202,0.7997022494242202,0.1849499278986989,0.5339084214187579,0.22759515755692175,0.23419753916495425,-0.08878362515631708,0.7113658705757796,1.129939405435322,0.3274716116314627,1.1997022494242202,True,1.1997022494242202,True,1.1997022494242202,True,1.1997022494242202,True,1.1997022494242202,True,1.1997022494242202,True,0.4,False,0.7998511247121101,0.9725355192480509,True,True,0.5,0.7159358619539614,1.1997022494242202,wind_stuck_7_days,2020
746,BAR012,BAR012,2020-02-22,1.88259176,1.3,1.3,0.30029380407868594,0.30029380407868594,0.16643935270574042,0.592956098987339,0.008755394757142144,0.013308425445579627,-0.02159575658231681,0.30029380407868594,1.129939405435322,0.3274716116314627,1.600293804078686,True,1.600293804078686,True,1.600293804078686,True,1.600293804078686,True,1.600293804078686,True,1.600293804078686,True,1.3,False,1.450146902039343,1.5369938609524332,True,True,0.5,0.7892066294192792,1.600293804078686,wind_stuck_7_days,2020
747,BAR012,BAR012,2020-03-10,2.13009626,2.1,2.1,-0.3287988728650545,0.3287988728650545,0.1261235610726848,0.29443923796310834,0.007620094998213575,0.008073345503100987,-0.02159575658231681,-0.3287988728650545,1.129939405435322,0.3274716116314627,1.7712011271349457,True,1.7712011271349457,True,1.7712011271349457,True,1.7712011271349457,True,1.7712011271349457,True,1.7712011271349457,True,2.1,False,1.935600563567473,1.9549116051581956,True,True,0.5,0.4412679203476209,1.7712011271349457,wind_stuck_7_days,2020
748,BAR012,BAR012,2020-03-26,2.02391571,1.6,1.6,0.10588604379673364,0.10588604379673364,0.07909493782433283,0.3410530525881188,0.012445674740048925,0.011667874952580733,-0.021080544441411317,0.10588604379673361,1.129939405435322,0.3274716116314627,1.7058860437967338,True,1.7058860437967338,True,1.7058860437967338,True,1.7058860437967338,True,1.7058860437967338,True,1.7058860437967338,True,1.6,False,1.652943021898367,1.7058860437967338,True,True,0.5,1.0,1.7058860437967338,wind_stuck_7_days,2020
749,BAR012,BAR012,2020-04-02,2.92883856,2.2,2.2,-0.21816097695460973,0.21816097695460973,0.1899666227026888,0.5756803670675843,0.009223799421560111,0.008073345503100987,-0.02159575658231681,-0.2181609769546098,1.129939405435322,0.3274716116314627,1.9818390230453904,True,1.9818390230453904,True,1.9818390230453904,True,1.9818390230453904,True,1.9818390230453904,True,1.9818390230453904,True,2.2,False,2.0909195115226953,2.001769721910186,True,True,0.5,0.9086422368334799,1.9818390230453904,wind_stuck_7_days,2020
750,BAR012,BAR012,2020-04-26,3.15023944,2.9,2.9,-0.025975465249507907,0.025975465249507907,0.23174908554904924,0.6643072672044809,-0.0420280552713917,-0.02095332009304971,-0.02159575658231681,-0.02597546524950789,1.129939405435322,0.3274716116314627,2.874024534750492,True,2.874024534750492,True,2.874024534750492,True,2.9,False,2.9,False,2.9,False,2.9,False,2.887012267375246,2.874024534750492,True,True,0.5,1.0,2.874024534750492,wind_stuck_7_days,2020
751,BAR012,BAR012,2020-04-27,2.93997284,3.9,3.9,-0.22699531877043633,0.22699531877043633,0.18460674560771967,0.7656286285830186,-0.0420280552713917,-0.01992111747386361,-0.0024802709665941126,0.22699531877043633,1.129939405435322,0.3274716116314627,3.6730046812295636,True,3.6730046812295636,True,3.6730046812295636,True,3.9,False,3.9,False,3.9,False,3.9,False,3.7865023406147817,3.78940257053745,True,True,0.5,0.48722339324714803,3.6730046812295636,wind_stuck_7_days,2020
752,BAR012,BAR012,2020-05-04,3.15297334,2.8,2.8,-0.4310212212639236,0.4310212212639236,0.1432992836358527,0.46223687015925013,-0.0006702548640658253,-0.0045442535400971795,-0.02159575658231681,-0.4310212212639236,1.129939405435322,0.3274716116314627,2.3689787787360763,True,2.3689787787360763,True,2.3689787787360763,True,2.8,False,2.8,False,2.8,False,2.8,False,2.584489389368038,2.8,True,False,0.5,0.0,2.3689787787360763,wind_stuck_7_days,2020
753,BAR012,BAR012,2020-05-20,3.48675557,2.4,2.4,0.7213963460962423,0.7213963460962423,0.16712515150358026,0.4822531670207981,-0.015433817371209253,0.012282442118271808,-0.09575488491174863,0.7213963460962423,1.129939405435322,0.3274716116314627,3.121396346096242,True,3.121396346096242,True,3.121396346096242,True,2.4,False,2.4,False,3.121396346096242,True,2.4,False,2.7606981730481213,2.869408969417589,True,True,0.5,0.6506949639511544,3.121396346096242,wind_stuck_7_days,2020
754,BAR012,BAR012,2020-05-28,4.25269127,3.4,3.4,-0.4140705687360688,0.4140705687360688,0.2769572263266438,0.6070016181000167,-0.02650412613212147,-0.01647832542773366,-0.02159575658231681,-0.41407056873606884,1.129939405435322,0.3274716116314627,2.9859294312639313,True,2.9859294312639313,True,2.9859294312639313,True,3.4,False,3.4,False,3.4,False,3.4,False,3.1929647156319656,3.330876713028405,True,True,0.5,0.16693600605952408,2.9859294312639313,wind_stuck_7_days,2020
755,BAR012,BAR012,2020-06-05,4.06410333,5.7,5.7,-0.6214561530319831,0.6214561530319831,0.24472708256442796,0.7100689745842976,-0.13799722959142893,-0.132667601912933,-0.0024802709665941126,0.6214561530319831,1.129939405435322,0.3274716116314627,5.078543846968017,True,5.078543846968017,True,5.078543846968017,True,5.7,False,5.7,False,5.7,False,5.7,False,5.389271923484008,5.5974188339962785,True,True,0.5,0.16506581438327578,5.078543846968017,wind_stuck_7_days,2020
756,BAR012,BAR012,2020-06-13,3.41520646,1.9,1.9,1.0654640805657416,1.0654640805657416,0.31927937752141555,0.5279610715976512,0.3660781204121906,0.17486406744282038,-0.12155521772283892,1.0654640805657416,1.129939405435322,0.3274716116314627,2.9654640805657415,True,2.9654640805657415,True,2.9654640805657415,True,2.9654640805657415,True,2.9654640805657415,True,2.9654640805657415,True,1.9,False,2.432732040282871,2.751041089794324,True,True,0.5,0.7987515537289976,2.9654640805657415,wind_stuck_7_days,2020
757,BAR012,BAR012,2020-06-14,3.63135855,3.3,3.3,0.6887061730349612,0.6887061730349612,0.1394267931247566,0.48425088367121844,-0.026770306659991184,0.007638788128733857,-0.048107569239409495,-0.02598907303496112,1.129939405435322,0.3274716116314627,3.988706173034961,True,3.988706173034961,True,3.988706173034961,True,3.3,False,3.3,False,3.988706173034961,True,3.3,False,3.6443530865174805,3.7239032450268477,True,True,0.5,0.6155066726915033,3.988706173034961,wind_stuck_7_days,2020
758,BAR012,BAR012,2020-06-21,5.38864166,4.0,4.0,0.2903244024825252,0.2903244024825252,0.21396061438344707,0.5637316353506694,-0.0036267136494067724,-0.005576456159283279,-0.0024802709665941126,0.2903244024825251,1.129939405435322,0.3274716116314627,4.290324402482526,True,4.290324402482526,True,4.290324402482526,True,4.0,False,4.0,False,4.0,False,4.0,False,4.145162201241263,4.208782027297944,True,True,0.5,0.7191335813065531,4.290324402482526,wind_stuck_7_days,2020
759,BAR012,BAR012,2020-06-29,5.12978473,3.9,3.9,0.380479378860809,0.380479378860809,0.18879841427574118,0.5430035505702399,-0.0036267136494067724,-0.0045442535400971795,-0.0024802709665941126,0.38047937886080896,1.129939405435322,0.3274716116314627,4.280479378860809,True,4.280479378860809,True,4.280479378860809,True,3.9,False,3.9,False,3.9,False,3.9,False,4.090239689430405,4.251842190911528,True,True,0.5,0.9247339289844737,4.280479378860809,wind_stuck_7_days,2020
760,BAR012,BAR012,2020-06-30,4.88814791,3.7,3.7,0.4776972869690582,0.4776972869690582,0.16972512312812424,0.6476117632868036,-0.023101740383232698,0.005246417415074772,-0.007883422051047324,0.4776972869690582,1.129939405435322,0.3274716116314627,4.1776972869690585,True,4.1776972869690585,True,4.1776972869690585,True,3.7,False,3.7,False,4.1776972869690585,True,3.7,False,3.9388486434845293,4.060108642662666,True,True,0.5,0.7538427629504008,4.1776972869690585,wind_stuck_7_days,2020
761,BAR012,BAR012,2020-07-07,4.76706222,3.2,3.2,0.046505054748366484,0.046505054748366484,0.28271896537344493,1.0878974951699774,-0.20182370665162153,-0.13081428662212666,-0.02159575658231681,0.046505054748366526,1.129939405435322,0.3274716116314627,3.2465050547483667,True,3.2465050547483667,True,3.2,False,3.2,False,3.2,False,3.2,False,3.2,False,3.2232525273741834,3.2465050547483667,True,True,0.5,1.0,3.470659625619811,wind_stuck_7_days,2020
762,BAR012,BAR012,2020-07-15,3.08133897,3.0,3.0,-1.5184776597736895,1.5184776597736895,0.18991739781026648,0.35776329232813325,-0.6119873076805217,-0.4472170894751756,-0.3041895231582551,-1.5184776597736895,1.129939405435322,0.3274716116314627,1.4815223402263105,True,1.4815223402263105,True,1.4815223402263105,True,3.0,False,3.0,False,3.0,False,3.0,False,2.240761170113155,3.0,True,False,0.5,0.0,1.4815223402263105,wind_stuck_7_days,2020
763,BAR012,BAR012,2020-07-16,3.04824007,3.1,3.1,-1.5761489902686736,1.5761489902686736,0.1716562538146778,0.432777022139457,-0.69080538846867,-0.46408064840640906,-0.3041895231582551,-1.4726291302686731,1.129939405435322,0.3274716116314627,1.5238510097313265,True,1.5238510097313265,True,1.5238510097313265,True,3.1,False,3.1,False,3.1,False,3.1,False,2.3119255048656635,3.1,True,False,0.5,0.0,1.5238510097313265,wind_stuck_7_days,2020
764,BAR012,BAR012,2020-08-08,2.9965061,2.9,2.9,0.04242583267991508,0.04242583267991508,0.30094033493701383,0.49337158682863774,-0.0036267136494067724,-0.005576456159283279,-0.02159575658231681,0.04242583267991508,1.129939405435322,0.3274716116314627,2.942425832679915,True,2.942425832679915,True,2.942425832679915,True,2.9,False,2.9,False,2.9,False,2.9,False,2.9212129163399574,2.942425832679915,True,True,0.5,1.0,2.942425832679915,wind_stuck_7_days,2020
765,BAR012,BAR012,2020-09-01,1.48792115,3.2,3.2,-0.8203574030743793,0.8203574030743793,0.2637039687518592,0.2876032388760479,-0.020042208071301547,-0.004333120186824432,-0.03493402890406809,0.8203574030743793,1.129939405435322,0.3274716116314627,2.379642596925621,True,2.379642596925621,True,2.379642596925621,True,3.2,False,3.2,False,3.2,False,3.2,False,2.7898212984628104,2.766520886467342,True,True,0.5,0.5284027570277875,2.379642596925621,wind_stuck_7_days,2020
766,BAR012,BAR012,2020-09-09,0.11102932,0.1,0.1,0.45699407374171946,0.45699407374171946,0.18462637449800137,0.481376983823009,0.14394581072678195,0.14395881438947572,-0.02159575658231681,-0.43493543374171945,1.129939405435322,0.3274716116314627,0.5569940737417195,True,0.5569940737417195,True,0.5569940737417195,True,0.5569940737417195,True,0.5569940737417195,True,0.5569940737417195,True,0.1,False,0.32849703687085974,0.5569940737417195,True,True,0.5,1.0,0.5569940737417195,wind_stuck_7_days,2020
767,BAR012,BAR012,2020-09-18,1.66152253,1.8,1.8,0.07712558773312575,0.07712558773312575,0.17468607653810478,0.29887812977672246,0.012445674740048925,0.011667874952580733,-0.02159575658231681,-0.07712558773312575,1.129939405435322,0.3274716116314627,1.8771255877331259,True,1.8771255877331259,True,1.8771255877331259,True,1.8771255877331259,True,1.8771255877331259,True,1.8771255877331259,True,1.8,False,1.838562793866563,1.8771255877331259,True,True,0.5,1.0,1.8771255877331259,wind_stuck_7_days,2020
768,BAR012,BAR012,2020-09-25,1.92152934,1.8,1.8,-0.16891394896548523,0.16891394896548523,0.2311691562764392,0.6437145028280498,-0.008280541115157672,0.0020897614676238193,-0.02159575658231681,-0.16891394896548523,1.129939405435322,0.3274716116314627,1.6310860510345149,True,1.6310860510345149,True,1.6310860510345149,True,1.8,False,1.8,False,1.6310860510345149,True,1.8,False,1.7155430255172575,1.642687478181565,True,True,0.5,0.9313175305053061,1.6310860510345149,wind_stuck_7_days,2020
769,BAR012,BAR012,2020-10-11,0.90218832,0.8,0.8,0.07716761892764577,0.07716761892764577,0.15494023311251512,0.6508117853863835,0.008755394757142144,0.013308425445579627,-0.02159575658231681,0.07716761892764577,1.129939405435322,0.3274716116314627,0.8771676189276458,True,0.8771676189276458,True,0.8771676189276458,True,0.8771676189276458,True,0.8771676189276458,True,0.8771676189276458,True,0.8,False,0.8385838094638229,0.8771676189276458,True,True,0.5,1.0,0.8771676189276458,wind_stuck_7_days,2020
770,BAR012,BAR012,2020-10-19,0.73161339,1.0,1.0,-0.3041806751594761,0.3041806751594761,0.13291976877122205,0.3475855509636391,0.01822471928658842,0.016421448182514068,-0.02159575658231681,0.23259254484052383,1.129939405435322,0.3274716116314627,0.6958193248405239,True,0.6958193248405239,True,0.6958193248405239,True,0.6958193248405239,True,0.6958193248405239,True,0.6958193248405239,True,1.0,False,0.847909662420262,0.8437706101378322,True,True,0.5,0.5136072164356259,0.6958193248405239,wind_stuck_7_days,2020
771,BAR012,BAR012,2020-11-12,0.21739709,0.2,0.2,0.201489669691545,0.201489669691545,0.08570094317812688,0.27272960133997237,0.03437515207374312,0.03529034104544888,-0.021080544441411317,-0.16669548969154505,1.129939405435322,0.3274716116314627,0.401489669691545,True,0.401489669691545,True,0.401489669691545,True,0.401489669691545,True,0.401489669691545,True,0.401489669691545,True,0.2,False,0.3007448348457725,0.401489669691545,True,True,0.5,1.0,0.401489669691545,wind_stuck_7_days,2020
772,BAR012,BAR012,2020-11-20,0.67430281,0.7,0.7,-0.08410259220968892,0.08410259220968892,0.10311967809120863,0.32103961851772805,0.01822471928658842,0.016421448182514068,-0.021080544441411317,-0.03270821220968907,1.129939405435322,0.3274716116314627,0.615897407790311,True,0.615897407790311,True,0.615897407790311,True,0.615897407790311,True,0.615897407790311,True,0.615897407790311,True,0.7,False,0.6579487038951555,0.615897407790311,True,True,0.5,1.0,0.615897407790311,wind_stuck_7_days,2020
773,BAR012,BAR012,2020-11-21,0.62032874,0.8,0.8,-0.27631933141450726,0.27631933141450726,0.11099877049919653,0.2932464938238999,0.01822471928658842,0.016421448182514068,-0.021080544441411317,0.08302318858549274,1.129939405435322,0.3274716116314627,0.5236806685854928,True,0.5236806685854928,True,0.5236806685854928,True,0.5236806685854928,True,0.5236806685854928,True,0.5236806685854928,True,0.8,False,0.6618403342927464,0.6289510392626845,True,True,0.5,0.6190263991364566,0.5236806685854928,wind_stuck_7_days,2020
774,BAR012,BAR012,2020-11-28,0.42252714,0.7,0.7,-0.19648864792198767,0.19648864792198767,0.09823853890497239,0.31711725245324773,0.01822471928658842,0.016421448182514068,-0.021080544441411317,0.19648864792198767,1.129939405435322,0.3274716116314627,0.5035113520780123,True,0.5035113520780123,True,0.5035113520780123,True,0.5035113520780123,True,0.5035113520780123,True,0.5035113520780123,True,0.7,False,0.6017556760390061,0.5437312480097801,True,True,0.5,0.7953067703548125,0.5035113520780123,wind_stuck_7_days,2020
775,BAR012,BAR012,2020-12-06,0.36602684,0.5,0.5,0.2862963402622275,0.2862963402622275,0.09441238957281388,0.5040457281510768,0.024586082936554038,0.02613685449172998,-0.021080544441411317,-0.2862963402622275,1.129939405435322,0.3274716116314627,0.7862963402622275,True,0.7862963402622275,True,0.7862963402622275,True,0.7862963402622275,True,0.7862963402622275,True,0.7862963402622275,True,0.5,False,0.6431481701311137,0.7298510957522961,True,True,0.5,0.8028432900740836,0.7862963402622275,wind_stuck_7_days,2020
776,BAR012,BAR012,2020-12-07,0.58779421,0.5,0.5,-0.09493310841729521,0.09493310841729521,0.09981159402939663,0.482591040834394,0.024586082936554038,0.02613685449172998,-0.02159575658231681,-0.09493310841729521,1.129939405435322,0.3274716116314627,0.4050668915827048,True,0.4050668915827048,True,0.4050668915827048,True,0.4050668915827048,True,0.4050668915827048,True,0.4050668915827048,True,0.5,False,0.4525334457913524,0.4050668915827048,True,True,0.5,1.0,0.4050668915827048,wind_stuck_7_days,2020
777,BAR012,BAR012,2020-12-22,0.75841492,0.5,0.5,0.39154248021049476,0.39154248021049476,0.1604209678218646,0.4907432604757392,0.03753348348434438,0.02613685449172998,-0.027798037162226653,0.12528735978950523,1.129939405435322,0.3274716116314627,0.8915424802104948,True,0.8915424802104948,True,0.8915424802104948,True,0.8915424802104948,True,0.8915424802104948,True,0.8915424802104948,True,0.5,False,0.6957712401052474,0.8774180072583877,True,True,0.5,0.9639260778434214,0.8915424802104948,wind_stuck_7_days,2020
778,BAR012,BAR012,2020-12-23,0.664044,0.7,0.7,-0.24915692544249662,0.24915692544249662,0.10555609545064422,0.3567330955643134,0.01822471928658842,0.016421448182514068,-0.021080544441411317,-0.17724492544249665,1.129939405435322,0.3274716116314627,0.45084307455750333,True,0.45084307455750333,True,0.45084307455750333,True,0.45084307455750333,True,0.45084307455750333,True,0.45084307455750333,True,0.7,False,0.5754215372787517,0.5097257540167743,True,True,0.5,0.7636723147281709,0.45084307455750333,wind_stuck_7_days,2020
1161,Ellendale,Ellendale,2020-01-20,2.53033044,0.9,0.9,-0.08744461693515929,0.08744461693515929,0.05778059027492207,0.3727289108372668,0.01822471928658842,0.016421448182514068,-0.021080544441411317,-0.08744461693515926,1.129939405435322,0.3274716116314627,0.8125553830648408,True,0.8125553830648408,True,0.8125553830648408,True,0.8125553830648408,True,0.8125553830648408,True,0.8125553830648408,True,0.9,False,0.8562776915324204,0.8125553830648408,True,True,0.5,1.0,0.8125553830648408,wind_stuck_7_days,2020
1162,Ellendale,Ellendale,2020-01-28,2.24967889,0.7,0.7,0.3909954764069251,0.3909954764069251,0.20048276297320966,0.5584032229292423,0.02504283349643445,0.016421448182514068,-0.027798037162226653,0.390995476406925,1.129939405435322,0.3274716116314627,1.090995476406925,True,1.090995476406925,True,1.090995476406925,True,1.090995476406925,True,1.090995476406925,True,1.090995476406925,True,0.7,False,0.8954977382034626,1.0768907360274473,True,True,0.5,0.9639260778434214,1.090995476406925,wind_stuck_7_days,2020
1163,Ellendale,Ellendale,2020-02-21,4.14546196,1.7,1.7,0.037092893028826124,0.037092893028826124,0.1591559740470009,0.5134849671974175,0.01404937916339546,0.011667874952580733,-0.021080544441411317,0.037092893028826346,1.129939405435322,0.3274716116314627,1.737092893028826,True,1.737092893028826,True,1.737092893028826,True,1.737092893028826,True,1.737092893028826,True,1.737092893028826,True,1.7,False,1.718546446514413,1.737092893028826,True,True,0.5,1.0,1.737092893028826,wind_stuck_7_days,2020
1164,Ellendale,Ellendale,2020-03-08,1.63707206,1.5,1.5,0.2384452198901848,0.2384452198901848,0.14687287970679844,0.4230723292613868,0.015466260890521517,0.013630585309097788,-0.02159575658231681,0.03569890010981508,1.129939405435322,0.3274716116314627,1.7384452198901847,True,1.7384452198901847,True,1.7384452198901847,True,1.7384452198901847,True,1.7384452198901847,True,1.7384452198901847,True,1.5,False,1.6192226099450924,1.6872924673365957,True,True,0.5,0.7854737764206493,1.7384452198901847,wind_stuck_7_days,2020
1165,Ellendale,Ellendale,2020-04-01,1.84092976,1.5,1.5,0.20064237986377292,0.20064237986377292,0.2002908439758184,0.4587601125884742,0.017069965313868056,0.013630585309097788,-0.02159575658231681,0.20064237986377292,1.129939405435322,0.3274716116314627,1.7006423798637729,True,1.7006423798637729,True,1.7006423798637729,True,1.7006423798637729,True,1.7006423798637729,True,1.7006423798637729,True,1.5,False,1.6003211899318865,1.7006423798637729,True,True,0.5,1.0,1.7006423798637729,wind_stuck_7_days,2020
1166,Ellendale,Ellendale,2020-04-25,3.71684892,2.4,2.4,0.011163160806735167,0.011163160806735167,0.2361331683451901,0.5956145280405545,-0.01365361306115459,-0.0006713264297782406,-0.02159575658231681,0.011163160806735073,1.129939405435322,0.3274716116314627,2.411163160806735,True,2.411163160806735,True,2.411163160806735,True,2.4,False,2.4,False,2.4,False,2.4,False,2.4055815804033673,2.411163160806735,True,True,0.5,1.0,2.411163160806735,wind_stuck_7_days,2020
1167,Ellendale,Ellendale,2020-05-11,6.52360535,3.6,3.6,-0.6763408285429205,0.6763408285429205,0.20537445610720656,0.4078910284730826,-0.019844624772599642,0.005736059466295617,-0.048107569239409495,-0.6763408285429207,1.129939405435322,0.3274716116314627,2.9236591714570794,True,2.9236591714570794,True,2.9236591714570794,True,3.6,False,3.6,False,2.9236591714570794,True,3.6,False,3.26182958572854,3.401582581119555,True,True,0.5,0.29336897982028803,2.9236591714570794,wind_stuck_7_days,2020
1168,Ellendale,Ellendale,2020-05-27,5.51219198,3.4,3.4,0.2809268178567629,0.2809268178567629,0.4571057133435279,0.6987528219088082,-0.041964449570420656,-0.03423378327209006,-0.06654331082334972,0.28092681785676277,1.129939405435322,0.3274716116314627,3.6809268178567627,True,3.4,False,3.6809268178567627,True,3.4,False,3.4,False,3.4,False,3.4,False,3.5404634089283813,3.4890369556558545,True,True,0.5,0.3169400356118806,3.6809268178567627,wind_stuck_7_days,2020
1169,Ellendale,Ellendale,2020-06-20,4.53563857,4.0,4.0,-0.09193410165813999,0.09193410165813999,0.30507035898102497,0.5784524884600533,-0.0006702548640658253,-0.005576456159283279,-0.0024802709665941126,-0.09193410165813998,1.129939405435322,0.3274716116314627,3.90806589834186,True,3.90806589834186,True,3.90806589834186,True,4.0,False,4.0,False,4.0,False,4.0,False,3.95403294917093,3.90806589834186,True,True,0.5,1.0,3.90806589834186,wind_stuck_7_days,2020
1170,Ellendale,Ellendale,2020-12-21,1.47959524,0.5,0.5,0.12150923166923455,0.12150923166923455,0.11277410041857289,0.41817769593645543,0.022982378513207505,0.02613685449172998,-0.021080544441411317,0.12150923166923455,1.129939405435322,0.3274716116314627,0.6215092316692346,True,0.6215092316692346,True,0.6215092316692346,True,0.6215092316692346,True,0.6215092316692346,True,0.6215092316692346,True,0.5,False,0.5607546158346173,0.6215092316692346,True,True,0.5,1.0,0.6215092316692346,wind_stuck_7_days,2020
1875,RIP760,Almond_Low,2020-02-08,0.87790191,1.5,1.5,-0.2035314454809681,0.2035314454809681,0.07544359940117783,0.2882386229603818,0.015466260890521517,0.013630585309097788,-0.021080544441411317,0.20353144548096813,1.129939405435322,0.3274716116314627,1.296468554519032,True,1.296468554519032,True,1.296468554519032,True,1.296468554519032,True,1.296468554519032,True,1.296468554519032,True,1.5,False,1.398234277259516,1.3031505335054276,True,True,0.5,0.967169795455412,1.296468554519032,wind_stuck_7_days,2020
1876,RIP760,Almond_Low,2020-02-16,1.47128105,1.9,1.9,-0.3192863036822259,0.3192863036822259,0.11496414111234422,0.46126384314392804,0.009223799421560111,0.008073345503100987,-0.021080544441411317,0.3192863036822259,1.129939405435322,0.3274716116314627,1.580713696317774,True,1.580713696317774,True,1.580713696317774,True,1.580713696317774,True,1.580713696317774,True,1.580713696317774,True,1.9,False,1.740356848158887,1.7492326206535265,True,True,0.5,0.47220121128818193,1.580713696317774,wind_stuck_7_days,2020
1877,RIP760,Almond_Low,2020-02-17,1.20845494,1.5,1.5,0.14979615283194647,0.14979615283194647,0.08730987721442955,0.306081944073595,0.015466260890521517,0.013630585309097788,-0.021080544441411317,-0.14979615283194647,1.129939405435322,0.3274716116314627,1.6497961528319465,True,1.6497961528319465,True,1.6497961528319465,True,1.6497961528319465,True,1.6497961528319465,True,1.6497961528319465,True,1.5,False,1.5748980764159732,1.6497961528319465,True,True,0.5,1.0,1.6497961528319465,wind_stuck_7_days,2020
1878,RIP760,Almond_Low,2020-03-03,1.2932354,2.3,2.3,-0.3883929062524022,0.3883929062524022,0.16272938580108895,0.2736060294444477,0.007620094998213575,0.008073345503100987,-0.021080544441411317,0.3883929062524022,1.129939405435322,0.3274716116314627,1.9116070937475977,True,1.9116070937475977,True,1.9116070937475977,True,1.9116070937475977,True,1.9116070937475977,True,1.9116070937475977,True,2.3,False,2.1058035468737986,2.17304340498923,True,True,0.5,0.32687670904129623,1.9116070937475977,wind_stuck_7_days,2020
1879,RIP760,Almond_Low,2020-03-04,1.45206391,2.5,2.5,-0.32490525982677293,0.32490525982677293,0.18645353533012238,0.41344347723755465,0.007620094998213575,0.008073345503100987,-0.021080544441411317,0.324905259826773,1.129939405435322,0.3274716116314627,2.1750947401732272,True,2.1750947401732272,True,2.1750947401732272,True,2.1750947401732272,True,2.1750947401732272,True,2.1750947401732272,True,2.5,False,2.3375473700866136,2.3465793427558963,True,True,0.5,0.47220121128818193,2.1750947401732272,wind_stuck_7_days,2020
1880,RIP760,Almond_Low,2020-04-21,3.7573525,4.1,4.1,-0.33939328791931295,0.33939328791931295,0.0658093239547896,0.36314310850521864,0.007620094998213575,0.008073345503100987,-0.0024802709665941126,0.33939328791931295,1.129939405435322,0.3274716116314627,3.7606067120806865,True,3.7606067120806865,True,3.7606067120806865,True,3.7606067120806865,True,3.7606067120806865,True,3.7606067120806865,True,4.1,False,3.9303033560403433,3.9592240342770317,True,True,0.5,0.4147871237702138,3.7606067120806865,wind_stuck_7_days,2020
1881,RIP760,Almond_Low,2020-04-28,4.50825883,5.5,5.5,-0.4160716151947552,0.4160716151947552,0.2898170929767103,0.5922637222822453,-0.023547667346780522,-0.01647832542773366,-0.0024802709665941126,0.4160716151947552,1.129939405435322,0.3274716116314627,5.083928384805245,True,5.083928384805245,True,5.083928384805245,True,5.5,False,5.5,False,5.5,False,5.5,False,5.291964192402622,5.5,True,False,0.5,0.0,5.083928384805245,wind_stuck_7_days,2020
1882,RIP760,Almond_Low,2020-05-06,5.04529671,5.3,5.3,-0.8027240424269568,0.8027240424269568,0.20454123073121114,0.8592975947909606,-0.12706029856803008,-0.13870019605369993,-0.05003972984851161,-0.29331746242695655,1.129939405435322,0.3274716116314627,4.497275957573043,True,4.497275957573043,True,4.497275957573043,True,5.3,False,5.3,False,5.3,False,5.3,False,4.898637978786521,5.207124867435846,True,True,0.5,0.11569995123524011,4.497275957573043,wind_stuck_7_days,2020
1883,RIP760,Almond_Low,2020-05-07,4.50279883,5.9,5.9,-0.13812640599910372,0.13812640599910372,0.27534943100672354,0.5607704018918479,-0.0036267136494067724,-0.005576456159283279,-0.0024802709665941126,0.13812640599910364,1.129939405435322,0.3274716116314627,5.761873594000897,True,5.761873594000897,True,5.761873594000897,True,5.9,False,5.9,False,5.9,False,5.9,False,5.830936797000448,5.761873594000897,True,True,0.5,1.0,5.761873594000897,wind_stuck_7_days,2020
1884,RIP760,Almond_Low,2020-05-14,4.8139697,6.4,6.4,-0.8957284260640505,0.8957284260640505,0.2029298953454613,0.3992246622867396,-0.11588994923004137,-0.16428008703248384,0.0055654601319884926,0.8957284260640505,1.129939405435322,0.3274716116314627,5.50427157393595,True,5.50427157393595,True,5.50427157393595,True,6.4,False,6.4,False,6.4,False,5.50427157393595,True,5.952135786967975,6.212067615431924,True,True,0.5,0.20980955733857412,5.50427157393595,wind_stuck_7_days,2020
1885,RIP760,Almond_Low,2020-05-22,5.74330689,5.6,5.6,-0.3372283596967284,0.3372283596967284,0.2663469388141355,0.47645781383003455,-0.0036267136494067724,-0.005576456159283279,-0.0024802709665941126,-0.3372283596967284,1.129939405435322,0.3274716116314627,5.262771640303272,True,5.262771640303272,True,5.262771640303272,True,5.6,False,5.6,False,5.6,False,5.6,False,5.431385820151635,5.496608237519435,True,True,0.5,0.30659272717616376,5.262771640303272,wind_stuck_7_days,2020
1886,RIP760,Almond_Low,2020-05-23,5.58524737,6.3,6.3,0.02361205289538535,0.02361205289538535,0.28208228342675806,0.6143684377655635,-0.02650412613212147,-0.06449987710023704,-0.0024802709665941126,-0.02361205289538537,1.129939405435322,0.3274716116314627,6.323612052895385,True,6.323612052895385,True,6.323612052895385,True,6.3,False,6.3,False,6.3,False,6.3,False,6.311806026447693,6.323612052895385,True,True,0.5,1.0,6.323612052895385,wind_stuck_7_days,2020
1887,RIP760,Almond_Low,2020-05-30,4.98992826,5.6,5.6,-0.8446089748015118,0.8446089748015118,0.24588893847282817,0.3689853877498762,0.007476975949033503,0.00895233167437727,-0.028992083623686812,0.3755345051984873,1.129939405435322,0.3274716116314627,4.755391025198488,True,4.755391025198488,True,4.755391025198488,True,4.755391025198488,True,4.755391025198488,True,4.755391025198488,True,5.6,False,5.177695512599244,5.059251486224691,True,True,0.5,0.6402353395574416,4.755391025198488,wind_stuck_7_days,2020
1888,RIP760,Almond_Low,2020-05-31,3.97471898,5.0,5.0,-1.1168388729513736,1.1168388729513736,0.25603113941306727,0.2806387174377897,-0.037362809489336346,-0.08112291590673312,-0.05252279021567171,0.9337231670486263,1.129939405435322,0.3274716116314627,3.883161127048626,True,3.883161127048626,True,3.883161127048626,True,5.0,False,5.0,False,5.0,False,5.0,False,4.4415805635243135,4.459376783946515,True,True,0.5,0.4840655435146409,3.883161127048626,wind_stuck_7_days,2020
1889,RIP760,Almond_Low,2020-06-07,5.43839171,5.7,5.7,-1.423131298105834,1.423131298105834,0.3457486264202416,0.9595397705219909,-0.10906301217501188,-0.19866483096339732,-0.3983273514822363,-0.8999147181058342,1.129939405435322,0.3274716116314627,4.276868701894166,True,5.7,False,5.7,False,5.7,False,5.7,False,5.7,False,5.7,False,4.988434350947083,5.341617500093083,True,True,0.5,0.25182672911762877,4.276868701894166,wind_stuck_7_days,2020
1890,RIP760,Almond_Low,2020-06-08,5.89248383,6.1,6.1,-0.25669107482047054,0.25669107482047054,0.11238442386198864,0.710125835376536,-0.021616145603337605,-0.030175314188573877,-0.0024802709665941126,0.15834126517952923,1.129939405435322,0.3274716116314627,5.843308925179529,True,5.843308925179529,True,5.843308925179529,True,6.1,False,6.1,False,6.1,False,6.1,False,5.971654462589765,5.9982845090405155,True,True,0.5,0.3962564379405238,5.843308925179529,wind_stuck_7_days,2020
1891,RIP760,Almond_Low,2020-06-16,6.42486869,5.9,5.9,-0.12538948653711657,0.12538948653711657,0.159165597921465,0.6114816362343249,-0.017130170297997224,-0.012256722853790302,-0.0024802709665941126,-0.12538948653711657,1.129939405435322,0.3274716116314627,5.774610513462884,True,5.774610513462884,True,5.774610513462884,True,5.9,False,5.9,False,5.9,False,5.9,False,5.837305256731442,5.774610513462884,True,True,0.5,1.0,5.774610513462884,wind_stuck_7_days,2020
1892,RIP760,Almond_Low,2020-06-23,6.74976676,6.2,6.2,0.5292164701765346,0.5292164701765346,0.20292257666836233,0.38095297145689283,-0.0018280323238645366,0.012958886728767905,-0.0024802709665941126,0.5292164701765346,1.129939405435322,0.3274716116314627,6.729216470176535,True,6.729216470176535,True,6.729216470176535,True,6.2,False,6.2,False,6.729216470176535,True,6.2,False,6.464608235088267,6.562104570400114,True,True,0.5,0.6842277041742942,6.729216470176535,wind_stuck_7_days,2020
1893,RIP760,Almond_Low,2020-07-01,6.08376757,6.1,6.1,0.47570562889176554,0.47570562889176554,0.219499616335365,0.5069579019249522,0.034313711608606565,0.012958886728767905,-0.0024802709665941126,-0.47570562889176554,1.129939405435322,0.3274716116314627,6.5757056288917655,True,6.5757056288917655,True,6.5757056288917655,True,6.5757056288917655,True,6.5757056288917655,True,6.5757056288917655,True,6.1,False,6.337852814445882,6.506248858016756,True,True,0.5,0.8539921189563796,6.5757056288917655,wind_stuck_7_days,2020
1894,RIP760,Almond_Low,2020-07-02,5.60308142,5.7,5.7,0.5275210556601377,0.5275210556601377,0.20904248772391015,0.39884254872116803,-0.0018280323238645366,0.012958886728767905,-0.0024802709665941126,-0.5275210556601377,1.129939405435322,0.3274716116314627,6.227521055660138,True,6.227521055660138,True,6.227521055660138,True,5.7,False,5.7,False,6.227521055660138,True,5.7,False,5.963760527830069,6.060944520817936,True,True,0.5,0.6842277041742942,6.227521055660138,wind_stuck_7_days,2020
1895,RIP760,Almond_Low,2020-07-09,6.51187859,5.8,5.8,0.2444418951240174,0.2444418951240174,0.20054599922183955,0.4157080904194025,-0.0052304180727533066,-0.0045442535400971795,-0.0024802709665941126,0.24444189512401737,1.129939405435322,0.3274716116314627,6.0444418951240175,True,6.0444418951240175,True,6.0444418951240175,True,5.8,False,5.8,False,5.8,False,5.8,False,5.922220947562009,5.936624689280509,True,True,0.5,0.5589250124705218,6.0444418951240175,wind_stuck_7_days,2020
1896,RIP760,Almond_Low,2020-07-10,6.12891905,6.2,6.2,0.3798795055917334,0.3798795055917334,0.22725268738098975,0.3896272319169256,-0.07015713389507558,-0.11330912708200257,-0.0024802709665941126,-0.3798795055917334,1.129939405435322,0.3274716116314627,6.579879505591734,True,6.579879505591734,True,6.579879505591734,True,6.2,False,6.2,False,6.2,False,6.2,False,6.389939752795867,6.254980703656743,True,True,0.5,0.14473195538964395,6.579879505591734,wind_stuck_7_days,2020
1897,RIP760,Almond_Low,2020-07-17,6.39240963,6.2,6.2,0.1166182018131345,0.1166182018131345,0.21195567599099124,0.44440997929963466,-0.0052304180727533066,-0.005576456159283279,-0.0024802709665941126,0.1166182018131345,1.129939405435322,0.3274716116314627,6.316618201813134,True,6.316618201813134,True,6.316618201813134,True,6.2,False,6.2,False,6.2,False,6.2,False,6.258309100906567,6.316618201813134,True,True,0.5,1.0,6.316618201813134,wind_stuck_7_days,2020
1898,RIP760,Almond_Low,2020-07-18,6.21164306,5.8,5.8,0.16746380553782894,0.16746380553782894,0.20683480071877983,0.4284882658889665,-0.0052304180727533066,-0.0045442535400971795,-0.0024802709665941126,0.16746380553782894,1.129939405435322,0.3274716116314627,5.967463805537829,True,5.967463805537829,True,5.967463805537829,True,5.8,False,5.8,False,5.8,False,5.8,False,5.883731902768914,5.967463805537829,True,True,0.5,1.0,5.967463805537829,wind_stuck_7_days,2020
1899,RIP760,Almond_Low,2020-07-26,6.5290843,6.1,6.1,0.2842893220203734,0.2842893220203734,0.20543608431324065,0.4038067708871367,-0.0052304180727533066,-0.0045442535400971795,-0.0024802709665941126,0.2842893220203734,1.129939405435322,0.3274716116314627,6.384289322020373,True,6.384289322020373,True,6.384289322020373,True,6.1,False,6.1,False,6.1,False,6.1,False,6.242144661010187,6.290022100445072,True,True,0.5,0.6684109663164011,6.384289322020373,wind_stuck_7_days,2020
1900,RIP760,Almond_Low,2020-08-02,5.62233123,5.8,5.8,0.24002505721293485,0.24002505721293485,0.27980154781085814,0.472456543746519,-0.06855342947172906,-0.11011972712724531,-0.0024802709665941126,-0.24002505721293488,1.129939405435322,0.3274716116314627,6.040025057212935,True,6.040025057212935,True,6.040025057212935,True,5.8,False,5.8,False,5.8,False,5.8,False,5.920012528606467,5.8,True,False,0.5,0.0,5.977372510479157,wind_stuck_7_days,2020
1901,RIP760,Almond_Low,2020-08-03,6.25090342,5.4,5.4,0.1563682457234352,0.1563682457234352,0.21171917499473542,0.46130213044768054,-0.06855342947172906,-0.11011972712724531,-0.0024802709665941126,0.15636824572343522,1.129939405435322,0.3274716116314627,5.556368245723435,True,5.556368245723435,True,5.556368245723435,True,5.4,False,5.4,False,5.4,False,5.4,False,5.478184122861718,5.4,True,False,0.5,0.0,5.493273259578543,wind_stuck_7_days,2020
1902,RIP760,Almond_Low,2020-08-10,6.03423321,5.6,5.6,-0.2868847605161673,0.2868847605161673,0.26155042171069753,0.5060082306624507,-0.0036267136494067724,-0.005576456159283279,-0.0024802709665941126,-0.2868847605161673,1.129939405435322,0.3274716116314627,5.313115239483833,True,5.313115239483833,True,5.313115239483833,True,5.6,False,5.6,False,5.6,False,5.6,False,5.456557619741916,5.476527213547924,True,True,0.5,0.43039158381895765,5.313115239483833,wind_stuck_7_days,2020
1903,RIP760,Almond_Low,2020-08-11,5.91191795,5.6,5.6,-0.26334752336970907,0.26334752336970907,0.20892250883527758,0.4416093338026655,-0.0052304180727533066,-0.005576456159283279,-0.0024802709665941126,-0.2633475233697091,1.129939405435322,0.3274716116314627,5.336652476630291,True,5.336652476630291,True,5.336652476630291,True,5.6,False,5.6,False,5.6,False,5.6,False,5.468326238315145,5.463410215608343,True,True,0.5,0.5186674347413577,5.336652476630291,wind_stuck_7_days,2020
1904,RIP760,Almond_Low,2020-08-18,5.52039828,6.5,6.5,-0.2062300367546826,0.2062300367546826,0.2514012347610125,0.8638784447846175,-0.10991122987905495,-0.17462731027587505,-0.0024802709665941126,0.20623003675468254,1.129939405435322,0.3274716116314627,6.2937699632453175,True,6.2937699632453175,True,6.2937699632453175,True,6.5,False,6.5,False,6.5,False,6.5,False,6.396884981622659,6.5,True,False,0.5,0.0,6.5942199153605205,wind_stuck_7_days,2020
1905,RIP760,Almond_Low,2020-08-26,5.59569469,5.0,5.0,-0.7760926485592511,0.7760926485592511,0.23601092595272624,0.423279720979891,-0.11588994923004137,-0.11729073797916657,-0.028992083623686812,-0.776092648559251,1.129939405435322,0.3274716116314627,4.223907351440749,True,4.223907351440749,True,4.223907351440749,True,5.0,False,5.0,False,5.0,False,5.0,False,4.6119536757203745,4.925965230415341,True,True,0.5,0.09539424155363226,4.223907351440749,wind_stuck_7_days,2020
1906,RIP760,Almond_Low,2020-08-27,5.17002316,5.5,5.5,-0.2525402964632416,0.2525402964632416,0.18142791275165931,0.37950009855667877,-0.00227395928741236,-0.0045442535400971795,-0.0024802709665941126,0.2525402964632416,1.129939405435322,0.3274716116314627,5.247459703536759,True,5.247459703536759,True,5.247459703536759,True,5.5,False,5.5,False,5.5,False,5.5,False,5.373729851768379,5.367704211872778,True,True,0.5,0.5238601125443686,5.247459703536759,wind_stuck_7_days,2020
1907,RIP760,Almond_Low,2020-09-03,4.69537232,5.5,5.5,-0.09104550851321787,0.09104550851321787,0.1525557383839017,0.540434107512034,-0.0036267136494067724,-0.0045442535400971795,-0.0024802709665941126,0.09104550851321791,1.129939405435322,0.3274716116314627,5.408954491486782,True,5.408954491486782,True,5.408954491486782,True,5.5,False,5.5,False,5.5,False,5.5,False,5.454477245743391,5.408954491486782,True,True,0.5,1.0,5.408954491486782,wind_stuck_7_days,2020
1908,RIP760,Almond_Low,2020-09-04,5.00039848,5.1,5.1,-0.190531525381145,0.190531525381145,0.18119091150224037,0.8159320595422566,-0.04498451405673265,-0.030175314188573877,-0.0024802709665941126,0.008671514618853654,1.129939405435322,0.3274716116314627,4.909468474618855,True,4.909468474618855,True,4.909468474618855,True,5.1,False,5.1,False,5.1,False,5.1,False,5.004734237309427,4.975956377801467,True,True,0.5,0.6510398840842356,4.909468474618855,wind_stuck_7_days,2020
1909,RIP760,Almond_Low,2020-09-12,1.4799932,3.5,3.5,-0.5385318597076433,0.5385318597076433,0.10438517241091674,0.3223148021306289,0.007620094998213575,0.008073345503100987,-0.02159575658231681,0.5385318597076432,1.129939405435322,0.3274716116314627,2.961468140292357,True,2.961468140292357,True,2.961468140292357,True,2.961468140292357,True,2.961468140292357,True,2.961468140292357,True,3.5,False,3.230734070146178,3.316590770535974,True,True,0.5,0.3405726628014075,2.961468140292357,wind_stuck_7_days,2020
1910,RIP760,Almond_Low,2020-09-19,3.35995945,4.5,4.5,-0.14386016814641045,0.14386016814641045,0.18237904854192177,0.3071905425258513,0.007620094998213575,0.008073345503100987,-0.0024802709665941126,0.14386016814641045,1.129939405435322,0.3274716116314627,4.356139831853589,True,4.356139831853589,True,4.356139831853589,True,4.356139831853589,True,4.356139831853589,True,4.356139831853589,True,4.5,False,4.428069915926795,4.356139831853589,True,True,0.5,1.0,4.356139831853589,wind_stuck_7_days,2020
1911,RIP760,Almond_Low,2020-09-20,2.73772659,3.6,3.6,-0.4145477158692845,0.4145477158692845,0.09389712987266806,0.331346196000265,0.007620094998213575,0.008073345503100987,-0.02159575658231681,0.4145477158692845,1.129939405435322,0.3274716116314627,3.1854522841307156,True,3.1854522841307156,True,3.1854522841307156,True,3.1854522841307156,True,3.1854522841307156,True,3.1854522841307156,True,3.6,False,3.392726142065358,3.4811516249878443,True,True,0.5,0.28669407757545384,3.1854522841307156,wind_stuck_7_days,2020
1912,RIP760,Almond_Low,2020-09-27,3.30754823,3.7,3.7,-0.4308972312220778,0.4308972312220778,0.2014081160897473,0.421772673659337,0.007620094998213575,0.008073345503100987,-0.007883422051047324,0.3540063087779224,1.129939405435322,0.3274716116314627,3.2691027687779224,True,3.2691027687779224,True,3.2691027687779224,True,3.2691027687779224,True,3.2691027687779224,True,3.2691027687779224,True,3.7,False,3.4845513843889613,3.5430801428639764,True,True,0.5,0.364170028874355,3.2691027687779224,wind_stuck_7_days,2020
1913,RIP760,Almond_Low,2020-09-28,3.11123588,4.0,4.0,-0.2753003450381126,0.2753003450381126,0.15020509680666874,0.4439266171464779,-0.00227395928741236,-0.0045442535400971795,-0.0024802709665941126,0.2753003450381126,1.129939405435322,0.3274716116314627,3.7246996549618876,True,3.7246996549618876,True,3.7246996549618876,True,4.0,False,4.0,False,4.0,False,4.0,False,3.862349827480944,3.871017189226476,True,True,0.5,0.468516705838737,3.7246996549618876,wind_stuck_7_days,2020
1914,RIP760,Almond_Low,2020-10-13,3.32112215,3.4,3.4,-0.24610898394151937,0.24610898394151937,0.12782509319313903,0.4624015168869858,0.009223799421560111,0.008073345503100987,-0.02159575658231681,-0.08835328394151931,1.129939405435322,0.3274716116314627,3.1538910160584805,True,3.1538910160584805,True,3.1538910160584805,True,3.1538910160584805,True,3.1538910160584805,True,3.1538910160584805,True,3.4,False,3.2769455080292405,3.212053382557982,True,True,0.5,0.7636723147281709,3.1538910160584805,wind_stuck_7_days,2020
1915,RIP760,Almond_Low,2020-10-14,3.28206557,3.6,3.6,-0.23641625930686883,0.23641625930686883,0.13758015479202823,0.5380915840546636,-0.0006702548640658253,-0.0045442535400971795,-0.02159575658231681,0.23641625930686883,1.129939405435322,0.3274716116314627,3.363583740693131,True,3.363583740693131,True,3.363583740693131,True,3.6,False,3.6,False,3.6,False,3.6,False,3.481791870346566,3.455168113549172,True,True,0.5,0.6126138992108661,3.363583740693131,wind_stuck_7_days,2020
1916,RIP760,Almond_Low,2020-12-09,0.24132897,0.6,0.6,-0.08959587838709947,0.08959587838709947,0.09702364587113964,0.22966289382650135,0.01822471928658842,0.016421448182514068,-0.021080544441411317,0.08959587838709948,1.129939405435322,0.3274716116314627,0.5104041216129005,True,0.5104041216129005,True,0.5104041216129005,True,0.5104041216129005,True,0.5104041216129005,True,0.5104041216129005,True,0.6,False,0.5552020608064503,0.5104041216129005,True,True,0.5,1.0,0.5104041216129005,wind_stuck_7_days,2020
1959,S2,S2,2020-01-07,0.21977332,0.4,0.4,0.027880549569940304,0.027880549569940304,0.07451183447086125,0.33019441897754226,0.01963167358346193,0.02368610735703014,-0.021080544441411317,-0.027880549569940294,1.129939405435322,0.3274716116314627,0.4278805495699403,True,0.4278805495699403,True,0.4278805495699403,True,0.4278805495699403,True,0.4278805495699403,True,0.4278805495699403,True,0.4,False,0.4139402747849702,0.4278805495699403,True,True,0.5,1.0,0.4278805495699403,wind_stuck_7_days,2020
1960,S2,S2,2020-02-24,0.80743001,0.6,0.6,0.3103926510089189,0.3103926510089189,0.12832716534137145,0.2795167052796227,0.01822471928658842,0.016421448182514068,-0.021080544441411317,0.10446736899108122,1.129939405435322,0.3274716116314627,0.9103926510089189,True,0.9103926510089189,True,0.9103926510089189,True,0.9103926510089189,True,0.9103926510089189,True,0.9103926510089189,True,0.6,False,0.7551963255044594,0.8361265288204194,True,True,0.5,0.7607349209232226,0.9103926510089189,wind_stuck_7_days,2020
1961,S2,S2,2020-03-03,0.49529022,0.5,0.5,0.729449966328293,0.729449966328293,0.15803570225935662,0.38940427655861065,0.14772944660851087,0.1564106991550363,-0.08878362515631708,-0.729449966328293,1.129939405435322,0.3274716116314627,1.229449966328293,True,1.229449966328293,True,1.229449966328293,True,1.229449966328293,True,1.229449966328293,True,1.229449966328293,True,0.5,False,0.8647249831641465,1.0828740804960284,True,True,0.5,0.7990597126625993,1.229449966328293,wind_stuck_7_days,2020
1962,S2,S2,2020-03-11,0.59907075,1.0,1.0,0.1754895564614181,0.1754895564614181,0.060426656606241684,0.3461367871341897,0.01822471928658842,0.016421448182514068,-0.021080544441411317,-0.17548955646141806,1.129939405435322,0.3274716116314627,1.175489556461418,True,1.175489556461418,True,1.175489556461418,True,1.175489556461418,True,1.175489556461418,True,1.175489556461418,True,1.0,False,1.087744778230709,1.1627437413961341,True,True,0.5,0.927369951111101,1.175489556461418,wind_stuck_7_days,2020
1963,S2,S2,2020-04-12,2.10684473,1.9,1.9,-0.36474888094798963,0.36474888094798963,0.1284333834642134,0.40988872551533745,0.007620094998213575,0.008073345503100987,-0.021080544441411317,-0.36474888094798963,1.129939405435322,0.3274716116314627,1.5352511190520102,True,1.5352511190520102,True,1.5352511190520102,True,1.5352511190520102,True,1.5352511190520102,True,1.5352511190520102,True,1.9,False,1.717625559526005,1.7671062575350105,True,True,0.5,0.36434311222448684,1.5352511190520102,wind_stuck_7_days,2020
1964,S2,S2,2020-05-06,6.32064653,3.6,3.6,-1.0001079495481793,1.0001079495481793,0.2885287778283675,0.7667483007200764,0.10083696836103945,0.11020377156600966,-0.09634951463444207,-1.000107949548179,1.129939405435322,0.3274716116314627,2.599892050451821,True,2.599892050451821,True,2.599892050451821,True,2.599892050451821,True,2.599892050451821,True,2.599892050451821,True,3.6,False,3.0999460252259103,2.6430330183060815,True,True,0.5,0.9568636886910553,2.599892050451821,wind_stuck_7_days,2020
1965,S2,S2,2020-06-23,5.09978645,3.7,3.7,-0.3953313504721697,0.3953313504721697,0.31404967934940503,0.5050844583978576,-0.0006702548640658253,-0.008765856114040528,-0.007883422051047324,-0.3953313504721696,1.129939405435322,0.3274716116314627,3.3046686495278306,True,3.3046686495278306,True,3.3046686495278306,True,3.7,False,3.7,False,3.7,False,3.7,False,3.502334324763915,3.6061120602111147,True,True,0.5,0.2374917640018908,3.3046686495278306,wind_stuck_7_days,2020
1966,S2,S2,2020-07-01,6.12706073,5.1,5.1,-1.5217543512501368,1.5217543512501368,0.19681806934554125,0.44927093126361983,0.3145927443014909,0.32336195732071427,0.0815179694422996,-1.521754351250137,1.129939405435322,0.3274716116314627,3.5782456487498626,True,3.5782456487498626,True,3.5782456487498626,True,3.5782456487498626,True,3.5782456487498626,True,3.5782456487498626,True,3.5782456487498626,True,4.339122824374932,4.043806265843294,True,True,0.5,0.6940632259661562,3.5782456487498626,wind_stuck_7_days,2020
1967,S2,S2,2020-07-09,6.82340753,5.9,5.9,-1.0615911523601784,1.0615911523601784,0.206101547862378,0.5083701483550808,0.050054685532542165,-0.050372177969916464,0.03529628690866077,-1.0615911523601784,1.129939405435322,0.3274716116314627,4.838408847639822,True,4.838408847639822,True,4.838408847639822,True,4.838408847639822,True,4.838408847639822,True,5.9,False,4.838408847639822,True,5.3692044238199115,5.408123306159067,True,True,0.5,0.46333910446349363,4.838408847639822,wind_stuck_7_days,2020
1968,S2,S2,2020-07-25,5.5763541,4.5,4.5,-1.4690496506489616,1.4690496506489616,0.17566341441453245,0.3662235022045494,-0.15985345105137164,-0.15082260275109047,-0.017978913067604445,-1.4690496506489614,1.129939405435322,0.3274716116314627,3.0309503493510386,True,3.0309503493510386,True,3.0309503493510386,True,4.5,False,4.5,False,4.5,False,4.5,False,3.7654751746755193,4.070517032428379,True,True,0.5,0.29235428998733587,3.0309503493510386,wind_stuck_7_days,2020
1969,S2,S2,2020-08-02,6.83187574,5.7,5.7,-0.4084660410285256,0.4084660410285256,0.1918970904084946,0.4090162757556516,-0.00227395928741236,-0.0045442535400971795,-0.0024802709665941126,-0.4084660410285257,1.129939405435322,0.3274716116314627,5.291533958971475,True,5.291533958971475,True,5.291533958971475,True,5.7,False,5.7,False,5.7,False,5.7,False,5.495766979485738,5.613441193416961,True,True,0.5,0.2119118797858524,5.291533958971475,wind_stuck_7_days,2020
1970,S2,S2,2020-08-10,5.88307857,5.3,5.3,-1.3959624254725564,1.3959624254725564,0.22739511862926742,0.5381008170231804,0.0906952642489689,0.12191014410157387,0.16155504651382688,-1.3959624254725564,1.129939405435322,0.3274716116314627,3.904037574527443,True,3.904037574527443,True,3.904037574527443,True,3.904037574527443,True,3.904037574527443,True,3.904037574527443,True,3.904037574527443,True,4.602018787263722,4.46759849379345,True,True,0.5,0.5962922002895368,3.904037574527443,wind_stuck_7_days,2020
1971,S2,S2,2020-08-18,4.63911661,5.8,5.8,0.007946642408424288,0.007946642408424288,0.1428892803875722,0.42767012117470526,-0.00227395928741236,-0.0045442535400971795,-0.0024802709665941126,-0.007946642408424243,1.129939405435322,0.3274716116314627,5.8079466424084245,True,5.8079466424084245,True,5.8079466424084245,True,5.8,False,5.8,False,5.8,False,5.8,False,5.803973321204212,5.8079466424084245,True,True,0.5,1.0,5.8079466424084245,wind_stuck_7_days,2020
1972,S2,S2,2020-09-03,3.87713748,4.0,4.0,-0.7791068226720319,0.7791068226720319,0.24575877206684482,0.48814182073627393,-0.014261324796677785,-0.028701819777319837,-0.015818543288345407,-0.533381782672032,1.129939405435322,0.3274716116314627,3.220893177327968,True,3.220893177327968,True,3.220893177327968,True,4.0,False,4.0,False,4.0,False,4.0,False,3.610446588663984,3.825297341443015,True,True,0.5,0.2242345381571978,3.220893177327968,wind_stuck_7_days,2020
1973,S2,S2,2020-09-11,4.93010495,4.1,4.1,-1.4069674843030018,1.4069674843030018,0.20956341062482292,0.5685798742073493,0.4814443367657544,0.5206264740156601,0.37780202868368806,-1.406967484303002,1.129939405435322,0.3274716116314627,2.6930325156969976,True,2.6930325156969976,True,2.6930325156969976,True,2.6930325156969976,True,2.6930325156969976,True,2.6930325156969976,True,2.6930325156969976,True,3.3965162578484986,2.848603045419819,True,True,0.5,0.8894284825637678,2.6930325156969976,wind_stuck_7_days,2020
1974,S2,S2,2020-09-27,2.21023396,2.4,2.4,-0.8067683397085323,0.8067683397085323,0.196403300587052,0.3803651093720569,-0.020042208071301547,0.057906401307014674,-0.08206613243550175,-0.42723625970853263,1.129939405435322,0.3274716116314627,1.5932316602914676,True,1.5932316602914676,True,1.5932316602914676,True,2.4,False,2.4,False,1.5932316602914676,True,2.4,False,1.9966158301457337,2.1967881749184253,True,True,0.5,0.2518837379699243,1.5932316602914676,wind_stuck_7_days,2020
1975,S2,S2,2020-10-05,1.91422081,2.2,2.2,-0.791570293974161,0.791570293974161,0.13134888109439866,0.49012332075092696,0.018909508371902927,0.013324823843917694,-0.08206613243550175,-0.22001191397416064,1.129939405435322,0.3274716116314627,1.408429706025839,True,1.408429706025839,True,1.408429706025839,True,1.408429706025839,True,1.408429706025839,True,1.408429706025839,True,2.2,False,1.8042148530129196,1.9960329841924709,True,True,0.5,0.25767391394072114,1.408429706025839,wind_stuck_7_days,2020
1976,S2,S2,2020-10-21,1.52472143,1.6,1.6,-0.442478464339375,0.442478464339375,0.1335325061413302,0.4578070813368866,0.019263788949894962,0.011667874952580733,-0.021080544441411317,-0.2919213243393749,1.129939405435322,0.3274716116314627,1.1575215356606252,True,1.1575215356606252,True,1.1575215356606252,True,1.1575215356606252,True,1.1575215356606252,True,1.1575215356606252,True,1.6,False,1.3787607678303127,1.4330886600334796,True,True,0.5,0.3772191268465933,1.1575215356606252,wind_stuck_7_days,2020
1977,S2,S2,2020-10-29,0.62164616,1.1,1.1,-0.592903157730273,0.592903157730273,0.12619502121866416,0.3519776348888696,-0.004223173996427206,0.07316607624567026,-0.021080544441411317,0.36380452226972726,1.129939405435322,0.3274716116314627,0.5070968422697271,True,0.5070968422697271,True,0.5070968422697271,True,1.1,False,1.1,False,0.5070968422697271,True,1.1,False,0.8035484211348636,0.9344507244831999,True,True,0.5,0.27921807019977585,0.5070968422697271,wind_stuck_7_days,2020
1978,S2,S2,2020-11-22,0.40462319,0.2,0.2,0.164024715829478,0.164024715829478,0.10357263679690244,0.28257864824272155,0.03437515207374312,0.03529034104544888,-0.021080544441411317,0.164024715829478,1.129939405435322,0.3274716116314627,0.36402471582947804,True,0.36402471582947804,True,0.36402471582947804,True,0.36402471582947804,True,0.36402471582947804,True,0.36402471582947804,True,0.2,False,0.282012357914739,0.36402471582947804,True,True,0.5,1.0,0.36402471582947804,wind_stuck_7_days,2020
1979,S2,S2,2020-12-24,0.40981548,0.2,0.2,0.20657618587224363,0.20657618587224363,0.10605564262137733,0.29078998683410673,0.03437515207374312,0.03529034104544888,-0.021080544441411317,0.20657618587224363,1.129939405435322,0.3274716116314627,0.40657618587224365,True,0.40657618587224365,True,0.40657618587224365,True,0.40657618587224365,True,0.40657618587224365,True,0.40657618587224365,True,0.2,False,0.3032880929361218,0.40657618587224365,True,True,0.5,1.0,0.40657618587224365,wind_stuck_7_days,2020
2193,SLM001,SLM001,2020-01-30,0.67456707,0.9,0.9,0.14951987012046375,0.14951987012046375,0.11236566402169504,0.4337919097996341,0.01822471928658842,0.016421448182514068,-0.021080544441411317,-0.14951987012046375,1.129939405435322,0.3274716116314627,1.0495198701204638,True,1.0495198701204638,True,1.0495198701204638,True,1.0495198701204638,True,1.0495198701204638,True,1.0495198701204638,True,0.9,False,0.9747599350602318,1.0495198701204638,True,True,0.5,1.0,1.0495198701204638,wind_stuck_7_days,2020
2194,SLM001,SLM001,2020-02-07,0.51255992,0.8,0.8,0.21433820142056131,0.21433820142056131,0.08524407655741052,0.39539716908015843,0.01822471928658842,0.016421448182514068,-0.021080544441411317,-0.21433820142056126,1.129939405435322,0.3274716116314627,1.0143382014205613,True,1.0143382014205613,True,1.0143382014205613,True,1.0143382014205613,True,1.0143382014205613,True,1.0143382014205613,True,0.8,False,0.9071691007102807,0.9947567427776438,True,True,0.5,0.9086422368334799,1.0143382014205613,wind_stuck_7_days,2020
2195,SLM001,SLM001,2020-02-08,0.59570098,0.9,0.9,0.18858663920531923,0.18858663920531923,0.09920354005725669,0.3118629649805997,0.01822471928658842,0.016421448182514068,-0.021080544441411317,-0.18858663920531926,1.129939405435322,0.3274716116314627,1.0885866392053192,True,1.0885866392053192,True,1.0885866392053192,True,1.0885866392053192,True,1.0885866392053192,True,1.0885866392053192,True,0.9,False,0.9942933196026597,1.0592925750114157,True,True,0.5,0.8446652195651551,1.0885866392053192,wind_stuck_7_days,2020
2196,SLM001,SLM001,2020-02-16,0.72851483,1.3,1.3,0.07092160038276765,0.07092160038276765,0.12384326763099764,0.408142330123482,0.01822471928658842,0.016421448182514068,-0.021080544441411317,-0.07092160038276762,1.129939405435322,0.3274716116314627,1.3709216003827678,True,1.3709216003827678,True,1.3709216003827678,True,1.3709216003827678,True,1.3709216003827678,True,1.3709216003827678,True,1.3,False,1.335460800191384,1.3709216003827678,True,True,0.5,1.0,1.3709216003827678,wind_stuck_7_days,2020
2197,SLM001,SLM001,2020-03-02,1.08257293,1.6,1.6,-0.27223243237885464,0.27223243237885464,0.16293875398041535,0.5463976144486751,0.01404937916339546,0.011667874952580733,-0.02159575658231681,0.27223243237885464,1.129939405435322,0.3274716116314627,1.3277675676211453,True,1.3277675676211453,True,1.3277675676211453,True,1.3277675676211453,True,1.3277675676211453,True,1.3277675676211453,True,1.6,False,1.4638837838105727,1.4274446765022544,True,True,0.5,0.633852924833025,1.3277675676211453,wind_stuck_7_days,2020
2198,SLM001,SLM001,2020-03-03,0.64636593,1.1,1.1,0.11573089520906703,0.11573089520906703,0.14978375898398924,0.33792553940574016,0.01822471928658842,0.016421448182514068,-0.021080544441411317,-0.11573089520906699,1.129939405435322,0.3274716116314627,1.215730895209067,True,1.215730895209067,True,1.215730895209067,True,1.215730895209067,True,1.215730895209067,True,1.215730895209067,True,1.1,False,1.1578654476045336,1.215730895209067,True,True,0.5,1.0,1.215730895209067,wind_stuck_7_days,2020
2199,SLM001,SLM001,2020-03-11,1.36040163,1.5,1.5,0.16257287736618437,0.16257287736618437,0.1502135344293443,0.33639554386767295,0.015466260890521517,0.013630585309097788,-0.021080544441411317,-0.16257287736618437,1.129939405435322,0.3274716116314627,1.6625728773661843,True,1.6625728773661843,True,1.6625728773661843,True,1.6625728773661843,True,1.6625728773661843,True,1.6625728773661843,True,1.5,False,1.5812864386830923,1.6625728773661843,True,True,0.5,1.0,1.6625728773661843,wind_stuck_7_days,2020
2200,SLM001,SLM001,2020-03-27,1.44151802,1.3,1.3,0.4008310224431673,0.4008310224431673,0.10223963557023533,0.32727035904776297,0.023439129073087917,0.016421448182514068,-0.027798037162226653,-0.1177949824431675,1.129939405435322,0.3274716116314627,1.7008310224431673,True,1.7008310224431673,True,1.7008310224431673,True,1.7008310224431673,True,1.7008310224431673,True,1.7008310224431673,True,1.3,False,1.5004155112215838,1.6674536463180654,True,True,0.5,0.9167295587011746,1.7008310224431673,wind_stuck_7_days,2020
2201,SLM001,SLM001,2020-04-03,1.74513501,2.1,2.1,-0.12922354034333108,0.12922354034333108,0.09295101894167133,0.3128527425565193,0.007620094998213575,0.008073345503100987,-0.02159575658231681,0.12922354034333108,1.129939405435322,0.3274716116314627,1.970776459656669,True,1.970776459656669,True,1.970776459656669,True,1.970776459656669,True,1.970776459656669,True,1.970776459656669,True,2.1,False,2.0353882298283343,1.970776459656669,True,True,0.5,1.0,1.970776459656669,wind_stuck_7_days,2020
2202,SLM001,SLM001,2020-04-27,2.69100549,2.3,2.3,-0.5262457412516417,0.5262457412516417,0.19323311075552607,0.4401823712986054,-0.01678628100701924,-0.030911598169035277,-0.02159575658231681,-0.5262457412516417,1.129939405435322,0.3274716116314627,1.7737542587483581,True,1.7737542587483581,True,1.7737542587483581,True,2.3,False,2.3,False,2.3,False,2.3,False,2.036877129374179,2.186945535945737,True,True,0.5,0.21483207405226715,1.7737542587483581,wind_stuck_7_days,2020
2203,SLM001,SLM001,2020-04-28,2.70622566,3.0,3.0,-0.725880650540059,0.725880650540059,0.26257209757282357,0.4139808165523421,-0.11608753252874326,-0.1097019736015445,-0.048107569239409495,-0.13833197054005875,1.129939405435322,0.3274716116314627,2.2741193494599408,True,2.2741193494599408,True,2.2741193494599408,True,3.0,False,3.0,False,3.0,False,3.0,False,2.6370596747299704,2.9211954765465733,True,True,0.5,0.10856402274230055,2.2741193494599408,wind_stuck_7_days,2020
2204,SLM001,SLM001,2020-05-05,1.66207519,1.9,1.9,-0.6147570788329083,0.6147570788329083,0.16803508128495007,0.30234625503054613,-0.11608753252874326,-0.10548037102760117,-0.02159575658231681,-0.13890745883290834,1.129939405435322,0.3274716116314627,1.2852429211670917,True,1.2852429211670917,True,1.2852429211670917,True,1.9,False,1.9,False,1.9,False,1.9,False,1.5926214605835458,1.805305030486521,True,True,0.5,0.15403640360393006,1.2852429211670917,wind_stuck_7_days,2020
2205,SLM001,SLM001,2020-05-06,2.57813212,1.8,1.8,-0.2674839268828128,0.2674839268828128,0.16530729220205787,0.4698129899989573,0.0027924878376351424,0.006234986823744358,-0.02159575658231681,-0.26748392688281286,1.129939405435322,0.3274716116314627,1.5325160731171872,True,1.5325160731171872,True,1.5325160731171872,True,1.5325160731171872,True,1.5325160731171872,True,1.5325160731171872,True,1.8,False,1.6662580365585937,1.6687992315956297,True,True,0.5,0.4904996346260857,1.5325160731171872,wind_stuck_7_days,2020
2206,SLM001,SLM001,2020-05-21,2.62551557,2.1,2.1,-0.8046050699213086,0.8046050699213086,0.21663930089240443,0.3252826112806723,-0.11608753252874326,-0.1097019736015445,-0.09575488491174863,-0.8046050699213088,1.129939405435322,0.3274716116314627,1.2953949300786913,True,1.2953949300786913,True,1.2953949300786913,True,2.1,False,2.1,False,2.1,False,2.1,False,1.6976974650393457,2.061461220698228,True,True,0.5,0.04789775846868698,1.2953949300786913,wind_stuck_7_days,2020
2207,SLM001,SLM001,2020-05-22,2.39962593,2.0,2.0,-0.43024662237474365,0.43024662237474365,0.210906692965404,0.3406936560245991,-0.00227395928741236,-0.008765856114040528,-0.02159575658231681,-0.43024662237474365,1.129939405435322,0.3274716116314627,1.5697533776252564,True,1.5697533776252564,True,1.5697533776252564,True,2.0,False,2.0,False,2.0,False,2.0,False,1.7848766888126282,1.9052970721743872,True,True,0.5,0.22011312326614102,1.5697533776252564,wind_stuck_7_days,2020
2208,SLM001,SLM001,2020-06-06,1.92440139,2.1,2.1,0.4301048556828431,0.4301048556828431,0.2205291137902739,0.522801753365586,0.024793921114643677,0.0007723494192203164,-0.02159575658231681,-0.43010485568284307,1.129939405435322,0.3274716116314627,2.5301048556828434,True,2.5301048556828434,True,2.5301048556828434,True,2.5301048556828434,True,2.5301048556828434,True,2.5301048556828434,True,2.1,False,2.3150524278414215,2.411286363515756,True,True,0.5,0.7237452900213176,2.5301048556828434,wind_stuck_7_days,2020
2209,SLM001,SLM001,2020-06-14,1.26881733,2.4,2.4,-0.6739178181369139,0.6739178181369139,0.1922875730347494,0.27210047582733676,-0.11608753252874326,-0.10548037102760117,-0.09575488491174863,0.6739178181369139,1.129939405435322,0.3274716116314627,1.726082181863086,True,1.726082181863086,True,1.726082181863086,True,2.4,False,2.4,False,2.4,False,2.4,False,2.063041090931543,2.31589132668694,True,True,0.5,0.12480553422015687,1.726082181863086,wind_stuck_7_days,2020
2210,SLM001,SLM001,2020-06-22,1.99455608,2.1,2.1,-1.117644505813654,1.117644505813654,0.1852429582134565,0.34718934170484544,-0.13027913661226467,-0.07774237641312827,-0.18981871850466606,-0.9067566658136537,1.129939405435322,0.3274716116314627,0.9823554941863462,True,0.9823554941863462,True,0.9823554941863462,True,2.1,False,2.1,False,2.1,False,2.1,False,1.5411777470931731,1.8477529095950151,True,True,0.5,0.2256952806486057,0.9823554941863462,wind_stuck_7_days,2020
2211,SLM001,SLM001,2020-06-23,1.66899005,1.9,1.9,-0.9879980182219233,0.9879980182219233,0.13162690768961852,0.3067977773475114,-0.09931049726498617,-0.08768863453535916,-0.06119734115607336,-0.5259781182219233,1.129939405435322,0.3274716116314627,0.9120019817780766,True,0.9120019817780766,True,0.9120019817780766,True,1.9,False,1.9,False,1.9,False,1.9,False,1.4060009908890383,1.6131074080776036,True,True,0.5,0.2903776997839632,0.9120019817780766,wind_stuck_7_days,2020
2212,SLM001,SLM001,2020-06-30,2.08909946,1.9,1.9,-0.6725961715814741,0.6725961715814741,0.14919874051877954,0.31343491435617266,-0.11904399131408422,-0.10548037102760117,-0.09575488491174863,-0.6725961715814741,1.129939405435322,0.3274716116314627,1.2274038284185258,True,1.2274038284185258,True,1.2274038284185258,True,1.9,False,1.9,False,1.9,False,1.9,False,1.563701914209263,1.8160562754913419,True,True,0.5,0.12480553422015687,1.2274038284185258,wind_stuck_7_days,2020
2213,SLM001,SLM001,2020-07-01,2.50780081,2.6,2.6,-0.5938807534975611,0.5938807534975611,0.22404275437661547,0.36671817883918956,-0.06107226293189174,-0.0639381525207477,-0.02159575658231681,-0.4094823734975609,1.129939405435322,0.3274716116314627,2.006119246502439,True,2.006119246502439,True,2.006119246502439,True,2.6,False,2.6,False,2.6,False,2.6,False,2.3030596232512197,2.532549414802572,True,True,0.5,0.11357597430155693,2.006119246502439,wind_stuck_7_days,2020
2214,SLM001,SLM001,2020-07-08,2.0767157,2.8,2.8,-0.3526227774200572,0.3526227774200572,0.17597771053302724,0.4756098756678574,-0.0036267136494067724,-0.0045442535400971795,-0.02159575658231681,0.3526227774200572,1.129939405435322,0.3274716116314627,2.4473772225799424,True,2.4473772225799424,True,2.4473772225799424,True,2.8,False,2.8,False,2.8,False,2.8,False,2.623688611289971,2.6983762832772045,True,True,0.5,0.2881938525534822,2.4473772225799424,wind_stuck_7_days,2020
2215,SLM001,SLM001,2020-07-09,1.75007684,2.1,2.1,-0.7430601770562293,0.7430601770562293,0.2140938219908414,0.4231041028940278,-0.11904399131408422,-0.1097019736015445,-0.09575488491174863,-0.043213857056229044,1.129939405435322,0.3274716116314627,1.3569398229437708,True,1.3569398229437708,True,1.3569398229437708,True,2.1,False,2.1,False,2.1,False,2.1,False,1.7284699114718856,2.022827826169815,True,True,0.5,0.10385723285012641,1.3569398229437708,wind_stuck_7_days,2020
2216,SLM001,SLM001,2020-07-17,1.92530626,2.3,2.3,-1.3924743481232897,1.3924743481232897,0.2358742192011874,0.2981669707638517,-0.4508574838094392,-0.32617168415005515,-0.24268370935976216,-0.64308686812329,1.129939405435322,0.3274716116314627,0.9075256518767101,True,0.9075256518767101,True,0.9075256518767101,True,2.3,False,2.3,False,2.3,False,2.3,False,1.603762825938355,2.3,True,False,0.5,0.0,0.9075256518767101,wind_stuck_7_days,2020
2217,SLM001,SLM001,2020-07-24,1.99168415,2.4,2.4,-1.379636967757296,1.379636967757296,0.18289972177068028,0.3329932002130743,-0.5527589893145586,-0.3219500815761117,-0.24268370935976216,-0.5630052677572961,1.129939405435322,0.3274716116314627,1.020363032242704,True,1.020363032242704,True,1.020363032242704,True,2.4,False,2.4,False,2.4,False,2.4,False,1.7101815161213518,2.4,True,False,0.5,0.0,1.020363032242704,wind_stuck_7_days,2020
2218,SLM001,SLM001,2020-07-25,2.31892815,2.1,2.1,-1.0726226075123506,1.0726226075123506,0.14434509753737376,0.3122724544563509,-0.09635403847964522,-0.08768863453535916,-0.031466514379401095,-1.0726226075123506,1.129939405435322,0.3274716116314627,1.0273773924876495,True,1.0273773924876495,True,1.0273773924876495,True,2.1,False,2.1,False,2.1,False,2.1,False,1.5636886962438248,1.8357610142323506,True,True,0.5,0.2463485143022282,1.0273773924876495,wind_stuck_7_days,2020
2219,SLM001,SLM001,2020-08-01,2.63497017,2.5,2.5,-0.808795281497266,0.808795281497266,0.18370519515065073,0.36389078329268043,-0.11904399131408422,-0.10548037102760117,-0.05219723523162238,-0.808795281497266,1.129939405435322,0.3274716116314627,1.6912047185027341,True,1.6912047185027341,True,1.6912047185027341,True,2.5,False,2.5,False,2.5,False,2.5,False,2.095602359251367,2.46126051895623,True,True,0.5,0.04789775846868698,1.6912047185027341,wind_stuck_7_days,2020
2220,SLM001,SLM001,2020-08-02,2.05110962,3.0,3.0,-0.45408137993158404,0.45408137993158404,0.22622295108831617,0.4560694167774054,-0.0036267136494067724,-0.008765856114040528,-0.02159575658231681,0.45408137993158404,1.129939405435322,0.3274716116314627,2.545918620068416,True,2.545918620068416,True,2.545918620068416,True,3.0,False,3.0,False,3.0,False,3.0,False,2.772959310034208,2.9109154258413423,True,True,0.5,0.19618636239186926,2.545918620068416,wind_stuck_7_days,2020
2221,SLM001,SLM001,2020-08-09,2.84247685,2.9,2.9,-0.8515551257046482,0.8515551257046482,0.1716479202725874,0.3987972982390465,-0.11904399131408422,-0.10548037102760117,-0.048107569239409495,-0.7365088257046487,1.129939405435322,0.3274716116314627,2.0484448742953516,True,2.0484448742953516,True,2.0484448742953516,True,2.9,False,2.9,False,2.9,False,2.9,False,2.474222437147676,2.7427633065092176,True,True,0.5,0.18464652345398258,2.0484448742953516,wind_stuck_7_days,2020
2222,SLM001,SLM001,2020-08-10,2.79258798,2.9,2.9,-0.8936312202241592,0.8936312202241592,0.21710477233906147,0.40566004466157074,-0.11904399131408422,-0.1097019736015445,-0.0135500254837342,-0.6788071802241593,1.129939405435322,0.3274716116314627,2.0063687797758405,True,2.0063687797758405,True,2.0063687797758405,True,2.9,False,2.9,False,2.9,False,2.9,False,2.4531843898879204,2.7484424135874184,True,True,0.5,0.16959746143891946,2.0063687797758405,wind_stuck_7_days,2020
2223,SLM001,SLM001,2020-08-18,3.69092909,3.2,3.2,-0.28374674732373734,0.28374674732373734,0.20104789106793589,0.6365038800683945,-0.02650412613212147,-0.012256722853790302,-0.02159575658231681,-0.2837467473237374,1.129939405435322,0.3274716116314627,2.916253252676263,True,2.916253252676263,True,2.916253252676263,True,3.2,False,3.2,False,3.2,False,3.2,False,3.0581266263381317,3.1012179876429804,True,True,0.5,0.34813443075108,2.916253252676263,wind_stuck_7_days,2020
2224,SLM001,SLM001,2020-08-25,3.10921655,3.8,3.8,-0.7309510921642246,0.7309510921642246,0.1499472400268011,0.29278522477549207,-0.11588994923004137,-0.11306913540522325,-0.028992083623686812,0.6506158078357747,1.129939405435322,0.3274716116314627,3.069048907835775,True,3.069048907835775,True,3.069048907835775,True,3.8,False,3.8,False,3.8,False,3.8,False,3.4345244539178874,3.7206450090067733,True,True,0.5,0.10856402274230055,3.069048907835775,wind_stuck_7_days,2020
2225,SLM001,SLM001,2020-09-02,2.65362699,2.8,2.8,-1.0433328592867102,1.0433328592867102,0.21162163845208964,0.34275393447751984,-0.024586841210431705,-0.0375375719845385,0.029354341628279476,-0.7505868392867101,1.129939405435322,0.3274716116314627,1.7566671407132897,True,1.7566671407132897,True,1.7566671407132897,True,2.8,False,2.8,False,2.8,False,1.7566671407132897,True,2.2783335703566445,2.4183185097632967,True,True,0.5,0.3658290705975134,1.7566671407132897,wind_stuck_7_days,2020
2226,SLM001,SLM001,2020-09-03,2.9388722,3.5,3.5,-0.713975248988315,0.713975248988315,0.15809583897611607,0.3620511660378844,-0.11608753252874326,-0.10548037102760117,-0.048107569239409495,0.4082803510116849,1.129939405435322,0.3274716116314627,2.786024751011685,True,2.786024751011685,True,2.786024751011685,True,3.5,False,3.5,False,3.5,False,3.5,False,3.1430123755058426,3.419533625295941,True,True,0.5,0.11270191063076436,2.786024751011685,wind_stuck_7_days,2020
2227,SLM001,SLM001,2020-09-27,1.62887566,2.0,2.0,-0.48536927890211257,0.48536927890211257,0.14372965014049205,0.4758518207740047,-0.0006702548640658253,-0.0045442535400971795,-0.02159575658231681,0.2568794010978873,1.129939405435322,0.3274716116314627,1.5146307210978875,True,1.5146307210978875,True,1.5146307210978875,True,2.0,False,2.0,False,2.0,False,2.0,False,1.7573153605489438,1.9145838707717857,True,True,0.5,0.17598173790772736,1.5146307210978875,wind_stuck_7_days,2020
2228,SLM001,SLM001,2020-10-04,1.91554466,1.9,1.9,-0.24544291800813306,0.24544291800813306,0.10303465251163686,0.5669511003384147,-0.0006702548640658253,-0.0045442535400971795,-0.02159575658231681,-0.24544291800813306,1.129939405435322,0.3274716116314627,1.654557081991867,True,1.654557081991867,True,1.654557081991867,True,1.9,False,1.9,False,1.9,False,1.9,False,1.7772785409959333,1.762815813991503,True,True,0.5,0.5589250124705218,1.654557081991867,wind_stuck_7_days,2020
2229,SLM001,SLM001,2020-10-12,1.56173473,1.6,1.6,-0.5741524876276467,0.5741524876276467,0.1082007442090683,0.4633391441989538,0.02894949790023778,0.016919353293397436,-0.02159575658231681,-0.49762194762764644,1.129939405435322,0.3274716116314627,1.0258475123723534,True,1.0258475123723534,True,1.0258475123723534,True,1.0258475123723534,True,1.0258475123723534,True,1.0258475123723534,True,1.6,False,1.3129237561861768,1.428078082037611,True,True,0.5,0.2994359889874498,1.0258475123723534,wind_stuck_7_days,2020
2230,SLM001,SLM001,2020-10-13,1.58120553,2.1,2.1,-0.4304433655674888,0.4304433655674888,0.13473957339945405,0.40526858256275045,0.007620094998213575,0.008073345503100987,-0.02159575658231681,0.4304433655674888,1.129939405435322,0.3274716116314627,1.6695566344325112,True,1.6695566344325112,True,1.6695566344325112,True,1.6695566344325112,True,1.6695566344325112,True,1.6695566344325112,True,2.1,False,1.8847783172162558,2.0482698456144863,True,True,0.5,0.12017877036462973,1.6695566344325112,wind_stuck_7_days,2020
2231,SLM001,SLM001,2020-10-20,1.44302095,1.7,1.7,-0.2697374424164318,0.2697374424164318,0.14547463074300393,0.41242202036875925,0.012445674740048925,0.011667874952580733,-0.02159575658231681,0.24422065758356815,1.129939405435322,0.3274716116314627,1.4302625575835681,True,1.4302625575835681,True,1.4302625575835681,True,1.4302625575835681,True,1.4302625575835681,True,1.4302625575835681,True,1.7,False,1.565131278791784,1.5210039937592494,True,True,0.5,0.6635934731093401,1.4302625575835681,wind_stuck_7_days,2020
2232,SLM001,SLM001,2020-10-21,1.48630711,1.5,1.5,-0.20680196357872468,0.20680196357872468,0.1449421760954547,0.400436903529625,0.015466260890521517,0.013630585309097788,-0.021080544441411317,-0.17941618357872477,1.129939405435322,0.3274716116314627,1.2931980364212754,True,1.2931980364212754,True,1.2931980364212754,True,1.2931980364212754,True,1.2931980364212754,True,1.2931980364212754,True,1.5,False,1.3965990182106376,1.2999873871857872,True,True,0.5,0.967169795455412,1.2931980364212754,wind_stuck_7_days,2020
2233,SLM001,SLM001,2020-10-28,0.67567474,1.0,1.0,-0.2558537067866407,0.2558537067866407,0.1280403991155794,0.32496723212352474,0.01822471928658842,0.016421448182514068,-0.021080544441411317,0.2558537067866407,1.129939405435322,0.3274716116314627,0.7441462932133593,True,0.7441462932133593,True,0.7441462932133593,True,0.7441462932133593,True,0.7441462932133593,True,0.7441462932133593,True,1.0,False,0.8720731466066797,0.8223345743094526,True,True,0.5,0.6944023908111857,0.7441462932133593,wind_stuck_7_days,2020
2234,SLM001,SLM001,2020-10-29,0.75815671,0.9,0.9,-0.17280355572376405,0.17280355572376405,0.13090172124363034,0.3083431852484201,0.01822471928658842,0.016421448182514068,-0.021080544441411317,0.11088302427623609,1.129939405435322,0.3274716116314627,0.727196444276236,True,0.727196444276236,True,0.727196444276236,True,0.727196444276236,True,0.727196444276236,True,0.727196444276236,True,0.9,False,0.8135982221381179,0.7313419520122707,True,True,0.5,0.976010286833093,0.6804349376270882,wind_stuck_7_days,2020
2235,SLM001,SLM001,2020-11-05,0.53731008,1.2,1.2,-0.16492713958218583,0.16492713958218583,0.10586675711630462,0.3312817970396194,0.01822471928658842,0.016421448182514068,-0.021080544441411317,0.16492713958218586,1.129939405435322,0.3274716116314627,1.035072860417814,True,1.035072860417814,True,1.035072860417814,True,1.035072860417814,True,1.035072860417814,True,1.035072860417814,True,1.2,False,1.117536430208907,1.035072860417814,True,True,0.5,1.0,1.035072860417814,wind_stuck_7_days,2020
2236,SLM001,SLM001,2020-11-29,0.15339635,0.5,0.5,-0.037042226942662786,0.037042226942662786,0.13385587251593145,0.2738381808551109,0.022982378513207505,0.02613685449172998,-0.021080544441411317,0.03704222694266279,1.129939405435322,0.3274716116314627,0.4629577730573372,True,0.4629577730573372,True,0.4629577730573372,True,0.4629577730573372,True,0.4629577730573372,True,0.4629577730573372,True,0.5,False,0.4814788865286686,0.4629577730573372,True,True,0.5,1.0,0.4629577730573372,wind_stuck_7_days,2020
2237,SLM001,SLM001,2020-12-07,0.30852439,0.8,0.8,-0.11143702295567812,0.11143702295567812,0.09139467664536748,0.39926020574217225,0.01822471928658842,0.016421448182514068,-0.021080544441411317,0.11143702295567814,1.129939405435322,0.3274716116314627,0.6885629770443219,True,0.6885629770443219,True,0.6885629770443219,True,0.6885629770443219,True,0.6885629770443219,True,0.6885629770443219,True,0.8,False,0.744281488522161,0.6885629770443219,True,True,0.5,1.0,0.6885629770443219,wind_stuck_7_days,2020
2238,SLM001,SLM001,2020-12-08,0.14495225,0.6,0.6,-0.07769183092063273,0.07769183092063273,0.10684667155519714,0.2657308293219206,0.01822471928658842,0.016421448182514068,-0.021080544441411317,0.0776918309206327,1.129939405435322,0.3274716116314627,0.5223081690793673,True,0.5223081690793673,True,0.5223081690793673,True,0.5223081690793673,True,0.5223081690793673,True,0.5223081690793673,True,0.6,False,0.5611540845396836,0.5223081690793673,True,True,0.5,1.0,0.5223081690793673,wind_stuck_7_days,2020
3411,US-ARM,US-A32,2020-01-06,1.18091288,0.9,0.9,-0.30270428566144714,0.30270428566144714,0.14656197118889014,0.46381908928132776,0.019828423709934952,0.016421448182514068,-0.021080544441411317,-0.30270428566144714,1.129939405435322,0.3274716116314627,0.5972957143385529,True,0.5972957143385529,True,0.5972957143385529,True,0.5972957143385529,True,0.5972957143385529,True,0.5972957143385529,True,0.9,False,0.7486478571692765,0.7445288944382896,True,True,0.5,0.5136072164356259,0.5972957143385529,wind_stuck_7_days,2020
3412,US-ARM,US-A32,2020-02-07,0.90482921,1.0,1.0,-0.1567550624905401,0.1567550624905401,0.07628626386557946,0.283096818457443,0.01822471928658842,0.016421448182514068,-0.021080544441411317,0.03358651750945979,1.129939405435322,0.3274716116314627,0.84324493750946,True,0.84324493750946,True,0.84324493750946,True,0.84324493750946,True,0.84324493750946,True,0.84324493750946,True,1.0,False,0.92162246875473,0.84324493750946,True,True,0.5,1.0,0.84324493750946,wind_stuck_7_days,2020
3413,US-ARM,US-A32,2020-02-15,1.05177215,1.2,1.2,0.16332219044413424,0.16332219044413424,0.08428870337051667,0.31071133999158496,0.01822471928658842,0.016421448182514068,-0.021080544441411317,-0.1633221904441342,1.129939405435322,0.3274716116314627,1.3633221904441342,True,1.3633221904441342,True,1.3633221904441342,True,1.3633221904441342,True,1.3633221904441342,True,1.3633221904441342,True,1.2,False,1.281661095222067,1.3633221904441342,True,True,0.5,1.0,1.3633221904441342,wind_stuck_7_days,2020
3414,US-ARM,US-A32,2020-04-11,3.72926971,3.9,3.9,0.29173399987972737,0.29173399987972737,0.2185793743714511,0.5607739039971017,0.009223799421560111,0.007041142883914885,-0.0024802709665941126,-0.29173399987972737,1.129939405435322,0.3274716116314627,4.191733999879728,True,4.191733999879728,True,4.191733999879728,True,4.191733999879728,True,4.191733999879728,True,4.191733999879728,True,3.9,False,4.0458669999398635,4.142891593439976,True,True,0.5,0.8325789710493563,4.191733999879728,wind_stuck_7_days,2020
3415,US-ARM,US-A32,2020-05-29,5.99449383,4.1,4.1,-0.8938779638790992,0.8938779638790992,0.2177878201859361,0.3386171784724381,-0.010569071566836665,0.00895233167437727,0.0055654601319884926,-0.893877963879099,1.129939405435322,0.3274716116314627,3.2061220361209006,True,3.2061220361209006,True,3.2061220361209006,True,4.1,False,4.1,False,3.2061220361209006,True,3.2061220361209006,True,3.65306101806045,3.7623794422986867,True,True,0.5,0.37770318918721857,3.2061220361209006,wind_stuck_7_days,2020
3416,US-ARM,US-A32,2020-06-06,3.48504327,4.5,4.5,-0.44029969584958223,0.44029969584958223,0.22596436825837268,0.6517616789559255,-0.02650412613212147,-0.01647832542773366,-0.0024802709665941126,0.4402996958495822,1.129939405435322,0.3274716116314627,4.059700304150418,True,4.059700304150418,True,4.059700304150418,True,4.5,False,4.5,False,4.5,False,4.5,False,4.279850152075209,4.441575571224268,True,True,0.5,0.13269241229658046,4.059700304150418,wind_stuck_7_days,2020
3417,US-ARM,US-A32,2020-06-14,2.44979572,3.2,3.2,0.25401479714592556,0.25401479714592556,0.25902387250310166,0.6839513800793233,-0.04498451405673265,-0.02095332009304971,-0.02159575658231681,-0.25401479714592545,1.129939405435322,0.3274716116314627,3.4540147971459256,True,3.4540147971459256,True,3.4540147971459256,True,3.2,False,3.2,False,3.2,False,3.2,False,3.327007398572963,3.3037511629323015,True,True,0.5,0.4084453508143413,3.4540147971459256,wind_stuck_7_days,2020
3418,US-ARM,US-A32,2020-06-22,5.80030405,3.7,3.7,-0.31540412591783384,0.31540412591783384,0.19936568840180288,0.4466427506647303,-0.00227395928741236,-0.0045442535400971795,-0.007883422051047324,-0.31540412591783396,1.129939405435322,0.3274716116314627,3.3845958740821662,True,3.3845958740821662,True,3.3845958740821662,True,3.7,False,3.7,False,3.7,False,3.7,False,3.5422979370410834,3.583359899553713,True,True,0.5,0.36981158729887137,3.3845958740821662,wind_stuck_7_days,2020
3419,US-ARM,US-A32,2020-06-30,2.62239325,3.0,3.0,0.2129099030314648,0.2129099030314648,0.41356451133008637,0.8032006157448383,-0.06819021260541751,-0.04685138231528823,-0.06654331082334972,-0.21290990303146473,1.129939405435322,0.3274716116314627,3.212909903031465,True,3.0,False,3.212909903031465,True,3.0,False,3.0,False,3.0,False,3.0,False,3.1064549515157323,3.0,True,False,0.5,0.0,3.212909903031465,wind_stuck_7_days,2020
3420,US-ARM,US-A32,2020-07-08,1.38837597,1.6,1.6,0.49015279088017855,0.49015279088017855,0.31550440824508713,0.7023889366091967,0.007554470659569531,0.01296070973560168,-0.02159575658231681,-0.4901527908801786,1.129939405435322,0.3274716116314627,2.0901527908801785,True,2.0901527908801785,True,2.0901527908801785,True,2.0901527908801785,True,2.0901527908801785,True,2.0901527908801785,True,1.6,False,1.8450763954400893,2.0628320451464845,True,True,0.5,0.9442607565599417,2.0901527908801785,wind_stuck_7_days,2020
3421,US-ARM,US-A32,2020-07-24,3.94097991,4.9,4.9,0.19089006862792524,0.19089006862792524,0.19277348872193295,0.48460542258184347,-0.0006702548640658253,-0.0045442535400971795,-0.0024802709665941126,-0.19089006862792512,1.129939405435322,0.3274716116314627,5.0908900686279255,True,5.0908900686279255,True,5.0908900686279255,True,4.9,False,4.9,False,4.9,False,4.9,False,4.995445034313963,5.061238201730414,True,True,0.5,0.8446652195651551,5.0908900686279255,wind_stuck_7_days,2020
3422,US-ARM,US-A32,2020-08-01,5.65987375,4.2,4.2,0.27492439660205564,0.27492439660205564,0.1816468259762165,0.36216098517060086,0.007620094998213575,0.008073345503100987,-0.0024802709665941126,0.2749243966020556,1.129939405435322,0.3274716116314627,4.474924396602056,True,4.474924396602056,True,4.474924396602056,True,4.474924396602056,True,4.474924396602056,True,4.474924396602056,True,4.2,False,4.337462198301028,4.374261632894168,True,True,0.5,0.633852924833025,4.474924396602056,wind_stuck_7_days,2020
3423,US-ARM,US-A32,2020-08-09,6.538431,5.2,5.2,-0.12404483781885264,0.12404483781885264,0.2061974595903165,0.6926924100988715,-0.0420280552713917,-0.01992111747386361,-0.0024802709665941126,-0.12404483781885256,1.129939405435322,0.3274716116314627,5.075955162181147,True,5.075955162181147,True,5.075955162181147,True,5.2,False,5.2,False,5.2,False,5.2,False,5.137977581090574,5.075955162181147,True,True,0.5,1.0,5.075955162181147,wind_stuck_7_days,2020
3424,US-ARM,US-A32,2020-08-17,3.80115939,3.8,3.8,-0.536393585035834,0.536393585035834,0.1420634490547231,0.2913607458381017,0.007620094998213575,0.008073345503100987,-0.0024802709665941126,-0.536393585035834,1.129939405435322,0.3274716116314627,3.263606414964166,True,3.263606414964166,True,3.263606414964166,True,3.263606414964166,True,3.263606414964166,True,3.263606414964166,True,3.8,False,3.5318032074820827,3.6173190084347526,True,True,0.5,0.3405726628014075,3.263606414964166,wind_stuck_7_days,2020
3425,US-ARM,US-A32,2020-08-25,1.99662232,2.7,2.7,-0.9170121177422734,0.9170121177422734,0.1551562631718396,0.3535553168576035,-0.11608753252874326,-0.10548037102760117,-0.017639691475947072,0.48974324225772703,1.129939405435322,0.3274716116314627,1.7829878822577268,True,1.7829878822577268,True,1.7829878822577268,True,2.7,False,2.7,False,2.7,False,2.7,False,2.2414939411288635,2.554353192863653,True,True,0.5,0.15882757088852495,1.7829878822577268,wind_stuck_7_days,2020
4161,US-Bi2,US-Bi1,2020-01-06,0.97055243,0.8,0.8,-0.1979672041191914,0.1979672041191914,0.045508725747960506,0.26202417252145976,0.01822471928658842,0.016421448182514068,-0.021080544441411317,-0.1979672041191914,1.129939405435322,0.3274716116314627,0.6020327958808087,True,0.6020327958808087,True,0.6020327958808087,True,0.6020327958808087,True,0.6020327958808087,True,0.6020327958808087,True,0.8,False,0.7010163979404044,0.6289368410534221,True,True,0.5,0.8640984738239009,0.6020327958808087,wind_stuck_7_days,2020
4162,US-Bi2,US-Bi1,2020-01-14,2.39701568,1.1,1.1,-0.3161917567276813,0.3161917567276813,0.0731397166054887,0.35388313979592434,0.01822471928658842,0.016421448182514068,-0.021080544441411317,-0.3161917567276813,1.129939405435322,0.3274716116314627,0.7838082432723188,True,0.7838082432723188,True,0.7838082432723188,True,0.7838082432723188,True,0.7838082432723188,True,0.7838082432723188,True,1.1,False,0.9419041216361594,0.9418043723783763,True,True,0.5,0.5003154707725952,0.7838082432723188,wind_stuck_7_days,2020
4163,US-Bi2,US-Bi1,2020-01-31,0.36948737,1.0,1.0,-0.010355238830092501,0.010355238830092501,0.08413905811416016,0.29007285379633574,0.01822471928658842,0.016421448182514068,-0.021080544441411317,0.010355238830092484,1.129939405435322,0.3274716116314627,0.9896447611699075,True,0.9896447611699075,True,0.9896447611699075,True,0.9896447611699075,True,0.9896447611699075,True,0.9896447611699075,True,1.0,False,0.9948223805849538,0.9896447611699075,True,True,0.5,1.0,0.9896447611699075,wind_stuck_7_days,2020
4164,US-Bi2,US-Bi1,2020-02-07,1.09499393,1.5,1.5,-0.32614261533519484,0.32614261533519484,0.1320115996354116,0.32560237885225696,0.02068067067702102,0.013630585309097788,-0.021080544441411317,0.32614261533519484,1.129939405435322,0.3274716116314627,1.1738573846648053,True,1.1738573846648053,True,1.1738573846648053,True,1.1738573846648053,True,1.1738573846648053,True,1.1738573846648053,True,1.5,False,1.3369286923324026,1.3459950619860255,True,True,0.5,0.47220121128818193,1.184012644875307,wind_stuck_7_days,2020
4165,US-Bi2,US-Bi1,2020-02-16,3.62232183,2.1,2.1,-0.20113633737249953,0.20113633737249953,0.13732224847905886,0.4103560205944012,0.007620094998213575,0.008073345503100987,-0.021080544441411317,-0.20113633737249947,1.129939405435322,0.3274716116314627,1.8988636626275006,True,1.8988636626275006,True,1.8988636626275006,True,1.8988636626275006,True,1.8988636626275006,True,1.8988636626275006,True,2.1,False,1.9994318313137502,1.8988636626275006,True,True,0.5,1.0,1.8988636626275006,wind_stuck_7_days,2020
4166,US-Bi2,US-Bi1,2020-02-23,2.16340023,1.1,1.1,0.2996716127122704,0.2996716127122704,0.06031783602438066,0.3861941637576768,0.01822471928658842,0.016421448182514068,-0.021080544441411317,0.2996716127122704,1.129939405435322,0.3274716116314627,1.3996716127122704,True,1.3996716127122704,True,1.3996716127122704,True,1.3996716127122704,True,1.3996716127122704,True,1.3996716127122704,True,1.1,False,1.2498358063561352,1.3470264559044676,True,True,0.5,0.8243238445866737,1.3996716127122704,wind_stuck_7_days,2020
4167,US-Bi2,US-Bi1,2020-03-02,5.69595869,2.6,2.6,-0.3748286366019442,0.3748286366019442,0.08317900069334416,0.49354798994137344,0.009223799421560111,0.008073345503100987,-0.02159575658231681,-0.374828636601944,1.129939405435322,0.3274716116314627,2.225171363398056,True,2.225171363398056,True,2.225171363398056,True,2.225171363398056,True,2.225171363398056,True,2.225171363398056,True,2.6,False,2.412585681699028,2.471533154135481,True,True,0.5,0.3427348748728256,2.225171363398056,wind_stuck_7_days,2020
4168,US-Bi2,US-Bi1,2020-03-03,1.68089953,1.8,1.8,-0.10297157135185889,0.10297157135185889,0.1301628026588116,0.34124937013973394,0.012445674740048925,0.011667874952580733,-0.021080544441411317,0.10297157135185889,1.129939405435322,0.3274716116314627,1.6970284286481412,True,1.6970284286481412,True,1.6970284286481412,True,1.6970284286481412,True,1.6970284286481412,True,1.6970284286481412,True,1.8,False,1.7485142143240706,1.6970284286481412,True,True,0.5,1.0,1.6970284286481412,wind_stuck_7_days,2020
4169,US-Bi2,US-Bi1,2020-03-10,2.45854053,2.3,2.3,-0.1829467453649064,0.1829467453649064,0.08758009611972178,0.3477489943649812,0.007620094998213575,0.008073345503100987,-0.021080544441411317,-0.1829467453649064,1.129939405435322,0.3274716116314627,2.1170532546350933,True,2.1170532546350933,True,2.1170532546350933,True,2.1170532546350933,True,2.1170532546350933,True,2.1170532546350933,True,2.3,False,2.208526627317547,2.136250012066673,True,True,0.5,0.8950691503514342,2.1170532546350933,wind_stuck_7_days,2020
4170,US-Bi2,US-Bi1,2020-03-26,3.20564075,1.5,1.5,0.18462943755921776,0.18462943755921776,0.09876389693477175,0.28094371857739814,0.015466260890521517,0.013630585309097788,-0.021080544441411317,0.18462943755921768,1.129939405435322,0.3274716116314627,1.6846294375592177,True,1.6846294375592177,True,1.6846294375592177,True,1.6846294375592177,True,1.6846294375592177,True,1.6846294375592177,True,1.5,False,1.592314718779609,1.6559500644141478,True,True,0.5,0.8446652195651551,1.6846294375592177,wind_stuck_7_days,2020
4171,US-Bi2,US-Bi1,2020-04-03,5.82492951,3.6,3.6,-0.6133181122398271,0.6133181122398271,0.14238663130497323,0.4234563084486379,-0.019844624772599642,0.005736059466295617,-0.02159575658231681,-0.6133181122398272,1.129939405435322,0.3274716116314627,2.986681887760173,True,2.986681887760173,True,2.986681887760173,True,3.6,False,3.6,False,2.986681887760173,True,3.6,False,3.2933409438800867,3.4098025610556126,True,True,0.5,0.3101122160729769,2.986681887760173,wind_stuck_7_days,2020
4172,US-Bi2,US-Bi1,2020-04-19,3.89358475,3.1,3.1,-0.4867672326805031,0.4867672326805031,0.1594831826916665,0.3140764074095519,0.007620094998213575,0.008073345503100987,-0.02159575658231681,-0.48676723268050304,1.129939405435322,0.3274716116314627,2.613232767319497,True,2.613232767319497,True,2.613232767319497,True,2.613232767319497,True,2.613232767319497,True,2.613232767319497,True,3.1,False,2.8566163836597487,2.9437151384663225,True,True,0.5,0.321066931052562,2.613232767319497,wind_stuck_7_days,2020
4173,US-Bi2,US-Bi1,2020-04-27,2.35248366,2.8,2.8,-0.580593251782288,0.580593251782288,0.30277051093912777,0.48102940866242144,-0.025488762176876567,-0.0639381525207477,-0.02159575658231681,0.31443942821771187,1.129939405435322,0.3274716116314627,2.219406748217712,True,2.219406748217712,True,2.219406748217712,True,2.8,False,2.8,False,2.8,False,2.8,False,2.509703374108856,2.697079476755029,True,True,0.5,0.177267859950195,2.219406748217712,wind_stuck_7_days,2020
4174,US-Bi2,US-Bi1,2020-05-05,1.70023175,1.7,1.7,-0.3141163462133271,0.3141163462133271,0.1672434542945225,0.390828749108249,0.0011887834142886072,0.006234986823744358,-0.02159575658231681,-0.3141163462133271,1.129939405435322,0.3274716116314627,1.3858836537866728,True,1.3858836537866728,True,1.3858836537866728,True,1.3858836537866728,True,1.3858836537866728,True,1.3858836537866728,True,1.7,False,1.5429418268933364,1.5838361354103276,True,True,0.5,0.36981158729887137,1.3858836537866728,wind_stuck_7_days,2020
4175,US-Bi2,US-Bi1,2020-05-06,2.0826277,0.9,0.9,-0.09698318111652965,0.09698318111652965,0.14282799505575627,0.4041620116365553,0.010221755958581262,0.012760844350743894,-0.02159575658231681,-0.0969831811165296,1.129939405435322,0.3274716116314627,0.8030168188834703,True,0.8030168188834703,True,0.8030168188834703,True,0.8030168188834703,True,0.8030168188834703,True,0.8030168188834703,True,0.9,False,0.8515084094417352,0.8030168188834703,True,True,0.5,1.0,0.8030168188834703,wind_stuck_7_days,2020
4176,US-Bi2,US-Bi1,2020-05-21,2.08162725,1.3,1.3,-0.22357909193395398,0.22357909193395398,0.10731702328687757,0.3356323145771314,0.010221755958581262,0.012760844350743894,-0.02159575658231681,-0.22357909193395398,1.129939405435322,0.3274716116314627,1.076420908066046,True,1.076420908066046,True,1.076420908066046,True,1.076420908066046,True,1.076420908066046,True,1.076420908066046,True,1.3,False,1.188210454033023,1.1512301303461425,True,True,0.5,0.665401529127798,1.076420908066046,wind_stuck_7_days,2020
4177,US-Bi2,US-Bi1,2020-05-22,2.12242746,2.3,2.3,-0.13167406448187252,0.13167406448187252,0.17706943357081278,0.46040928767865574,-0.0006702548640658253,-0.0045442535400971795,-0.02159575658231681,0.13167406448187252,1.129939405435322,0.3274716116314627,2.1683259355181272,True,2.1683259355181272,True,2.1683259355181272,True,2.3,False,2.3,False,2.3,False,2.3,False,2.2341629677590635,2.1683259355181272,True,True,0.5,1.0,2.1683259355181272,wind_stuck_7_days,2020
4178,US-Bi2,US-Bi1,2020-06-06,3.73871016,3.2,3.2,0.7616379328412455,0.7616379328412455,0.18302216078659733,0.6398579166764609,-0.049647719142705896,-7.368118495927319e-05,-0.05914701667591209,0.3157823871587544,1.129939405435322,0.3274716116314627,3.9616379328412457,True,3.9616379328412457,True,3.9616379328412457,True,3.2,False,3.2,False,3.2,False,3.2,False,3.580818966420623,3.519564146414149,True,True,0.5,0.4195748828082049,3.9616379328412457,wind_stuck_7_days,2020
4179,US-Bi2,US-Bi1,2020-06-14,5.17389093,4.1,4.1,-0.6031354902896905,0.6031354902896905,0.15539087336466978,0.44214629181593496,-0.01298157889726526,-0.06730531432442642,-0.0024802709665941126,-0.6031354902896906,1.129939405435322,0.3274716116314627,3.496864509710309,True,3.496864509710309,True,3.496864509710309,True,4.1,False,4.1,False,4.1,False,4.1,False,3.7984322548551543,3.999845554162595,True,True,0.5,0.16605629655336585,3.496864509710309,wind_stuck_7_days,2020
4180,US-Bi2,US-Bi1,2020-06-22,6.75366139,6.6,6.6,0.5042808247355695,0.5042808247355695,0.24130381661270275,0.42251935816990904,0.032710007185260036,0.04711672389449187,-0.0024802709665941126,-0.19695804473556788,1.129939405435322,0.3274716116314627,7.104280824735569,True,7.104280824735569,True,7.104280824735569,True,7.104280824735569,True,7.104280824735569,True,7.104280824735569,True,6.6,False,6.852140412367785,6.9836451617787025,True,True,0.5,0.7607768191064477,7.104280824735569,wind_stuck_7_days,2020
4181,US-Bi2,US-Bi1,2020-06-23,7.19815059,6.5,6.5,0.2737322670573963,0.2737322670573963,0.20887291164160965,0.41659887703564724,-0.0052304180727533066,-0.02181066548072149,-0.0024802709665941126,0.2737322670573963,1.129939405435322,0.3274716116314627,6.7737322670573965,True,6.7737322670573965,True,6.7737322670573965,True,6.5,False,6.5,False,6.5,False,6.5,False,6.636866133528698,6.6282481400435005,True,True,0.5,0.468516705838737,6.7737322670573965,wind_stuck_7_days,2020
4182,US-Bi2,US-Bi1,2020-06-30,6.51319538,5.7,5.7,0.4031892097599011,0.4031892097599011,0.18013363741458366,0.42360130346844843,-0.0052304180727533066,-0.0045442535400971795,-0.0024802709665941126,0.4031892097599011,1.129939405435322,0.3274716116314627,6.103189209759901,True,6.103189209759901,True,6.103189209759901,True,5.7,False,5.7,False,5.7,False,5.7,False,5.901594604879951,6.037479017831868,True,True,0.5,0.8370239323439138,6.103189209759901,wind_stuck_7_days,2020
4183,US-Bi2,US-Bi1,2020-07-08,7.25441252,6.5,6.5,0.4291800035781611,0.4291800035781611,0.18401949222300643,0.3757131939617624,-0.014304281603168378,0.014206167545345918,-0.0024802709665941126,0.4291800035781611,1.129939405435322,0.3274716116314627,6.929180003578161,True,6.929180003578161,True,6.929180003578161,True,6.5,False,6.5,False,6.929180003578161,True,6.5,False,6.71459000178908,6.810617006161026,True,True,0.5,0.7237452900213176,6.929180003578161,wind_stuck_7_days,2020
4184,US-Bi2,US-Bi1,2020-07-09,7.39612047,7.2,7.2,0.6746514208694828,0.6746514208694828,0.16569722501034184,0.4894571591991019,0.08330193770013389,0.12969393680258987,0.06584185762877583,-0.28241048086948395,1.129939405435322,0.3274716116314627,7.874651420869483,True,7.874651420869483,True,7.874651420869483,True,7.874651420869483,True,7.874651420869483,True,7.874651420869483,True,7.874651420869483,True,7.537325710434741,7.796758355627293,True,True,0.5,0.8845432428767401,7.874651420869483,wind_stuck_7_days,2020
4185,US-Bi2,US-Bi1,2020-07-16,5.94931306,6.0,6.0,-0.22523407674725346,0.22523407674725346,0.2582842236131253,0.36207677362848933,-0.0052304180727533066,-0.005576456159283279,-0.0024802709665941126,-0.12386019674725288,1.129939405435322,0.3274716116314627,5.774765923252747,True,5.774765923252747,True,5.774765923252747,True,6.0,False,6.0,False,6.0,False,6.0,False,5.887382961626373,5.85012890092069,True,True,0.5,0.665401529127798,5.774765923252747,wind_stuck_7_days,2020
8066,US-MMS,US-MMS,2020-01-05,0.55688889,0.7,0.7,-0.06262855629356329,0.06262855629356329,0.2602263745457522,0.4780538797017533,0.019828423709934952,0.015389245563327969,-0.021080544441411317,0.06262855629356329,1.129939405435322,0.3274716116314627,0.6373714437064366,True,0.6373714437064366,True,0.6373714437064366,True,0.6373714437064366,True,0.6373714437064366,True,0.6373714437064366,True,0.7,False,0.6686857218532183,0.6373714437064366,True,True,0.5,1.0,0.6373714437064366,wind_stuck_7_days,2020
8067,US-MMS,US-MMS,2020-02-14,0.27208081,0.6,0.6,-0.18727558964650196,0.18727558964650196,0.19617047734055468,0.6541005907109229,0.008755394757142144,0.013308425445579627,-0.021080544441411317,0.18727558964650196,1.129939405435322,0.3274716116314627,0.41272441035349805,True,0.41272441035349805,True,0.41272441035349805,True,0.41272441035349805,True,0.41272441035349805,True,0.41272441035349805,True,0.6,False,0.506362205176749,0.44905832403788926,True,True,0.5,0.805986921451031,0.610691773704656,wind_stuck_7_days,2020
8068,US-MMS,US-MMS,2020-02-22,0.49432784,1.0,1.0,-0.20343694482189276,0.20343694482189276,0.12314951818931502,0.32339788790067936,0.01822471928658842,0.016421448182514068,-0.021080544441411317,0.20343694482189278,1.129939405435322,0.3274716116314627,0.7965630551781072,True,0.7965630551781072,True,0.7965630551781072,True,0.7965630551781072,True,0.7965630551781072,True,0.7965630551781072,True,1.0,False,0.8982815275890537,0.803241931688536,True,True,0.5,0.967169795455412,0.7965630551781072,wind_stuck_7_days,2020
8069,US-MMS,US-MMS,2020-03-25,1.25294869,1.8,1.8,0.14989703050319964,0.14989703050319964,0.12548018347011336,0.3708780308416656,0.012445674740048925,0.011667874952580733,-0.021080544441411317,-0.1498970305031997,1.129939405435322,0.3274716116314627,1.9498970305031997,True,1.9498970305031997,True,1.9498970305031997,True,1.9498970305031997,True,1.9498970305031997,True,1.9498970305031997,True,1.8,False,1.8749485152516,1.9498970305031997,True,True,0.5,1.0,1.9498970305031997,wind_stuck_7_days,2020
8070,US-MMS,US-MMS,2020-04-02,0.80596412,1.7,1.7,0.16643192483056968,0.16643192483056968,0.25354870967533877,0.5128228198831949,0.01404937916339546,0.010635672333394632,-0.021080544441411317,-0.1664319248305698,1.129939405435322,0.3274716116314627,1.8664319248305696,True,1.8664319248305696,True,1.8664319248305696,True,1.8664319248305696,True,1.8664319248305696,True,1.8664319248305696,True,1.7,False,1.7832159624152848,1.8664319248305696,True,True,0.5,1.0,1.8664319248305696,wind_stuck_7_days,2020
8071,US-MMS,US-MMS,2020-05-04,2.00846368,3.9,3.9,-0.8828843978729054,0.8828843978729054,0.12315531818477607,0.39856389057145786,0.0030981485031797585,0.06473998221479829,0.018739000467329896,0.8828843978729055,1.129939405435322,0.3274716116314627,3.0171156021270944,True,3.0171156021270944,True,3.0171156021270944,True,3.0171156021270944,True,3.0171156021270944,True,3.0171156021270944,True,3.0171156021270944,True,3.4585578010635474,3.3025861021689256,True,True,0.5,0.6766615190736154,3.0171156021270944,wind_stuck_7_days,2020
8072,US-MMS,US-MMS,2020-05-28,4.46082986,4.6,4.6,-0.16040182672243367,0.16040182672243367,0.22779825756024302,0.5161587791822646,0.009223799421560111,0.007041142883914885,-0.0024802709665941126,0.11793845327756644,1.129939405435322,0.3274716116314627,4.439598173277566,True,4.439598173277566,True,4.439598173277566,True,4.439598173277566,True,4.439598173277566,True,4.439598173277566,True,4.6,False,4.519799086638783,4.439598173277566,True,True,0.5,1.0,4.439598173277566,wind_stuck_7_days,2020
8073,US-MMS,US-MMS,2020-06-13,4.43555762,5.5,5.5,-1.1039082861713247,1.1039082861713247,0.2657707943674865,0.40780682612212144,0.12337833771639391,0.13185089304033792,-0.039349249880330305,1.0249764738286753,1.129939405435322,0.3274716116314627,4.3960917138286755,True,4.3960917138286755,True,4.3960917138286755,True,4.3960917138286755,True,4.3960917138286755,True,4.3960917138286755,True,5.5,False,4.948045856914337,4.643995177737064,True,True,0.5,0.775431105089183,4.3960917138286755,wind_stuck_7_days,2020
8074,US-MMS,US-MMS,2020-07-07,6.35499255,4.7,4.7,0.9036300024781383,0.9036300024781383,0.40465604077463424,0.6046349575720935,0.0022326503004282587,-0.056721491361885264,-0.13837309607905143,0.9036300024781383,1.129939405435322,0.3274716116314627,5.6036300024781385,True,4.7,False,5.6036300024781385,True,5.6036300024781385,True,5.6036300024781385,True,4.7,False,4.7,False,5.151815001239069,5.375941996041423,True,True,0.5,0.7480296074584755,5.6036300024781385,wind_stuck_7_days,2020
8075,US-MMS,US-MMS,2020-07-15,6.80967692,5.8,5.8,0.042878955872017614,0.042878955872017614,0.2098328135164364,0.40264220620078783,0.02566614251408378,0.007041142883914885,-0.0024802709665941126,0.04287895587201762,1.129939405435322,0.3274716116314627,5.842878955872018,True,5.842878955872018,True,5.842878955872018,True,5.842878955872018,True,5.842878955872018,True,5.842878955872018,True,5.8,False,5.821439477936009,5.842878955872018,True,True,0.5,1.0,5.842878955872018,wind_stuck_7_days,2020
8511,US-Me2,US-Me1,2020-02-22,0.67334601,1.8,1.8,-0.4540517910593335,0.4540517910593335,0.11856689930044333,0.4046407591531261,0.01766008452654843,0.011667874952580733,-0.021080544441411317,0.4540517910593336,1.129939405435322,0.3274716116314627,1.3459482089406665,True,1.3459482089406665,True,1.3459482089406665,True,1.3459482089406665,True,1.3459482089406665,True,1.3459482089406665,True,1.8,False,1.5729741044703334,1.6374817330639808,True,True,0.5,0.35792891942316357,1.3459482089406665,wind_stuck_7_days,2020
8512,US-Me2,US-Me1,2020-03-01,0.41398723,1.5,1.5,-0.6220967154373076,0.6220967154373076,0.14522928143927125,0.39486442537555727,-0.0069816323924941,0.06346364111301148,-0.021080544441411317,0.6220967154373076,1.129939405435322,0.3274716116314627,0.8779032845626924,True,0.8779032845626924,True,0.8779032845626924,True,1.5,False,1.5,False,0.8779032845626924,True,1.5,False,1.1889516422813462,1.2872577385339017,True,True,0.5,0.3419761850318555,0.8779032845626924,wind_stuck_7_days,2020
8513,US-Me2,US-Me1,2020-04-10,2.34836227,3.6,3.6,-0.796579215695871,0.796579215695871,0.16649644203447977,0.3616080821137621,-0.019844624772599642,0.005736059466295617,-0.03493402890406809,0.796579215695871,1.129939405435322,0.3274716116314627,2.803420784304129,True,2.803420784304129,True,2.803420784304129,True,3.6,False,3.6,False,2.803420784304129,True,3.6,False,3.2017103921520644,3.394742315727815,True,True,0.5,0.25767391394072114,2.803420784304129,wind_stuck_7_days,2020
8514,US-Me2,US-Me1,2020-04-26,3.2434492,3.9,3.9,-1.5385884175630973,1.5385884175630973,0.1443286951724299,0.38645265463990264,0.3510383482275719,0.5248480765896035,0.3041956196154728,-0.22548681756309774,1.129939405435322,0.3274716116314627,2.3614115824369026,True,2.3614115824369026,True,2.3614115824369026,True,2.3614115824369026,True,2.3614115824369026,True,2.3614115824369026,True,2.3614115824369026,True,3.1307057912184515,2.7669919740501094,True,True,0.5,0.7363944853714759,2.3614115824369026,wind_stuck_7_days,2020
8515,US-Me2,US-Me1,2020-05-04,2.43183192,3.2,3.2,-0.9995747948796223,0.9995747948796223,0.1758307152956899,0.4019317210297033,0.18971084961794016,0.18273012271153408,-0.00037648514839279574,0.536761365120378,1.129939405435322,0.3274716116314627,2.2004252051203776,True,2.2004252051203776,True,2.2004252051203776,True,2.2004252051203776,True,2.2004252051203776,True,2.2004252051203776,True,3.2,False,2.700212602560189,2.2802490921795506,True,True,0.5,0.9201421569770714,2.2004252051203776,wind_stuck_7_days,2020
8516,US-Me2,US-Me1,2020-05-20,1.80856792,3.2,3.2,0.3556042887632373,0.3556042887632373,0.1846801301084865,1.0399498586639422,-0.0026777542093604574,-0.07041657930823889,-0.021080544441411317,-0.35560428876323735,1.129939405435322,0.3274716116314627,3.5556042887632375,True,3.5556042887632375,True,3.2,False,3.2,False,3.2,False,3.2,False,3.2,False,3.3778021443816186,3.4566224914008137,True,True,0.5,0.7216518459136856,3.5556042887632375,wind_stuck_7_days,2020
8517,US-Me2,US-Me1,2020-05-28,2.99793178,5.3,5.3,-0.6187865116147958,0.6187865116147958,0.22835237566767339,0.31008550760700515,-0.11588994923004137,-0.11729073797916657,-0.0024802709665941126,0.6187865116147959,1.129939405435322,0.3274716116314627,4.681213488385204,True,4.681213488385204,True,4.681213488385204,True,5.3,False,5.3,False,5.3,False,5.3,False,4.990606744192602,5.205241813614332,True,True,0.5,0.15313550733092904,4.681213488385204,wind_stuck_7_days,2020
8518,US-Me2,US-Me1,2020-06-21,3.81264183,4.7,4.7,-1.2533372118476667,1.2533372118476667,0.20798284531121278,0.3790415800856543,0.019627149640807494,-0.14122655558097724,0.1185931481336571,0.5213791281523337,1.129939405435322,0.3274716116314627,3.4466627881523335,True,3.4466627881523335,True,3.4466627881523335,True,3.4466627881523335,True,3.4466627881523335,True,4.7,False,3.4466627881523335,True,4.073331394076167,4.2402320846539405,True,True,0.5,0.366834967477165,3.4466627881523335,wind_stuck_7_days,2020
8519,US-Me2,US-Me1,2020-07-07,1.83231773,3.2,3.2,0.5381744305278866,0.5381744305278866,0.2251864671845993,0.8008613590345224,-0.010735126644215193,0.010199621838199622,-0.02159575658231681,-0.5381744305278866,1.129939405435322,0.3274716116314627,3.738174430527887,True,3.738174430527887,True,3.738174430527887,True,3.2,False,3.2,False,3.738174430527887,True,3.2,False,3.4690872152639436,3.6711972924393694,True,True,0.5,0.8755475282933446,3.738174430527887,wind_stuck_7_days,2020
8520,US-Me2,US-Me1,2020-07-15,2.7037678,5.0,5.0,-1.1437356907499496,1.1437356907499496,0.19180835399650814,0.3514057689838213,-0.037362809489336346,-0.04042591984768558,-0.09010337148614148,1.1437356907499496,1.129939405435322,0.3274716116314627,3.8562643092500504,True,3.8562643092500504,True,3.8562643092500504,True,5.0,False,5.0,False,5.0,False,5.0,False,4.428132154625025,4.635178096322558,True,True,0.5,0.31897396105408593,3.8562643092500504,wind_stuck_7_days,2020
8688,US-Me6,US-Me1,2020-02-22,0.54551201,1.2,1.2,-0.2922147900723713,0.2922147900723713,0.12998619879481008,0.378175456362616,0.01822471928658842,0.016421448182514068,-0.021080544441411317,0.2922147900723713,1.129939405435322,0.3274716116314627,0.9077852099276287,True,0.9077852099276287,True,0.9077852099276287,True,0.9077852099276287,True,0.9077852099276287,True,0.9077852099276287,True,1.2,False,1.0538926049638144,1.0380700397819158,True,True,0.5,0.5541470374513889,0.9077852099276287,wind_stuck_7_days,2020
8689,US-Me6,US-Me1,2020-03-01,0.52709965,1.2,1.2,-0.3839455905916601,0.3839455905916601,0.14356437180316955,0.30001974726514224,0.023439129073087917,0.016421448182514068,-0.021080544441411317,0.3839455905916601,1.129939405435322,0.3274716116314627,0.8160544094083398,True,0.8160544094083398,True,0.8160544094083398,True,0.8160544094083398,True,0.8160544094083398,True,0.8160544094083398,True,1.2,False,1.0080272047041698,1.071965343763039,True,True,0.5,0.3334708338222077,0.8160544094083398,wind_stuck_7_days,2020
8690,US-Me6,US-Me1,2020-03-09,0.76014363,1.2,1.2,-0.22388523206717603,0.22388523206717603,0.13077476452136147,0.4755970888068156,0.019828423709934952,0.016421448182514068,-0.021080544441411317,0.22388523206717603,1.129939405435322,0.3274716116314627,0.9761147679328239,True,0.9761147679328239,True,0.9761147679328239,True,0.9761147679328239,True,0.9761147679328239,True,0.9761147679328239,True,1.2,False,1.088057383966412,0.996453919755406,True,True,0.5,0.9091536693385861,0.9761147679328239,wind_stuck_7_days,2020
8691,US-Me6,US-Me1,2020-03-25,1.4919585,1.5,1.5,-0.16561606333789597,0.16561606333789597,0.2006350699777743,0.44996242485426113,0.015466260890521517,0.013630585309097788,-0.021080544441411317,-0.1495330633378959,1.129939405435322,0.3274716116314627,1.334383936662104,True,1.334383936662104,True,1.334383936662104,True,1.334383936662104,True,1.334383936662104,True,1.334383936662104,True,1.5,False,1.417191968331052,1.334383936662104,True,True,0.5,1.0,1.334383936662104,wind_stuck_7_days,2020
8692,US-Me6,US-Me1,2020-04-10,1.60443177,2.3,2.3,-0.26508039172674414,0.26508039172674414,0.15748047556802833,0.3756689482351141,0.007620094998213575,0.008073345503100987,-0.02159575658231681,0.26508039172674414,1.129939405435322,0.3274716116314627,2.0349196082732557,True,2.0349196082732557,True,2.0349196082732557,True,2.0349196082732557,True,2.0349196082732557,True,2.0349196082732557,True,2.3,False,2.1674598041366275,2.124094382200865,True,True,0.5,0.6635934731093401,2.0349196082732557,wind_stuck_7_days,2020
8693,US-Me6,US-Me1,2020-04-26,2.75415538,3.0,3.0,-0.7623630423025938,0.7623630423025938,0.1408825642579609,0.38821588615044766,-0.020042208071301547,0.013324823843917694,-0.03493402890406809,-0.2706738023025934,1.129939405435322,0.3274716116314627,2.237636957697406,True,2.237636957697406,True,2.237636957697406,True,3.0,False,3.0,False,2.237636957697406,True,3.0,False,2.618818478848703,2.821270688188458,True,True,0.5,0.23444120700253152,2.237636957697406,wind_stuck_7_days,2020
8694,US-Me6,US-Me1,2020-05-04,1.85936315,2.4,2.4,-0.3910411791673008,0.3910411791673008,0.18569244893407508,0.36918718812517304,0.007620094998213575,0.008073345503100987,-0.02159575658231681,0.3910411791673008,1.129939405435322,0.3274716116314627,2.008958820832699,True,2.008958820832699,True,2.008958820832699,True,2.008958820832699,True,2.008958820832699,True,2.008958820832699,True,2.4,False,2.2044794104163494,2.274358108862362,True,True,0.5,0.3213009213126478,2.008958820832699,wind_stuck_7_days,2020
8695,US-Me6,US-Me1,2020-05-20,2.3666853,2.1,2.1,1.0428532852262946,1.0428532852262946,0.16036730165833674,0.6317235258042714,0.19165617464876755,0.2063628573210302,-0.03388077482200409,-0.509482685226295,1.129939405435322,0.3274716116314627,3.1428532852262947,True,3.1428532852262947,True,3.1428532852262947,True,3.1428532852262947,True,3.1428532852262947,True,3.1428532852262947,True,2.1,False,2.621426642613147,2.9624353806540675,True,True,0.5,0.8269958899030775,3.1428532852262947,wind_stuck_7_days,2020
8696,US-Me6,US-Me1,2020-05-28,2.29515814,1.5,1.5,-0.04159232490727517,0.04159232490727517,0.16936159835389156,0.3063214255260275,0.0074632975625143596,0.009969981477327609,-0.02159575658231681,-0.04159232490727516,1.129939405435322,0.3274716116314627,1.4584076750927248,True,1.4584076750927248,True,1.4584076750927248,True,1.4584076750927248,True,1.4584076750927248,True,1.4584076750927248,True,1.5,False,1.4792038375463623,1.4584076750927248,True,True,0.5,1.0,1.4584076750927248,wind_stuck_7_days,2020
8697,US-Me6,US-Me1,2020-06-21,2.55522308,2.5,2.5,-0.12820993365198938,0.12820993365198938,0.16817398751880652,0.4997803553783588,0.009223799421560111,0.008073345503100987,-0.02159575658231681,-0.12820993365198938,1.129939405435322,0.3274716116314627,2.3717900663480105,True,2.3717900663480105,True,2.3717900663480105,True,2.3717900663480105,True,2.3717900663480105,True,2.3717900663480105,True,2.5,False,2.4358950331740052,2.3717900663480105,True,True,0.5,1.0,2.3717900663480105,wind_stuck_7_days,2020
8698,US-Me6,US-Me1,2020-06-29,1.76759349,2.8,2.8,0.9343511144558727,0.9343511144558727,0.19716367426593825,0.5423031275566164,0.013286226985510678,0.03601626425090033,-0.029137826261678684,-0.9343511144558727,1.129939405435322,0.3274716116314627,3.7343511144558725,True,3.7343511144558725,True,3.7343511144558725,True,3.7343511144558725,True,3.7343511144558725,True,3.7343511144558725,True,2.8,False,3.267175557227936,3.213355971137412,True,True,0.5,0.4423989705177731,3.7343511144558725,wind_stuck_7_days,2020
8699,US-Me6,US-Me1,2020-07-07,1.51770633,2.1,2.1,0.636487883853454,0.636487883853454,0.19871119206107102,0.8263439024534112,-0.01481381000780954,0.024020067534716315,-0.02159575658231681,-0.636487883853454,1.129939405435322,0.3274716116314627,2.736487883853454,True,2.736487883853454,True,2.736487883853454,True,2.1,False,2.1,False,2.736487883853454,True,2.1,False,2.418243941926727,2.6383567424473746,True,True,0.5,0.8458240228989603,2.736487883853454,wind_stuck_7_days,2020
8700,US-Me6,US-Me1,2020-07-15,1.35205402,2.2,2.2,0.13561093779740213,0.13561093779740213,0.2438798295298573,0.4213696343428911,-0.00227395928741236,-0.005576456159283279,-0.02159575658231681,-0.1356109377974022,1.129939405435322,0.3274716116314627,2.3356109377974024,True,2.3356109377974024,True,2.3356109377974024,True,2.2,False,2.2,False,2.2,False,2.2,False,2.2678054688987013,2.3356109377974024,True,True,0.5,1.0,2.3356109377974024,wind_stuck_7_days,2020
10380,US-Ro4,US-Ro1,2020-03-20,1.7684508,0.5,0.5,0.812620135436377,0.812620135436377,0.1386053577040424,0.5208460633905672,0.17805319538857733,0.19859592564249123,-0.08878362515631708,0.812620135436377,1.129939405435322,0.3274716116314627,1.3126201354363771,True,1.3126201354363771,True,1.3126201354363771,True,1.3126201354363771,True,1.3126201354363771,True,1.3126201354363771,True,0.5,False,0.9063100677181886,1.2439929800128375,True,True,0.5,0.915548295653926,1.3126201354363771,wind_stuck_7_days,2020
10381,US-Ro4,US-Ro1,2020-04-04,1.56020234,1.7,1.7,-0.294564331147092,0.294564331147092,0.11316402151672422,0.4451329639241348,0.012445674740048925,0.011667874952580733,-0.021080544441411317,-0.014969011147092148,1.129939405435322,0.3274716116314627,1.405435668852908,True,1.405435668852908,True,1.405435668852908,True,1.405435668852908,True,1.405435668852908,True,1.405435668852908,True,1.7,False,1.552717834426454,1.5383865141295578,True,True,0.5,0.5486525990471658,1.405435668852908,wind_stuck_7_days,2020
10382,US-Ro4,US-Ro1,2020-04-05,0.7233982,1.1,1.1,0.2770342650596091,0.2770342650596091,0.048625041451075594,0.31216119133264586,0.01822471928658842,0.016421448182514068,-0.021080544441411317,-0.27703426505960904,1.129939405435322,0.3274716116314627,1.3770342650596092,True,1.3770342650596092,True,1.3770342650596092,True,1.3770342650596092,True,1.3770342650596092,True,1.3770342650596092,True,1.1,False,1.2385171325298046,1.2714915235372646,True,True,0.5,0.6190263991364566,1.3770342650596092,wind_stuck_7_days,2020
10383,US-Ro4,US-Ro1,2020-04-21,0.47183523,1.1,1.1,0.5086720931842423,0.5086720931842423,0.12578113505844785,0.46385420921673004,0.04156351402706641,0.04086119222172098,-0.027798037162226653,-0.5086720931842423,1.129939405435322,0.3274716116314627,1.6086720931842424,True,1.6086720931842424,True,1.6086720931842424,True,1.6086720931842424,True,1.6086720931842424,True,1.6086720931842424,True,1.1,False,1.3543360465921213,1.5872989267434106,True,True,0.5,0.9579824277226654,1.6086720931842424,wind_stuck_7_days,2020
10384,US-Ro4,US-Ro1,2020-05-15,0.45016743,3.2,3.2,-0.3640404952714329,0.3640404952714329,0.22370984079233425,0.395693036704473,0.007620094998213575,0.003851742929157632,-0.02159575658231681,0.3640404952714329,1.129939405435322,0.3274716116314627,2.8359595047285673,True,2.8359595047285673,True,2.8359595047285673,True,2.8359595047285673,True,2.8359595047285673,True,2.8359595047285673,True,3.2,False,3.0179797523642837,3.0673643529770627,True,True,0.5,0.36434311222448684,2.8359595047285673,wind_stuck_7_days,2020
10385,US-Ro4,US-Ro1,2020-05-31,1.67996123,2.8,2.8,-0.4218075403536016,0.4218075403536016,0.16858889542680958,0.35284737523491166,0.007620094998213575,0.008073345503100987,-0.02159575658231681,0.4218075403536016,1.129939405435322,0.3274716116314627,2.378192459646398,True,2.378192459646398,True,2.378192459646398,True,2.378192459646398,True,2.378192459646398,True,2.378192459646398,True,2.8,False,2.589096229823199,2.6385601950525253,True,True,0.5,0.3827333309692366,2.378192459646398,wind_stuck_7_days,2020
10386,US-Ro4,US-Ro1,2020-06-07,4.09924723,4.7,4.7,0.33992693618603564,0.33992693618603564,0.2108825545204136,0.5509254643479987,-0.0006702548640658253,-0.005576456159283279,-0.0024802709665941126,-0.33992693618603564,1.129939405435322,0.3274716116314627,5.039926936186036,True,5.039926936186036,True,5.039926936186036,True,4.7,False,4.7,False,4.7,False,4.7,False,4.869963468093018,4.875063419915187,True,True,0.5,0.5150030823664342,5.039926936186036,wind_stuck_7_days,2020
10387,US-Ro4,US-Ro1,2020-06-08,4.90081989,4.5,4.5,-0.17308887692403602,0.17308887692403602,0.24294359155736808,0.5067901415573661,-0.0036267136494067724,-0.005576456159283279,-0.0024802709665941126,-0.17308887692403596,1.129939405435322,0.3274716116314627,4.326911123075964,True,4.326911123075964,True,4.326911123075964,True,4.5,False,4.5,False,4.5,False,4.5,False,4.413455561537982,4.331063475585753,True,True,0.5,0.976010286833093,4.326911123075964,wind_stuck_7_days,2020
10388,US-Ro4,US-Ro1,2020-06-16,5.25978874,4.6,4.6,0.07692764536544212,0.07692764536544212,0.1755519407682518,0.5385749808358997,-0.0006702548640658253,-0.0045442535400971795,-0.0024802709665941126,0.07692764536544217,1.129939405435322,0.3274716116314627,4.676927645365442,True,4.676927645365442,True,4.676927645365442,True,4.6,False,4.6,False,4.6,False,4.6,False,4.638463822682721,4.676927645365442,True,True,0.5,1.0,4.676927645365442,wind_stuck_7_days,2020
12742,US-SRG,US-SRC,2020-01-07,1.24507774,0.6,0.6,-0.12035745397035233,0.12035745397035233,0.12702316363911711,0.3955056357554739,0.01822471928658842,0.016421448182514068,-0.021080544441411317,-0.12035745397035236,1.129939405435322,0.3274716116314627,0.4796425460296476,True,0.4796425460296476,True,0.4796425460296476,True,0.4796425460296476,True,0.4796425460296476,True,0.4796425460296476,True,0.6,False,0.5398212730148239,0.4796425460296476,True,True,0.5,1.0,0.4796425460296476,wind_stuck_7_days,2020
12743,US-SRG,US-SRC,2020-01-14,0.75695428,0.9,0.9,0.09338714343165246,0.09338714343165246,0.20641847610796243,0.5177349309250582,0.019828423709934952,0.016421448182514068,-0.021080544441411317,-0.09338714343165244,1.129939405435322,0.3274716116314627,0.9933871434316525,True,0.9933871434316525,True,0.9933871434316525,True,0.9933871434316525,True,0.9933871434316525,True,0.9933871434316525,True,0.9,False,0.9466935717158262,0.9933871434316525,True,True,0.5,1.0,0.9933871434316525,wind_stuck_7_days,2020
12744,US-SRG,US-SRC,2020-01-23,0.87245521,0.8,0.8,-0.06800426729999154,0.06800426729999154,0.08741137206798831,0.304397267508231,0.01822471928658842,0.016421448182514068,-0.021080544441411317,-0.06800426729999154,1.129939405435322,0.3274716116314627,0.7319957327000085,True,0.7319957327000085,True,0.7319957327000085,True,0.7319957327000085,True,0.7319957327000085,True,0.7319957327000085,True,0.8,False,0.7659978663500042,0.7319957327000085,True,True,0.5,1.0,0.7319957327000085,wind_stuck_7_days,2020
12745,US-SRG,US-SRC,2020-01-30,0.69581939,0.8,0.8,-0.2448023494623181,0.2448023494623181,0.12689287794079845,0.4074352743874202,0.01822471928658842,0.016421448182514068,-0.021080544441411317,-0.03644112946231809,1.129939405435322,0.3274716116314627,0.5551976505376819,True,0.5551976505376819,True,0.5551976505376819,True,0.5551976505376819,True,0.5551976505376819,True,0.5551976505376819,True,0.8,False,0.677598825268841,0.613051223135217,True,True,0.5,0.7636723147281709,0.5551976505376819,wind_stuck_7_days,2020
12746,US-SRG,US-SRC,2020-02-07,0.63627691,0.9,0.9,-0.2052628691805649,0.2052628691805649,0.07127575847221661,0.28680407594118157,0.01822471928658842,0.016421448182514068,-0.021080544441411317,0.2052628691805649,1.129939405435322,0.3274716116314627,0.6947371308194351,True,0.6947371308194351,True,0.6947371308194351,True,0.6947371308194351,True,0.6947371308194351,True,0.6947371308194351,True,0.9,False,0.7973685654097176,0.701475952800042,True,True,0.5,0.967169795455412,0.6947371308194351,wind_stuck_7_days,2020
12747,US-SRG,US-SRC,2020-02-08,0.76400117,0.6,0.6,-0.09894148258080736,0.09894148258080736,0.09269841835482595,0.28647738875924483,0.01822471928658842,0.016421448182514068,-0.021080544441411317,-0.09894148258080737,1.129939405435322,0.3274716116314627,0.5010585174191926,True,0.5010585174191926,True,0.5010585174191926,True,0.5010585174191926,True,0.5010585174191926,True,0.5010585174191926,True,0.6,False,0.5505292587095963,0.5010585174191926,True,True,0.5,1.0,0.5010585174191926,wind_stuck_7_days,2020
12748,US-SRG,US-SRC,2020-02-15,0.99955971,1.1,1.1,-0.20961307523852776,0.20961307523852776,0.06684943872001407,0.28937167692589083,0.01822471928658842,0.016421448182514068,-0.021080544441411317,-0.008732495238527566,1.129939405435322,0.3274716116314627,0.8903869247614723,True,0.8903869247614723,True,0.8903869247614723,True,0.8903869247614723,True,0.8903869247614723,True,0.8903869247614723,True,1.1,False,0.9951934623807362,0.8972685648967733,True,True,0.5,0.967169795455412,0.8903869247614723,wind_stuck_7_days,2020
12749,US-SRG,US-SRC,2020-02-23,1.20982078,0.7,0.7,0.7180795192286842,0.7180795192286842,0.10217162180010794,0.3782914658508848,0.11525143654110431,0.14669529284582042,-0.08878362515631708,0.301562040771316,1.129939405435322,0.3274716116314627,1.4180795192286841,True,1.4180795192286841,True,1.4180795192286841,True,1.4180795192286841,True,1.4180795192286841,True,1.4180795192286841,True,0.7,False,1.059039759614342,1.2464501097422942,True,True,0.5,0.7609882960166536,1.4180795192286841,wind_stuck_7_days,2020
12750,US-SRG,US-SRC,2020-02-24,1.10851163,1.5,1.5,-0.17735065910009637,0.17735065910009637,0.12166101830044432,0.4798846518524501,0.017069965313868056,0.013630585309097788,-0.021080544441411317,0.17735065910009637,1.129939405435322,0.3274716116314627,1.3226493408999036,True,1.3226493408999036,True,1.3226493408999036,True,1.3226493408999036,True,1.3226493408999036,True,1.3226493408999036,True,1.5,False,1.4113246704499518,1.3355303279408222,True,True,0.5,0.927369951111101,1.3226493408999036,wind_stuck_7_days,2020
12751,US-SRG,US-SRC,2020-03-02,1.93779376,0.7,0.7,0.6777616123639596,0.6777616123639596,0.15112186662021768,0.4461804932795532,0.11525143654110431,0.14669529284582042,-0.08878362515631708,0.6777616123639596,1.129939405435322,0.3274716116314627,1.3777616123639596,True,1.3777616123639596,True,1.3777616123639596,True,1.3777616123639596,True,1.3777616123639596,True,1.3777616123639596,True,0.7,False,1.0388808061819796,1.2128396258070149,True,True,0.5,0.7566666752020456,1.3777616123639596,wind_stuck_7_days,2020
12752,US-SRG,US-SRC,2020-03-11,1.6224122,0.4,0.4,0.8345349540025074,0.8345349540025074,0.21122684802898298,0.606257613582004,0.21652212860412895,0.2495359207828463,-0.08878362515631708,0.8345349540025074,1.129939405435322,0.3274716116314627,1.2345349540025075,True,1.2345349540025075,True,1.2345349540025075,True,1.2345349540025075,True,1.2345349540025075,True,1.2345349540025075,True,0.4,False,0.8172674770012538,1.1415672154116359,True,True,0.5,0.888599347283191,1.2345349540025075,wind_stuck_7_days,2020
12753,US-SRG,US-SRC,2020-03-19,2.54149608,1.2,1.2,0.579674438751239,0.579674438751239,0.1006781099103158,0.4177908057801945,0.0869215263239856,0.0956410409582041,-0.027798037162226653,0.579674438751239,1.129939405435322,0.3274716116314627,1.7796744387512389,True,1.7796744387512389,True,1.7796744387512389,True,1.7796744387512389,True,1.7796744387512389,True,1.7796744387512389,True,1.2,False,1.4898372193756195,1.6616875919612974,True,True,0.5,0.7964601526261634,1.7796744387512389,wind_stuck_7_days,2020
12754,US-SRG,US-SRC,2020-04-03,2.18376201,1.7,1.7,-0.3851604472661914,0.3851604472661914,0.12825048847577364,0.32740301039574377,0.01766008452654843,0.011667874952580733,-0.02159575658231681,-0.38516044726619136,1.129939405435322,0.3274716116314627,1.3148395527338086,True,1.3148395527338086,True,1.3148395527338086,True,1.3148395527338086,True,1.3148395527338086,True,1.3148395527338086,True,1.7,False,1.5074197763669042,1.5715602244948086,True,True,0.5,0.3334708338222077,1.3148395527338086,wind_stuck_7_days,2020
12755,US-SRG,US-SRC,2020-04-04,2.23080048,1.4,1.4,-0.4941785387514809,0.4941785387514809,0.12812739890662864,0.37858647504732945,0.023439129073087917,0.016421448182514068,-0.02159575658231681,-0.494178538751481,1.129939405435322,0.3274716116314627,0.905821461248519,True,0.905821461248519,True,0.905821461248519,True,0.905821461248519,True,0.905821461248519,True,0.905821461248519,True,1.4,False,1.1529107306242594,1.2006070142988046,True,True,0.5,0.4034837008603256,0.905821461248519,wind_stuck_7_days,2020
12756,US-SRG,US-SRC,2020-04-12,2.94323933,2.6,2.6,-0.20239611622277315,0.20239611622277315,0.1573704541018582,0.35528800845282305,0.007620094998213575,0.008073345503100987,-0.02159575658231681,-0.2023961162227732,1.129939405435322,0.3274716116314627,2.397603883777227,True,2.397603883777227,True,2.397603883777227,True,2.397603883777227,True,2.397603883777227,True,2.397603883777227,True,2.6,False,2.4988019418886136,2.397603883777227,True,True,0.5,1.0,2.397603883777227,wind_stuck_7_days,2020
12757,US-SRG,US-SRC,2020-04-19,2.07575015,3.1,3.1,-0.6425672393504318,0.6425672393504318,0.17392801821637663,0.4395304183755292,0.011553461626725362,0.013324823843917694,-0.02159575658231681,0.6425672393504318,1.129939405435322,0.3274716116314627,2.457432760649568,True,2.457432760649568,True,2.457432760649568,True,2.457432760649568,True,2.457432760649568,True,2.457432760649568,True,3.1,False,2.7787163803247843,2.892410180594627,True,True,0.5,0.32306318575348514,2.457432760649568,wind_stuck_7_days,2020
12758,US-SRG,US-SRC,2020-04-20,2.07319439,1.7,1.7,-0.2933170638470848,0.2933170638470848,0.15397525113160065,0.30650491737654895,0.012445674740048925,0.011667874952580733,-0.02159575658231681,-0.2933170638470848,1.129939405435322,0.3274716116314627,1.4066829361529152,True,1.4066829361529152,True,1.4066829361529152,True,1.4066829361529152,True,1.4066829361529152,True,1.4066829361529152,True,1.7,False,1.5533414680764577,1.537459218035198,True,True,0.5,0.5541470374513889,1.4066829361529152,wind_stuck_7_days,2020
12759,US-SRG,US-SRC,2020-04-28,2.13266656,1.8,1.8,-0.685267008484918,0.685267008484918,0.13400722211157828,0.3264043423405333,-0.07532662655544321,-0.08746600107820328,-0.09575488491174863,-0.685267008484918,1.129939405435322,0.3274716116314627,1.114732991515082,True,1.114732991515082,True,1.114732991515082,True,1.8,False,1.8,False,1.8,False,1.8,False,1.4573664957575412,1.7154653313271113,True,True,0.5,0.12336019044574971,1.114732991515082,wind_stuck_7_days,2020
12760,US-SRG,US-SRC,2020-05-05,1.72643122,2.2,2.2,-1.1275320519382297,1.1275320519382297,0.18967506037964546,0.5216031682692638,-0.250486448024505,-0.12456884834476975,0.027295822347235068,-0.18039449193822943,1.129939405435322,0.3274716116314627,1.0724679480617705,True,1.0724679480617705,True,1.0724679480617705,True,2.2,False,2.2,False,2.2,False,1.0724679480617705,True,1.6362339740308853,2.185308351703911,True,True,0.5,0.01302991632994771,1.0724679480617705,wind_stuck_7_days,2020
12761,US-SRG,US-SRC,2020-05-06,1.90994573,2.1,2.1,-1.1480673845005236,1.1480673845005236,0.18240193731383028,0.34977430475356835,-0.13027913661226467,-0.07774237641312827,-0.1700138395518385,-0.7679588445005234,1.129939405435322,0.3274716116314627,0.9519326154994765,True,0.9519326154994765,True,0.9519326154994765,True,2.1,False,2.1,False,2.1,False,2.1,False,1.5259663077497383,1.852061380508511,True,True,0.5,0.21596173085202386,0.9519326154994765,wind_stuck_7_days,2020
12762,US-SRG,US-SRC,2020-05-13,1.43981152,2.4,2.4,-0.5466286326054617,0.5466286326054617,0.24802602118299397,0.43750574605349096,-0.03284480892205413,-0.0639381525207477,-0.02159575658231681,0.5466286326054617,1.129939405435322,0.3274716116314627,1.8533713673945382,True,1.8533713673945382,True,1.8533713673945382,True,2.4,False,2.4,False,2.4,False,2.4,False,2.126685683697269,2.2911139340134348,True,True,0.5,0.19919568696496637,1.8533713673945382,wind_stuck_7_days,2020
12763,US-SRG,US-SRC,2020-05-14,1.23392482,3.6,3.6,-0.7954296916250717,0.7954296916250717,0.1573030052185287,0.4617291666755586,-0.06359726053428016,-0.11306913540522325,-0.048107569239409495,0.7954296916250718,1.129939405435322,0.3274716116314627,2.8045703083749283,True,2.8045703083749283,True,2.8045703083749283,True,3.6,False,3.6,False,3.6,False,3.6,False,3.2022851541874644,3.5120964438857234,True,True,0.5,0.11051078057532479,2.8045703083749283,wind_stuck_7_days,2020
12764,US-SRG,US-SRC,2020-05-21,1.02764675,1.8,1.8,-0.30014442534620034,0.30014442534620034,0.1504540578678958,0.35782028935354443,0.0011887834142886072,0.006234986823744358,-0.02159575658231681,0.30014442534620034,1.129939405435322,0.3274716116314627,1.4998555746537998,True,1.4998555746537998,True,1.4998555746537998,True,1.4998555746537998,True,1.4998555746537998,True,1.4998555746537998,True,1.8,False,1.6499277873268998,1.6782793382514767,True,True,0.5,0.4055403048319996,1.4998555746537998,wind_stuck_7_days,2020
12765,US-SRG,US-SRC,2020-05-29,2.30816275,1.8,1.8,-0.5626832057053294,0.5626832057053294,0.15523806301568574,0.6291351648920592,-0.00789274409792224,-0.052050332319897245,-0.02159575658231681,-0.5626832057053293,1.129939405435322,0.3274716116314627,1.2373167942946708,True,1.2373167942946708,True,1.2373167942946708,True,1.8,False,1.8,False,1.8,False,1.8,False,1.5186583971473353,1.7098029934182717,True,True,0.5,0.16029802501154367,1.2373167942946708,wind_stuck_7_days,2020
12766,US-SRG,US-SRC,2020-06-06,1.52519828,1.9,1.9,-0.10004063550062994,0.10004063550062994,0.19086257105922977,0.42365416840973785,-0.0052304180727533066,-0.0045442535400971795,-0.02159575658231681,0.10004063550062992,1.129939405435322,0.3274716116314627,1.7999593644993699,True,1.7999593644993699,True,1.7999593644993699,True,1.9,False,1.9,False,1.9,False,1.9,False,1.849979682249685,1.7999593644993699,True,True,0.5,1.0,1.7999593644993699,wind_stuck_7_days,2020
12767,US-SRG,US-SRC,2020-06-14,1.06661217,1.7,1.7,-0.17742391845278918,0.17742391845278918,0.20096414431145807,0.3345365514562755,0.0011887834142886072,0.006234986823744358,-0.02159575658231681,0.17742391845278915,1.129939405435322,0.3274716116314627,1.5225760815472107,True,1.5225760815472107,True,1.5225760815472107,True,1.5225760815472107,True,1.5225760815472107,True,1.5225760815472107,True,1.7,False,1.6112880407736054,1.5354623894184969,True,True,0.5,0.927369951111101,1.5225760815472107,wind_stuck_7_days,2020
12768,US-SRG,US-SRC,2020-06-15,0.93271497,1.3,1.3,-0.035565817230424714,0.035565817230424714,0.24642756373580535,0.33532138951579704,0.010221755958581262,0.011728641731557793,-0.02159575658231681,0.035565817230424734,1.129939405435322,0.3274716116314627,1.2644341827695753,True,1.2644341827695753,True,1.2644341827695753,True,1.2644341827695753,True,1.2644341827695753,True,1.2644341827695753,True,1.3,False,1.2822170913847877,1.2644341827695753,True,True,0.5,1.0,1.2644341827695753,wind_stuck_7_days,2020
13294,US-SRM,US-SRC,2020-01-06,0.70081241,0.5,0.5,-0.13699975032764028,0.13699975032764028,0.07680632425882439,0.32958914755233804,0.022982378513207505,0.02613685449172998,-0.021080544441411317,-0.13699975032764028,1.129939405435322,0.3274716116314627,0.3630002496723597,True,0.3630002496723597,True,0.3630002496723597,True,0.3630002496723597,True,0.3630002496723597,True,0.3630002496723597,True,0.5,False,0.43150012483617983,0.3630002496723597,True,True,0.5,1.0,0.3630002496723597,wind_stuck_7_days,2020
13295,US-SRM,US-SRC,2020-01-07,0.94114387,0.8,0.8,-0.428575434600386,0.428575434600386,0.1434105122819858,0.45455441860915363,0.02504283349643445,0.016421448182514068,-0.021080544441411317,-0.42857543460038594,1.129939405435322,0.3274716116314627,0.37142456539961405,True,0.37142456539961405,True,0.37142456539961405,True,0.37142456539961405,True,0.37142456539961405,True,0.37142456539961405,True,0.8,False,0.585712282699807,0.7484943312612389,True,True,0.5,0.12017877036462973,0.37142456539961405,wind_stuck_7_days,2020
13296,US-SRM,US-SRC,2020-01-14,0.56100863,0.4,0.4,-0.03644341398490468,0.03644341398490468,0.06887226765162639,0.29401070644793903,0.01963167358346193,0.02368610735703014,-0.021080544441411317,-0.03644341398490469,1.129939405435322,0.3274716116314627,0.36355658601509533,True,0.36355658601509533,True,0.36355658601509533,True,0.36355658601509533,True,0.36355658601509533,True,0.36355658601509533,True,0.4,False,0.3817782930075477,0.36355658601509533,True,True,0.5,1.0,0.36355658601509533,wind_stuck_7_days,2020
13297,US-SRM,US-SRC,2020-01-23,0.95147788,0.6,0.6,0.05328318063218103,0.05328318063218103,0.05177356551466661,0.3108557803265972,0.01822471928658842,0.016421448182514068,-0.021080544441411317,0.053283180632181015,1.129939405435322,0.3274716116314627,0.653283180632181,True,0.653283180632181,True,0.653283180632181,True,0.653283180632181,True,0.653283180632181,True,0.653283180632181,True,0.6,False,0.6266415903160905,0.653283180632181,True,True,0.5,1.0,0.653283180632181,wind_stuck_7_days,2020
13298,US-SRM,US-SRC,2020-01-30,0.63090621,0.8,0.8,-0.2655016425346328,0.2655016425346328,0.12402529439136288,0.45548754503046424,0.019828423709934952,0.016421448182514068,-0.021080544441411317,0.07268593746536722,1.129939405435322,0.3274716116314627,0.5344983574653672,True,0.5344983574653672,True,0.5344983574653672,True,0.5344983574653672,True,0.5344983574653672,True,0.5344983574653672,True,0.8,False,0.6672491787326836,0.6238148429142085,True,True,0.5,0.6635934731093401,0.5344983574653672,wind_stuck_7_days,2020
13299,US-SRM,US-SRC,2020-02-07,0.42635611,0.9,0.9,-0.2675415932351527,0.2675415932351527,0.0797264107382664,0.29753123683117455,0.01822471928658842,0.016421448182514068,-0.021080544441411317,0.2675415932351527,1.129939405435322,0.3274716116314627,0.6324584067648473,True,0.6324584067648473,True,0.6324584067648473,True,0.6324584067648473,True,0.6324584067648473,True,0.6324584067648473,True,0.9,False,0.7662292033824236,0.7224611449438787,True,True,0.5,0.6635934731093401,0.6324584067648473,wind_stuck_7_days,2020
13300,US-SRM,US-SRC,2020-02-08,0.56209802,0.6,0.6,-0.12935629219977485,0.12935629219977485,0.08929284016991484,0.28278566330526855,0.01822471928658842,0.016421448182514068,-0.021080544441411317,-0.053552332199774844,1.129939405435322,0.3274716116314627,0.47064370780022513,True,0.47064370780022513,True,0.47064370780022513,True,0.47064370780022513,True,0.47064370780022513,True,0.47064370780022513,True,0.6,False,0.5353218539001126,0.47064370780022513,True,True,0.5,1.0,0.47064370780022513,wind_stuck_7_days,2020
13301,US-SRM,US-SRC,2020-02-15,1.13492512,0.9,0.9,-0.13500052127151224,0.13500052127151224,0.0586091125777928,0.4017586559677474,0.01822471928658842,0.016421448182514068,-0.021080544441411317,-0.13500052127151224,1.129939405435322,0.3274716116314627,0.7649994787284877,True,0.7649994787284877,True,0.7649994787284877,True,0.7649994787284877,True,0.7649994787284877,True,0.7649994787284877,True,0.9,False,0.8324997393642439,0.7649994787284877,True,True,0.5,1.0,0.7649994787284877,wind_stuck_7_days,2020
13302,US-SRM,US-SRC,2020-02-23,1.16420665,1.6,1.6,0.2388448794761203,0.2388448794761203,0.1125994272508383,0.33199610120916,0.012445674740048925,0.011667874952580733,-0.021080544441411317,-0.23884487947612032,1.129939405435322,0.3274716116314627,1.8388448794761203,True,1.8388448794761203,True,1.8388448794761203,True,1.8388448794761203,True,1.8388448794761203,True,1.8388448794761203,True,1.6,False,1.7194224397380602,1.7876063894608432,True,True,0.5,0.7854737764206493,1.8388448794761203,wind_stuck_7_days,2020
13303,US-SRM,US-SRC,2020-02-24,1.20624511,1.3,1.3,-0.10458571843331073,0.10458571843331073,0.11860984750749833,0.44081401694581784,0.01822471928658842,0.016421448182514068,-0.02159575658231681,0.08292406156668934,1.129939405435322,0.3274716116314627,1.1954142815666893,True,1.1954142815666893,True,1.1954142815666893,True,1.1954142815666893,True,1.1954142815666893,True,1.1954142815666893,True,1.3,False,1.2477071407833447,1.1954142815666893,True,True,0.5,1.0,1.1954142815666893,wind_stuck_7_days,2020
13304,US-SRM,US-SRC,2020-03-11,1.26530896,2.5,2.5,-0.3780539204725346,0.3780539204725346,0.17404605099518483,0.3677251294255007,0.007620094998213575,0.008073345503100987,-0.02159575658231681,0.3780539204725346,1.129939405435322,0.3274716116314627,2.1219460795274654,True,2.1219460795274654,True,2.1219460795274654,True,2.1219460795274654,True,2.1219460795274654,True,2.1219460795274654,True,2.5,False,2.3109730397637325,2.370427736871665,True,True,0.5,0.3427348748728256,2.1219460795274654,wind_stuck_7_days,2020
13305,US-SRM,US-SRC,2020-04-03,0.87087326,1.1,1.1,-0.17509812740786973,0.17509812740786973,0.15912144457490127,0.28969567548402286,0.01822471928658842,0.016421448182514068,-0.02159575658231681,0.17509812740786973,1.129939405435322,0.3274716116314627,0.9249018725921303,True,0.9249018725921303,True,0.9249018725921303,True,0.9249018725921303,True,0.9249018725921303,True,0.9249018725921303,True,1.1,False,1.0124509362960652,0.9376192581461186,True,True,0.5,0.927369951111101,0.9249018725921303,wind_stuck_7_days,2020
13306,US-SRM,US-SRC,2020-04-12,1.72544745,1.8,1.8,-0.04273482057395165,0.04273482057395165,0.11692856044679065,0.3200567992864477,0.012445674740048925,0.011667874952580733,-0.02159575658231681,0.04273482057395165,1.129939405435322,0.3274716116314627,1.7572651794260483,True,1.7572651794260483,True,1.7572651794260483,True,1.7572651794260483,True,1.7572651794260483,True,1.7572651794260483,True,1.8,False,1.7786325897130242,1.7572651794260483,True,True,0.5,1.0,1.7572651794260483,wind_stuck_7_days,2020
13307,US-SRM,US-SRC,2020-04-19,0.6514969,2.0,2.0,-0.5917517868363514,0.5917517868363514,0.1794929253679637,0.26142321711450445,-0.020042208071301547,0.013324823843917694,-0.02159575658231681,0.5917517868363514,1.129939405435322,0.3274716116314627,1.4082482131636485,True,1.4082482131636485,True,1.4082482131636485,True,2.0,False,2.0,False,1.4082482131636485,True,2.0,False,1.7041241065818242,1.8347722080422848,True,True,0.5,0.27921807019977585,1.4082482131636485,wind_stuck_7_days,2020
13308,US-SRM,US-SRC,2020-04-28,1.00446798,1.4,1.4,-0.5124603570307791,0.5124603570307791,0.1276449565869622,0.3390717607998626,0.015436165745080764,0.012760844350743894,-0.02159575658231681,0.27860368296922067,1.129939405435322,0.3274716116314627,0.8875396429692208,True,0.8875396429692208,True,0.8875396429692208,True,0.8875396429692208,True,0.8875396429692208,True,0.8875396429692208,True,1.4,False,1.1437698214846104,1.3227729854615695,True,True,0.5,0.1506985144878085,0.8875396429692208,wind_stuck_7_days,2020
13309,US-SRM,US-SRC,2020-05-05,1.08024919,2.1,2.1,-1.2197464920495058,1.2197464920495058,0.20048274368696195,0.3932460241251259,-0.2967148919438602,0.035897953757434854,-0.1700138395518385,0.8197551279504944,1.129939405435322,0.3274716116314627,0.8802535079504943,True,0.8802535079504943,True,0.8802535079504943,True,2.1,False,2.1,False,0.8802535079504943,True,2.1,False,1.4901267539752472,1.8122763835533697,True,True,0.5,0.23588804585383666,0.8802535079504943,wind_stuck_7_days,2020
13310,US-SRM,US-SRC,2020-05-13,0.84662499,2.1,2.1,-0.5918184290423101,0.5918184290423101,0.15827206089340276,0.4812174040784322,-0.005496867633329893,-0.05971654994680434,-0.02159575658231681,0.5918184290423101,1.129939405435322,0.3274716116314627,1.50818157095769,True,1.50818157095769,True,1.50818157095769,True,2.1,False,2.1,False,2.1,False,2.1,False,1.804090785478845,1.9997807789700959,True,True,0.5,0.1693411629510771,1.50818157095769,wind_stuck_7_days,2020
13311,US-SRM,US-SRC,2020-05-14,0.84143503,1.2,1.2,-0.10118636786801649,0.10118636786801649,0.16075929262187616,0.255504204141822,0.010221755958581262,0.012760844350743894,-0.02159575658231681,0.10118636786801649,1.129939405435322,0.3274716116314627,1.0988136321319835,True,1.0988136321319835,True,1.0988136321319835,True,1.0988136321319835,True,1.0988136321319835,True,1.0988136321319835,True,1.2,False,1.1494068160659916,1.0988136321319835,True,True,0.5,1.0,1.0988136321319835,wind_stuck_7_days,2020
13312,US-SRM,US-SRC,2020-05-21,0.65919981,1.6,1.6,-0.5142690363449158,0.5142690363449158,0.18318198792098547,0.4162959832480057,0.006403193200788107,0.006234986823744358,-0.02159575658231681,0.5142690363449158,1.129939405435322,0.3274716116314627,1.0857309636550843,True,1.0857309636550843,True,1.0857309636550843,True,1.0857309636550843,True,1.0857309636550843,True,1.0857309636550843,True,1.6,False,1.342865481827542,1.5225004201757444,True,True,0.5,0.1506985144878085,1.0857309636550843,wind_stuck_7_days,2020
13313,US-SRM,US-SRC,2020-05-29,1.83752294,2.1,2.1,-0.5494386693361691,0.5494386693361691,0.17068293072073415,0.8436846662143644,-0.04685466804065576,-0.07191578805903798,-0.02159575658231681,-0.024484549336168837,1.129939405435322,0.3274716116314627,1.550561330663831,True,1.550561330663831,True,1.550561330663831,True,2.1,False,2.1,False,2.1,False,2.1,False,1.8252806653319156,2.0068555969934794,True,True,0.5,0.16952647894087558,1.5484419448353866,wind_stuck_7_days,2020
13314,US-SRM,US-SRC,2020-06-14,0.65523791,1.9,1.9,-0.4164916051958268,0.4164916051958268,0.10703137650520546,0.43641844391098994,-0.0052304180727533066,-0.0045442535400971795,-0.02159575658231681,0.41649160519582673,1.129939405435322,0.3274716116314627,1.4835083948041732,True,1.4835083948041732,True,1.4835083948041732,True,1.9,False,1.9,False,1.9,False,1.9,False,1.6917541974020864,1.9,True,False,0.5,0.0,1.4835083948041732,wind_stuck_7_days,2020
13315,US-SRM,US-SRC,2020-06-15,0.8508081,1.4,1.4,-0.4733559360608739,0.4733559360608739,0.1626215407886449,0.30361287509097923,0.03973447518677329,0.012760844350743894,-0.02159575658231681,0.4733559360608739,1.129939405435322,0.3274716116314627,0.926644063939126,True,0.926644063939126,True,0.926644063939126,True,0.926644063939126,True,0.926644063939126,True,0.926644063939126,True,1.4,False,1.163322031969563,1.3128296495786476,True,True,0.5,0.18415391839544218,0.926644063939126,wind_stuck_7_days,2020
15506,US-Var,SLM001,2020-01-06,0.40850543,0.6,0.6,-0.0647647302085633,0.0647647302085633,0.07336385447814633,0.263147248574349,0.01822471928658842,0.016421448182514068,-0.021080544441411317,0.0647647302085633,1.129939405435322,0.3274716116314627,0.5352352697914367,True,0.5352352697914367,True,0.5352352697914367,True,0.5352352697914367,True,0.5352352697914367,True,0.5352352697914367,True,0.6,False,0.5676176348957184,0.5352352697914367,True,True,0.5,1.0,0.5352352697914367,wind_stuck_7_days,2020
15507,US-Var,SLM001,2020-01-30,0.80999962,0.3,0.3,0.40112598483162765,0.40112598483162765,0.1540472836634937,0.31888502550768416,0.0745073391461498,0.07209981624617767,-0.027798037162226653,0.40112598483162765,1.129939405435322,0.3274716116314627,0.7011259848316276,True,0.7011259848316276,True,0.7011259848316276,True,0.7011259848316276,True,0.7011259848316276,True,0.7011259848316276,True,0.3,False,0.5005629924158138,0.6998700076082902,True,True,0.5,0.9968688709511935,0.7011259848316276,wind_stuck_7_days,2020
15508,US-Var,SLM001,2020-02-07,0.96720583,0.7,0.7,0.1615197118183503,0.1615197118183503,0.11362851983847534,0.2514137756137535,0.01822471928658842,0.016421448182514068,-0.021080544441411317,0.1615197118183503,1.129939405435322,0.3274716116314627,0.8615197118183502,True,0.8615197118183502,True,0.8615197118183502,True,0.8615197118183502,True,0.8615197118183502,True,0.8615197118183502,True,0.7,False,0.7807598559091751,0.8615197118183502,True,True,0.5,1.0,0.8730405308847069,wind_stuck_7_days,2020
15509,US-Var,SLM001,2020-02-08,1.06112416,1.5,1.5,-0.16781153245981512,0.16781153245981512,0.06457280478268715,0.32201301918518144,0.015466260890521517,0.013630585309097788,-0.021080544441411317,0.16781153245981512,1.129939405435322,0.3274716116314627,1.332188467540185,True,1.332188467540185,True,1.332188467540185,True,1.332188467540185,True,1.332188467540185,True,1.332188467540185,True,1.5,False,1.4160942337700924,1.332188467540185,True,True,0.5,1.0,1.332188467540185,wind_stuck_7_days,2020
15510,US-Var,SLM001,2020-02-16,1.203568,1.0,1.0,0.2273688572343655,0.2273688572343655,0.10309763721780643,0.3608076987192416,0.01822471928658842,0.016421448182514068,-0.021080544441411317,0.17976714276563444,1.129939405435322,0.3274716116314627,1.2273688572343655,True,1.2273688572343655,True,1.2273688572343655,True,1.2273688572343655,True,1.2273688572343655,True,1.2273688572343655,True,1.0,False,1.1136844286171828,1.1941305957435788,True,True,0.5,0.8538134822196621,1.2273688572343655,wind_stuck_7_days,2020
15511,US-Var,SLM001,2020-02-23,1.22624224,0.7,0.7,0.5563241537870997,0.5563241537870997,0.11313590117007634,0.3519197819896087,0.08371061944210575,0.08742221927442284,-0.027798037162226653,0.4961603262129003,1.129939405435322,0.3274716116314627,1.2563241537870997,True,1.2563241537870997,True,1.2563241537870997,True,1.2563241537870997,True,1.2563241537870997,True,1.2563241537870997,True,0.7,False,0.9781620768935497,1.1776406431961308,True,True,0.5,0.8585653524921725,1.2563241537870997,wind_stuck_7_days,2020
15512,US-Var,SLM001,2020-02-24,1.67484586,1.8,1.8,0.07490376544635222,0.07490376544635222,0.1394058654073512,0.41775969059402246,0.012445674740048925,0.011667874952580733,-0.021080544441411317,-0.07490376544635222,1.129939405435322,0.3274716116314627,1.8749037654463523,True,1.8749037654463523,True,1.8749037654463523,True,1.8749037654463523,True,1.8749037654463523,True,1.8749037654463523,True,1.8,False,1.837451882723176,1.8749037654463523,True,True,0.5,1.0,1.8749037654463523,wind_stuck_7_days,2020
15513,US-Var,SLM001,2020-03-02,2.73163309,1.8,1.8,-0.2758988257573326,0.2758988257573326,0.16714483754954657,0.4882644017481814,0.01404937916339546,0.011667874952580733,-0.02159575658231681,-0.2758988257573327,1.129939405435322,0.3274716116314627,1.5241011742426673,True,1.5241011742426673,True,1.5241011742426673,True,1.5241011742426673,True,1.5241011742426673,True,1.5241011742426673,True,1.8,False,1.6620505871213338,1.6251207223357176,True,True,0.5,0.633852924833025,1.5241011742426673,wind_stuck_7_days,2020
15514,US-Var,SLM001,2020-03-03,2.24800184,1.4,1.4,0.10065262109239843,0.10065262109239843,0.1301480374788496,0.30869302639366875,0.01822471928658842,0.016421448182514068,-0.021080544441411317,0.10065262109239848,1.129939405435322,0.3274716116314627,1.5006526210923983,True,1.5006526210923983,True,1.5006526210923983,True,1.5006526210923983,True,1.5006526210923983,True,1.5006526210923983,True,1.4,False,1.4503263105461992,1.5006526210923983,True,True,0.5,1.0,1.5006526210923983,wind_stuck_7_days,2020
15515,US-Var,SLM001,2020-03-10,2.59282928,2.0,2.0,-0.0013180406915068014,0.0013180406915068014,0.08753938920893138,0.34289581637747035,0.007620094998213575,0.008073345503100987,-0.021080544441411317,-0.001318040691506761,1.129939405435322,0.3274716116314627,1.9986819593084932,True,1.9986819593084932,True,1.9986819593084932,True,1.9986819593084932,True,1.9986819593084932,True,1.9986819593084932,True,2.0,False,1.9993409796542465,1.9986819593084932,True,True,0.5,1.0,1.9986819593084932,wind_stuck_7_days,2020
15516,US-Var,SLM001,2020-03-11,2.73535385,2.1,2.1,0.004879397025298435,0.004879397025298435,0.09634774615136998,0.2665446986084351,0.007620094998213575,0.008073345503100987,-0.021080544441411317,0.004879397025298382,1.129939405435322,0.3274716116314627,2.1048793970252984,True,2.1048793970252984,True,2.1048793970252984,True,2.1048793970252984,True,2.1048793970252984,True,2.1048793970252984,True,2.1,False,2.1024396985126494,2.1048793970252984,True,True,0.5,1.0,2.1048793970252984,wind_stuck_7_days,2020
15517,US-Var,SLM001,2020-03-19,2.36571501,1.5,1.5,0.3101062119670263,0.3101062119670263,0.18149387356636595,0.4311330828730572,0.015466260890521517,0.013630585309097788,-0.021080544441411317,0.31010621196702637,1.129939405435322,0.3274716116314627,1.8101062119670264,True,1.8101062119670264,True,1.8101062119670264,True,1.8101062119670264,True,1.8101062119670264,True,1.8101062119670264,True,1.5,False,1.6550531059835132,1.7359086246385358,True,True,0.5,0.7607349209232226,1.8101062119670264,wind_stuck_7_days,2020
15518,US-Var,SLM001,2020-03-26,2.13180631,1.5,1.5,0.3212245082192744,0.3212245082192744,0.14532426506198887,0.36221705257722936,0.02068067067702102,0.013630585309097788,-0.021080544441411317,0.3212245082192744,1.129939405435322,0.3274716116314627,1.8212245082192744,True,1.8212245082192744,True,1.8212245082192744,True,1.8212245082192744,True,1.8212245082192744,True,1.8212245082192744,True,1.5,False,1.6606122541096373,1.727895731748959,True,True,0.5,0.7094593529376431,1.8212245082192744,wind_stuck_7_days,2020
15519,US-Var,SLM001,2020-03-27,2.76867823,2.1,2.1,-0.141266414572428,0.141266414572428,0.14691801609592092,0.3548058965824518,0.007620094998213575,0.008073345503100987,-0.021080544441411317,-0.14126641457242806,1.129939405435322,0.3274716116314627,1.958733585427572,True,1.958733585427572,True,1.958733585427572,True,1.958733585427572,True,1.958733585427572,True,1.958733585427572,True,2.1,False,2.029366792713786,1.958733585427572,True,True,0.5,1.0,1.958733585427572,wind_stuck_7_days,2020
15520,US-Var,SLM001,2020-04-03,2.8657375,2.9,2.9,-0.5335416887153702,0.5335416887153702,0.13142154854223875,0.48515940598903917,0.009223799421560111,0.008073345503100987,-0.021080544441411317,-0.46501668871537005,1.129939405435322,0.3274716116314627,2.36645831128463,True,2.36645831128463,True,2.36645831128463,True,2.36645831128463,True,2.36645831128463,True,2.36645831128463,True,2.9,False,2.6332291556423146,2.7148740354087786,True,True,0.5,0.3469756319078955,2.36645831128463,wind_stuck_7_days,2020
15521,US-Var,SLM001,2020-04-19,3.04111235,3.7,3.7,-0.7936871861234671,0.7936871861234671,0.12593865390014214,0.3283271686719228,-0.019844624772599642,0.0232456773141875,-0.021221694372798618,0.524088113876533,1.129939405435322,0.3274716116314627,2.906312813876533,True,2.906312813876533,True,2.906312813876533,True,3.7,False,3.7,False,2.906312813876533,True,3.7,False,3.3031564069382666,3.495487516306969,True,True,0.5,0.25767391394072114,2.906312813876533,wind_stuck_7_days,2020
15522,US-Var,SLM001,2020-04-28,4.41744947,4.6,4.6,-0.09204075785473861,0.09204075785473861,0.12170576609879898,0.40575085458168747,0.007620094998213575,0.008073345503100987,-0.0024802709665941126,0.09204075785473861,1.129939405435322,0.3274716116314627,4.507959242145261,True,4.507959242145261,True,4.507959242145261,True,4.507959242145261,True,4.507959242145261,True,4.507959242145261,True,4.6,False,4.553979621072631,4.507959242145261,True,True,0.5,1.0,4.507959242145261,wind_stuck_7_days,2020
15523,US-Var,SLM001,2020-05-05,3.31222904,3.5,3.5,-0.9597768934212733,0.9597768934212733,0.2272601962140093,0.436455594073861,-0.0740120552857747,-0.08993125480832961,-0.0135500254837342,-0.5842349734212734,1.129939405435322,0.3274716116314627,2.540223106578727,True,2.540223106578727,True,2.540223106578727,True,3.5,False,3.5,False,3.5,False,3.5,False,3.020111553289363,3.4326880490100935,True,True,0.5,0.0701329146922494,2.540223106578727,wind_stuck_7_days,2020
15524,US-Var,SLM001,2020-05-06,3.00817371,3.2,3.2,-0.7534589052196383,0.7534589052196383,0.29252691020420457,0.46557412680422045,-0.08346049055906904,-0.1097019736015445,-0.048107569239409495,-0.36980632521963774,1.129939405435322,0.3274716116314627,2.446541094780362,True,2.446541094780362,True,2.446541094780362,True,3.2,False,3.2,False,3.2,False,3.2,False,2.823270547390181,3.096494109214157,True,True,0.5,0.1373743014632902,2.446541094780362,wind_stuck_7_days,2020
15525,US-Var,SLM001,2020-05-21,2.53222094,3.3,3.3,-0.7858358448700941,0.7858358448700941,0.13822582783379272,0.3468193458645076,-0.11608753252874326,-0.10548037102760117,-0.048107569239409495,0.7497222751299052,1.129939405435322,0.3274716116314627,2.514164155129906,True,2.514164155129906,True,2.514164155129906,True,3.3,False,3.3,False,3.3,False,3.3,False,2.9070820775649526,3.228845812158029,True,True,0.5,0.0905458669345035,2.514164155129906,wind_stuck_7_days,2020
15526,US-Var,SLM001,2020-05-22,2.50633785,2.6,2.6,-0.5148154203103736,0.5148154203103736,0.22536582866782143,0.2973729891243432,-0.00227395928741236,-0.008765856114040528,-0.02159575658231681,-0.3274911203103734,1.129939405435322,0.3274716116314627,2.0851845796896264,True,2.0851845796896264,True,2.0851845796896264,True,2.6,False,2.6,False,2.6,False,2.6,False,2.3425922898448133,2.5226190402928226,True,True,0.5,0.15030816221574317,2.0851845796896264,wind_stuck_7_days,2020
15527,US-Var,SLM001,2020-05-29,1.15718519,1.4,1.4,-0.02896548421671242,0.02896548421671242,0.17434386332187868,0.33987484492728337,0.010221755958581262,0.012760844350743894,-0.02159575658231681,0.02896548421671241,1.129939405435322,0.3274716116314627,1.3710345157832875,True,1.3710345157832875,True,1.3710345157832875,True,1.3710345157832875,True,1.3710345157832875,True,1.3710345157832875,True,1.4,False,1.3855172578916437,1.3710345157832875,True,True,0.5,1.0,1.3710345157832875,wind_stuck_7_days,2020
15528,US-Var,SLM001,2020-05-30,0.79373554,0.2,0.2,1.5233285361541018,1.5233285361541018,0.3237766219275589,0.6794791173382525,0.5451100030350091,0.5720147785249262,-0.5403571241835141,-0.3358574561541019,1.129939405435322,0.3274716116314627,1.7233285361541018,True,1.7233285361541018,True,1.7233285361541018,True,1.7233285361541018,True,1.7233285361541018,True,1.7233285361541018,True,0.2,False,0.9616642680770509,1.340302872524857,True,True,0.5,0.7485600416859141,1.7233285361541018,wind_stuck_7_days,2020
15529,US-Var,SLM001,2020-06-06,0.48276991,1.3,1.3,0.5160858864329837,0.5160858864329837,0.18057887937060638,0.4933171964858133,0.033560550699059256,0.03720058838995081,-0.02159575658231681,-0.5160858864329836,1.129939405435322,0.3274716116314627,1.8160858864329836,True,1.8160858864329836,True,1.8160858864329836,True,1.8160858864329836,True,1.8160858864329836,True,1.8160858864329836,True,1.3,False,1.558042943216492,1.7064556066463425,True,True,0.5,0.7875735751187275,1.8160858864329836,wind_stuck_7_days,2020
15530,US-Var,SLM001,2020-06-07,0.45581057,1.4,1.4,0.396358256243479,0.396358256243479,0.10876911271746686,0.4856561849268736,0.0170398701684273,0.012760844350743894,-0.02159575658231681,-0.396358256243479,1.129939405435322,0.3274716116314627,1.796358256243479,True,1.796358256243479,True,1.796358256243479,True,1.796358256243479,True,1.796358256243479,True,1.796358256243479,True,1.4,False,1.5981791281217395,1.7488416079127074,True,True,0.5,0.8801169205326644,1.796358256243479,wind_stuck_7_days,2020
15531,US-Var,SLM001,2020-06-14,0.44550319,1.7,1.7,-0.19601758931624075,0.19601758931624075,0.18675356341734145,0.39974265338200315,0.0011887834142886072,0.006234986823744358,-0.02159575658231681,0.1960175893162408,1.129939405435322,0.3274716116314627,1.5039824106837592,True,1.5039824106837592,True,1.5039824106837592,True,1.5039824106837592,True,1.5039824106837592,True,1.5039824106837592,True,1.7,False,1.6019912053418797,1.5441058841081645,True,True,0.5,0.7953067703548125,1.5039824106837592,wind_stuck_7_days,2020
15532,US-Var,SLM001,2020-06-22,0.34135289,1.1,1.1,-0.6523507478037307,0.6523507478037307,0.17548818994180504,0.46894561301268867,-0.01367471749792963,-0.07402857129196126,-0.02159575658231681,0.6523507478037307,1.129939405435322,0.3274716116314627,0.4476492521962694,True,0.4476492521962694,True,0.4476492521962694,True,1.1,False,1.1,False,1.1,False,1.1,False,0.7738246260981347,0.9521361572686748,True,True,0.5,0.22666309991846947,0.4476492521962694,wind_stuck_7_days,2020
15533,US-Var,SLM001,2020-06-23,0.28475083,0.9,0.9,-0.46192706616101126,0.46192706616101126,0.17409165530363466,0.42044733052957406,0.015436165745080764,0.012760844350743894,-0.02159575658231681,0.46192706616101126,1.129939405435322,0.3274716116314627,0.43807293383898877,True,0.43807293383898877,True,0.43807293383898877,True,0.43807293383898877,True,0.43807293383898877,True,0.43807293383898877,True,0.9,False,0.6690364669194944,0.6644378146986569,True,True,0.5,0.5099553642938831,0.43807293383898877,wind_stuck_7_days,2020
15534,US-Var,SLM001,2020-06-30,0.22056262,0.7,0.7,0.10219495054966188,0.10219495054966188,0.1235702113682029,0.39255006620909566,0.010221755958581262,0.012760844350743894,-0.02159575658231681,-0.10219495054966182,1.129939405435322,0.3274716116314627,0.8021949505496618,True,0.8021949505496618,True,0.8021949505496618,True,0.8021949505496618,True,0.8021949505496618,True,0.8021949505496618,True,0.7,False,0.751097475274831,0.8021949505496618,True,True,0.5,1.0,0.8021949505496618,wind_stuck_7_days,2020
15535,US-Var,SLM001,2020-07-01,0.24224965,1.2,1.2,-0.4383796907857517,0.4383796907857517,0.12674126632532629,0.42428941398164255,0.015436165745080764,0.012760844350743894,-0.02159575658231681,0.4383796907857517,1.129939405435322,0.3274716116314627,0.7616203092142483,True,0.7616203092142483,True,0.7616203092142483,True,0.7616203092142483,True,0.7616203092142483,True,0.7616203092142483,True,1.2,False,0.9808101546071242,1.1077896681385446,True,True,0.5,0.2103435305047493,0.7616203092142483,wind_stuck_7_days,2020
15536,US-Var,SLM001,2020-07-08,0.22039732,1.2,1.2,-0.6342721855458119,0.6342721855458119,0.16882351805449378,0.3495562495240391,-0.06629365401115055,-0.07402857129196126,-0.02159575658231681,0.6342721855458119,1.129939405435322,0.3274716116314627,0.5657278144541881,True,0.5657278144541881,True,0.5657278144541881,True,1.2,False,1.2,False,1.2,False,1.2,False,0.8828639072270941,1.0822607675922602,True,True,0.5,0.18562887525395966,0.5657278144541881,wind_stuck_7_days,2020
15537,US-Var,SLM001,2020-07-09,0.24764114,0.7,0.7,-0.4199057331275129,0.4199057331275129,0.2106426584704771,0.3342450308829001,0.015436165745080764,0.00853924177680054,-0.02159575658231681,0.4199057331275129,1.129939405435322,0.3274716116314627,0.28009426687248706,True,0.28009426687248706,True,0.28009426687248706,True,0.28009426687248706,True,0.28009426687248706,True,0.28009426687248706,True,0.7,False,0.4900471334362435,0.47781738154617714,True,True,0.5,0.5291249938384446,0.28009426687248706,wind_stuck_7_days,2020
15538,US-Var,SLM001,2020-07-16,0.19091975,1.5,1.5,-1.1644767730876504,1.1644767730876504,0.19532194487188,0.27500143227029616,-0.1984908111667573,0.045794440032836954,-0.1700138395518385,1.1644767730876504,1.129939405435322,0.3274716116314627,0.3355232269123496,True,0.3355232269123496,True,0.3355232269123496,True,1.5,False,1.5,False,0.3355232269123496,True,1.5,False,0.9177616134561748,1.2767323979965577,True,True,0.5,0.1917321213813827,0.3355232269123496,wind_stuck_7_days,2020
15539,US-Var,SLM001,2020-07-17,0.09274819,1.7,1.7,-1.2442656026387997,1.2442656026387997,0.18187337733853265,0.2533003532419114,-0.1198620270678414,0.0928409912316998,-0.15935242900377886,1.2442656026387997,1.129939405435322,0.3274716116314627,0.45573439736120025,True,0.45573439736120025,True,0.45573439736120025,True,1.7,False,1.7,False,0.45573439736120025,True,1.7,False,1.0778671986806,1.423693037078386,True,True,0.5,0.22206429425970695,0.45573439736120025,wind_stuck_7_days,2020
15540,US-Var,SLM001,2020-07-24,0.1286484,1.1,1.1,-0.8281585717822727,0.8281585717822727,0.1849442334395631,0.3211575085159968,-0.06629365401115055,-0.07402857129196126,-0.09575488491174863,0.8281585717822727,1.129939405435322,0.3274716116314627,0.2718414282177274,True,0.2718414282177274,True,0.2718414282177274,True,1.1,False,1.1,False,1.1,False,1.1,False,0.6859207141088637,0.9707226117240191,True,True,0.5,0.15610221602580812,0.2718414282177274,wind_stuck_7_days,2020
15541,US-Var,SLM001,2020-07-25,0.19818537,0.8,0.8,-0.40157491898248054,0.40157491898248054,0.11695210654815245,0.36992336759775163,0.015436165745080764,0.012760844350743894,-0.02159575658231681,0.40157491898248054,1.129939405435322,0.3274716116314627,0.3984250810175195,True,0.3984250810175195,True,0.3984250810175195,True,0.3984250810175195,True,0.3984250810175195,True,0.3984250810175195,True,0.8,False,0.5992125405087598,0.6425115168738527,True,True,0.5,0.39217708995670136,0.3984250810175195,wind_stuck_7_days,2020
15542,US-Var,SLM001,2020-08-01,0.14978891,1.1,1.1,-0.8191419255966068,0.8191419255966068,0.23432547034190618,0.4230437489169038,-0.06629365401115055,-0.07825017386590462,-0.09575488491174863,0.8191419255966068,1.129939405435322,0.3274716116314627,0.2808580744033933,True,0.2808580744033933,True,0.2808580744033933,True,1.1,False,1.1,False,1.1,False,1.1,False,0.6904290372016967,0.9690405589388433,True,True,0.5,0.1598739326714048,0.2808580744033933,wind_stuck_7_days,2020
15543,US-Var,SLM001,2020-08-02,0.18320088,1.1,1.1,-0.687273685662669,0.687273685662669,0.16363381999501306,0.36032576718333154,-0.06629365401115055,-0.07402857129196126,-0.09575488491174863,0.687273685662669,1.129939405435322,0.3274716116314627,0.4127263143373311,True,0.4127263143373311,True,0.4127263143373311,True,1.1,False,1.1,False,1.1,False,1.1,False,0.7563631571686655,0.9918551793237976,True,True,0.5,0.15735335563143124,0.4127263143373311,wind_stuck_7_days,2020
15544,US-Var,SLM001,2020-08-09,0.21560362,0.8,0.8,-0.4975672978731015,0.4975672978731015,0.08812111179728155,0.374155743112411,0.015436165745080764,0.012760844350743894,-0.02159575658231681,0.4975672978731015,1.129939405435322,0.3274716116314627,0.30243270212689854,True,0.30243270212689854,True,0.30243270212689854,True,0.30243270212689854,True,0.30243270212689854,True,0.30243270212689854,True,0.8,False,0.5512163510634494,0.5209364114130361,True,True,0.5,0.5608559681873139,0.30243270212689854,wind_stuck_7_days,2020
15545,US-Var,SLM001,2020-08-10,0.16424461,0.7,0.7,-0.6963013384107912,0.6963013384107912,0.13413524833534787,0.302856036240721,-0.06629365401115055,-0.07402857129196126,-0.09575488491174863,0.37520944158920866,1.129939405435322,0.3274716116314627,0.0036986615892087293,True,0.0036986615892087293,True,0.0036986615892087293,True,0.7,False,0.7,False,0.7,False,0.7,False,0.35184933079460434,0.448992001961482,True,True,0.5,0.3604875995375911,0.0036986615892087293,wind_stuck_7_days,2020
15546,US-Var,SLM001,2020-08-17,0.19259963,0.1,0.1,0.3325678579943374,0.3325678579943374,0.15276643237197968,0.5490004326281299,0.11251035694015989,0.11153699241576977,-0.02159575658231681,-0.14736859799433744,1.129939405435322,0.3274716116314627,0.4325678579943374,True,0.4325678579943374,True,0.4325678579943374,True,0.4325678579943374,True,0.4325678579943374,True,0.4325678579943374,True,0.1,False,0.2662839289971687,0.4071886225308857,True,True,0.5,0.9236870465579272,0.41105409735209963,wind_stuck_7_days,2020
15547,US-Var,SLM001,2020-08-18,0.13199909,1.3,1.3,-0.8054424967496494,0.8054424967496494,0.1651560271949922,0.5683502430187893,-0.01367471749792963,-0.07402857129196126,-0.09575488491174863,0.8054424967496494,1.129939405435322,0.3274716116314627,0.49455750325035064,True,0.49455750325035064,True,0.49455750325035064,True,1.3,False,1.3,False,1.3,False,1.3,False,0.8972787516251753,1.1654642943104183,True,True,0.5,0.16703328447716445,0.5118469164579678,wind_stuck_7_days,2020
16081,US-Wkg,US-CMW,2020-01-07,0.46755828,0.7,0.7,-0.31183525485127456,0.31183525485127456,0.10509874316400473,0.413557837171739,0.01822471928658842,0.016421448182514068,-0.021080544441411317,0.15304818514872537,1.129939405435322,0.3274716116314627,0.3881647451487254,True,0.3881647451487254,True,0.3881647451487254,True,0.3881647451487254,True,0.3881647451487254,True,0.3881647451487254,True,0.7,False,0.5440823725743626,0.5439839976655924,True,True,0.5,0.5003154707725952,0.3881647451487254,wind_stuck_7_days,2020
16082,US-Wkg,US-CMW,2020-01-23,0.59503515,0.4,0.4,0.0897687032521164,0.0897687032521164,0.0702984675258273,0.2691587339531432,0.01963167358346193,0.02368610735703014,-0.021080544441411317,0.0897687032521164,1.129939405435322,0.3274716116314627,0.4897687032521164,True,0.4897687032521164,True,0.4897687032521164,True,0.4897687032521164,True,0.4897687032521164,True,0.4897687032521164,True,0.4,False,0.4448843516260582,0.4897687032521164,True,True,0.5,1.0,0.4897687032521164,wind_stuck_7_days,2020
16083,US-Wkg,US-CMW,2020-02-08,0.3324097,0.7,0.7,-0.23960812609318646,0.23960812609318646,0.07857783859393187,0.2942734412099518,0.01822471928658842,0.016421448182514068,-0.021080544441411317,0.23960812609318646,1.129939405435322,0.3274716116314627,0.46039187390681346,True,0.46039187390681346,True,0.46039187390681346,True,0.46039187390681346,True,0.46039187390681346,True,0.46039187390681346,True,0.7,False,0.5801959369534068,0.5117941003365096,True,True,0.5,0.7854737764206493,0.46039187390681346,wind_stuck_7_days,2020
16084,US-Wkg,US-CMW,2020-02-16,0.55216492,0.9,0.9,-0.3246526137458136,0.3246526137458136,0.06828273537980348,0.3702312295567479,0.023439129073087917,0.016421448182514068,-0.021080544441411317,0.3246526137458136,1.129939405435322,0.3274716116314627,0.5753473862541865,True,0.5753473862541865,True,0.5753473862541865,True,0.5753473862541865,True,0.5753473862541865,True,0.5753473862541865,True,0.9,False,0.7376736931270932,0.7466986425413525,True,True,0.5,0.47220121128818193,0.5753473862541865,wind_stuck_7_days,2020
16085,US-Wkg,US-CMW,2020-02-24,0.84264571,1.3,1.3,-0.29747218866198366,0.29747218866198366,0.15787727341673413,0.49068357113858035,0.019828423709934952,0.016421448182514068,-0.02159575658231681,0.29747218866198366,1.129939405435322,0.3274716116314627,1.0025278113380165,True,1.0025278113380165,True,1.0025278113380165,True,1.0025278113380165,True,1.0025278113380165,True,1.0025278113380165,True,1.3,False,1.1512639056690082,1.136791110546354,True,True,0.5,0.5486525990471658,1.0025278113380165,wind_stuck_7_days,2020
16086,US-Wkg,US-CMW,2020-03-27,0.61773939,1.0,1.0,0.4480124563565207,0.4480124563565207,0.11141496117959082,0.40152657129304836,0.014365265542672848,0.021738051141831558,-0.027798037162226653,-0.44801245635652076,1.129939405435322,0.3274716116314627,1.4480124563565206,True,1.4480124563565206,True,1.4480124563565206,True,1.4480124563565206,True,1.4480124563565206,True,1.4480124563565206,True,1.0,False,1.2240062281782604,1.3944524089704844,True,True,0.5,0.880449646820949,1.4480124563565206,wind_stuck_7_days,2020
16087,US-Wkg,US-CMW,2020-04-04,1.32372593,1.5,1.5,-0.753320081916901,0.753320081916901,0.1681832827856398,0.37427654763458296,-0.06905211240721745,-0.08373100642462004,-0.09575488491174863,-0.4007719419169009,1.129939405435322,0.3274716116314627,0.746679918083099,True,0.746679918083099,True,0.746679918083099,True,1.5,False,1.5,False,1.5,False,1.5,False,1.1233399590415494,1.3992673377144067,True,True,0.5,0.13371827554267332,0.746679918083099,wind_stuck_7_days,2020
16088,US-Wkg,US-CMW,2020-04-20,1.62451801,2.1,2.1,-0.6869932636579258,0.6869932636579258,0.181996241764171,0.28031460338837616,-0.03370942814131797,-0.02073160627466808,-0.09575488491174863,0.26397071634207425,1.129939405435322,0.3274716116314627,1.4130067363420742,True,1.4130067363420742,True,1.4130067363420742,True,2.1,False,2.1,False,2.1,False,2.1,False,1.7565033681710371,1.9419935463152955,True,True,0.5,0.22999709319330486,1.4130067363420742,wind_stuck_7_days,2020
16089,US-Wkg,US-CMW,2020-04-28,1.84249615,2.6,2.6,-1.3252789061291186,1.3252789061291186,0.1381691067320116,0.3574799697968966,-0.29375843315851924,0.035897953757434854,-0.0828422335931898,0.18972879387088137,1.129939405435322,0.3274716116314627,1.2747210938708815,True,1.2747210938708815,True,1.2747210938708815,True,2.6,False,2.6,False,1.2747210938708815,True,2.6,False,1.937360546935441,2.5213755990027185,True,True,0.5,0.05932668258255773,1.2747210938708815,wind_stuck_7_days,2020
16090,US-Wkg,US-CMW,2020-05-06,2.30448786,2.2,2.2,-1.3255163785724462,1.3255163785724462,0.25527681733539564,0.43332110460895173,-0.26938494503904553,0.0316763511834915,-0.15935242900377886,-1.3255163785724462,1.129939405435322,0.3274716116314627,0.874483621427554,True,0.874483621427554,True,0.874483621427554,True,2.2,False,2.2,False,0.874483621427554,True,2.2,False,1.537241810713777,1.9315280453403327,True,True,0.5,0.2025414087669035,0.874483621427554,wind_stuck_7_days,2020
16091,US-Wkg,US-CMW,2020-05-30,1.52782333,1.9,1.9,-0.682177715647752,0.682177715647752,0.12813556501139348,0.46567337496033295,-0.06642505480086332,-0.10548037102760117,-0.09575488491174863,0.06217562435224799,1.129939405435322,0.3274716116314627,1.217822284352248,True,1.217822284352248,True,1.217822284352248,True,1.9,False,1.9,False,1.9,False,1.9,False,1.558911142176124,1.7866012760826802,True,True,0.5,0.16623047237719238,1.217822284352248,wind_stuck_7_days,2020
16092,US-Wkg,US-CMW,2020-06-07,1.20463952,2.3,2.3,0.333297598637135,0.333297598637135,0.15550127594591318,0.6019020913785036,-0.017130170297997224,-0.012256722853790302,-0.02159575658231681,-0.33329759863713493,1.129939405435322,0.3274716116314627,2.6332975986371348,True,2.6332975986371348,True,2.6332975986371348,True,2.3,False,2.3,False,2.3,False,2.3,False,2.4666487993185675,2.4595351657889353,True,True,0.5,0.47865681133401555,2.6332975986371348,wind_stuck_7_days,2020
16093,US-Wkg,US-CMW,2020-06-15,1.13076237,1.2,1.2,0.21913058113876455,0.21913058113876455,0.26287651500045267,0.3844984614590535,0.010221755958581262,0.011728641731557793,-0.02159575658231681,-0.21913058113876455,1.129939405435322,0.3274716116314627,1.4191305811387644,True,1.4191305811387644,True,1.4191305811387644,True,1.4191305811387644,True,1.4191305811387644,True,1.4191305811387644,True,1.2,False,1.3095652905693822,1.3458098237683969,True,True,0.5,0.665401529127798,1.4191305811387644,wind_stuck_7_days,2020
16101,US-xAE,US-xAE,2020-05-04,5.07368144,3.8,3.8,-0.5991408587080643,0.5991408587080643,0.21188443203889695,0.802036625849242,-0.08298195999457741,-0.09715797754684646,-0.0024802709665941126,-0.5991408587080644,1.129939405435322,0.3274716116314627,3.2008591412919354,True,3.2008591412919354,True,3.2008591412919354,True,3.8,False,3.8,False,3.8,False,3.8,False,3.500429570645968,3.725789324113342,True,True,0.5,0.12386181781472753,3.2008591412919354,wind_stuck_7_days,2020
16110,US-xDC,US-xDC,2020-05-17,3.48773309,4.3,4.3,-1.2686739528262696,1.2686739528262696,0.13259045053827484,0.3155348154105007,0.33293730136889316,0.42088288168760324,0.2484396019382999,0.3558598671737303,1.129939405435322,0.3274716116314627,3.03132604717373,True,3.03132604717373,True,3.03132604717373,True,3.03132604717373,True,3.03132604717373,True,3.03132604717373,True,3.03132604717373,True,3.6656630235868652,3.489654930723405,True,True,0.5,0.6387339059585488,3.03132604717373,wind_stuck_7_days,2020
16111,US-xDC,US-xDC,2020-05-18,4.90095257,3.2,3.2,-0.6100241299393784,0.6100241299393784,0.145686564522402,0.5059717601584808,-0.03138484253042277,-0.09824524144204481,-0.02159575658231681,-0.6100241299393785,1.129939405435322,0.3274716116314627,2.5899758700606217,True,2.5899758700606217,True,2.5899758700606217,True,3.2,False,3.2,False,3.2,False,3.2,False,2.894987935030311,3.0698210688380936,True,True,0.5,0.21339964236307024,2.5899758700606217,wind_stuck_7_days,2020
16119,US-xDS,US-xDS,2020-01-02,1.92808042,2.0,2.0,0.11016135382048538,0.11016135382048538,0.26652233558136695,0.7140064396901626,-0.026719959094151386,-0.003736274473092867,-0.02159575658231681,-0.11016135382048536,1.129939405435322,0.3274716116314627,2.1101613538204855,True,2.1101613538204855,True,2.1101613538204855,True,2.0,False,2.0,False,2.0,False,2.0,False,2.0550806769102428,2.1101613538204855,True,True,0.5,1.0,2.1101613538204855,wind_stuck_7_days,2020
16120,US-xDS,US-xDS,2020-05-01,5.26903273,5.1,5.1,-0.6303792229383846,0.6303792229383846,0.15719975131634992,0.4886624058200507,-0.0827460393753633,-0.11306913540522325,-0.0024802709665941126,-0.6303792229383846,1.129939405435322,0.3274716116314627,4.469620777061615,True,4.469620777061615,True,4.469620777061615,True,5.1,False,5.1,False,5.1,False,5.1,False,4.784810388530808,4.97764683711047,True,True,0.5,0.19409453617333025,4.469620777061615,wind_stuck_7_days,2020
16121,US-xDS,US-xDS,2020-05-09,2.82268691,4.2,4.2,-0.5665112590261281,0.5665112590261281,0.2651710732760635,0.5730792213310913,-0.03866770080191061,-0.07152691689836978,-0.0024802709665941126,0.5665112590261281,1.129939405435322,0.3274716116314627,3.6334887409738723,True,3.6334887409738723,True,3.6334887409738723,True,4.2,False,4.2,False,4.2,False,4.2,False,3.9167443704869362,4.093296391640283,True,True,0.5,0.18835214068498415,3.6334887409738723,wind_stuck_7_days,2020
16137,US-xSB,US-SP2,2020-03-21,1.60124689,1.9,1.9,0.17447700474964672,0.17447700474964672,0.30685076428968233,0.8119589775945153,-0.026719959094151386,-0.003736274473092867,-0.02159575658231681,-0.17447700474964672,1.129939405435322,0.3274716116314627,2.074477004749647,True,2.074477004749647,True,2.074477004749647,True,1.9,False,1.9,False,1.9,False,1.9,False,1.9872385023748234,2.0543954862684846,True,True,0.5,0.8849044978163367,2.074477004749647,wind_stuck_7_days,2020
16138,US-xSB,US-SP2,2020-03-22,1.09558232,1.5,1.5,0.2792048751961607,0.2792048751961607,0.31938853812354856,0.9961456305615173,-0.0047813359922475995,0.001820965332903933,-0.02159575658231681,-0.27920487519616066,1.129939405435322,0.3274716116314627,1.7792048751961607,True,1.7792048751961607,True,1.5,False,1.5,False,1.5,False,1.7792048751961607,True,1.5,False,1.6396024375980804,1.6737448575836582,True,True,0.5,0.6222844692865424,1.7792048751961607,wind_stuck_7_days,2020
16139,US-xSB,US-SP2,2020-03-30,0.97460265,2.8,2.8,-0.1099564155126856,0.1099564155126856,0.3134484961514019,0.6185928097545096,-0.01365361306115459,-0.0006713264297782406,-0.02159575658231681,0.10995641551268553,1.129939405435322,0.3274716116314627,2.6900435844873143,True,2.6900435844873143,True,2.6900435844873143,True,2.8,False,2.8,False,2.8,False,2.8,False,2.745021792243657,2.6900435844873143,True,True,0.5,1.0,2.6900435844873143,wind_stuck_7_days,2020
16140,US-xSB,US-SP2,2020-05-01,3.01585639,4.0,4.0,-0.38711865665287337,0.38711865665287337,0.18704353584091848,0.3764276693484267,-0.00227395928741236,-0.0045442535400971795,-0.0024802709665941126,0.38711865665287337,1.129939405435322,0.3274716116314627,3.6128813433471265,True,3.6128813433471265,True,3.6128813433471265,True,4.0,False,4.0,False,4.0,False,4.0,False,3.8064406716735633,3.9064670436952644,True,True,0.5,0.24161314547184393,3.6128813433471265,wind_stuck_7_days,2020
16141,US-xSB,US-SP2,2020-05-08,2.42056292,3.6,3.6,-0.6711387212322295,0.6711387212322295,0.21789471213353448,0.4287902062241809,-0.10399547592928066,-0.11729073797916657,-0.048107569239409495,0.6711387212322295,1.129939405435322,0.3274716116314627,2.9288612787677706,True,2.9288612787677706,True,2.9288612787677706,True,3.6,False,3.6,False,3.6,False,3.6,False,3.2644306393838853,3.5162381733607786,True,True,0.5,0.12480553422015687,2.9288612787677706,wind_stuck_7_days,2020
16152,US-xSL,US-xSL,2020-05-01,1.50825215,1.3,1.3,0.009532905512365662,0.009532905512365662,0.12934403315014265,0.4927269319258298,0.011825460381927796,0.012760844350743894,-0.02159575658231681,0.009532905512365658,1.129939405435322,0.3274716116314627,1.3095329055123657,True,1.3095329055123657,True,1.3095329055123657,True,1.3095329055123657,True,1.3095329055123657,True,1.3095329055123657,True,1.3,False,1.3047664527561829,1.3095329055123657,True,True,0.5,1.0,1.3095329055123657,wind_stuck_7_days,2020
16153,US-xSL,US-xSL,2020-05-17,2.03358485,1.4,1.4,0.3129631260096922,0.3129631260096922,0.14817967670110496,0.36654935799170457,0.01822471928658842,0.016421448182514068,-0.02159575658231681,0.3129631260096922,1.129939405435322,0.3274716116314627,1.7129631260096922,True,1.7129631260096922,True,1.7129631260096922,True,1.7129631260096922,True,1.7129631260096922,True,1.7129631260096922,True,1.4,False,1.556481563004846,1.6352542755347161,True,True,0.5,0.7516996603856473,1.7129631260096922,wind_stuck_7_days,2020
16177,US-xUN,US-xUN,2020-04-30,1.64845982,2.4,2.4,-0.1373224204741857,0.1373224204741857,0.12116029148245369,0.41737882402035387,0.007620094998213575,0.008073345503100987,-0.02159575658231681,0.13732242047418564,1.129939405435322,0.3274716116314627,2.262677579525814,True,2.262677579525814,True,2.262677579525814,True,2.262677579525814,True,2.262677579525814,True,2.262677579525814,True,2.4,False,2.331338789762907,2.262677579525814,True,True,0.5,1.0,2.262677579525814,wind_stuck_7_days,2020
16178,US-xUN,US-xUN,2020-05-01,1.88931426,1.7,1.7,0.8018610316673428,0.8018610316673428,0.18574416618549663,0.4874671529692433,0.06530402428457106,0.06354765722905822,-0.08258134457640723,-0.4232325116673429,1.129939405435322,0.3274716116314627,2.501861031667343,True,2.501861031667343,True,2.501861031667343,True,2.501861031667343,True,2.501861031667343,True,2.501861031667343,True,1.7,False,2.1009305158336713,2.2264376745068817,True,True,0.5,0.6565198378729518,2.501861031667343,wind_stuck_7_days,2020
